/*--------------------------------*- C++ -*----------------------------------*\
| =========                 |                                                 |
| \\      /  F ield         | OpenFOAM: The Open Source CFD Toolbox           |
|  \\    /   O peration     | Version:  5.x                                   |
|   \\  /    A nd           | Web:      www.OpenFOAM.org                      |
|    \\/     M anipulation  |                                                 |
\*---------------------------------------------------------------------------*/
FoamFile
{
    version     2.0;
    format      ascii;
    class       volScalarField;
    location    "2050";
    object      p;
}
// * * * * * * * * * * * * * * * * * * * * * * * * * * * * * * * * * * * * * //

dimensions      [0 2 -2 0 0 0 0];

internalField   nonuniform List<scalar> 
11040
(
-0.00119473
-93.5292
-334.01
-377.794
-376.367
-369.504
-353.42
-326.888
-293.329
-254.186
-209.578
-151.571
-97.3942
-56.1135
-23.6977
9.16008
41.1682
70.3338
95.7505
116.139
130.119
136.892
140.052
141.999
143.368
144.404
145.184
145.739
146.104
146.307
146.368
146.3
146.128
145.909
145.814
146.206
147.351
149.184
152.938
159.34
155.029
52.5083
-41.1076
-191.78
-257.533
-281.958
-296.509
-299.918
-290.006
-269.151
-239.495
-202.165
-151.075
-99.8844
-58.5932
-25.5998
7.25536
39.3142
68.7205
94.4924
115.33
129.753
136.771
140.003
141.966
143.34
144.384
145.175
145.741
146.117
146.329
146.399
146.338
146.167
145.938
145.815
146.159
147.244
148.991
152.521
158.574
151.965
88.1737
-6.10183
-112.545
-196.958
-238.486
-260.067
-268.402
-263.423
-247.349
-222.406
-190.099
-145.949
-98.6777
-58.2419
-25.4229
6.64763
38.2298
67.5212
93.3918
114.537
129.37
136.697
140.032
141.996
143.349
144.387
145.18
145.752
146.135
146.356
146.433
146.379
146.213
145.981
145.834
146.118
147.122
148.777
152.083
157.992
149.918
114.911
30.1565
-48.5991
-127.211
-176.065
-205.611
-222.701
-226.735
-218.611
-200.521
-174.392
-137.524
-95.2645
-56.6648
-24.3729
6.67213
37.4808
66.4284
92.2555
113.64
128.897
136.619
140.124
142.091
143.415
144.429
145.209
145.78
146.167
146.393
146.477
146.431
146.268
146.031
145.854
146.061
146.947
148.463
151.486
157.158
148.875
137.023
64.3231
3.26908
-64.7041
-116.737
-152.27
-175.792
-187.149
-186.451
-175.318
-155.696
-126.235
-89.8903
-54.0864
-22.736
7.08659
36.7765
65.0756
90.6661
112.231
128.004
136.326
140.177
142.231
143.544
144.521
145.275
145.833
146.217
146.444
146.534
146.497
146.339
146.095
145.881
145.991
146.722
148.052
150.745
155.938
148.482
154.78
94.3257
45.5139
-11.2232
-60.9706
-98.9231
-126.734
-144.06
-150.293
-146.231
-133.471
-111.511
-81.7422
-49.761
-20.0781
8.19305
36.3752
63.6362
88.6769
110.225
126.507
135.633
140.085
142.376
143.733
144.682
145.397
145.927
146.294
146.515
146.608
146.579
146.427
146.176
145.92
145.918
146.457
147.558
149.895
154.387
148.493
169.034
119.683
79.9202
33.3332
-10.9346
-47.9374
-77.4905
-98.7835
-110.669
-113.172
-107.27
-92.8012
-70.1202
-43.0403
-15.9875
10.2809
36.5654
62.3604
86.4597
107.664
124.294
134.315
139.635
142.421
143.963
144.926
145.597
146.083
146.418
146.621
146.708
146.682
146.536
146.278
145.979
145.852
146.173
147.016
148.98
152.654
148.746
180.436
140.468
107.796
69.8329
32.1558
-1.59364
-30.5407
-53.5903
-69.2923
-77.1208
-77.4111
-69.9874
-54.5112
-33.2228
-9.87001
13.7631
37.7201
61.5972
84.3138
104.746
121.399
132.169
138.475
142.09
144.111
145.247
145.911
146.335
146.615
146.781
146.849
146.818
146.675
146.41
146.069
145.817
145.906
146.484
148.075
150.959
149.06
189.483
157.142
130.192
99.351
68.1159
38.8052
12.2432
-10.5396
-28.0832
-39.5547
-44.8061
-43.4873
-34.7965
-19.7287
-1.02588
19.196
40.31
61.8067
82.6988
101.912
118.164
129.29
136.374
140.967
143.807
145.463
146.344
146.766
146.955
147.038
147.059
147.008
146.858
146.589
146.213
145.848
145.718
146.042
147.282
149.551
149.362
196.561
170.309
148.031
122.999
97.4873
72.8715
49.659
28.6363
11.0187
-2.29417
-10.9038
-14.3141
-11.4535
-2.42907
11.0703
27.1604
44.8579
63.4876
82.1132
99.6944
115.115
126.164
133.606
138.94
142.63
145.07
146.549
147.307
147.572
147.558
147.437
147.292
147.11
146.835
146.44
145.999
145.699
145.803
146.734
148.605
149.673
202.008
180.591
162.134
141.808
121.128
100.883
81.2886
62.8604
46.464
32.8769
22.5576
16.0292
14.4308
18.1976
26.5288
38.079
51.8759
67.1658
83.0691
98.5999
112.761
123.377
130.831
136.506
140.723
143.8
145.974
147.382
148.134
148.372
148.263
147.969
147.603
147.214
146.785
146.321
145.939
145.899
146.61
148.251
150.079
206.123
188.55
173.226
156.695
139.979
123.526
107.366
91.7837
77.3374
64.5912
53.9477
45.8527
41.3386
41.0781
44.883
51.9893
61.6908
73.3181
86.0988
99.1558
111.602
121.429
128.638
134.357
138.784
142.164
144.738
146.664
148.01
148.817
149.145
149.092
148.77
148.273
147.667
147.052
146.572
146.456
147.05
148.63
150.83
209.174
194.676
181.925
168.446
154.935
141.638
128.492
115.623
103.375
92.0985
82.0856
73.6638
67.6597
64.7585
65.1039
68.3835
74.2274
82.1758
91.6332
101.89
112.197
120.828
127.492
133.001
137.437
140.93
143.658
145.788
147.439
148.671
149.508
149.965
150.077
149.905
149.522
149.033
148.552
148.292
148.635
150.03
152.178
211.393
199.376
188.744
177.722
166.781
156.051
145.431
134.958
124.829
115.243
106.377
98.4482
92.0547
87.7702
85.8555
86.2672
88.9029
93.5369
99.7884
107.152
115.053
122.122
127.894
132.892
137.11
140.578
143.374
145.604
147.373
148.772
149.868
150.698
151.279
151.628
151.766
151.788
151.819
152.023
152.618
154.085
155.823
212.971
202.974
194.097
185.056
176.171
167.505
158.948
150.491
142.237
134.299
126.762
119.753
113.678
108.961
105.855
104.433
104.743
106.736
110.226
114.91
120.397
125.707
130.316
134.513
138.24
141.471
144.209
146.492
148.375
149.918
151.184
152.237
153.128
153.903
154.592
155.254
155.962
156.838
157.969
159.902
161.547
214.08
205.743
198.322
190.882
183.641
176.625
169.728
162.918
156.249
149.778
143.535
137.588
132.198
127.654
124.152
121.787
120.662
120.822
122.214
124.694
128.038
131.627
134.974
138.196
141.22
143.991
146.478
148.675
150.598
152.274
153.738
155.034
156.21
157.323
158.431
159.601
160.895
162.409
164.153
166.536
168.668
214.895
207.931
201.723
195.58
189.658
183.957
178.381
172.895
167.52
162.284
157.191
152.267
147.68
143.618
140.212
137.542
135.709
134.788
134.795
135.687
137.359
139.48
141.655
143.899
146.142
148.327
150.407
152.358
154.173
155.86
157.434
158.92
160.346
161.75
163.179
164.684
166.318
168.163
170.253
172.777
175.444
215.453
209.576
204.322
199.179
194.264
189.561
184.986
180.503
176.121
171.851
167.689
163.639
159.807
156.315
153.246
150.658
148.63
147.233
146.505
146.452
147.035
148.111
149.385
150.827
152.38
153.997
155.631
157.252
158.846
160.407
161.939
163.451
164.96
166.487
168.06
169.706
171.456
173.353
175.428
177.735
180.266
215.81
210.772
206.257
201.877
197.725
193.773
189.948
186.218
182.582
179.044
175.596
172.235
169.029
166.06
163.381
161.031
159.067
157.547
156.51
155.977
155.943
156.369
157.041
157.912
158.946
160.103
161.345
162.646
163.986
165.355
166.751
168.173
169.628
171.126
172.68
174.302
176.005
177.806
179.719
181.747
183.907
216.057
211.682
207.754
203.971
200.409
197.036
193.786
190.63
187.564
184.589
181.694
178.874
176.175
173.653
171.342
169.268
167.473
165.999
164.881
164.143
163.794
163.845
164.141
164.636
165.305
166.12
167.052
168.076
169.176
170.34
171.561
172.834
174.158
175.536
176.971
178.466
180.023
181.65
183.346
185.107
186.937
216.238
212.401
208.95
205.648
202.556
199.641
196.844
194.139
191.522
188.99
186.532
184.144
181.856
179.708
177.723
175.918
174.324
172.971
171.889
171.098
170.612
170.465
170.54
170.798
171.224
171.796
172.493
173.295
174.187
175.158
176.198
177.303
178.465
179.684
180.958
182.284
183.659
185.085
186.559
188.073
189.626
216.381
212.989
209.933
207.025
204.316
201.772
199.341
197
194.743
192.566
190.46
188.421
186.469
184.632
182.928
181.369
179.975
178.77
177.776
177.012
176.49
176.251
176.206
176.322
176.591
176.996
177.521
178.15
178.871
179.673
180.547
181.486
182.484
183.536
184.638
185.785
186.972
188.197
189.456
190.741
192.05
216.501
213.482
210.758
208.179
205.787
203.549
201.419
199.376
197.413
195.528
193.71
191.956
190.281
188.705
187.242
185.898
184.69
183.635
182.749
182.049
181.545
181.277
181.173
181.209
181.379
181.672
182.073
182.571
183.154
183.815
184.544
185.334
186.179
187.073
188.011
188.987
189.995
191.034
192.098
193.18
194.275
216.606
213.905
211.463
209.162
207.037
205.055
203.176
201.381
199.663
198.019
196.44
194.923
193.479
192.122
190.863
189.707
188.665
187.75
186.976
186.354
185.894
185.631
185.506
185.499
185.61
185.827
186.14
186.538
187.014
187.559
188.165
188.826
189.536
190.288
191.079
191.901
192.75
193.624
194.515
195.421
196.333
216.703
214.273
212.075
210.011
208.112
206.348
204.681
203.095
201.583
200.142
198.764
197.445
196.194
195.023
193.938
192.943
192.047
191.26
190.591
190.05
189.643
189.403
189.276
189.25
189.325
189.492
189.742
190.065
190.456
190.907
191.412
191.964
192.558
193.188
193.851
194.54
195.251
195.981
196.726
197.48
198.238
216.793
214.598
212.611
210.751
209.047
207.469
205.983
204.575
203.238
201.969
200.761
199.61
198.524
197.51
196.573
195.717
194.948
194.273
193.7
193.235
192.884
192.673
192.556
192.525
192.579
192.712
192.915
193.182
193.506
193.881
194.302
194.764
195.26
195.787
196.342
196.917
197.511
198.12
198.74
199.368
199.997
216.879
214.888
213.084
211.402
209.867
208.449
207.119
205.864
204.677
203.556
202.493
201.485
200.539
199.659
198.85
198.113
197.453
196.876
196.388
195.992
195.694
195.514
195.412
195.381
195.425
195.534
195.703
195.926
196.196
196.511
196.863
197.25
197.665
198.107
198.57
199.051
199.546
200.053
200.57
201.092
201.615
216.961
215.149
213.506
211.979
210.59
209.311
208.117
206.994
205.937
204.943
204.005
203.121
202.294
201.529
200.829
200.194
199.629
199.137
198.722
198.389
198.138
197.988
197.901
197.876
197.913
198.006
198.149
198.337
198.565
198.83
199.126
199.451
199.8
200.169
200.557
200.958
201.372
201.795
202.225
202.661
203.095
217.04
215.385
213.883
212.492
211.231
210.074
208.998
207.99
207.046
206.162
205.332
204.555
203.831
203.165
202.559
202.012
201.528
201.11
200.759
200.479
200.27
200.147
200.076
200.057
200.09
200.171
200.294
200.454
200.648
200.872
201.123
201.396
201.69
202
202.325
202.661
203.007
203.36
203.719
204.083
204.444
217.116
215.599
214.222
212.951
211.802
210.752
209.779
208.872
208.027
207.239
206.503
205.818
205.184
204.603
204.078
203.607
203.193
202.837
202.541
202.307
202.135
202.035
201.979
201.966
201.998
202.07
202.176
202.314
202.48
202.671
202.883
203.114
203.362
203.623
203.896
204.178
204.467
204.764
205.064
205.367
205.669
217.189
215.794
214.527
213.361
212.312
211.356
210.474
209.656
208.897
208.193
207.54
206.934
206.378
205.872
205.416
205.011
204.657
204.355
204.106
203.911
203.771
203.691
203.647
203.64
203.671
203.736
203.829
203.949
204.091
204.254
204.435
204.631
204.84
205.061
205.29
205.528
205.771
206.019
206.271
206.525
206.777
217.26
215.971
214.802
213.73
212.768
211.895
211.093
210.353
209.67
209.04
208.459
207.924
207.435
206.994
206.599
206.25
205.948
205.692
205.483
205.322
205.208
205.146
205.113
205.111
205.141
205.199
205.282
205.386
205.509
205.649
205.803
205.97
206.148
206.334
206.528
206.728
206.933
207.142
207.353
207.567
207.778
217.326
216.133
215.05
214.061
213.176
212.377
211.645
210.974
210.359
209.794
209.277
208.803
208.374
207.988
207.646
207.346
207.088
206.872
206.698
206.565
206.473
206.426
206.402
206.404
206.434
206.487
206.56
206.651
206.758
206.879
207.011
207.153
207.304
207.462
207.626
207.795
207.968
208.144
208.322
208.502
208.679
217.39
216.28
215.274
214.358
213.541
212.807
212.139
211.529
210.972
210.466
210.004
209.585
209.208
208.871
208.575
208.317
208.098
207.916
207.771
207.662
207.589
207.553
207.537
207.543
207.572
207.621
207.687
207.766
207.859
207.963
208.077
208.199
208.327
208.462
208.601
208.744
208.89
209.038
209.188
209.34
209.489
217.45
216.414
215.475
214.624
213.868
213.191
212.578
212.023
211.519
211.063
210.652
210.28
209.949
209.655
209.399
209.178
208.992
208.839
208.719
208.631
208.573
208.548
208.538
208.547
208.576
208.62
208.679
208.749
208.83
208.92
209.018
209.123
209.232
209.347
209.465
209.586
209.71
209.836
209.962
210.09
210.216
217.506
216.535
215.656
214.861
214.159
213.533
212.97
212.462
212.006
211.595
211.227
210.899
210.607
210.351
210.13
209.942
209.784
209.656
209.558
209.487
209.443
209.426
209.422
209.433
209.46
209.502
209.554
209.617
209.687
209.766
209.85
209.94
210.034
210.131
210.232
210.335
210.44
210.546
210.653
210.761
210.867
217.558
216.643
215.817
215.072
214.417
213.836
213.317
212.852
212.437
212.068
211.739
211.447
211.191
210.969
210.779
210.618
210.485
210.38
210.299
210.244
210.21
210.2
210.2
210.214
210.24
210.278
210.326
210.381
210.443
210.511
210.584
210.661
210.742
210.825
210.911
210.999
211.087
211.177
211.268
211.359
211.448
217.606
216.74
215.959
215.259
214.645
214.104
213.624
213.197
212.819
212.485
212.191
211.933
211.709
211.516
211.353
211.217
211.106
211.019
210.955
210.911
210.888
210.883
210.887
210.902
210.928
210.964
211.007
211.056
211.111
211.17
211.233
211.3
211.369
211.44
211.514
211.588
211.663
211.739
211.816
211.893
211.968
217.65
216.826
216.085
215.423
214.845
214.339
213.893
213.5
213.155
212.853
212.59
212.362
212.166
211.999
211.86
211.745
211.653
211.583
211.532
211.5
211.484
211.484
211.491
211.507
211.533
211.566
211.605
211.649
211.697
211.749
211.804
211.862
211.921
211.982
212.044
212.108
212.172
212.236
212.301
212.366
212.43
217.69
216.901
216.193
215.564
215.018
214.542
214.126
213.763
213.448
213.175
212.94
212.738
212.567
212.424
212.305
212.21
212.135
212.079
212.04
212.017
212.008
212.013
212.023
212.04
212.065
212.096
212.132
212.172
212.215
212.261
212.309
212.359
212.41
212.463
212.516
212.57
212.624
212.679
212.733
212.788
212.841
217.725
216.966
216.286
215.685
215.165
214.716
214.326
213.99
213.701
213.453
213.243
213.065
212.916
212.794
212.695
212.616
212.556
212.512
212.484
212.469
212.466
212.474
212.486
212.504
212.529
212.558
212.591
212.627
212.665
212.706
212.748
212.791
212.835
212.88
212.926
212.972
213.018
213.064
213.111
213.157
213.202
217.755
217.019
216.362
215.784
215.287
214.861
214.494
214.181
213.915
213.691
213.503
213.346
213.218
213.114
213.032
212.969
212.922
212.89
212.871
212.864
212.867
212.879
212.893
212.913
212.938
212.966
212.997
213.03
213.065
213.101
213.138
213.176
213.215
213.254
213.293
213.332
213.371
213.41
213.449
213.488
213.525
217.781
217.062
216.423
215.863
215.385
214.977
214.631
214.338
214.093
213.889
213.721
213.584
213.474
213.387
213.32
213.27
213.235
213.213
213.202
213.201
213.208
213.222
213.239
213.259
213.283
213.31
213.339
213.37
213.401
213.434
213.467
213.5
213.534
213.567
213.601
213.635
213.668
213.702
213.735
213.768
213.799
217.802
217.095
216.468
215.922
215.458
215.066
214.737
214.462
214.235
214.05
213.9
213.78
213.687
213.615
213.563
213.527
213.504
213.492
213.49
213.496
213.508
213.527
213.547
213.569
213.594
213.621
213.65
213.679
213.708
213.738
213.768
213.798
213.828
213.857
213.886
213.915
213.943
213.972
213.999
214.027
214.053
217.819
217.118
216.5
215.964
215.51
215.13
214.814
214.554
214.342
214.173
214.039
213.935
213.857
213.799
213.759
213.734
213.72
213.716
213.719
213.73
213.746
213.766
213.788
213.811
213.836
213.862
213.889
213.916
213.944
213.971
213.998
214.025
214.052
214.078
214.103
214.129
214.153
214.177
214.201
214.224
214.247
217.83
217.131
216.516
215.986
215.54
215.169
214.864
214.616
214.418
214.262
214.142
214.053
213.989
213.946
213.92
213.908
213.907
213.914
213.928
213.947
213.97
213.995
214.021
214.048
214.075
214.103
214.131
214.158
214.185
214.211
214.237
214.262
214.286
214.309
214.332
214.353
214.374
214.395
214.415
214.434
214.452
217.835
217.125
216.506
215.976
215.533
215.168
214.872
214.636
214.451
214.309
214.203
214.127
214.074
214.041
214.024
214.019
214.024
214.037
214.055
214.077
214.102
214.129
214.156
214.183
214.211
214.239
214.266
214.293
214.318
214.343
214.367
214.39
214.413
214.434
214.455
214.474
214.493
214.511
214.529
214.545
214.562
217.832
217.105
216.473
215.936
215.49
215.127
214.837
214.61
214.436
214.308
214.217
214.158
214.125
214.112
214.116
214.132
214.156
214.187
214.219
214.253
214.288
214.322
214.356
214.389
214.42
214.451
214.48
214.507
214.534
214.558
214.582
214.604
214.625
214.644
214.663
214.68
214.696
214.712
214.726
214.74
214.753
160.775
165.473
171.699
176.657
181.817
187.241
192.448
197.25
201.572
205.371
208.648
211.429
213.755
215.675
217.238
218.492
219.483
220.253
220.839
221.273
221.583
221.793
221.924
221.992
222.01
221.99
221.94
221.869
221.781
221.682
221.576
221.465
221.352
221.24
221.129
221.02
220.916
220.815
220.718
220.626
220.538
220.455
220.376
220.302
220.231
220.164
220.101
220.041
219.985
219.932
219.881
219.834
219.789
219.747
219.707
219.67
219.634
219.6
219.568
219.538
219.51
219.483
219.458
219.434
219.411
219.391
219.371
219.354
219.338
219.325
219.312
219.308
219.292
219.313
157.104
163.411
170.005
175.533
181.078
186.731
192.107
197.04
201.457
205.325
208.649
211.459
213.803
215.732
217.297
218.55
219.536
220.3
220.879
221.306
221.61
221.815
221.94
222.002
222.016
221.992
221.939
221.865
221.775
221.674
221.566
221.454
221.34
221.227
221.115
221.006
220.901
220.8
220.704
220.612
220.524
220.441
220.363
220.288
220.218
220.151
220.088
220.029
219.973
219.92
219.87
219.823
219.779
219.737
219.697
219.66
219.625
219.591
219.56
219.53
219.502
219.475
219.45
219.427
219.405
219.384
219.365
219.348
219.332
219.32
219.307
219.303
219.287
219.309
153.822
160.175
167.575
174.038
180.14
186.114
191.714
196.806
201.336
205.284
208.661
211.504
213.867
215.805
217.372
218.621
219.602
220.358
220.929
221.347
221.643
221.84
221.958
222.015
222.023
221.994
221.938
221.86
221.767
221.664
221.554
221.441
221.326
221.212
221.1
220.991
220.886
220.784
220.688
220.596
220.509
220.426
220.348
220.273
220.203
220.137
220.075
220.016
219.96
219.908
219.858
219.812
219.768
219.726
219.687
219.65
219.615
219.582
219.551
219.521
219.493
219.467
219.442
219.419
219.397
219.377
219.358
219.342
219.326
219.314
219.301
219.298
219.282
219.304
151.108
156.932
164.721
172.123
178.941
185.353
191.248
196.545
201.214
205.253
208.691
211.571
213.954
215.9
217.467
218.711
219.683
220.429
220.989
221.397
221.682
221.87
221.98
222.029
222.032
221.998
221.936
221.855
221.759
221.653
221.542
221.427
221.311
221.195
221.083
220.973
220.868
220.767
220.67
220.578
220.491
220.409
220.331
220.257
220.187
220.122
220.06
220.001
219.946
219.894
219.845
219.799
219.755
219.714
219.675
219.639
219.604
219.572
219.541
219.512
219.484
219.458
219.434
219.411
219.389
219.37
219.351
219.335
219.32
219.308
219.295
219.292
219.277
219.299
149.469
154.497
161.976
169.922
177.454
184.413
190.687
196.245
201.091
205.245
208.751
211.67
214.072
216.024
217.589
218.824
219.784
220.516
221.062
221.457
221.73
221.906
222.007
222.047
222.042
222.002
221.935
221.849
221.75
221.641
221.527
221.41
221.293
221.177
221.063
220.953
220.848
220.746
220.65
220.559
220.472
220.39
220.312
220.239
220.17
220.105
220.043
219.985
219.931
219.879
219.831
219.785
219.742
219.701
219.663
219.627
219.593
219.56
219.53
219.501
219.474
219.449
219.425
219.402
219.381
219.362
219.344
219.328
219.313
219.301
219.289
219.287
219.272
219.294
148.737
152.963
159.805
167.808
175.804
183.292
190.015
195.893
200.958
205.259
208.854
211.818
214.237
216.191
217.747
218.969
219.912
220.626
221.154
221.531
221.789
221.951
222.039
222.069
222.055
222.007
221.934
221.843
221.739
221.627
221.51
221.391
221.272
221.155
221.041
220.931
220.825
220.724
220.628
220.537
220.45
220.369
220.292
220.219
220.15
220.086
220.025
219.968
219.914
219.863
219.815
219.77
219.727
219.687
219.649
219.614
219.58
219.548
219.519
219.49
219.464
219.439
219.415
219.393
219.372
219.353
219.335
219.32
219.305
219.294
219.283
219.28
219.266
219.289
148.719
152.335
158.523
166.201
174.296
182.118
189.251
195.488
200.81
205.286
208.994
212.022
214.464
216.415
217.956
219.156
220.074
220.764
221.268
221.624
221.861
222.006
222.079
222.096
222.07
222.013
221.933
221.836
221.727
221.611
221.491
221.37
221.249
221.131
221.016
220.905
220.799
220.698
220.602
220.511
220.426
220.345
220.268
220.196
220.129
220.065
220.005
219.948
219.895
219.845
219.798
219.753
219.711
219.672
219.635
219.6
219.567
219.535
219.506
219.478
219.452
219.428
219.404
219.383
219.363
219.344
219.327
219.311
219.297
219.287
219.276
219.274
219.26
219.283
149.368
152.628
158.256
165.435
173.294
181.159
188.523
195.062
200.657
205.33
209.164
212.269
214.752
216.709
218.232
219.4
220.284
220.94
221.412
221.739
221.951
222.074
222.127
222.128
222.09
222.021
221.932
221.828
221.713
221.592
221.469
221.345
221.222
221.102
220.986
220.875
220.769
220.669
220.573
220.483
220.398
220.318
220.242
220.171
220.104
220.041
219.982
219.927
219.874
219.825
219.778
219.735
219.694
219.655
219.619
219.584
219.552
219.521
219.492
219.465
219.44
219.416
219.393
219.372
219.352
219.334
219.317
219.303
219.289
219.279
219.268
219.267
219.253
219.277
150.603
153.791
159.001
165.668
173.106
180.735
188.074
194.741
200.536
205.403
209.375
212.557
215.08
217.054
218.57
219.711
220.553
221.164
221.595
221.884
222.063
222.158
222.188
222.169
222.113
222.032
221.931
221.818
221.697
221.571
221.443
221.316
221.191
221.069
220.953
220.841
220.735
220.635
220.54
220.45
220.366
220.287
220.213
220.143
220.077
220.015
219.957
219.902
219.851
219.803
219.757
219.714
219.674
219.636
219.601
219.567
219.536
219.506
219.478
219.451
219.426
219.403
219.381
219.36
219.341
219.324
219.307
219.293
219.28
219.27
219.26
219.259
219.246
219.27
152.245
155.634
160.673
166.892
173.867
181.098
188.175
194.743
200.567
205.538
209.627
212.891
215.452
217.433
218.94
220.061
220.873
221.443
221.825
222.066
222.203
222.262
222.262
222.218
222.143
222.045
221.931
221.807
221.677
221.545
221.412
221.281
221.154
221.031
220.913
220.801
220.695
220.596
220.502
220.413
220.33
220.252
220.179
220.11
220.046
219.985
219.928
219.875
219.825
219.778
219.733
219.692
219.653
219.616
219.581
219.549
219.518
219.489
219.462
219.436
219.412
219.389
219.368
219.348
219.329
219.312
219.297
219.283
219.27
219.261
219.252
219.251
219.239
219.263
153.973
157.786
162.965
168.959
175.521
182.307
189
195.281
200.936
205.847
209.949
213.258
215.858
217.85
219.337
220.423
221.2
221.736
222.083
222.283
222.375
222.391
222.354
222.279
222.178
222.06
221.931
221.794
221.654
221.514
221.376
221.241
221.11
220.986
220.867
220.755
220.649
220.55
220.457
220.37
220.288
220.212
220.14
220.073
220.01
219.951
219.896
219.844
219.796
219.75
219.707
219.667
219.629
219.593
219.56
219.528
219.498
219.47
219.444
219.419
219.396
219.374
219.353
219.334
219.316
219.3
219.285
219.272
219.26
219.252
219.243
219.243
219.231
219.256
155.603
159.858
165.333
171.402
177.77
184.221
190.514
196.419
201.772
206.465
210.436
213.687
216.276
218.271
219.747
220.799
221.527
222.014
222.319
222.484
222.547
222.532
222.461
222.353
222.222
222.079
221.93
221.778
221.626
221.477
221.332
221.193
221.059
220.932
220.813
220.7
220.595
220.497
220.406
220.32
220.24
220.166
220.096
220.031
219.97
219.913
219.859
219.809
219.762
219.718
219.677
219.638
219.602
219.568
219.535
219.505
219.477
219.45
219.424
219.401
219.378
219.357
219.338
219.319
219.302
219.287
219.272
219.26
219.249
219.241
219.233
219.234
219.223
219.248
157.644
162.056
167.576
173.714
180.05
186.355
192.396
197.99
203.016
207.417
211.158
214.244
216.732
218.673
220.118
221.143
221.838
222.28
222.531
222.646
222.669
222.628
222.538
222.412
222.262
222.098
221.928
221.758
221.592
221.432
221.279
221.134
220.997
220.868
220.748
220.636
220.531
220.435
220.345
220.262
220.184
220.112
220.045
219.982
219.923
219.868
219.817
219.769
219.725
219.683
219.643
219.606
219.572
219.539
219.508
219.48
219.452
219.427
219.403
219.38
219.359
219.339
219.321
219.303
219.287
219.272
219.259
219.247
219.237
219.23
219.223
219.224
219.214
219.239
161.76
165.439
170.286
176.178
182.314
188.375
194.185
199.57
204.384
208.543
212.038
214.917
217.242
219.065
220.432
221.411
222.076
222.491
222.707
222.778
222.753
222.668
222.547
222.402
222.244
222.077
221.902
221.725
221.548
221.377
221.215
221.063
220.922
220.791
220.67
220.559
220.456
220.361
220.274
220.193
220.118
220.049
219.985
219.925
219.869
219.817
219.769
219.724
219.682
219.642
219.605
219.57
219.538
219.507
219.478
219.451
219.426
219.402
219.379
219.358
219.338
219.319
219.302
219.285
219.27
219.257
219.244
219.234
219.224
219.218
219.212
219.214
219.205
219.23
167.701
170.92
175.031
180.368
185.955
191.375
196.554
201.376
205.716
209.508
212.749
215.446
217.614
219.305
220.582
221.507
222.145
222.549
222.762
222.828
222.792
222.684
222.528
222.347
222.16
221.977
221.799
221.626
221.458
221.292
221.131
220.976
220.831
220.698
220.576
220.465
220.365
220.273
220.189
220.112
220.041
219.975
219.915
219.859
219.807
219.758
219.713
219.671
219.632
219.595
219.561
219.529
219.499
219.471
219.444
219.419
219.395
219.373
219.353
219.333
219.315
219.297
219.281
219.266
219.252
219.24
219.228
219.219
219.211
219.205
219.2
219.203
219.195
219.221
173.618
176.522
179.857
184.162
188.846
193.538
198.159
202.611
206.738
210.412
213.565
216.173
218.24
219.799
220.913
221.666
222.146
222.431
222.581
222.631
222.607
222.523
222.39
222.221
222.034
221.84
221.647
221.462
221.29
221.132
220.984
220.844
220.711
220.585
220.466
220.357
220.257
220.168
220.088
220.015
219.949
219.889
219.833
219.781
219.734
219.69
219.649
219.611
219.575
219.542
219.511
219.482
219.455
219.429
219.405
219.383
219.362
219.342
219.323
219.305
219.289
219.273
219.258
219.245
219.232
219.221
219.211
219.203
219.196
219.191
219.187
219.191
219.184
219.211
178.906
181.522
184.29
187.523
191.061
194.72
198.424
202.11
205.681
209.036
212.092
214.784
217.067
218.923
220.361
221.416
222.126
222.536
222.703
222.689
222.559
222.371
222.167
221.965
221.774
221.591
221.41
221.232
221.061
220.901
220.754
220.622
220.504
220.399
220.302
220.211
220.126
220.045
219.97
219.903
219.841
219.786
219.736
219.69
219.648
219.609
219.573
219.54
219.509
219.48
219.453
219.428
219.404
219.382
219.361
219.342
219.323
219.306
219.289
219.274
219.259
219.246
219.233
219.221
219.211
219.201
219.192
219.185
219.179
219.176
219.173
219.178
219.173
219.2
182.74
184.953
187.264
189.756
192.431
195.233
198.107
201.009
203.888
206.688
209.356
211.842
214.106
216.111
217.831
219.246
220.353
221.163
221.704
222.018
222.15
222.14
222.025
221.843
221.623
221.397
221.181
220.986
220.813
220.659
220.52
220.393
220.279
220.177
220.089
220.012
219.944
219.882
219.825
219.77
219.718
219.67
219.627
219.587
219.551
219.518
219.488
219.461
219.435
219.411
219.388
219.368
219.348
219.33
219.312
219.296
219.281
219.266
219.253
219.24
219.228
219.216
219.206
219.196
219.187
219.179
219.172
219.166
219.162
219.16
219.158
219.165
219.161
219.189
185.849
187.676
189.591
191.584
193.684
195.879
198.139
200.435
202.736
205.01
207.222
209.338
211.328
213.166
214.832
216.311
217.595
218.68
219.564
220.251
220.746
221.064
221.23
221.273
221.224
221.111
220.959
220.787
220.612
220.446
220.299
220.172
220.064
219.971
219.889
219.817
219.754
219.7
219.653
219.613
219.576
219.541
219.507
219.476
219.447
219.42
219.396
219.375
219.355
219.336
219.319
219.303
219.287
219.273
219.26
219.247
219.235
219.224
219.213
219.203
219.194
219.185
219.176
219.169
219.162
219.155
219.15
219.146
219.143
219.143
219.143
219.15
219.148
219.177
188.543
190.029
191.583
193.185
194.859
196.606
198.407
200.245
202.103
203.959
205.792
207.578
209.294
210.92
212.438
213.833
215.096
216.22
217.203
218.046
218.754
219.329
219.777
220.103
220.316
220.427
220.454
220.416
220.334
220.225
220.104
219.982
219.868
219.768
219.684
219.617
219.561
219.515
219.476
219.443
219.415
219.392
219.371
219.352
219.334
219.316
219.298
219.283
219.269
219.256
219.244
219.233
219.223
219.213
219.204
219.195
219.187
219.179
219.171
219.164
219.157
219.151
219.145
219.139
219.135
219.13
219.127
219.125
219.124
219.125
219.126
219.135
219.134
219.164
190.963
192.161
193.409
194.698
196.043
197.445
198.894
200.379
201.889
203.411
204.932
206.435
207.903
209.322
210.675
211.949
213.132
214.218
215.2
216.077
216.85
217.522
218.1
218.586
218.987
219.304
219.54
219.699
219.788
219.816
219.797
219.745
219.674
219.594
219.514
219.44
219.378
219.329
219.293
219.267
219.248
219.234
219.222
219.213
219.206
219.199
219.192
219.185
219.178
219.171
219.164
219.159
219.153
219.148
219.144
219.139
219.135
219.13
219.126
219.122
219.119
219.115
219.112
219.109
219.106
219.104
219.102
219.102
219.103
219.106
219.109
219.119
219.12
219.151
193.159
194.119
195.119
196.155
197.238
198.368
199.538
200.742
201.974
203.225
204.486
205.748
206.997
208.223
209.413
210.556
211.642
212.662
213.608
214.477
215.264
215.97
216.597
217.148
217.627
218.042
218.395
218.691
218.931
219.115
219.245
219.322
219.354
219.35
219.321
219.278
219.229
219.179
219.136
219.103
219.081
219.07
219.066
219.066
219.068
219.07
219.074
219.077
219.079
219.08
219.08
219.08
219.08
219.08
219.08
219.08
219.08
219.079
219.079
219.078
219.077
219.077
219.076
219.076
219.075
219.076
219.076
219.078
219.08
219.085
219.09
219.102
219.104
219.138
195.192
195.958
196.756
197.587
198.458
199.368
200.312
201.289
202.293
203.32
204.364
205.417
206.472
207.522
208.555
209.565
210.542
211.478
212.365
213.199
213.973
214.684
215.332
215.916
216.438
216.901
217.309
217.666
217.979
218.25
218.481
218.672
218.822
218.93
218.999
219.032
219.038
219.025
219.001
218.973
218.947
218.927
218.916
218.916
218.923
218.934
218.946
218.958
218.969
218.98
218.989
218.996
219.002
219.007
219.012
219.016
219.021
219.025
219.028
219.031
219.034
219.036
219.039
219.041
219.043
219.046
219.049
219.052
219.057
219.063
219.07
219.084
219.088
219.123
197.09
197.698
198.332
198.997
199.695
200.426
201.187
201.977
202.794
203.634
204.494
205.369
206.254
207.143
208.03
208.909
209.772
210.613
211.425
212.202
212.94
213.633
214.278
214.873
215.418
215.912
216.356
216.753
217.107
217.42
217.698
217.944
218.161
218.348
218.505
218.631
218.722
218.782
218.814
218.825
218.822
218.812
218.801
218.792
218.79
218.798
218.812
218.831
218.851
218.871
218.888
218.904
218.918
218.93
218.94
218.95
218.958
218.966
218.974
218.981
218.987
218.993
218.999
219.004
219.009
219.014
219.019
219.025
219.032
219.04
219.049
219.064
219.071
219.108
198.862
199.343
199.844
200.374
200.933
201.518
202.13
202.767
203.429
204.114
204.819
205.542
206.279
207.026
207.779
208.534
209.284
210.026
210.753
211.461
212.144
212.799
213.42
214.005
214.552
215.058
215.524
215.949
216.333
216.68
216.991
217.269
217.518
217.742
217.942
218.121
218.277
218.409
218.514
218.591
218.642
218.671
218.685
218.689
218.689
218.69
218.695
218.708
218.729
218.754
218.779
218.804
218.826
218.846
218.864
218.879
218.893
218.905
218.917
218.928
218.938
218.947
218.956
218.964
218.972
218.98
218.988
218.996
219.005
219.016
219.026
219.044
219.053
219.093
200.511
200.89
201.285
201.706
202.152
202.62
203.11
203.622
204.157
204.713
205.288
205.882
206.491
207.114
207.748
208.389
209.033
209.678
210.318
210.949
211.567
212.169
212.75
213.307
213.838
214.338
214.807
215.244
215.647
216.017
216.355
216.661
216.937
217.186
217.412
217.615
217.8
217.968
218.119
218.251
218.362
218.449
218.513
218.555
218.581
218.596
218.605
218.613
218.625
218.643
218.667
218.696
218.726
218.754
218.78
218.803
218.823
218.841
218.857
218.872
218.886
218.899
218.911
218.923
218.934
218.944
218.955
218.966
218.977
218.99
219.003
219.023
219.034
219.077
202.038
202.336
202.647
202.98
203.335
203.708
204.1
204.511
204.941
205.391
205.858
206.343
206.844
207.36
207.889
208.428
208.975
209.527
210.082
210.636
211.185
211.727
212.258
212.775
213.274
213.753
214.21
214.643
215.05
215.43
215.784
216.109
216.408
216.681
216.928
217.153
217.358
217.544
217.714
217.871
218.014
218.144
218.256
218.348
218.419
218.47
218.505
218.528
218.544
218.558
218.574
218.595
218.623
218.655
218.688
218.719
218.747
218.772
218.794
218.813
218.831
218.848
218.864
218.879
218.893
218.906
218.92
218.933
218.947
218.962
218.977
219
219.013
219.061
203.445
203.679
203.922
204.186
204.468
204.765
205.077
205.406
205.752
206.114
206.492
206.887
207.296
207.721
208.158
208.608
209.068
209.537
210.012
210.491
210.972
211.451
211.926
212.395
212.854
213.301
213.734
214.15
214.548
214.926
215.282
215.616
215.928
216.217
216.484
216.728
216.952
217.156
217.342
217.513
217.67
217.816
217.951
218.075
218.185
218.279
218.354
218.411
218.451
218.48
218.501
218.519
218.539
218.563
218.594
218.628
218.663
218.695
218.724
218.75
218.774
218.795
218.814
218.832
218.85
218.866
218.883
218.899
218.915
218.933
218.95
218.976
218.992
219.045
204.734
204.917
205.108
205.317
205.541
205.776
206.025
206.288
206.565
206.856
207.161
207.481
207.814
208.161
208.522
208.894
209.278
209.672
210.074
210.484
210.898
211.316
211.735
212.153
212.567
212.975
213.376
213.766
214.144
214.508
214.857
215.189
215.503
215.799
216.077
216.335
216.574
216.794
216.997
217.183
217.354
217.511
217.656
217.792
217.918
218.036
218.143
218.236
218.313
218.372
218.416
218.448
218.473
218.494
218.517
218.544
218.576
218.612
218.648
218.681
218.711
218.738
218.762
218.784
218.805
218.824
218.843
218.862
218.881
218.902
218.922
218.95
218.969
219.029
205.909
206.053
206.202
206.368
206.546
206.733
206.931
207.14
207.362
207.595
207.841
208.099
208.37
208.653
208.948
209.255
209.573
209.901
210.239
210.586
210.939
211.299
211.663
212.03
212.397
212.763
213.127
213.485
213.837
214.179
214.512
214.833
215.141
215.435
215.714
215.978
216.226
216.458
216.673
216.873
217.058
217.228
217.384
217.529
217.664
217.79
217.908
218.02
218.122
218.213
218.289
218.349
218.395
218.429
218.456
218.48
218.505
218.534
218.568
218.605
218.642
218.676
218.706
218.733
218.758
218.781
218.802
218.824
218.846
218.869
218.891
218.924
218.944
219.014
206.978
207.09
207.207
207.339
207.48
207.629
207.786
207.953
208.13
208.318
208.515
208.723
208.942
209.172
209.413
209.664
209.926
210.198
210.48
210.77
211.07
211.376
211.689
212.006
212.328
212.651
212.975
213.299
213.619
213.936
214.246
214.55
214.844
215.129
215.403
215.665
215.914
216.15
216.373
216.582
216.778
216.96
217.128
217.284
217.429
217.562
217.687
217.804
217.916
218.021
218.118
218.206
218.28
218.34
218.386
218.421
218.45
218.475
218.502
218.533
218.568
218.606
218.643
218.677
218.707
218.735
218.76
218.784
218.808
218.834
218.859
218.895
218.917
219
207.945
208.034
208.126
208.23
208.342
208.461
208.586
208.72
208.861
209.011
209.17
209.337
209.514
209.7
209.896
210.101
210.316
210.54
210.774
211.016
211.267
211.526
211.792
212.064
212.341
212.624
212.909
213.196
213.484
213.771
214.055
214.336
214.613
214.883
215.145
215.399
215.644
215.879
216.103
216.316
216.517
216.707
216.885
217.051
217.205
217.349
217.482
217.606
217.722
217.831
217.935
218.034
218.127
218.211
218.283
218.341
218.386
218.422
218.451
218.478
218.506
218.539
218.576
218.614
218.651
218.684
218.715
218.743
218.77
218.798
218.825
218.865
218.888
218.989
208.819
208.889
208.961
209.044
209.134
209.228
209.328
209.435
209.548
209.668
209.796
209.931
210.073
210.224
210.383
210.55
210.726
210.91
211.102
211.303
211.512
211.729
211.953
212.185
212.422
212.665
212.913
213.165
213.42
213.676
213.933
214.189
214.443
214.695
214.942
215.183
215.419
215.647
215.867
216.078
216.281
216.473
216.656
216.829
216.991
217.143
217.286
217.418
217.541
217.656
217.764
217.867
217.964
218.058
218.146
218.226
218.294
218.35
218.394
218.43
218.459
218.487
218.517
218.551
218.589
218.627
218.664
218.698
218.729
218.76
218.789
218.834
218.854
218.983
209.607
209.662
209.719
209.785
209.857
209.932
210.012
210.097
210.188
210.285
210.387
210.496
210.611
210.733
210.862
210.997
211.141
211.292
211.45
211.616
211.789
211.97
212.158
212.353
212.555
212.762
212.976
213.194
213.417
213.643
213.871
214.101
214.331
214.561
214.79
215.016
215.238
215.455
215.668
215.874
216.073
216.264
216.448
216.623
216.789
216.947
217.096
217.236
217.368
217.49
217.605
217.712
217.813
217.909
218.001
218.089
218.173
218.248
218.313
218.367
218.409
218.443
218.473
218.501
218.533
218.569
218.607
218.646
218.683
218.72
218.75
218.801
218.812
218.986
210.315
210.358
210.403
210.456
210.514
210.575
210.639
210.707
210.78
210.858
210.94
211.028
211.121
211.219
211.324
211.434
211.551
211.674
211.804
211.941
212.084
212.234
212.391
212.555
212.725
212.901
213.083
213.271
213.463
213.66
213.861
214.065
214.271
214.479
214.687
214.894
215.1
215.305
215.506
215.703
215.895
216.082
216.263
216.437
216.604
216.765
216.917
217.062
217.2
217.329
217.451
217.564
217.671
217.771
217.866
217.956
218.043
218.127
218.206
218.277
218.338
218.388
218.428
218.461
218.491
218.521
218.554
218.592
218.631
218.674
218.707
218.767
218.758
219.014
210.95
210.985
211.02
211.063
211.11
211.159
211.21
211.265
211.324
211.387
211.453
211.524
211.599
211.679
211.764
211.854
211.949
212.05
212.156
212.269
212.387
212.511
212.641
212.778
212.921
213.069
213.224
213.384
213.549
213.719
213.894
214.073
214.255
214.44
214.627
214.815
215.004
215.193
215.38
215.565
215.748
215.928
216.103
216.273
216.439
216.598
216.752
216.899
217.04
217.173
217.3
217.42
217.533
217.64
217.739
217.833
217.922
218.007
218.089
218.169
218.243
218.31
218.367
218.413
218.451
218.482
218.512
218.544
218.579
218.622
218.658
218.73
218.686
219.092
211.519
211.546
211.575
211.609
211.647
211.687
211.728
211.773
211.821
211.871
211.925
211.983
212.044
212.109
212.178
212.251
212.329
212.411
212.498
212.591
212.688
212.791
212.899
213.013
213.132
213.257
213.387
213.523
213.664
213.81
213.961
214.116
214.276
214.439
214.605
214.774
214.945
215.116
215.289
215.461
215.632
215.802
215.969
216.133
216.294
216.45
216.602
216.749
216.891
217.027
217.157
217.281
217.399
217.511
217.616
217.715
217.809
217.897
217.981
218.061
218.139
218.214
218.284
218.346
218.398
218.441
218.476
218.507
218.537
218.575
218.605
218.689
218.607
219.216
212.028
212.05
212.073
212.101
212.132
212.164
212.198
212.234
212.273
212.314
212.358
212.404
212.454
212.507
212.563
212.623
212.687
212.754
212.826
212.902
212.982
213.067
213.157
213.251
213.351
213.455
213.565
213.68
213.8
213.924
214.054
214.188
214.327
214.469
214.616
214.766
214.918
215.073
215.23
215.387
215.546
215.704
215.861
216.017
216.171
216.322
216.471
216.615
216.756
216.891
217.023
217.149
217.27
217.386
217.496
217.6
217.699
217.792
217.879
217.962
218.041
218.117
218.191
218.261
218.326
218.383
218.43
218.469
218.501
218.537
218.559
218.65
218.549
219.315
212.48
212.498
212.516
212.539
212.565
212.591
212.619
212.648
212.68
212.714
212.75
212.788
212.829
212.872
212.918
212.967
213.02
213.075
213.134
213.197
213.263
213.334
213.408
213.487
213.57
213.657
213.749
213.846
213.948
214.054
214.165
214.28
214.4
214.524
214.652
214.784
214.919
215.057
215.198
215.341
215.486
215.632
215.778
215.924
216.07
216.214
216.357
216.497
216.635
216.769
216.9
217.026
217.148
217.266
217.379
217.488
217.591
217.689
217.781
217.868
217.95
218.028
218.102
218.174
218.243
218.308
218.368
218.419
218.46
218.501
218.523
218.612
218.544
219.248
212.884
212.898
212.913
212.932
212.953
212.975
212.998
213.022
213.048
213.076
213.106
213.137
213.171
213.207
213.245
213.285
213.328
213.374
213.423
213.475
213.53
213.588
213.65
213.716
213.785
213.859
213.936
214.018
214.104
214.194
214.288
214.387
214.49
214.597
214.709
214.824
214.943
215.066
215.192
215.32
215.451
215.584
215.719
215.854
215.991
216.127
216.262
216.397
216.53
216.661
216.789
216.914
217.037
217.155
217.27
217.38
217.486
217.588
217.684
217.776
217.862
217.944
218.02
218.093
218.162
218.229
218.293
218.352
218.405
218.454
218.487
218.562
218.583
218.92
213.238
213.25
213.262
213.278
213.296
213.314
213.333
213.353
213.375
213.398
213.423
213.449
213.477
213.507
213.538
213.572
213.608
213.646
213.687
213.73
213.776
213.825
213.877
213.932
213.99
214.052
214.117
214.186
214.259
214.335
214.416
214.5
214.589
214.682
214.779
214.879
214.984
215.092
215.204
215.319
215.436
215.557
215.68
215.804
215.931
216.058
216.185
216.313
216.44
216.567
216.691
216.814
216.935
217.053
217.168
217.279
217.387
217.491
217.59
217.686
217.776
217.862
217.942
218.017
218.088
218.154
218.217
218.278
218.335
218.389
218.438
218.484
218.6
218.396
213.556
213.565
213.576
213.589
213.604
213.619
213.635
213.652
213.671
213.69
213.711
213.733
213.756
213.781
213.808
213.836
213.866
213.898
213.932
213.968
214.007
214.048
214.091
214.138
214.187
214.239
214.294
214.352
214.414
214.479
214.548
214.621
214.697
214.777
214.861
214.948
215.04
215.135
215.233
215.336
215.441
215.549
215.661
215.774
215.89
216.008
216.127
216.247
216.368
216.488
216.608
216.728
216.846
216.962
217.076
217.187
217.295
217.4
217.502
217.599
217.692
217.781
217.865
217.944
218.017
218.085
218.148
218.207
218.262
218.312
218.368
218.377
218.53
217.91
213.825
213.833
213.841
213.853
213.866
213.879
213.893
213.907
213.923
213.94
213.957
213.976
213.996
214.017
214.04
214.064
214.09
214.117
214.146
214.177
214.21
214.244
214.282
214.321
214.363
214.407
214.455
214.504
214.557
214.613
214.673
214.735
214.801
214.871
214.943
215.02
215.1
215.184
215.271
215.362
215.456
215.554
215.654
215.758
215.864
215.973
216.083
216.195
216.309
216.423
216.538
216.653
216.767
216.881
216.993
217.103
217.211
217.317
217.419
217.518
217.613
217.704
217.79
217.872
217.948
218.019
218.083
218.141
218.193
218.236
218.285
218.263
218.377
217.682
214.074
214.08
214.088
214.098
214.109
214.121
214.132
214.145
214.159
214.173
214.188
214.204
214.221
214.24
214.259
214.28
214.302
214.325
214.35
214.376
214.404
214.434
214.466
214.5
214.535
214.573
214.614
214.657
214.702
214.75
214.801
214.855
214.913
214.973
215.036
215.103
215.173
215.247
215.324
215.404
215.488
215.576
215.666
215.76
215.856
215.956
216.058
216.162
216.268
216.375
216.484
216.594
216.704
216.814
216.923
217.031
217.138
217.242
217.345
217.444
217.54
217.632
217.72
217.803
217.882
217.954
218.02
218.078
218.129
218.166
218.203
218.169
218.212
217.736
214.265
214.27
214.277
214.286
214.296
214.306
214.316
214.328
214.34
214.352
214.366
214.38
214.396
214.412
214.429
214.447
214.466
214.487
214.509
214.532
214.557
214.583
214.611
214.641
214.672
214.706
214.741
214.779
214.819
214.861
214.906
214.954
215.004
215.057
215.114
215.173
215.235
215.301
215.37
215.442
215.518
215.596
215.679
215.764
215.853
215.944
216.039
216.136
216.235
216.336
216.439
216.544
216.65
216.756
216.862
216.968
217.073
217.176
217.278
217.378
217.474
217.567
217.656
217.741
217.82
217.893
217.961
218.019
218.07
218.106
218.134
218.112
218.104
217.915
214.466
214.471
214.477
214.485
214.494
214.503
214.512
214.522
214.533
214.544
214.556
214.569
214.583
214.597
214.612
214.628
214.645
214.663
214.682
214.703
214.724
214.747
214.772
214.798
214.825
214.855
214.886
214.919
214.954
214.991
215.03
215.072
215.116
215.163
215.212
215.264
215.319
215.377
215.439
215.503
215.571
215.641
215.715
215.793
215.873
215.957
216.043
216.133
216.225
216.32
216.416
216.515
216.615
216.717
216.819
216.921
217.023
217.124
217.224
217.322
217.418
217.51
217.599
217.684
217.763
217.837
217.904
217.964
218.014
218.052
218.078
218.077
218.058
218.054
214.573
214.575
214.581
214.59
214.598
214.606
214.615
214.625
214.635
214.646
214.657
214.669
214.681
214.695
214.709
214.724
214.74
214.757
214.775
214.793
214.814
214.835
214.857
214.881
214.907
214.934
214.962
214.993
215.025
215.059
215.095
215.133
215.174
215.217
215.262
215.31
215.361
215.415
215.471
215.531
215.593
215.659
215.728
215.8
215.875
215.954
216.035
216.12
216.207
216.298
216.39
216.485
216.582
216.68
216.78
216.88
216.98
217.08
217.18
217.277
217.373
217.465
217.555
217.64
217.72
217.794
217.862
217.921
217.973
218.013
218.042
218.06
218.053
218.113
214.763
214.766
214.772
214.78
214.787
214.795
214.803
214.812
214.821
214.831
214.841
214.852
214.863
214.875
214.888
214.902
214.916
214.931
214.947
214.964
214.982
215.001
215.021
215.042
215.065
215.089
215.114
215.141
215.17
215.2
215.232
215.266
215.302
215.34
215.38
215.423
215.468
215.516
215.567
215.62
215.676
215.735
215.797
215.863
215.931
216.002
216.077
216.155
216.235
216.319
216.405
216.493
216.583
216.676
216.77
216.864
216.96
217.055
217.15
217.244
217.336
217.425
217.512
217.594
217.672
217.744
217.81
217.868
217.918
217.959
217.991
218.021
218.035
218.099
218.628
219.37
220.028
220.597
221.082
221.491
221.831
222.114
222.345
222.535
222.689
222.814
222.914
222.994
223.057
223.106
223.144
223.173
223.195
223.21
223.22
223.227
223.23
223.231
223.231
223.228
223.225
223.221
223.216
223.211
223.206
223.2
223.195
223.189
223.184
223.179
223.174
223.169
223.164
223.159
223.155
218.62
219.343
219.987
220.545
221.024
221.43
221.772
222.057
222.295
222.492
222.653
222.786
222.894
222.982
223.052
223.109
223.153
223.188
223.215
223.235
223.25
223.26
223.266
223.27
223.272
223.271
223.269
223.266
223.262
223.258
223.253
223.247
223.241
223.236
223.23
223.224
223.218
223.212
223.206
223.2
223.194
218.614
219.325
219.962
220.515
220.992
221.399
221.745
222.038
222.283
222.488
222.659
222.801
222.918
223.014
223.092
223.155
223.206
223.247
223.278
223.302
223.32
223.333
223.342
223.347
223.35
223.35
223.349
223.346
223.343
223.338
223.332
223.326
223.32
223.313
223.306
223.299
223.292
223.285
223.278
223.271
223.264
218.612
219.324
219.964
220.518
220.999
221.411
221.764
222.063
222.317
222.531
222.71
222.861
222.986
223.089
223.175
223.244
223.301
223.347
223.383
223.411
223.432
223.447
223.458
223.466
223.47
223.471
223.47
223.468
223.464
223.459
223.453
223.446
223.439
223.431
223.422
223.414
223.405
223.396
223.387
223.378
223.369
218.612
219.332
219.98
220.539
221.027
221.447
221.807
222.116
222.379
222.602
222.791
222.951
223.085
223.198
223.291
223.368
223.432
223.483
223.524
223.556
223.581
223.598
223.612
223.62
223.625
223.627
223.627
223.624
223.62
223.614
223.606
223.598
223.589
223.58
223.57
223.559
223.548
223.537
223.526
223.514
223.503
218.613
219.345
220.004
220.573
221.07
221.5
221.872
222.191
222.466
222.701
222.902
223.073
223.218
223.341
223.443
223.529
223.6
223.657
223.704
223.741
223.769
223.789
223.804
223.814
223.82
223.822
223.821
223.818
223.813
223.805
223.797
223.787
223.776
223.764
223.751
223.738
223.725
223.711
223.696
223.682
223.667
218.616
219.364
220.04
220.622
221.133
221.576
221.961
222.295
222.583
222.832
223.046
223.23
223.387
223.521
223.634
223.729
223.807
223.872
223.924
223.966
223.997
224.019
224.037
224.048
224.054
224.056
224.055
224.05
224.043
224.034
224.023
224.011
223.997
223.983
223.967
223.951
223.934
223.916
223.899
223.88
223.862
218.621
219.392
220.089
220.688
221.216
221.676
222.077
222.427
222.732
222.997
223.226
223.424
223.594
223.74
223.864
223.969
224.056
224.128
224.187
224.233
224.268
224.293
224.311
224.324
224.33
224.332
224.329
224.323
224.314
224.302
224.289
224.273
224.256
224.238
224.218
224.198
224.177
224.155
224.133
224.111
224.089
218.628
219.428
220.151
220.772
221.321
221.801
222.221
222.59
222.913
223.195
223.441
223.655
223.84
224
224.136
224.252
224.349
224.429
224.494
224.545
224.584
224.611
224.631
224.644
224.65
224.65
224.646
224.638
224.626
224.611
224.594
224.574
224.553
224.53
224.506
224.481
224.455
224.429
224.402
224.374
224.346
218.639
219.473
220.227
220.874
221.448
221.951
222.394
222.784
223.128
223.43
223.695
223.927
224.129
224.303
224.453
224.581
224.688
224.777
224.849
224.906
224.949
224.978
224.999
225.012
225.017
225.016
225.009
224.997
224.982
224.963
224.941
224.917
224.89
224.862
224.833
224.802
224.77
224.737
224.704
224.67
224.637
218.652
219.527
220.318
220.996
221.599
222.129
222.598
223.013
223.38
223.705
223.991
224.242
224.463
224.654
224.819
224.96
225.079
225.177
225.257
225.32
225.366
225.397
225.419
225.432
225.435
225.431
225.421
225.406
225.385
225.361
225.334
225.303
225.271
225.236
225.2
225.162
225.123
225.083
225.042
225.001
224.961
218.67
219.592
220.425
221.14
221.776
222.337
222.835
223.278
223.672
224.022
224.332
224.606
224.846
225.057
225.238
225.394
225.526
225.635
225.723
225.791
225.841
225.873
225.896
225.908
225.909
225.902
225.887
225.866
225.84
225.809
225.775
225.737
225.696
225.654
225.609
225.563
225.515
225.467
225.418
225.368
225.319
218.693
219.669
220.551
221.307
221.982
222.578
223.109
223.584
224.008
224.387
224.723
225.022
225.285
225.516
225.717
225.889
226.034
226.155
226.252
226.326
226.38
226.413
226.436
226.446
226.444
226.431
226.411
226.384
226.35
226.311
226.268
226.221
226.171
226.118
226.063
226.007
225.949
225.891
225.831
225.771
225.712
218.721
219.759
220.697
221.5
222.219
222.856
223.425
223.935
224.393
224.803
225.17
225.496
225.786
226.04
226.261
226.452
226.612
226.745
226.851
226.933
226.99
227.024
227.045
227.052
227.045
227.027
226.999
226.963
226.92
226.871
226.817
226.758
226.697
226.632
226.565
226.497
226.427
226.356
226.284
226.212
226.14
218.756
219.864
220.865
221.722
222.491
223.173
223.785
224.336
224.832
225.279
225.678
226.036
226.355
226.635
226.88
227.09
227.268
227.414
227.531
227.619
227.68
227.714
227.732
227.735
227.722
227.695
227.658
227.611
227.556
227.494
227.426
227.354
227.278
227.199
227.117
227.034
226.949
226.863
226.776
226.689
226.604
218.8
219.986
221.059
221.977
222.803
223.536
224.197
224.793
225.333
225.82
226.257
226.65
227.001
227.311
227.582
227.815
228.012
228.173
228.301
228.396
228.46
228.492
228.507
228.503
228.481
228.444
228.394
228.333
228.263
228.186
228.101
228.012
227.918
227.821
227.721
227.62
227.517
227.413
227.309
227.204
227.101
218.854
220.128
221.282
222.27
223.159
223.951
224.666
225.315
225.903
226.436
226.916
227.349
227.737
228.08
228.38
228.638
228.856
229.034
229.174
229.276
229.341
229.371
229.38
229.368
229.334
229.283
229.217
229.139
229.05
228.952
228.847
228.736
228.62
228.501
228.379
228.255
228.13
228.005
227.879
227.754
227.63
218.919
220.294
221.538
222.605
223.566
224.424
225.202
225.909
226.553
227.138
227.666
228.144
228.574
228.955
229.288
229.575
229.816
230.012
230.164
230.273
230.339
230.363
230.364
230.34
230.291
230.222
230.136
230.035
229.922
229.799
229.667
229.53
229.387
229.24
229.091
228.94
228.789
228.637
228.485
228.335
228.186
218.997
220.485
221.832
222.988
224.031
224.965
225.813
226.587
227.294
227.938
228.522
229.051
229.528
229.951
230.322
230.641
230.908
231.125
231.29
231.405
231.47
231.486
231.475
231.435
231.366
231.273
231.16
231.031
230.887
230.732
230.568
230.397
230.221
230.04
229.857
229.673
229.489
229.305
229.122
228.941
228.763
219.092
220.708
222.171
223.429
224.564
225.584
226.512
227.362
228.141
228.853
229.5
230.088
230.619
231.091
231.504
231.859
232.156
232.393
232.572
232.692
232.754
232.758
232.73
232.668
232.572
232.448
232.301
232.135
231.953
231.758
231.553
231.34
231.121
230.899
230.675
230.45
230.225
230.002
229.782
229.564
229.351
219.206
220.966
222.562
223.934
225.175
226.293
227.314
228.251
229.112
229.902
230.621
231.276
231.869
232.397
232.859
233.255
233.584
233.845
234.037
234.16
234.214
234.201
234.149
234.057
233.926
233.762
233.571
233.358
233.127
232.881
232.623
232.358
232.087
231.812
231.537
231.262
230.988
230.718
230.452
230.19
229.935
219.343
221.267
223.013
224.517
225.879
227.108
228.235
229.273
230.229
231.108
231.91
232.643
233.308
233.9
234.417
234.859
235.224
235.509
235.714
235.837
235.877
235.838
235.754
235.621
235.443
235.227
234.979
234.706
234.412
234.101
233.779
233.447
233.111
232.772
232.433
232.096
231.763
231.435
231.114
230.799
230.494
219.506
221.618
223.535
225.191
226.691
228.05
229.299
230.453
231.519
232.502
233.401
234.224
234.971
235.636
236.217
236.711
237.115
237.425
237.64
237.757
237.774
237.698
237.569
237.382
237.142
236.857
236.536
236.185
235.81
235.418
235.013
234.599
234.181
233.762
233.345
232.933
232.527
232.13
231.742
231.365
231
219.7
222.027
224.143
225.972
227.633
229.142
230.533
231.822
233.017
234.122
235.133
236.06
236.903
237.653
238.306
238.857
239.303
239.638
239.858
239.959
239.941
239.812
239.62
239.359
239.037
238.662
238.245
237.794
237.318
236.822
236.313
235.796
235.277
234.76
234.247
233.743
233.249
232.769
232.302
231.851
231.415
219.931
222.508
224.851
226.883
228.73
230.415
231.973
233.421
234.768
236.014
237.157
238.207
239.161
240.009
240.742
241.357
241.846
242.201
242.417
242.49
242.415
242.21
241.931
241.571
241.138
240.645
240.104
239.526
238.919
238.293
237.655
237.011
236.367
235.728
235.1
234.485
233.886
233.306
232.747
232.208
231.693
220.205
223.072
225.682
227.952
230.018
231.91
233.664
235.301
236.827
238.242
239.54
240.733
241.817
242.777
243.602
244.284
244.813
245.18
245.377
245.397
245.237
244.922
244.522
244.026
243.448
242.8
242.099
241.358
240.588
239.798
238.999
238.198
237.402
236.618
235.85
235.103
234.38
233.683
233.016
232.378
231.771
220.53
223.739
226.662
229.213
231.54
233.678
235.668
237.53
239.271
240.887
242.369
243.732
244.967
246.054
246.978
247.727
248.289
248.651
248.802
248.733
248.442
247.97
247.401
246.723
245.951
245.102
244.196
243.249
242.273
241.282
240.287
239.296
238.317
237.359
236.426
235.525
234.657
233.826
233.036
232.285
231.576
220.913
224.531
227.828
230.716
233.356
235.791
238.066
240.2
242.201
244.06
245.762
247.324
248.733
249.962
250.989
251.8
252.375
252.698
252.757
252.544
252.054
251.356
250.556
249.632
248.605
247.497
246.332
245.127
243.9
242.664
241.433
240.216
239.023
237.861
236.737
235.658
234.626
233.644
232.716
231.841
231.023
221.365
225.477
229.226
232.524
235.546
238.345
240.97
243.44
245.76
247.914
249.878
251.674
253.282
254.663
255.788
256.636
257.183
257.41
257.303
256.856
256.071
255.052
253.934
252.684
251.326
249.89
248.402
246.884
245.355
243.83
242.323
240.846
239.406
238.014
236.675
235.398
234.183
233.034
231.957
230.948
230.014
221.893
226.613
230.919
234.727
238.225
241.479
244.541
247.43
250.145
252.66
254.94
257.007
258.832
260.362
261.558
262.39
262.832
262.862
262.469
261.655
260.431
258.963
257.42
255.745
253.97
252.129
250.252
248.364
246.485
244.631
242.814
241.046
239.336
237.69
236.118
234.625
233.213
231.886
230.649
229.5
228.448
222.505
227.992
233.001
237.455
241.56
245.396
249.018
252.441
255.654
258.613
261.266
263.636
265.682
267.327
268.52
269.227
269.421
269.084
268.219
266.841
264.985
262.905
260.808
258.598
256.314
253.994
251.67
249.366
247.101
244.889
242.74
240.665
238.669
236.759
234.941
233.223
231.603
230.088
228.685
227.389
226.218
223.186
229.656
235.572
240.863
245.76
250.354
254.702
258.812
262.652
266.149
269.224
271.903
274.12
275.776
276.808
277.184
276.886
275.917
274.307
272.105
269.379
266.507
263.731
260.89
258.026
255.179
252.378
249.642
246.985
244.416
241.941
239.564
237.288
235.117
233.056
231.11
229.279
227.571
225.993
224.545
223.251
223.937
231.625
238.684
245.029
250.931
256.485
261.745
266.702
271.29
275.383
278.866
281.769
284.001
285.438
286.018
285.732
284.596
282.658
279.998
276.718
272.929
269.156
265.651
262.16
258.725
255.38
252.144
249.026
246.031
243.158
240.407
237.774
235.258
232.857
230.575
228.416
226.38
224.477
222.719
221.109
219.685
224.697
233.842
242.266
249.875
256.98
263.683
270.019
275.944
281.336
285.989
289.748
292.657
294.605
295.461
295.199
293.865
291.542
288.351
284.438
279.964
275.081
270.447
266.289
262.246
258.348
254.617
251.058
247.666
244.432
241.347
238.4
235.582
232.884
230.302
227.835
225.487
223.258
221.159
219.211
217.42
215.847
225.337
236.232
246.295
255.426
263.975
272.045
279.623
286.599
292.769
297.818
301.57
304.109
305.329
305.138
303.595
300.843
297.062
292.459
287.244
281.622
275.762
270.423
265.769
261.328
257.114
253.135
249.378
245.823
242.449
239.238
236.17
233.23
230.404
227.681
225.059
222.54
220.121
217.818
215.657
213.654
211.893
225.749
238.752
250.784
261.744
272.016
281.677
290.636
298.663
305.445
310.549
313.833
315.475
315.431
313.712
310.512
306.103
300.768
294.781
288.391
281.812
275.202
269.371
264.402
259.726
255.34
251.238
247.391
243.765
240.33
237.06
233.929
230.915
227.999
225.168
222.413
219.735
217.129
214.609
212.207
209.948
207.946
225.824
241.376
255.777
268.93
281.237
292.702
303.096
312.01
319.017
323.615
325.81
325.953
324.127
320.511
315.465
309.38
302.605
295.439
288.129
280.863
273.764
267.653
262.53
257.756
253.313
249.182
245.323
241.691
238.25
234.968
231.813
228.759
225.784
222.868
220
217.175
214.383
211.637
208.967
206.404
204.097
225.431
244.077
261.333
277.107
291.772
305.18
316.884
326.264
332.845
336.189
336.626
334.742
330.79
325.145
318.317
310.758
302.823
294.787
286.856
279.176
271.82
265.6
260.445
255.669
251.247
247.15
243.328
239.731
236.318
233.051
229.897
226.827
223.812
220.831
217.867
214.91
211.941
208.965
206.008
203.097
200.415
224.425
246.843
267.54
286.416
303.725
319.042
331.629
340.729
346.011
347.327
345.484
341.285
335.141
327.609
319.287
310.604
301.856
293.264
284.984
277.109
269.671
263.459
258.349
253.633
249.278
245.25
241.493
237.953
234.585
231.35
228.212
225.138
222.099
219.068
216.024
212.95
209.818
206.621
203.368
200.077
196.948
222.669
249.696
274.535
297.018
317.119
333.992
346.638
354.434
357.507
356.232
351.915
345.433
337.303
328.239
318.831
309.399
300.155
291.269
282.843
274.927
267.519
261.387
256.367
251.744
247.478
243.536
239.856
236.382
233.067
229.87
226.755
223.687
220.633
217.565
214.455
211.283
208.006
204.605
201.061
197.375
193.726
220.044
252.716
282.52
309.064
331.787
349.389
360.902
366.316
366.527
362.524
355.916
347.434
337.697
327.544
317.454
307.587
298.091
289.096
280.66
272.797
265.486
259.47
254.562
250.044
245.877
242.025
238.425
235.018
231.757
228.602
225.513
222.454
219.393
216.297
213.135
209.881
206.48
202.9
199.081
195.007
190.764
216.48
256.061
291.743
322.569
347.218
364.225
373.303
375.564
372.752
366.336
357.86
347.758
336.841
326.029
315.578
305.5
295.917
286.933
278.569
270.815
263.634
257.75
252.959
248.548
244.479
240.715
237.191
233.849
230.641
227.525
224.462
221.416
218.351
215.235
212.033
208.712
205.209
201.476
197.41
192.97
188.067
211.96
259.99
302.433
337.268
362.515
377.363
383.01
381.911
376.409
368.165
358.269
346.897
335.208
324.091
313.501
303.355
293.794
284.896
276.648
269.028
261.992
256.242
251.564
247.255
243.277
239.593
236.141
232.858
229.697
226.618
223.58
220.547
217.481
214.35
211.117
207.744
204.158
200.299
196.018
191.25
185.63
206.579
264.867
314.681
352.502
376.543
387.882
389.733
385.611
378.045
368.595
357.609
345.264
333.175
322.016
311.415
301.292
291.82
283.046
274.934
267.455
260.56
254.94
250.366
246.149
242.253
238.642
235.252
232.021
228.903
225.857
222.842
219.82
216.756
213.615
210.357
206.943
203.291
199.332
194.872
189.82
183.442
200.475
270.897
328.031
367.066
388.127
395.293
393.668
387.218
378.305
368.155
356.272
343.217
331.036
319.994
309.447
299.396
290.045
281.407
273.433
266.091
259.329
253.825
249.346
245.213
241.39
237.844
234.51
231.325
228.244
225.226
222.232
219.222
216.16
213.011
209.735
206.289
202.585
198.547
193.946
188.656
181.504
193.892
277.936
341.56
379.797
396.729
399.835
395.446
387.435
377.793
367.271
354.572
341.068
329.024
318.147
307.666
297.712
288.49
279.984
272.139
264.922
258.28
252.877
248.472
244.407
240.648
237.158
233.872
230.727
227.68
224.688
221.712
218.713
215.654
212.501
209.211
205.741
201.999
197.9
193.193
187.71
179.781
184.738
285.736
355.061
390.641
402.774
402.247
395.795
386.833
376.892
366.178
352.641
338.96
327.288
316.606
306.176
296.325
287.231
278.846
271.114
264.003
257.46
252.177
247.844
243.83
240.118
236.671
233.421
230.305
227.281
224.306
221.343
218.35
215.293
212.135
208.834
205.346
201.575
197.432
192.653
187.041
178.363
178.973
297.182
368.285
398.487
405.907
402.835
394.893
385.217
375.108
364.242
349.696
335.784
324.584
314.248
303.997
294.339
285.448
277.257
269.704
262.759
256.362
251.153
246.943
243.017
239.377
235.994
232.8
229.73
226.744
223.8
220.86
217.883
214.833
211.676
208.369
204.866
201.072
196.888
192.05
186.348
177.206
223.151
223.149
223.146
223.144
223.141
223.138
223.135
223.131
223.127
223.123
223.119
223.115
223.11
223.104
223.099
223.092
223.086
223.079
223.071
223.063
223.054
223.044
223.034
223.022
223.01
222.997
222.982
222.967
222.95
222.932
222.913
222.892
222.869
222.844
222.817
222.789
222.758
222.724
222.688
222.649
222.608
222.563
222.516
222.465
222.41
222.352
222.291
222.226
222.157
222.084
222.008
221.929
221.845
221.759
221.669
221.577
221.482
221.385
221.286
221.186
221.084
220.983
220.881
220.78
220.68
220.582
220.486
220.393
220.304
220.22
220.141
220.069
220.009
219.949
223.19
223.188
223.185
223.182
223.179
223.176
223.173
223.169
223.165
223.16
223.156
223.151
223.145
223.14
223.133
223.127
223.119
223.112
223.103
223.094
223.084
223.074
223.063
223.05
223.037
223.023
223.007
222.991
222.973
222.954
222.933
222.91
222.886
222.86
222.832
222.801
222.769
222.734
222.696
222.656
222.613
222.567
222.518
222.465
222.409
222.35
222.288
222.222
222.152
222.079
222.002
221.922
221.838
221.751
221.662
221.569
221.474
221.377
221.278
221.178
221.077
220.975
220.874
220.773
220.673
220.575
220.48
220.387
220.298
220.214
220.136
220.063
220.004
219.936
223.258
223.256
223.254
223.251
223.247
223.244
223.24
223.236
223.232
223.227
223.222
223.217
223.211
223.205
223.198
223.191
223.183
223.175
223.166
223.156
223.146
223.134
223.122
223.109
223.095
223.079
223.063
223.045
223.025
223.005
222.982
222.958
222.932
222.904
222.874
222.841
222.807
222.769
222.729
222.687
222.641
222.592
222.54
222.485
222.427
222.365
222.299
222.23
222.157
222.081
222.002
221.919
221.833
221.744
221.652
221.558
221.461
221.362
221.262
221.161
221.06
220.958
220.856
220.755
220.656
220.558
220.463
220.371
220.283
220.199
220.121
220.047
219.99
219.91
223.362
223.36
223.357
223.354
223.35
223.346
223.342
223.338
223.333
223.328
223.322
223.316
223.31
223.303
223.295
223.287
223.279
223.269
223.259
223.248
223.236
223.224
223.21
223.195
223.179
223.162
223.143
223.123
223.101
223.078
223.053
223.026
222.997
222.966
222.932
222.896
222.858
222.817
222.773
222.726
222.677
222.624
222.567
222.508
222.445
222.379
222.309
222.236
222.16
222.08
221.997
221.911
221.821
221.73
221.635
221.539
221.44
221.34
221.239
221.137
221.035
220.933
220.831
220.73
220.631
220.535
220.44
220.349
220.262
220.179
220.101
220.026
219.97
219.879
223.493
223.491
223.489
223.485
223.48
223.476
223.471
223.466
223.461
223.455
223.448
223.442
223.434
223.426
223.418
223.408
223.398
223.388
223.376
223.363
223.35
223.335
223.319
223.302
223.284
223.264
223.243
223.22
223.195
223.168
223.14
223.109
223.076
223.041
223.003
222.963
222.92
222.874
222.825
222.773
222.718
222.66
222.599
222.534
222.466
222.394
222.319
222.241
222.16
222.075
221.988
221.898
221.805
221.71
221.613
221.514
221.413
221.312
221.209
221.107
221.004
220.902
220.801
220.701
220.602
220.506
220.413
220.323
220.237
220.154
220.078
220.002
219.946
219.845
223.656
223.653
223.65
223.646
223.641
223.635
223.63
223.624
223.617
223.61
223.603
223.595
223.586
223.577
223.567
223.556
223.544
223.531
223.517
223.503
223.487
223.469
223.451
223.431
223.409
223.386
223.361
223.334
223.306
223.275
223.242
223.206
223.168
223.128
223.085
223.039
222.99
222.938
222.883
222.825
222.764
222.699
222.631
222.56
222.486
222.408
222.327
222.243
222.157
222.067
221.975
221.88
221.784
221.685
221.585
221.483
221.381
221.278
221.174
221.071
220.968
220.866
220.765
220.666
220.569
220.474
220.382
220.294
220.209
220.127
220.052
219.975
219.921
219.81
223.848
223.844
223.841
223.835
223.829
223.823
223.817
223.809
223.802
223.793
223.784
223.774
223.764
223.753
223.74
223.727
223.713
223.698
223.681
223.664
223.644
223.624
223.602
223.578
223.552
223.525
223.495
223.464
223.43
223.394
223.355
223.314
223.27
223.223
223.173
223.121
223.065
223.006
222.944
222.878
222.81
222.738
222.662
222.584
222.503
222.418
222.331
222.241
222.148
222.053
221.956
221.857
221.756
221.654
221.551
221.447
221.342
221.238
221.134
221.03
220.927
220.826
220.726
220.628
220.532
220.439
220.349
220.262
220.178
220.098
220.024
219.947
219.894
219.775
224.07
224.066
224.062
224.055
224.048
224.04
224.032
224.023
224.014
224.003
223.992
223.98
223.967
223.954
223.939
223.923
223.905
223.887
223.867
223.845
223.822
223.797
223.771
223.742
223.711
223.678
223.643
223.606
223.566
223.523
223.477
223.429
223.378
223.324
223.266
223.205
223.142
223.074
223.004
222.93
222.853
222.773
222.69
222.604
222.515
222.423
222.329
222.232
222.133
222.032
221.93
221.827
221.722
221.616
221.51
221.404
221.298
221.193
221.088
220.984
220.882
220.781
220.683
220.586
220.492
220.401
220.313
220.227
220.146
220.067
219.995
219.918
219.867
219.741
224.324
224.319
224.313
224.305
224.296
224.286
224.276
224.265
224.253
224.24
224.226
224.212
224.196
224.179
224.16
224.141
224.119
224.096
224.072
224.046
224.018
223.987
223.955
223.92
223.884
223.844
223.802
223.757
223.71
223.659
223.606
223.549
223.489
223.426
223.36
223.29
223.217
223.14
223.061
222.978
222.892
222.803
222.711
222.617
222.52
222.42
222.319
222.216
222.111
222.005
221.898
221.79
221.681
221.573
221.465
221.357
221.249
221.143
221.038
220.935
220.834
220.734
220.637
220.542
220.45
220.361
220.275
220.192
220.113
220.036
219.965
219.889
219.839
219.71
224.61
224.603
224.595
224.585
224.573
224.561
224.549
224.535
224.52
224.504
224.487
224.468
224.448
224.427
224.404
224.38
224.354
224.325
224.295
224.263
224.229
224.192
224.153
224.111
224.066
224.019
223.968
223.915
223.859
223.799
223.736
223.669
223.6
223.527
223.45
223.37
223.287
223.201
223.111
223.019
222.923
222.825
222.724
222.621
222.516
222.409
222.301
222.191
222.081
221.969
221.858
221.746
221.634
221.523
221.413
221.304
221.196
221.09
220.985
220.883
220.782
220.684
220.589
220.496
220.406
220.32
220.236
220.156
220.079
220.004
219.935
219.861
219.812
219.683
224.929
224.919
224.909
224.896
224.881
224.866
224.85
224.832
224.814
224.793
224.772
224.749
224.724
224.697
224.669
224.639
224.606
224.571
224.534
224.495
224.453
224.408
224.36
224.309
224.256
224.199
224.139
224.075
224.008
223.938
223.864
223.787
223.706
223.622
223.534
223.443
223.349
223.252
223.152
223.049
222.944
222.836
222.727
222.615
222.503
222.388
222.273
222.158
222.042
221.926
221.811
221.696
221.582
221.469
221.357
221.247
221.139
221.033
220.929
220.828
220.729
220.633
220.539
220.449
220.361
220.277
220.196
220.119
220.044
219.972
219.906
219.833
219.786
219.66
225.28
225.268
225.255
225.238
225.219
225.2
225.179
225.157
225.133
225.108
225.081
225.052
225.021
224.988
224.952
224.914
224.874
224.831
224.786
224.737
224.686
224.631
224.573
224.512
224.448
224.38
224.308
224.233
224.154
224.072
223.986
223.897
223.804
223.707
223.608
223.505
223.4
223.291
223.181
223.068
222.953
222.836
222.718
222.598
222.478
222.357
222.236
222.115
221.995
221.875
221.756
221.639
221.523
221.409
221.296
221.186
221.078
220.973
220.871
220.771
220.674
220.58
220.489
220.401
220.316
220.235
220.156
220.081
220.01
219.94
219.876
219.806
219.76
219.64
225.666
225.649
225.632
225.611
225.587
225.562
225.536
225.508
225.478
225.446
225.412
225.375
225.336
225.295
225.251
225.204
225.154
225.101
225.045
224.986
224.924
224.857
224.788
224.714
224.637
224.556
224.472
224.384
224.292
224.196
224.097
223.994
223.889
223.78
223.668
223.553
223.436
223.316
223.195
223.072
222.947
222.822
222.696
222.569
222.442
222.315
222.189
222.064
221.94
221.817
221.696
221.577
221.459
221.345
221.232
221.122
221.016
220.911
220.81
220.712
220.618
220.526
220.437
220.352
220.27
220.192
220.116
220.044
219.976
219.909
219.847
219.78
219.735
219.623
226.086
226.064
226.041
226.014
225.983
225.952
225.919
225.883
225.845
225.805
225.762
225.716
225.667
225.616
225.561
225.503
225.442
225.377
225.309
225.236
225.161
225.081
224.997
224.91
224.819
224.723
224.624
224.522
224.415
224.305
224.192
224.076
223.956
223.834
223.71
223.583
223.455
223.324
223.193
223.06
222.927
222.794
222.66
222.527
222.395
222.263
222.133
222.004
221.877
221.752
221.629
221.509
221.392
221.277
221.165
221.056
220.951
220.848
220.749
220.654
220.561
220.472
220.386
220.304
220.225
220.149
220.077
220.008
219.942
219.878
219.819
219.754
219.711
219.608
226.538
226.51
226.48
226.445
226.407
226.367
226.324
226.279
226.231
226.181
226.127
226.069
226.009
225.945
225.877
225.806
225.731
225.652
225.568
225.481
225.39
225.295
225.196
225.092
224.985
224.874
224.759
224.641
224.519
224.394
224.267
224.136
224.003
223.869
223.732
223.594
223.454
223.314
223.173
223.032
222.892
222.751
222.612
222.473
222.336
222.201
222.067
221.936
221.807
221.681
221.558
221.437
221.32
221.206
221.096
220.988
220.885
220.784
220.688
220.594
220.505
220.418
220.336
220.256
220.18
220.107
220.038
219.972
219.909
219.847
219.791
219.73
219.688
219.595
227.023
226.986
226.947
226.902
226.854
226.803
226.749
226.692
226.632
226.568
226.501
226.429
226.354
226.275
226.192
226.105
226.013
225.917
225.817
225.713
225.604
225.492
225.375
225.254
225.13
225.002
224.87
224.736
224.598
224.458
224.316
224.172
224.026
223.879
223.731
223.582
223.433
223.284
223.136
222.988
222.841
222.695
222.551
222.408
222.268
222.13
221.994
221.861
221.732
221.605
221.482
221.362
221.246
221.133
221.025
220.919
220.818
220.72
220.626
220.535
220.449
220.365
220.285
220.209
220.136
220.066
220
219.936
219.876
219.818
219.765
219.707
219.666
219.583
227.537
227.488
227.438
227.381
227.319
227.255
227.187
227.116
227.04
226.96
226.876
226.788
226.696
226.598
226.497
226.391
226.28
226.165
226.046
225.922
225.794
225.662
225.527
225.387
225.245
225.099
224.951
224.8
224.647
224.493
224.337
224.18
224.022
223.864
223.706
223.549
223.392
223.235
223.08
222.927
222.775
222.625
222.478
222.332
222.19
222.05
221.914
221.781
221.651
221.525
221.403
221.285
221.17
221.059
220.953
220.85
220.751
220.656
220.565
220.477
220.393
220.313
220.236
220.163
220.093
220.026
219.962
219.902
219.845
219.789
219.738
219.684
219.644
219.572
228.075
228.012
227.947
227.874
227.796
227.715
227.63
227.54
227.446
227.347
227.243
227.135
227.021
226.903
226.78
226.653
226.521
226.384
226.243
226.098
225.949
225.797
225.641
225.483
225.322
225.159
224.995
224.828
224.661
224.494
224.326
224.158
223.99
223.823
223.657
223.493
223.329
223.168
223.008
222.851
222.696
222.544
222.394
222.248
222.104
221.965
221.828
221.696
221.567
221.443
221.322
221.205
221.093
220.985
220.881
220.78
220.684
220.592
220.504
220.42
220.339
220.262
220.188
220.118
220.051
219.987
219.926
219.869
219.814
219.761
219.713
219.662
219.624
219.561
228.629
228.549
228.465
228.373
228.275
228.173
228.066
227.955
227.838
227.716
227.588
227.456
227.318
227.176
227.029
226.877
226.721
226.56
226.396
226.229
226.059
225.886
225.71
225.534
225.355
225.176
224.997
224.817
224.638
224.459
224.281
224.105
223.93
223.756
223.585
223.415
223.248
223.083
222.921
222.762
222.605
222.452
222.302
222.156
222.013
221.874
221.738
221.607
221.48
221.358
221.239
221.125
221.016
220.91
220.809
220.712
220.619
220.53
220.445
220.364
220.286
220.212
220.141
220.074
220.01
219.949
219.891
219.836
219.784
219.734
219.689
219.641
219.604
219.55
229.19
229.087
228.979
228.863
228.741
228.614
228.481
228.343
228.199
228.049
227.895
227.735
227.57
227.4
227.226
227.048
226.866
226.681
226.493
226.303
226.111
225.919
225.725
225.531
225.338
225.145
224.953
224.763
224.574
224.388
224.203
224.021
223.842
223.665
223.49
223.318
223.15
222.984
222.821
222.661
222.505
222.352
222.203
222.057
221.916
221.779
221.645
221.516
221.392
221.272
221.156
221.045
220.938
220.836
220.738
220.644
220.554
220.469
220.387
220.309
220.234
220.164
220.096
220.032
219.971
219.913
219.857
219.805
219.756
219.709
219.665
219.621
219.585
219.54
229.741
229.61
229.473
229.328
229.176
229.018
228.854
228.685
228.509
228.328
228.142
227.951
227.756
227.556
227.354
227.148
226.94
226.73
226.519
226.308
226.097
225.887
225.678
225.47
225.265
225.063
224.863
224.666
224.472
224.282
224.094
223.91
223.729
223.551
223.377
223.205
223.037
222.872
222.71
222.552
222.397
222.246
222.098
221.955
221.816
221.681
221.55
221.424
221.303
221.186
221.073
220.965
220.862
220.763
220.668
220.578
220.492
220.409
220.331
220.256
220.185
220.117
220.052
219.991
219.933
219.877
219.825
219.775
219.728
219.684
219.643
219.601
219.567
219.529
230.261
230.095
229.924
229.742
229.554
229.361
229.161
228.955
228.743
228.527
228.306
228.082
227.854
227.624
227.392
227.159
226.926
226.694
226.462
226.233
226.007
225.783
225.563
225.348
225.136
224.929
224.726
224.527
224.333
224.143
223.957
223.774
223.595
223.42
223.247
223.078
222.913
222.75
222.591
222.435
222.283
222.135
221.99
221.85
221.714
221.582
221.455
221.332
221.214
221.1
220.991
220.887
220.787
220.691
220.6
220.513
220.43
220.351
220.276
220.205
220.137
220.072
220.01
219.952
219.896
219.844
219.794
219.746
219.702
219.66
219.621
219.583
219.55
219.518
230.72
230.514
230.299
230.076
229.846
229.61
229.369
229.122
228.871
228.617
228.359
228.1
227.84
227.58
227.32
227.063
226.808
226.558
226.311
226.07
225.834
225.604
225.38
225.163
224.951
224.746
224.546
224.351
224.161
223.976
223.795
223.618
223.444
223.274
223.106
222.942
222.78
222.622
222.467
222.315
222.166
222.021
221.88
221.744
221.611
221.483
221.359
221.24
221.125
221.015
220.91
220.81
220.713
220.622
220.534
220.451
220.371
220.296
220.224
220.155
220.09
220.029
219.97
219.914
219.861
219.811
219.764
219.719
219.677
219.637
219.6
219.565
219.533
219.507
231.081
230.825
230.561
230.289
230.011
229.728
229.441
229.151
228.858
228.564
228.27
227.977
227.687
227.4
227.118
226.842
226.573
226.312
226.058
225.813
225.577
225.349
225.13
224.919
224.715
224.519
224.328
224.144
223.964
223.788
223.616
223.448
223.282
223.118
222.957
222.799
222.643
222.49
222.339
222.191
222.047
221.907
221.77
221.637
221.508
221.384
221.264
221.149
221.039
220.933
220.831
220.734
220.642
220.554
220.47
220.39
220.314
220.242
220.173
220.108
220.046
219.987
219.931
219.878
219.828
219.78
219.735
219.693
219.653
219.615
219.58
219.548
219.517
219.496
231.294
230.982
230.661
230.334
230.003
229.669
229.334
228.998
228.664
228.332
228.005
227.684
227.37
227.064
226.769
226.484
226.211
225.949
225.7
225.463
225.237
225.023
224.818
224.623
224.436
224.256
224.082
223.913
223.748
223.585
223.426
223.268
223.112
222.957
222.804
222.653
222.503
222.356
222.21
222.068
221.928
221.792
221.66
221.531
221.407
221.287
221.171
221.06
220.954
220.852
220.754
220.662
220.573
220.489
220.408
220.332
220.259
220.19
220.125
220.063
220.004
219.947
219.894
219.844
219.796
219.751
219.708
219.668
219.63
219.594
219.561
219.531
219.501
219.485
231.299
230.924
230.54
230.154
229.767
229.381
228.998
228.62
228.248
227.885
227.532
227.192
226.866
226.554
226.258
225.979
225.717
225.471
225.24
225.025
224.824
224.635
224.456
224.287
224.125
223.969
223.817
223.668
223.521
223.375
223.23
223.085
222.94
222.795
222.651
222.507
222.364
222.222
222.082
221.945
221.81
221.679
221.551
221.427
221.307
221.192
221.08
220.974
220.871
220.773
220.68
220.591
220.506
220.426
220.349
220.276
220.207
220.141
220.079
220.019
219.963
219.91
219.859
219.811
219.765
219.722
219.682
219.644
219.608
219.574
219.543
219.515
219.487
219.475
231.022
230.579
230.131
229.684
229.241
228.806
228.381
227.967
227.568
227.186
226.822
226.479
226.157
225.858
225.582
225.328
225.095
224.883
224.69
224.513
224.351
224.2
224.059
223.925
223.795
223.669
223.544
223.419
223.293
223.165
223.036
222.904
222.77
222.635
222.499
222.363
222.226
222.091
221.956
221.824
221.695
221.568
221.445
221.325
221.21
221.099
220.992
220.89
220.792
220.698
220.608
220.523
220.442
220.365
220.292
220.223
220.157
220.094
220.035
219.978
219.924
219.874
219.825
219.78
219.737
219.696
219.657
219.621
219.587
219.555
219.526
219.5
219.473
219.464
230.379
229.869
229.357
228.852
228.36
227.885
227.428
226.994
226.585
226.204
225.851
225.528
225.237
224.975
224.743
224.539
224.36
224.204
224.067
223.946
223.837
223.737
223.644
223.553
223.462
223.37
223.274
223.175
223.071
222.962
222.847
222.729
222.606
222.48
222.352
222.222
222.092
221.962
221.834
221.706
221.582
221.46
221.341
221.227
221.116
221.009
220.907
220.809
220.715
220.625
220.54
220.458
220.381
220.308
220.238
220.172
220.109
220.049
219.992
219.939
219.888
219.839
219.794
219.75
219.709
219.67
219.634
219.599
219.567
219.537
219.509
219.486
219.459
219.454
229.276
228.703
228.136
227.582
227.054
226.555
226.089
225.658
225.266
224.915
224.604
224.335
224.106
223.915
223.759
223.633
223.535
223.458
223.397
223.349
223.308
223.269
223.231
223.188
223.14
223.083
223.018
222.944
222.861
222.769
222.669
222.562
222.449
222.332
222.211
222.087
221.963
221.838
221.715
221.592
221.472
221.355
221.241
221.131
221.025
220.923
220.824
220.731
220.641
220.555
220.474
220.396
220.323
220.253
220.186
220.123
220.063
220.006
219.953
219.901
219.853
219.807
219.763
219.722
219.683
219.646
219.611
219.579
219.548
219.52
219.493
219.472
219.446
219.444
227.614
226.989
226.383
225.799
225.255
224.76
224.316
223.925
223.588
223.308
223.082
222.909
222.784
222.702
222.658
222.644
222.653
222.678
222.714
222.752
222.789
222.82
222.84
222.848
222.842
222.821
222.784
222.733
222.669
222.592
222.504
222.407
222.302
222.191
222.076
221.958
221.839
221.719
221.6
221.482
221.367
221.254
221.145
221.039
220.937
220.84
220.746
220.656
220.57
220.489
220.411
220.337
220.267
220.2
220.137
220.077
220.02
219.966
219.915
219.866
219.82
219.776
219.735
219.695
219.658
219.623
219.59
219.559
219.53
219.504
219.478
219.459
219.434
219.435
225.288
224.631
224.011
223.423
222.897
222.446
222.07
221.767
221.54
221.386
221.299
221.275
221.304
221.376
221.483
221.613
221.758
221.907
222.052
222.188
222.309
222.41
222.49
222.547
222.58
222.59
222.578
222.547
222.497
222.432
222.353
222.263
222.165
222.059
221.949
221.836
221.721
221.605
221.49
221.377
221.266
221.158
221.053
220.951
220.854
220.76
220.67
220.585
220.503
220.425
220.351
220.281
220.214
220.15
220.09
220.033
219.979
219.927
219.879
219.832
219.788
219.747
219.707
219.67
219.635
219.601
219.57
219.54
219.513
219.488
219.464
219.446
219.422
219.425
222.226
221.562
220.962
220.409
219.947
219.595
219.348
219.202
219.153
219.194
219.314
219.499
219.736
220.009
220.305
220.608
220.908
221.194
221.458
221.694
221.897
222.066
222.199
222.298
222.363
222.398
222.405
222.388
222.348
222.291
222.218
222.133
222.039
221.937
221.831
221.721
221.609
221.497
221.386
221.277
221.17
221.066
220.965
220.868
220.774
220.685
220.599
220.517
220.439
220.365
220.294
220.227
220.164
220.103
220.046
219.992
219.94
219.891
219.845
219.801
219.759
219.719
219.682
219.646
219.612
219.581
219.551
219.523
219.497
219.473
219.45
219.434
219.411
219.416
218.563
217.916
217.373
216.899
216.556
216.367
216.322
216.407
216.61
216.915
217.303
217.751
218.238
218.743
219.247
219.735
220.194
220.614
220.989
221.314
221.588
221.811
221.986
222.116
222.204
222.254
222.273
222.262
222.228
222.175
222.105
222.022
221.929
221.83
221.725
221.618
221.509
221.4
221.292
221.186
221.083
220.982
220.885
220.792
220.702
220.616
220.534
220.456
220.381
220.31
220.243
220.179
220.118
220.06
220.006
219.954
219.905
219.858
219.814
219.772
219.732
219.694
219.658
219.624
219.592
219.561
219.533
219.506
219.482
219.459
219.438
219.423
219.401
219.408
214.611
213.996
213.539
213.182
213.009
213.045
213.266
213.645
214.158
214.777
215.47
216.206
216.957
217.696
218.404
219.064
219.666
220.201
220.666
221.06
221.386
221.648
221.849
221.997
222.097
222.155
222.178
222.169
222.136
222.083
222.013
221.93
221.838
221.739
221.635
221.529
221.422
221.316
221.211
221.107
221.007
220.91
220.816
220.725
220.639
220.556
220.477
220.402
220.33
220.262
220.197
220.136
220.078
220.022
219.97
219.92
219.873
219.828
219.786
219.745
219.707
219.671
219.636
219.604
219.573
219.544
219.517
219.491
219.467
219.447
219.426
219.412
219.391
219.4
210.512
209.933
209.585
209.385
209.434
209.756
210.305
211.034
211.902
212.867
213.885
214.915
215.924
216.884
217.777
218.587
219.306
219.932
220.465
220.909
221.27
221.554
221.77
221.926
222.03
222.089
222.11
222.1
222.065
222.009
221.938
221.854
221.761
221.662
221.559
221.454
221.348
221.243
221.14
221.039
220.941
220.846
220.755
220.668
220.584
220.504
220.427
220.354
220.285
220.22
220.157
220.098
220.042
219.989
219.938
219.89
219.845
219.802
219.761
219.722
219.685
219.65
219.617
219.585
219.556
219.528
219.502
219.477
219.454
219.435
219.415
219.402
219.381
219.392
206.369
205.817
205.6
205.599
205.927
206.594
207.525
208.647
209.9
211.225
212.568
213.882
215.13
216.289
217.339
218.271
219.084
219.777
220.358
220.834
221.214
221.51
221.731
221.887
221.989
222.045
222.062
222.049
222.01
221.951
221.876
221.79
221.696
221.596
221.493
221.389
221.284
221.181
221.079
220.98
220.884
220.791
220.702
220.617
220.535
220.458
220.383
220.313
220.246
220.182
220.122
220.064
220.01
219.958
219.91
219.863
219.819
219.778
219.738
219.7
219.665
219.631
219.599
219.569
219.54
219.513
219.488
219.464
219.442
219.423
219.404
219.393
219.372
219.384
202.255
201.714
201.654
201.902
202.566
203.632
204.988
206.531
208.179
209.861
211.514
213.088
214.549
215.876
217.055
218.084
218.965
219.706
220.317
220.811
221.2
221.498
221.718
221.871
221.967
222.017
222.029
222.01
221.966
221.903
221.825
221.737
221.641
221.541
221.437
221.333
221.229
221.126
221.026
220.928
220.834
220.743
220.656
220.573
220.493
220.417
220.345
220.276
220.211
220.149
220.09
220.034
219.982
219.931
219.884
219.839
219.796
219.756
219.717
219.681
219.646
219.614
219.582
219.553
219.525
219.499
219.475
219.452
219.431
219.413
219.394
219.384
219.364
219.377
198.221
197.672
197.803
198.361
199.417
200.924
202.731
204.703
206.74
208.76
210.696
212.501
214.143
215.608
216.889
217.99
218.92
219.692
220.321
220.822
221.213
221.508
221.722
221.868
221.957
222
222.005
221.98
221.931
221.864
221.783
221.692
221.595
221.493
221.389
221.284
221.181
221.079
220.98
220.883
220.79
220.701
220.615
220.534
220.456
220.381
220.311
220.243
220.18
220.119
220.062
220.008
219.956
219.907
219.861
219.817
219.776
219.736
219.699
219.663
219.63
219.598
219.567
219.539
219.512
219.486
219.463
219.441
219.42
219.403
219.385
219.376
219.356
219.37
194.305
193.725
194.098
195.034
196.527
198.5
200.768
203.16
205.563
207.893
210.08
212.082
213.875
215.45
216.809
217.963
218.926
219.716
220.353
220.855
221.242
221.531
221.736
221.874
221.954
221.989
221.988
221.956
221.903
221.831
221.747
221.654
221.555
221.452
221.347
221.242
221.139
221.038
220.939
220.844
220.752
220.664
220.58
220.499
220.422
220.349
220.28
220.214
220.152
220.093
220.037
219.983
219.933
219.885
219.84
219.797
219.757
219.718
219.682
219.647
219.614
219.583
219.553
219.525
219.499
219.474
219.451
219.43
219.41
219.394
219.376
219.368
219.348
219.364
190.537
189.9
190.587
191.972
193.925
196.371
199.091
201.88
204.619
207.223
209.627
211.794
213.709
215.37
216.788
217.979
218.962
219.762
220.4
220.899
221.279
221.559
221.756
221.884
221.956
221.984
221.975
221.938
221.879
221.804
221.717
221.621
221.52
221.416
221.311
221.206
221.103
221.002
220.904
220.809
220.718
220.631
220.548
220.469
220.393
220.321
220.253
220.188
220.127
220.069
220.014
219.962
219.912
219.866
219.821
219.779
219.739
219.702
219.666
219.632
219.6
219.569
219.54
219.513
219.488
219.463
219.441
219.42
219.401
219.385
219.368
219.36
219.341
219.357
186.947
186.22
187.316
189.206
191.62
194.533
197.682
200.833
203.872
206.715
209.302
211.604
213.616
215.344
216.805
218.021
219.017
219.82
220.456
220.948
221.32
221.591
221.778
221.897
221.961
221.981
221.966
221.924
221.86
221.781
221.691
221.593
221.49
221.385
221.279
221.174
221.071
220.97
220.872
220.779
220.688
220.602
220.52
220.441
220.367
220.296
220.229
220.165
220.105
220.048
219.993
219.942
219.894
219.848
219.804
219.763
219.724
219.687
219.652
219.618
219.587
219.557
219.529
219.502
219.477
219.453
219.431
219.411
219.392
219.377
219.36
219.353
219.334
219.352
183.567
182.707
184.33
186.75
189.607
192.967
196.51
199.985
203.286
206.333
209.072
211.486
213.575
215.354
216.846
218.078
219.081
219.884
220.514
220.999
221.361
221.622
221.801
221.911
221.967
221.98
221.959
221.912
221.844
221.762
221.669
221.569
221.465
221.358
221.252
221.146
221.043
220.942
220.845
220.752
220.662
220.576
220.495
220.417
220.343
220.273
220.207
220.144
220.085
220.028
219.975
219.924
219.876
219.831
219.788
219.748
219.709
219.673
219.638
219.606
219.575
219.545
219.517
219.491
219.467
219.443
219.422
219.402
219.384
219.369
219.353
219.346
219.328
219.346
180.424
179.381
181.659
184.597
187.87
191.648
195.543
199.302
202.829
206.048
208.914
211.417
213.567
215.385
216.9
218.143
219.148
219.947
220.571
221.048
221.401
221.653
221.822
221.925
221.974
221.98
221.954
221.902
221.831
221.745
221.65
221.548
221.442
221.335
221.227
221.121
221.018
220.917
220.821
220.727
220.638
220.553
220.472
220.396
220.322
220.253
220.187
220.125
220.066
220.011
219.958
219.908
219.861
219.816
219.774
219.734
219.696
219.66
219.626
219.594
219.563
219.534
219.507
219.481
219.457
219.434
219.413
219.394
219.376
219.362
219.346
219.34
219.322
219.34
177.53
176.27
179.321
182.73
186.386
190.546
194.749
198.754
202.474
205.837
208.808
211.383
213.581
215.429
216.959
218.209
219.214
220.009
220.626
221.094
221.438
221.682
221.843
221.938
221.981
221.981
221.95
221.894
221.819
221.731
221.633
221.53
221.422
221.314
221.206
221.1
220.996
220.895
220.799
220.706
220.617
220.533
220.452
220.376
220.303
220.235
220.17
220.108
220.05
219.995
219.942
219.893
219.846
219.802
219.761
219.721
219.684
219.648
219.615
219.583
219.553
219.524
219.497
219.472
219.448
219.426
219.405
219.386
219.369
219.355
219.339
219.334
219.316
219.335
174.883
173.403
177.301
181.118
185.133
189.629
194.097
198.315
202.198
205.682
208.738
211.372
213.608
215.478
217.02
218.273
219.276
220.066
220.676
221.136
221.473
221.709
221.862
221.951
221.987
221.983
221.947
221.887
221.809
221.719
221.619
221.513
221.405
221.296
221.187
221.08
220.976
220.876
220.779
220.687
220.598
220.514
220.434
220.358
220.286
220.218
220.153
220.092
220.035
219.98
219.928
219.879
219.833
219.79
219.748
219.709
219.672
219.637
219.604
219.573
219.543
219.515
219.488
219.463
219.44
219.418
219.398
219.379
219.362
219.348
219.333
219.328
219.311
219.33
172.435
170.884
175.6
179.738
184.079
188.867
193.563
197.962
201.984
205.567
208.694
211.376
213.642
215.529
217.079
218.334
219.335
220.119
220.723
221.175
221.504
221.733
221.88
221.962
221.993
221.985
221.945
221.882
221.801
221.708
221.606
221.499
221.39
221.279
221.17
221.063
220.959
220.858
220.762
220.669
220.581
220.498
220.418
220.342
220.271
220.203
220.139
220.078
220.021
219.966
219.915
219.867
219.821
219.778
219.737
219.698
219.662
219.627
219.594
219.563
219.534
219.506
219.48
219.455
219.432
219.411
219.391
219.372
219.356
219.342
219.328
219.323
219.306
219.326
169.959
168.661
174.145
178.573
183.203
188.236
193.126
197.679
201.816
205.483
208.668
211.389
213.679
215.579
217.135
218.391
219.388
220.168
220.765
221.211
221.533
221.755
221.896
221.973
221.999
221.986
221.943
221.877
221.793
221.698
221.595
221.487
221.376
221.265
221.155
221.048
220.943
220.843
220.746
220.654
220.566
220.482
220.403
220.328
220.256
220.189
220.125
220.065
220.008
219.954
219.903
219.855
219.81
219.767
219.726
219.688
219.652
219.618
219.585
219.554
219.525
219.498
219.472
219.448
219.425
219.404
219.384
219.366
219.349
219.336
219.322
219.318
219.301
219.321
167.598
167.169
172.898
177.577
182.476
187.713
192.768
197.451
201.684
205.421
208.654
211.407
213.716
215.627
217.187
218.442
219.436
220.211
220.802
221.242
221.558
221.774
221.91
221.983
222.005
221.988
221.941
221.872
221.787
221.69
221.585
221.475
221.364
221.252
221.142
221.034
220.929
220.828
220.732
220.64
220.552
220.468
220.389
220.314
220.243
220.176
220.113
220.053
219.996
219.943
219.892
219.844
219.799
219.757
219.717
219.679
219.643
219.609
219.577
219.546
219.517
219.49
219.465
219.441
219.418
219.397
219.378
219.36
219.344
219.331
219.317
219.313
219.296
219.317
)
;

boundaryField
{
    inlet
    {
        type            freestreamPressure;
        value           nonuniform List<scalar> 
230
(
214.763
214.766
214.772
214.78
214.787
214.795
214.803
214.812
214.821
214.831
214.841
214.852
214.863
214.875
214.888
214.902
214.916
214.931
214.947
214.964
214.982
215.001
215.021
215.042
215.065
215.089
215.114
215.141
215.17
215.2
215.232
215.266
215.302
215.34
215.38
215.423
215.468
215.516
215.567
215.62
215.676
215.735
215.797
215.863
215.931
216.002
216.077
216.155
216.235
216.319
216.405
216.493
216.583
216.676
216.77
216.864
216.96
217.055
217.15
217.244
217.336
217.425
217.512
217.594
217.672
217.744
217.81
217.868
217.918
217.959
217.991
218.021
218.035
218.099
217.832
217.105
216.473
215.936
215.49
215.127
214.837
214.61
214.436
214.308
214.217
214.158
214.125
214.112
214.116
214.132
214.156
214.187
214.219
214.253
214.288
214.322
214.356
214.389
214.42
214.451
214.48
214.507
214.534
214.558
214.582
214.604
214.625
214.644
214.663
214.68
214.696
214.712
214.726
214.74
214.753
218.628
219.37
220.028
220.597
221.082
221.491
221.831
222.114
222.345
222.535
222.689
222.814
222.914
222.994
223.057
223.106
223.144
223.173
223.195
223.21
223.22
223.227
223.23
223.231
223.231
223.228
223.225
223.221
223.216
223.211
223.206
223.2
223.195
223.189
223.184
223.179
223.174
223.169
223.164
223.159
223.155
223.151
223.149
223.146
223.144
223.141
223.138
223.135
223.131
223.127
223.123
223.119
223.115
223.11
223.104
223.099
223.092
223.086
223.079
223.071
223.063
223.054
223.044
223.034
223.022
223.01
222.997
222.982
222.967
222.95
222.932
222.913
222.892
222.869
222.844
222.817
222.789
222.758
222.724
222.688
222.649
222.608
222.563
222.516
222.465
222.41
222.352
222.291
222.226
222.157
222.084
222.008
221.929
221.845
221.759
221.669
221.577
221.482
221.385
221.286
221.186
221.084
220.983
220.881
220.78
220.68
220.582
220.486
220.393
220.304
220.22
220.141
220.069
220.009
219.949
)
;
    }
    outlet
    {
        type            freestreamPressure;
        value           nonuniform List<scalar> 
96
(
219.313
219.309
219.304
219.299
219.294
219.289
219.283
219.277
219.27
219.263
219.256
219.248
219.239
219.23
219.221
219.211
219.2
219.189
219.177
219.164
219.151
219.138
219.123
219.108
219.093
219.077
219.061
219.045
219.029
219.014
219
218.989
218.983
218.986
219.014
219.092
219.216
219.315
219.248
218.92
218.396
217.91
217.682
217.736
217.915
218.054
218.113
218.099
219.949
219.936
219.91
219.879
219.845
219.81
219.775
219.741
219.71
219.683
219.66
219.64
219.623
219.608
219.595
219.583
219.572
219.561
219.55
219.54
219.529
219.518
219.507
219.496
219.485
219.475
219.464
219.454
219.444
219.435
219.425
219.416
219.408
219.4
219.392
219.384
219.377
219.37
219.364
219.357
219.352
219.346
219.34
219.335
219.33
219.326
219.321
219.317
)
;
    }
    walls
    {
        type            zeroGradient;
    }
    frontAndBack
    {
        type            empty;
    }
}


// ************************************************************************* //
