/*--------------------------------*- C++ -*----------------------------------*\
| =========                 |                                                 |
| \\      /  F ield         | OpenFOAM: The Open Source CFD Toolbox           |
|  \\    /   O peration     | Version:  5.x                                   |
|   \\  /    A nd           | Web:      www.OpenFOAM.org                      |
|    \\/     M anipulation  |                                                 |
\*---------------------------------------------------------------------------*/
FoamFile
{
    version     2.0;
    format      ascii;
    class       volScalarField;
    location    "750";
    object      p;
}
// * * * * * * * * * * * * * * * * * * * * * * * * * * * * * * * * * * * * * //

dimensions      [0 2 -2 0 0 0 0];

internalField   nonuniform List<scalar> 
11040
(
-0.000305513
-53.787
-181.631
-216.397
-228.117
-235.299
-236.156
-230.658
-220.658
-206.755
-188.707
-161.045
-134.436
-115.437
-102.081
-87.8496
-73.4154
-59.786
-46.8834
-34.4369
-22.4073
-12.0359
-3.3853
4.68715
12.2183
19.2141
25.6645
31.5549
36.8526
41.5037
45.4408
48.6171
51.0524
52.8264
54.089
54.9346
55.1815
54.8695
54.9342
57.0773
56.9538
19.1699
-32.8883
-115.261
-157.442
-179.684
-196.023
-205.664
-207.892
-204.102
-195.237
-181.433
-158.462
-134.295
-115.628
-101.982
-87.9141
-73.641
-60.0795
-47.216
-34.7999
-22.7881
-12.4383
-3.76766
4.32434
11.8765
18.8967
25.3764
31.3013
36.6369
41.327
45.3058
48.5266
51.001
52.7979
54.0762
54.9493
55.2259
54.8912
54.7302
56.3251
55.8964
31.9309
-18.6048
-77.9564
-127.331
-156.856
-176.439
-188.638
-193.305
-191.693
-184.884
-173.446
-154.382
-132.557
-114.331
-100.638
-87.0946
-73.2218
-59.8662
-47.1448
-34.8427
-22.9125
-12.6017
-3.95093
4.12776
11.6731
18.6934
25.1805
31.1194
36.4743
41.1894
45.2003
48.458
50.966
52.7893
54.0832
54.9773
55.2824
54.9657
54.7194
55.8782
55.2528
40.7768
-4.41966
-48.9038
-94.0043
-125.448
-147.801
-163.724
-172.599
-174.835
-171.444
-163.261
-148.303
-129.4
-112.204
-98.6876
-85.7336
-72.3805
-59.3372
-46.8381
-34.7142
-22.9154
-12.6888
-4.08679
3.9601
11.4849
18.4945
24.9808
30.9276
36.2987
41.0388
45.0837
48.3816
50.9305
52.7891
54.1015
55.0049
55.3292
55.0328
54.7439
55.6161
55.1023
47.6698
8.91582
-25.6438
-64.2589
-95.8801
-120.089
-138.481
-150.554
-156.205
-156.148
-151.253
-140.362
-124.86
-109.239
-96.1253
-83.7866
-71.0802
-58.4756
-46.2884
-34.4186
-22.8185
-12.7276
-4.2073
3.78004
11.261
18.2409
24.7118
30.6562
36.0377
40.8021
44.8854
48.2348
50.8415
52.7545
54.1013
55.0167
55.3619
55.099
54.7843
55.5188
55.3232
52.8725
20.5507
-7.01895
-39.0727
-68.3869
-92.6246
-112.25
-126.722
-135.457
-138.722
-137.219
-130.356
-118.563
-105.074
-92.7543
-81.1432
-69.2186
-57.1941
-45.4206
-33.8878
-22.5606
-12.6589
-4.26367
3.62569
11.0298
17.9516
24.3829
30.3054
35.683
40.4632
44.5839
47.9917
50.6712
52.6599
54.0633
55.0049
55.3862
55.1902
54.8877
55.5817
55.7234
56.7859
30.2824
7.90324
-18.3139
-43.9584
-66.7064
-86.2636
-101.992
-113.031
-119.23
-120.988
-117.984
-110.066
-99.2893
-88.3185
-77.6599
-66.6693
-55.387
-44.1563
-33.0606
-22.0917
-12.4439
-4.22656
3.52008
10.8082
17.6363
23.9963
29.8696
35.2215
40.0021
44.1531
47.6218
50.3866
52.4731
53.9616
54.9575
55.4052
55.3221
55.0957
55.7908
56.2481
59.7279
38.1614
19.8292
-1.47734
-23.0912
-43.3438
-61.7174
-77.5338
-89.8672
-98.2693
-102.825
-103.278
-99.1374
-91.4803
-82.4419
-73.0799
-63.2297
-52.8896
-42.3704
-31.8401
-21.3384
-12.0283
-4.05376
3.49547
10.6194
17.3098
23.5577
29.3448
34.6389
39.3947
43.5593
47.0832
49.9405
52.1453
53.7532
54.8481
55.4126
55.5016
55.4257
56.1716
56.8944
61.9238
44.3957
29.3054
12.022
-5.7943
-23.1164
-39.5305
-54.4382
-67.0147
-76.6897
-83.3083
-86.5807
-85.826
-81.3967
-74.7571
-67.093
-58.6424
-49.4803
-39.8847
-30.0856
-20.1863
-11.3164
-3.6638
3.61806
10.5167
17.0151
23.1008
28.755
33.9483
38.6413
42.7887
46.3477
49.2916
51.6256
53.3856
54.635
55.3859
55.7233
55.8836
56.7612
57.6531
63.5336
49.2521
36.7904
22.7681
8.26174
-6.14859
-20.2371
-33.5692
-45.5019
-55.4994
-63.2881
-68.5467
-70.5183
-69.0793
-65.0507
-59.4281
-52.6518
-44.9133
-36.4808
-27.6176
-18.4885
-10.1831
-2.94721
3.98156
10.5805
16.8227
22.6885
28.1568
33.2001
37.7843
41.8726
45.4306
48.436
50.8907
52.8192
54.2712
55.2781
55.9454
56.4347
57.5312
58.5219
64.6854
52.9984
42.6785
31.2869
19.545
7.76367
-3.98191
-15.4293
-26.1234
-35.6543
-43.7426
-50.081
-53.9395
-54.9368
-53.3913
-49.9595
-45.0667
-38.9687
-31.9323
-24.2291
-16.0681
-8.47797
-1.77238
4.70173
10.9123
16.823
22.4044
27.6301
32.4726
36.9015
40.8868
44.4022
47.4317
49.9786
52.0658
53.7369
55.0351
56.077
56.9596
58.3315
59.4516
65.4857
55.8742
47.3059
38.0319
28.5461
19.0076
9.403
-0.134908
-9.31521
-17.8635
-25.5628
-32.1604
-37.0321
-39.7137
-40.2043
-38.8285
-35.8603
-31.5242
-26.0603
-19.7208
-12.7305
-6.02318
0.0205287
5.92296
11.6419
17.1327
22.3544
27.2738
31.8612
36.0882
39.9287
43.3625
46.3785
48.9827
51.1994
53.07
54.6417
56.0307
57.2958
58.9288
60.2631
66.0263
58.0838
50.9533
43.384
35.7172
28.0291
20.2648
12.4767
4.83429
-2.49073
-9.36563
-15.6116
-20.7452
-24.3337
-26.2237
-26.503
-25.2692
-22.648
-18.8125
-13.9637
-8.30752
-2.64108
2.6059
7.81345
12.9288
17.8998
22.6756
27.2149
31.4844
35.456
39.1057
42.4165
45.3804
48.004
50.3108
52.3375
54.1273
55.7805
57.3425
59.1424
60.7243
66.3835
59.7934
53.8491
47.6545
41.447
35.2577
29.0182
22.7377
16.5084
10.4292
4.56806
-0.967323
-5.82969
-9.67342
-12.3089
-13.6976
-13.8094
-12.6639
-10.3453
-6.98105
-2.72764
1.79053
6.13026
10.5345
14.9418
19.2945
23.5338
27.6119
31.4921
35.1449
38.5469
41.6818
44.5424
47.1339
49.476
51.5966
53.5286
55.3456
57.0872
58.9396
60.664
66.6162
61.1319
56.1711
51.0892
46.0519
41.0661
36.0638
31.0338
26.0229
21.0837
16.2474
11.5658
7.27361
3.62161
0.775758
-1.18282
-2.16442
-2.11683
-1.04673
0.993126
3.90945
7.26482
10.6459
14.1813
17.8069
21.4637
25.0889
28.6304
32.049
35.314
38.4018
41.2955
43.9862
46.4753
48.7767
50.9078
52.8888
54.7664
56.5698
58.3886
60.1089
66.7778
62.2057
58.0633
53.8838
49.7854
45.7618
41.7515
37.7352
33.7349
29.7765
25.8704
22.0361
18.425
15.2085
12.5095
10.4062
8.99731
8.36291
8.54241
9.53851
11.3151
13.6062
16.0623
18.7324
21.5572
24.4819
27.4463
30.3983
33.2978
36.1136
38.8212
41.403
43.8478
46.1527
48.3244
50.3699
52.2977
54.1342
55.8965
57.6221
59.2531
66.927
63.1127
59.6535
56.2094
52.8666
49.6119
46.3913
43.1843
40
36.8499
33.7339
30.6568
27.7124
25.0139
22.6449
20.6649
19.1563
18.1969
17.8414
18.1209
19.0372
20.4559
22.1076
23.9954
26.071
28.2882
30.5945
32.9434
35.2974
37.6266
39.9066
42.1189
44.25
46.293
48.2487
50.1166
51.8965
53.6012
55.2385
56.8206
58.3188
67.059
63.8451
60.9254
58.0503
55.2868
52.6164
49.9926
47.3965
44.8313
42.3017
39.8039
37.3377
34.9621
32.7498
30.7561
29.0222
27.6095
26.5808
25.9869
25.8661
26.2371
27.0467
28.0987
29.3764
30.8444
32.4667
34.2011
36.0092
37.859
39.7238
41.5814
43.4136
45.2063
46.9501
48.6414
50.2753
51.8466
53.3607
54.8198
56.2248
57.563
67.1659
64.4162
61.9141
59.4736
57.1487
54.9177
52.7402
50.5995
48.4957
46.43
44.3974
42.3956
40.4643
38.6517
36.9943
35.5205
34.274
33.3018
32.6451
32.3386
32.4052
32.8341
33.4839
34.3329
35.3569
36.5286
37.8159
39.1884
40.6202
42.089
43.5755
45.0632
46.5387
47.9919
49.4173
50.8075
52.1557
53.4627
54.7274
55.9461
57.1135
67.2636
64.881
62.7098
60.6094
58.6239
56.7303
54.8933
53.0983
51.344
49.6298
47.9507
46.3038
44.7168
43.2231
41.8468
40.6076
39.5365
38.6677
38.0327
37.6598
37.5697
37.7718
38.1625
38.7216
39.4331
40.2769
41.2284
42.2646
43.3651
44.5119
45.6889
46.882
48.0792
49.2709
50.4509
51.6115
52.7453
53.8514
54.9268
55.9663
56.9676
67.3569
65.2715
63.3686
61.541
59.8252
58.1979
56.6281
55.1032
53.6209
52.1797
50.7751
49.4042
48.0867
46.8467
45.7004
44.6614
43.752
42.997
42.4197
42.042
41.8807
41.953
42.1807
42.5476
43.0431
43.6522
44.3566
45.1386
45.9827
46.8745
47.8009
48.7505
49.7128
50.6794
51.6444
52.6005
53.5409
54.4636
55.3653
56.2407
57.088
67.4481
65.6077
63.9265
62.3221
60.825
59.4124
58.0568
56.7472
55.481
54.2561
53.0684
51.9154
50.8115
49.7742
48.815
47.9431
47.1748
46.528
46.0198
45.6666
45.4813
45.4828
45.61
45.8508
46.1985
46.6416
47.166
47.7585
48.4071
49.1006
49.8285
50.5816
51.3513
52.1303
52.9135
53.6944
54.4671
55.2295
55.9781
56.7083
57.4184
67.5377
65.9021
64.4067
62.9877
61.6711
60.4346
59.2538
58.1191
57.0275
55.977
54.9637
53.9855
53.0529
52.179
51.3722
50.6385
49.9901
49.4399
49.0004
48.6836
48.4993
48.4647
48.5313
48.6901
48.937
49.2629
49.657
50.1091
50.6101
51.1511
51.7239
52.3211
52.9357
53.5619
54.1951
54.8298
55.4612
56.0873
56.7049
57.3101
57.9009
67.6253
66.1631
64.8252
63.5623
62.3966
61.3065
60.2705
59.2799
58.3317
57.4238
56.5527
55.7164
54.9229
54.182
53.4997
52.8804
52.3326
51.866
51.4897
51.2124
51.0411
50.9908
51.0215
51.1271
51.3051
51.5483
51.8479
52.1962
52.586
53.0105
53.4631
53.9379
54.4294
54.9327
55.4441
55.9591
56.4738
56.9864
57.494
57.9937
58.4829
67.7107
66.3966
65.1935
64.0634
63.0251
62.0583
61.1436
60.2732
59.4443
58.6545
57.9007
57.1811
56.5018
55.8701
55.2903
54.7656
54.302
53.9067
53.5863
53.3471
53.1939
53.1391
53.1494
53.2205
53.3513
53.5356
53.7665
54.0377
54.3438
54.6793
55.039
55.4182
55.8125
56.2179
56.6316
57.0497
57.4692
57.8886
58.3053
58.7171
59.1213
67.7935
66.6068
65.5199
64.5037
63.5742
62.7122
61.9001
61.1312
60.4025
59.7115
59.0556
58.433
57.8482
57.3069
56.8121
56.3659
55.9728
55.6379
55.3659
55.1614
55.0276
54.9745
54.9736
55.0225
55.1206
55.2627
55.443
55.6568
55.8995
56.1669
56.4548
56.7594
57.0772
57.4052
57.7408
58.0811
58.4235
58.767
59.1092
59.4486
59.7823
67.8731
66.7969
65.8109
64.8931
64.0571
63.2848
62.5605
61.8779
61.2341
60.6267
60.0532
59.5119
59.0062
58.5403
58.1163
57.7357
57.4016
57.1176
56.8871
56.7134
56.5983
56.5499
56.5435
56.578
56.6532
56.7647
56.9076
57.0781
57.2725
57.4875
57.7197
57.966
58.2237
58.4903
58.7637
59.0416
59.322
59.604
59.8856
60.1658
60.4415
67.9495
66.9693
66.0715
65.2391
64.4841
63.7892
63.1403
62.5317
61.9604
61.4242
60.9207
60.4481
60.009
59.6066
59.2421
58.9164
58.6319
58.3909
58.1957
58.0487
57.9508
57.9084
57.8998
57.925
57.984
58.073
58.1879
58.3255
58.4829
58.6573
58.846
59.0467
59.2569
59.4748
59.6986
59.9266
60.157
60.3892
60.6217
60.8534
61.0817
68.0222
67.1261
66.3054
65.5477
64.863
64.2353
63.6517
63.107
62.5982
62.1231
61.6793
61.2653
60.8828
60.534
60.2197
59.9405
59.6976
59.4929
59.3278
59.2038
59.1213
59.0851
59.0763
59.0955
59.1428
59.2151
59.3087
59.421
59.5496
59.6924
59.847
60.0115
60.1842
60.3632
60.5475
60.7353
60.9255
61.1175
61.31
61.5023
61.6917
68.0911
67.2688
66.516
65.8237
65.2005
64.6314
64.1046
63.6153
63.1606
62.7382
62.3459
61.982
61.6478
61.3447
61.0731
60.8331
60.6256
60.4517
60.3121
60.2078
60.1387
60.1085
60.1005
60.1158
60.1547
60.2143
60.2915
60.3841
60.4903
60.6081
60.7358
60.8716
61.0143
61.1623
61.3148
61.4703
61.628
61.7874
61.9473
62.1075
62.2651
68.1562
67.3988
66.7058
66.071
65.5017
64.9838
64.5067
64.0657
63.6581
63.2815
62.9337
62.6131
62.3204
62.0564
61.8213
61.6148
61.4373
61.2894
61.1715
61.084
61.0266
61.0019
60.9953
61.0081
61.0407
61.0906
61.155
61.2322
61.3206
61.4186
61.5247
61.6376
61.7562
61.8792
62.006
62.1354
62.2667
62.3995
62.5329
62.6668
62.7983
68.2174
67.517
66.8769
66.2928
65.7709
65.298
64.8645
64.4658
64.0994
63.7627
63.4536
63.1705
62.9136
62.6834
62.4795
62.3016
62.1498
62.0241
61.9247
61.8515
61.8041
61.7844
61.7794
61.7906
61.8185
61.8608
61.9152
61.9801
62.0543
62.1364
62.2252
62.3196
62.4187
62.5215
62.6274
62.7356
62.8454
62.9565
63.0681
63.1803
63.2904
68.2747
67.6246
67.0311
66.4917
66.0115
65.5784
65.1831
64.8217
64.4914
64.1897
63.9144
63.664
63.4382
63.2371
63.0603
62.907
62.7771
62.6704
62.5867
62.5259
62.4871
62.4717
62.4684
62.4786
62.5029
62.5392
62.5855
62.6406
62.7032
62.7725
62.8472
62.9266
63.0098
63.0962
63.1851
63.2758
63.3679
63.4612
63.555
63.6492
63.7417
68.328
67.7222
67.17
66.67
66.2267
65.8285
65.467
65.1385
64.8399
64.569
64.3234
64.1016
63.903
63.7273
63.5738
63.4418
63.3308
63.2404
63.1702
63.1198
63.0884
63.0769
63.0751
63.0848
63.1062
63.1378
63.1776
63.2247
63.2781
63.3368
63.4001
63.4672
63.5374
63.6102
63.6851
63.7615
63.839
63.9175
63.9965
64.076
64.1537
68.3774
67.8105
67.2947
66.8296
66.4187
66.0513
65.7198
65.4203
65.1499
64.9061
64.6867
64.49
64.3151
64.1616
64.0285
63.9149
63.8202
63.7439
63.6852
63.6438
63.6188
63.6106
63.6103
63.6196
63.6389
63.6666
63.7011
63.7417
63.7873
63.8375
63.8913
63.9482
64.0077
64.0693
64.1326
64.1971
64.2626
64.3289
64.3955
64.4626
64.5282
68.4229
67.8902
67.4064
66.9719
66.5896
66.2496
65.9445
65.6706
65.4251
65.2054
65.0092
64.8346
64.6807
64.5466
64.4314
64.3339
64.2534
64.1891
64.1405
64.1069
64.0873
64.0821
64.0832
64.0923
64.1099
64.1345
64.1648
64.1999
64.2393
64.2823
64.3283
64.3768
64.4274
64.4797
64.5333
64.588
64.6434
64.6995
64.7558
64.8125
64.8678
68.4646
67.9616
67.5059
67.0984
66.7412
66.4252
66.1436
65.8925
65.6691
65.4708
65.2951
65.1402
65.0048
64.8878
64.7882
64.7048
64.6367
64.583
64.5431
64.5161
64.5012
64.4985
64.5009
64.51
64.5261
64.5481
64.5748
64.6055
64.6396
64.6766
64.7161
64.7576
64.8008
64.8453
64.8909
64.9373
64.9843
65.0317
65.0794
65.1275
65.1742
68.5024
68.0251
67.5939
67.21
66.8749
66.5801
66.3192
66.0884
65.8847
65.7054
65.548
65.4105
65.2915
65.1898
65.1041
65.0331
64.9758
64.9314
64.899
64.878
64.8672
64.8668
64.8705
64.8797
64.8949
64.9148
64.9386
64.9656
64.9954
65.0275
65.0616
65.0973
65.1342
65.1722
65.211
65.2505
65.2903
65.3306
65.371
65.4117
65.4512
68.5366
68.0813
67.6712
67.3077
66.9918
66.7157
66.473
66.2602
66.0741
65.9117
65.7707
65.6489
65.5445
65.4563
65.3828
65.3228
65.2752
65.2389
65.2131
65.1971
65.1899
65.1914
65.1961
65.2054
65.2197
65.2379
65.2592
65.2831
65.3092
65.3371
65.3666
65.3974
65.4291
65.4616
65.4948
65.5284
65.5623
65.5965
65.6307
65.6652
65.6985
68.567
68.1302
67.7381
67.3921
67.093
66.8331
66.6065
66.4097
66.2392
66.0921
65.9657
65.8579
65.7666
65.6906
65.6281
65.5779
65.5389
65.5099
65.4902
65.4788
65.475
65.4785
65.4845
65.4942
65.5081
65.5251
65.5445
65.566
65.5891
65.6137
65.6395
65.6661
65.6935
65.7214
65.7497
65.7784
65.8072
65.8362
65.8652
65.8944
65.9225
68.5937
68.1722
67.7952
67.4641
67.1791
66.9333
66.7209
66.5381
66.3816
66.2482
66.135
66.0397
65.9603
65.8951
65.8426
65.8012
65.7697
65.7471
65.7325
65.7251
65.7239
65.7289
65.7357
65.7457
65.759
65.7748
65.7925
65.8118
65.8324
65.854
65.8766
65.8997
65.9234
65.9475
65.9719
65.9964
66.021
66.0457
66.0703
66.0951
66.1188
68.6168
68.2073
67.8426
67.5237
67.2508
67.017
66.817
66.6467
66.5026
66.3814
66.2801
66.1962
66.1276
66.0724
66.0288
65.9956
65.9713
65.9549
65.9455
65.9422
65.9442
65.9512
65.9596
65.9704
65.9839
65.9992
66.016
66.0339
66.0526
66.0721
66.0921
66.1125
66.1331
66.1539
66.1749
66.1958
66.2168
66.2377
66.2586
66.2794
66.2993
68.6362
68.2355
67.8802
67.5712
67.308
67.0846
66.8953
66.736
66.603
66.4929
66.4024
66.3288
66.27
66.2237
66.1883
66.1622
66.144
66.1327
66.1272
66.1269
66.1309
66.139
66.1481
66.1592
66.1723
66.1869
66.2025
66.2188
66.2358
66.2533
66.2711
66.2891
66.3072
66.3254
66.3436
66.3618
66.3798
66.3978
66.4156
66.4333
66.4502
68.6519
68.2571
67.9085
67.6068
67.3513
67.1361
66.9559
66.8063
66.6832
66.583
66.5024
66.4384
66.3886
66.351
66.3236
66.3048
66.2934
66.2882
66.288
66.2922
66.2998
66.3105
66.3218
66.3344
66.3485
66.3635
66.379
66.3949
66.411
66.4273
66.4436
66.4598
66.4759
66.4919
66.5077
66.5233
66.5386
66.5538
66.5687
66.5836
66.5976
68.6643
68.2729
67.9288
67.6323
67.3824
67.1736
67.0006
66.8589
66.7442
66.6528
66.581
66.5257
66.4842
66.4541
66.4334
66.4203
66.4135
66.4119
66.4145
66.4206
66.4297
66.4412
66.4531
66.466
66.48
66.4945
66.5093
66.5242
66.5392
66.5542
66.5691
66.5838
66.5983
66.6126
66.6266
66.6404
66.654
66.6672
66.6802
66.693
66.7052
68.6732
68.2819
67.9397
67.6464
67.4005
67.1968
67.0298
66.8948
66.7873
66.7034
66.6393
66.5919
66.5585
66.5366
66.5242
66.5194
66.5208
66.5267
66.5362
66.5483
66.5621
66.5774
66.5925
66.6081
66.624
66.6399
66.6556
66.671
66.6861
66.7008
66.715
66.7288
66.7422
66.755
66.7675
66.7795
66.7911
66.8023
66.8131
66.8236
66.8336
68.6771
68.28
67.9349
67.6412
67.3969
67.1967
67.035
66.9066
66.8066
66.7304
66.674
66.6339
66.607
66.5905
66.5824
66.5809
66.5845
66.5923
66.6033
66.617
66.6321
66.6481
66.6639
66.6799
66.696
66.7118
66.7273
66.7423
66.7569
66.7709
66.7844
66.7974
66.8098
66.8218
66.8332
66.8441
66.8546
66.8646
66.8742
66.8834
66.8924
68.6759
68.2687
67.9169
67.6192
67.3734
67.1743
67.0159
66.8926
66.7991
66.7308
66.6835
66.6535
66.6379
66.6338
66.6389
66.6509
66.6677
66.6876
66.7091
66.7312
66.7531
66.7746
66.7952
66.8152
66.8344
66.8526
66.87
66.8864
66.9018
66.9163
66.93
66.9428
66.9549
66.9662
66.9768
66.9867
66.9961
67.0049
67.0131
67.0209
67.0285
62.3364
66.4097
69.7661
71.7162
72.9007
73.6937
74.1485
74.3559
74.4014
74.3372
74.2001
74.0173
73.8082
73.5859
73.359
73.1338
72.9142
72.7027
72.5008
72.3092
72.1284
71.9582
71.7986
71.6491
71.5093
71.3787
71.2569
71.1432
71.0371
70.9381
70.8455
70.759
70.6779
70.6018
70.5302
70.4629
70.3995
70.3398
70.2835
70.2305
70.1805
70.1335
70.0892
70.0475
70.0082
69.9711
69.9361
69.9029
69.8715
69.8417
69.8133
69.7864
69.7607
69.7361
69.7126
69.69
69.6683
69.6473
69.6271
69.6075
69.5885
69.57
69.5521
69.5346
69.5175
69.501
69.4849
69.4697
69.4546
69.4416
69.4272
69.4195
69.4018
69.4102
61.7267
66.125
69.6247
71.7154
72.964
73.7659
74.2116
74.4059
74.4379
74.3614
74.2137
74.0222
73.8062
73.5784
73.3473
73.1188
72.8969
72.6837
72.4806
72.2884
72.1072
71.9369
71.7773
71.6281
71.4887
71.3586
71.2373
71.1242
71.0188
70.9204
70.8285
70.7426
70.6621
70.5867
70.5157
70.449
70.3862
70.327
70.2712
70.2187
70.1692
70.1227
70.0789
70.0376
69.9987
69.9619
69.9273
69.8945
69.8634
69.8339
69.8059
69.7792
69.7538
69.7295
69.7062
69.6839
69.6624
69.6417
69.6217
69.6023
69.5835
69.5652
69.5474
69.5301
69.5133
69.4969
69.481
69.4659
69.451
69.4381
69.4238
69.4162
69.3987
69.4071
61.2683
65.4344
69.2871
71.6359
72.9958
73.8326
74.2813
74.4647
74.4813
74.39
74.2296
74.0277
73.8034
73.5691
73.333
73.1009
72.8763
72.6613
72.4569
72.2639
72.0824
71.9121
71.7527
71.6039
71.465
71.3355
71.2149
71.1025
70.9979
70.9003
70.8092
70.7241
70.6444
70.5697
70.4995
70.4334
70.3713
70.3127
70.2575
70.2056
70.1567
70.1107
70.0674
70.0266
69.9882
69.9519
69.9177
69.8853
69.8546
69.8255
69.7978
69.7715
69.7464
69.7224
69.6994
69.6773
69.6561
69.6356
69.6159
69.5967
69.5781
69.5601
69.5425
69.5254
69.5087
69.4925
69.4768
69.4618
69.4471
69.4343
69.4201
69.4127
69.3953
69.4038
61.0145
64.8318
68.8588
71.4545
72.9687
73.867
74.3361
74.5209
74.5275
74.4217
74.2472
74.0332
73.7991
73.5573
73.3156
73.0792
72.8516
72.6345
72.4288
72.2351
72.0533
71.8831
71.724
71.5757
71.4375
71.3088
71.1891
71.0777
70.974
70.8773
70.7872
70.7031
70.6243
70.5505
70.4811
70.4159
70.3546
70.2968
70.2423
70.1911
70.1428
70.0974
70.0547
70.0145
69.9766
69.9409
69.9071
69.8752
69.8449
69.8163
69.789
69.7631
69.7383
69.7146
69.692
69.6702
69.6493
69.6291
69.6096
69.5907
69.5724
69.5546
69.5372
69.5203
69.5038
69.4878
69.4723
69.4575
69.4429
69.4303
69.4163
69.4089
69.3918
69.4003
61.0655
64.5877
68.4995
71.198
72.8665
73.8521
74.3563
74.5525
74.5592
74.4469
74.2618
74.0362
73.7918
73.5417
73.2935
73.0525
72.8216
72.6023
72.3953
72.2009
72.0189
71.8489
71.6904
71.5428
71.4056
71.2779
71.1593
71.049
70.9465
70.8511
70.7621
70.6791
70.6015
70.5287
70.4604
70.3962
70.3358
70.2788
70.2253
70.1748
70.1273
70.0827
70.0407
70.0011
69.9639
69.9287
69.8955
69.8641
69.8344
69.8062
69.7794
69.7539
69.7295
69.7063
69.684
69.6626
69.642
69.6221
69.6029
69.5843
69.5662
69.5487
69.5315
69.5149
69.4986
69.4828
69.4675
69.4529
69.4385
69.426
69.4122
69.405
69.3881
69.3966
61.2766
64.6304
68.3136
70.9753
72.7147
73.7765
74.331
74.5483
74.5589
74.4456
74.2577
74.0271
73.776
73.5189
73.2646
73.0188
72.7846
72.5631
72.3548
72.1599
71.978
71.8084
71.6507
71.5042
71.3681
71.2418
71.1246
71.0158
70.9147
70.8208
70.7333
70.6517
70.5754
70.5039
70.4369
70.3738
70.3145
70.2586
70.2061
70.1566
70.11
70.0662
70.025
69.9862
69.9497
69.9152
69.8827
69.8519
69.8228
69.7951
69.7689
69.7438
69.7199
69.6971
69.6752
69.6542
69.634
69.6145
69.5956
69.5773
69.5596
69.5423
69.5255
69.509
69.493
69.4775
69.4623
69.448
69.4338
69.4215
69.4079
69.4008
69.3841
69.3927
61.5574
64.8334
68.2936
70.8686
72.5822
73.6603
74.2534
74.5016
74.5237
74.4101
74.2196
73.9879
73.7369
73.4791
73.2226
72.9741
72.7375
72.5143
72.3052
72.1102
71.9287
71.76
71.6035
71.4585
71.324
71.1994
71.084
70.977
70.8778
70.7856
70.6999
70.6201
70.5454
70.4755
70.41
70.3483
70.2903
70.2357
70.1843
70.136
70.0905
70.0477
70.0074
69.9696
69.9339
69.9002
69.8685
69.8384
69.81
69.7829
69.7573
69.7328
69.7095
69.6871
69.6657
69.6452
69.6254
69.6063
69.5878
69.5698
69.5524
69.5355
69.5189
69.5028
69.4871
69.4718
69.4569
69.4427
69.4287
69.4167
69.4033
69.3963
69.3799
69.3885
61.9313
65.0905
68.3411
70.8405
72.5041
73.5509
74.1437
74.4099
74.4488
74.3424
74.1503
73.9142
73.6614
73.4056
73.1529
72.908
72.6735
72.4515
72.243
72.0489
71.8687
71.7016
71.547
71.404
71.2717
71.1493
71.0362
70.9316
70.8346
70.7447
70.6612
70.5834
70.5108
70.4428
70.3791
70.3191
70.2627
70.2096
70.1596
70.1126
70.0684
70.0268
69.9877
69.9509
69.9162
69.8835
69.8526
69.8234
69.7957
69.7695
69.7445
69.7207
69.6979
69.6762
69.6553
69.6353
69.6159
69.5973
69.5792
69.5617
69.5447
69.5281
69.5119
69.4961
69.4806
69.4657
69.451
69.4371
69.4234
69.4115
69.3984
69.3916
69.3754
69.3841
62.4782
65.377
68.3353
70.782
72.4307
73.453
74.0278
74.2906
74.3356
74.2379
74.0509
73.8143
73.5576
73.2984
73.046
72.8056
72.5784
72.3634
72.1608
71.971
71.7941
71.63
71.4783
71.3383
71.209
71.0897
70.9796
70.8779
70.7839
70.6968
70.616
70.5408
70.4706
70.405
70.3434
70.2855
70.231
70.1797
70.1314
70.086
70.0433
70.0031
69.9653
69.9298
69.8963
69.8647
69.8349
69.8066
69.7799
69.7545
69.7303
69.7072
69.6852
69.6641
69.6439
69.6244
69.6056
69.5875
69.5699
69.5529
69.5363
69.5201
69.5043
69.4888
69.4737
69.4591
69.4447
69.4311
69.4177
69.406
69.3931
69.3865
69.3707
69.3794
63.1847
65.6766
68.2417
70.6041
72.2525
73.2798
73.8743
74.1502
74.1997
74.103
73.9186
73.6855
73.4307
73.17
72.9143
72.6722
72.447
72.2383
72.0447
71.8647
71.6966
71.5395
71.3934
71.2582
71.1332
71.0181
70.912
70.8141
70.7238
70.6402
70.5628
70.4908
70.4237
70.3609
70.302
70.2466
70.1944
70.1453
70.099
70.0555
70.0146
69.9761
69.9399
69.9059
69.8738
69.8435
69.8149
69.7878
69.7621
69.7377
69.7145
69.6923
69.6711
69.6508
69.6313
69.6125
69.5943
69.5768
69.5598
69.5432
69.5271
69.5114
69.496
69.481
69.4663
69.452
69.438
69.4247
69.4115
69.4002
69.3876
69.3811
69.3657
69.3745
63.8165
65.8783
68.0029
70.2218
71.8793
72.9317
73.5714
73.9061
74.0044
73.936
73.7643
73.5355
73.2811
73.0201
72.7641
72.5212
72.2947
72.0858
71.8952
71.7222
71.5641
71.4182
71.2829
71.157
71.0397
70.9309
70.8303
70.7377
70.6521
70.5731
70.5
70.4321
70.3687
70.3094
70.2537
70.2013
70.152
70.1055
70.0617
70.0204
69.9817
69.9452
69.9109
69.8786
69.8482
69.8195
69.7923
69.7666
69.7422
69.719
69.6968
69.6757
69.6554
69.636
69.6173
69.5993
69.5819
69.565
69.5487
69.5327
69.5172
69.502
69.4871
69.4725
69.4583
69.4444
69.4307
69.4178
69.405
69.3939
69.3816
69.3754
69.3603
69.3692
64.0346
65.7764
67.5138
69.5043
71.147
72.2641
72.9889
73.4238
73.6211
73.6375
73.531
73.3462
73.1151
72.8627
72.6073
72.3613
72.1312
71.9196
71.7279
71.556
71.4016
71.2628
71.1377
71.0237
70.9185
70.8206
70.7294
70.6446
70.5659
70.4929
70.4252
70.3624
70.3037
70.2487
70.1971
70.1484
70.1025
70.0592
70.0183
69.9799
69.9437
69.9096
69.8776
69.8475
69.819
69.7922
69.7667
69.7426
69.7197
69.6978
69.677
69.657
69.6379
69.6195
69.6018
69.5847
69.5681
69.5521
69.5364
69.5212
69.5063
69.4917
69.4774
69.4633
69.4496
69.4361
69.4229
69.4104
69.3979
69.3872
69.3752
69.3693
69.3547
69.3637
63.7431
65.2731
66.7397
68.4436
69.9714
71.1165
71.9408
72.5169
72.8723
73.0388
73.0613
72.9824
72.8347
72.6437
72.4284
72.2029
71.9785
71.7641
71.5656
71.3865
71.2274
71.0874
70.9654
70.8584
70.7634
70.6778
70.5996
70.527
70.459
70.3951
70.3352
70.2791
70.2265
70.177
70.1304
70.0863
70.0446
70.0051
69.9679
69.9327
69.8997
69.8685
69.8392
69.8116
69.7855
69.7609
69.7375
69.7153
69.6941
69.6739
69.6546
69.636
69.6182
69.601
69.5845
69.5684
69.5529
69.5377
69.5229
69.5085
69.4943
69.4804
69.4668
69.4533
69.4401
69.4272
69.4145
69.4024
69.3904
69.38
69.3685
69.3627
69.3486
69.3578
63.0269
64.3908
65.6841
67.1288
68.4891
69.6051
70.4867
71.1723
71.6753
72.0099
72.2028
72.2835
72.2767
72.2041
72.0851
71.9357
71.7688
71.5936
71.4167
71.2437
71.0802
70.9305
70.798
70.6838
70.5868
70.5052
70.4361
70.376
70.3217
70.2713
70.2236
70.1777
70.1335
70.0913
70.051
70.0127
69.9762
69.9416
69.9088
69.8777
69.8484
69.8208
69.7948
69.7702
69.747
69.7249
69.704
69.684
69.6649
69.6467
69.6291
69.6123
69.596
69.5803
69.5651
69.5503
69.5358
69.5218
69.508
69.4944
69.4811
69.4681
69.4551
69.4424
69.4298
69.4175
69.4054
69.3938
69.3822
69.3722
69.3612
69.3558
69.3422
69.3516
62.0135
63.2367
64.4105
65.6647
66.8685
67.9227
68.8175
69.5657
70.1706
70.6366
70.9778
71.2128
71.3595
71.4338
71.4497
71.4198
71.3548
71.2642
71.1563
71.0379
70.9144
70.7896
70.6665
70.549
70.4412
70.3468
70.2679
70.2041
70.1534
70.1128
70.0787
70.0476
70.0174
69.987
69.9563
69.9256
69.8955
69.8666
69.839
69.813
69.7883
69.7651
69.7431
69.7222
69.7023
69.6834
69.6654
69.6481
69.6316
69.6156
69.6002
69.5853
69.5709
69.5568
69.5432
69.5298
69.5168
69.5039
69.4913
69.4789
69.4666
69.4544
69.4424
69.4304
69.4186
69.407
69.3955
69.3844
69.3734
69.3639
69.3534
69.3483
69.3353
69.345
60.8468
61.9513
63.0251
64.1372
65.212
66.1937
67.0719
67.8466
68.5143
69.0733
69.5285
69.8894
70.1669
70.3726
70.5176
70.6121
70.6653
70.6844
70.6758
70.6445
70.5956
70.5337
70.4627
70.3863
70.307
70.2269
70.1484
70.075
70.0102
69.957
69.9161
69.8861
69.8643
69.8472
69.8316
69.8152
69.7973
69.7779
69.7578
69.7378
69.7185
69.7001
69.6827
69.6662
69.6505
69.6354
69.6208
69.6068
69.5932
69.58
69.5671
69.5546
69.5423
69.5303
69.5184
69.5068
69.4953
69.484
69.4727
69.4615
69.4504
69.4393
69.4283
69.4173
69.4063
69.3955
69.3847
69.3743
69.3639
69.355
69.345
69.3404
69.328
69.3381
59.6726
60.6685
61.6452
62.6376
63.6024
64.5096
65.3513
66.1234
66.8198
67.436
67.9715
68.4288
68.8128
69.1296
69.3862
69.5903
69.7491
69.8699
69.9585
70.0203
70.0595
70.0794
70.0829
70.0726
70.0513
70.0216
69.9856
69.9454
69.9018
69.856
69.8103
69.7677
69.7315
69.7037
69.6845
69.6721
69.6641
69.6578
69.6511
69.643
69.6335
69.623
69.612
69.601
69.5902
69.5796
69.5692
69.559
69.5489
69.5389
69.5291
69.5193
69.5096
69.5
69.4903
69.4807
69.4711
69.4615
69.4518
69.4421
69.4324
69.4225
69.4127
69.4027
69.3928
69.3828
69.3729
69.3633
69.3536
69.3453
69.3359
69.3318
69.3202
69.3309
58.7145
59.6023
60.4797
61.3615
62.225
63.054
63.8426
64.586
65.278
65.9137
66.4901
67.0062
67.4628
67.8618
68.2064
68.5009
68.7498
68.9581
69.1309
69.273
69.3887
69.4819
69.5555
69.6119
69.653
69.6803
69.6952
69.6996
69.6953
69.6845
69.669
69.6499
69.6281
69.6047
69.5815
69.5611
69.5457
69.5361
69.5318
69.5308
69.5311
69.5308
69.5292
69.526
69.5217
69.5166
69.5111
69.5054
69.4994
69.4932
69.4868
69.4801
69.4733
69.4664
69.4592
69.4519
69.4444
69.4367
69.4289
69.4208
69.4126
69.4042
69.3957
69.3869
69.3781
69.3692
69.3602
69.3514
69.3426
69.3349
69.3263
69.3227
69.3118
69.3232
58.0894
58.8677
59.6432
60.4195
61.1858
61.9334
62.6575
63.3535
64.0163
64.6411
65.2244
65.7636
66.2573
66.705
67.1073
67.4657
67.7823
68.0599
68.3016
68.5107
68.6905
68.8444
68.9752
69.0859
69.1787
69.2555
69.318
69.3675
69.4052
69.4325
69.451
69.4623
69.4681
69.4695
69.4675
69.4625
69.4552
69.4467
69.4389
69.4338
69.4324
69.4344
69.4384
69.4429
69.4463
69.4482
69.4486
69.4479
69.4463
69.4441
69.4413
69.4381
69.4345
69.4304
69.4259
69.421
69.4158
69.4102
69.4043
69.3981
69.3915
69.3847
69.3775
69.3701
69.3624
69.3546
69.3467
69.3388
69.3308
69.3239
69.316
69.3131
69.3029
69.3152
57.7914
58.4612
59.1339
59.8081
60.4791
61.1423
61.7937
62.4294
63.0452
63.6373
64.2019
64.7362
65.2377
65.7045
66.1359
66.5313
66.8912
67.2165
67.5087
67.7696
68.0013
68.206
68.3861
68.5438
68.6813
68.8007
68.904
68.9928
69.0686
69.1326
69.1859
69.2295
69.2643
69.2915
69.3124
69.3282
69.3397
69.3476
69.3521
69.3538
69.3537
69.3536
69.3551
69.3592
69.3656
69.3729
69.3798
69.3854
69.3893
69.3917
69.393
69.3934
69.3931
69.3921
69.3904
69.3882
69.3854
69.382
69.3782
69.3739
69.3691
69.3639
69.3582
69.3522
69.3458
69.3392
69.3323
69.3254
69.3183
69.3122
69.3051
69.3029
69.2935
69.3069
57.7792
58.3445
58.9165
59.4926
60.0709
60.6489
61.2233
61.7911
62.3488
62.8933
63.4215
63.9303
64.4171
64.8798
65.3164
65.7257
66.1069
66.4595
66.7837
67.0802
67.3497
67.5935
67.813
68.0098
68.1854
68.3416
68.4799
68.6022
68.71
68.8048
68.8879
68.9606
69.0238
69.0781
69.1242
69.1627
69.1944
69.2201
69.2409
69.2574
69.27
69.2791
69.2854
69.29
69.2945
69.3005
69.3083
69.3173
69.3264
69.3345
69.3409
69.3457
69.3491
69.3513
69.3527
69.3533
69.3531
69.3521
69.3505
69.3482
69.3453
69.3418
69.3377
69.3332
69.3282
69.3228
69.317
69.3112
69.305
69.2998
69.2934
69.292
69.2834
69.2983
57.9942
58.4631
58.9407
59.4251
59.9155
60.4105
60.9076
61.4042
61.8981
62.3865
62.8669
63.3367
63.7934
64.2346
64.6583
65.0627
65.4463
65.808
66.1471
66.4631
66.7561
67.0263
67.2743
67.5008
67.7068
67.8933
68.0616
68.213
68.3487
68.4702
68.5787
68.6756
68.762
68.8391
68.9076
68.9681
69.0211
69.0668
69.1057
69.1383
69.1653
69.1876
69.2057
69.2201
69.2312
69.2397
69.247
69.2546
69.2634
69.2734
69.2838
69.2934
69.3015
69.3078
69.3127
69.3162
69.3187
69.3203
69.321
69.3209
69.32
69.3183
69.316
69.313
69.3095
69.3054
69.3009
69.2961
69.291
69.2866
69.2811
69.2805
69.2726
69.2895
58.3779
58.7611
59.1537
59.555
59.9648
60.3819
60.8046
61.2311
61.6597
62.0885
62.5152
62.9378
63.3542
63.7623
64.1599
64.5453
64.9167
65.2725
65.6116
65.933
66.2359
66.52
66.785
67.0312
67.2587
67.4681
67.66
67.8353
67.9948
68.1396
68.2706
68.389
68.4958
68.5922
68.6791
68.7574
68.828
68.8912
68.9476
68.9972
69.0403
69.0772
69.1083
69.1344
69.1562
69.1741
69.1886
69.2001
69.2097
69.2187
69.2283
69.2388
69.2498
69.2602
69.2693
69.2766
69.2823
69.2866
69.2898
69.292
69.2932
69.2935
69.293
69.2917
69.2896
69.287
69.2837
69.2801
69.276
69.2726
69.2679
69.2684
69.2611
69.2804
58.8765
59.1858
59.5043
59.8328
60.1709
60.5175
60.8715
61.2319
61.5975
61.9668
62.3383
62.7102
63.081
63.4489
63.812
64.1685
64.5169
64.8555
65.1828
65.4976
65.7987
66.0854
66.3568
66.6127
66.8526
67.0767
67.2851
67.478
67.656
67.8197
67.9697
68.1068
68.2319
68.3457
68.4492
68.5432
68.6286
68.7061
68.7763
68.84
68.8972
68.9483
68.9934
69.0326
69.0662
69.0947
69.1187
69.1389
69.1555
69.1691
69.1804
69.1905
69.2006
69.2114
69.2226
69.2333
69.2428
69.2506
69.2567
69.2614
69.2648
69.2672
69.2686
69.2691
69.2686
69.2674
69.2655
69.2632
69.2602
69.2578
69.254
69.2554
69.2487
69.2713
59.4454
59.6927
59.9483
60.2145
60.4904
60.7751
61.0679
61.3683
61.6755
61.9886
62.3064
62.6277
62.9514
63.2759
63.5998
63.9217
64.2401
64.5534
64.8602
65.1591
65.449
65.7287
65.9971
66.2536
66.4974
66.7281
66.9456
67.1495
67.3401
67.5176
67.6821
67.8343
67.9746
68.1035
68.2218
68.3302
68.4292
68.5196
68.602
68.6772
68.7458
68.8081
68.8647
68.9157
68.9611
69.0011
69.0359
69.0656
69.0909
69.1124
69.1303
69.1451
69.1575
69.1683
69.1788
69.1895
69.2006
69.2113
69.2208
69.2286
69.2348
69.2394
69.2429
69.2452
69.2464
69.2468
69.2463
69.2452
69.2434
69.2421
69.2391
69.2418
69.2352
69.2621
60.0491
60.2454
60.4489
60.6629
60.8862
61.1178
61.3575
61.6051
61.8601
62.1219
62.3899
62.6632
62.9409
63.2221
63.5056
63.7902
64.0747
64.3579
64.6385
64.9151
65.1866
65.4518
65.7095
65.9589
66.1989
66.429
66.6485
66.857
67.0542
67.2399
67.4141
67.577
67.7288
67.8698
68.0004
68.1211
68.2322
68.3345
68.4283
68.5143
68.5929
68.6649
68.7308
68.7909
68.8458
68.8955
68.9403
68.9801
69.015
69.0451
69.0709
69.0928
69.1113
69.1267
69.1397
69.1508
69.1613
69.1719
69.1826
69.193
69.2021
69.2097
69.2155
69.2199
69.223
69.225
69.226
69.2263
69.2257
69.2254
69.2233
69.2272
69.2206
69.2533
60.6614
60.8163
60.9773
61.1484
61.328
61.515
61.7096
61.9118
62.1214
62.338
62.5613
62.7907
63.0257
63.2657
63.5097
63.757
64.0065
64.2575
64.5086
64.759
65.0074
65.2528
65.4941
65.7302
65.9603
66.1834
66.3987
66.6057
66.8037
66.9923
67.1713
67.3405
67.4998
67.6492
67.789
67.9193
68.0405
68.1528
68.2567
68.3526
68.4408
68.5219
68.5964
68.6646
68.7272
68.7846
68.837
68.8849
68.9283
68.9671
69.0014
69.0312
69.0568
69.0787
69.0972
69.1127
69.1257
69.1369
69.1472
69.1574
69.1676
69.1774
69.186
69.1929
69.1982
69.202
69.2046
69.2063
69.2069
69.2078
69.2065
69.2119
69.2045
69.245
61.2632
61.3851
61.5119
61.6482
61.792
61.9423
62.0992
62.2632
62.4341
62.6118
62.7961
62.9866
63.1832
63.3853
63.5925
63.8042
64.0198
64.2384
64.4592
64.6815
64.9043
65.1267
65.3476
65.5662
65.7815
65.9926
66.1987
66.3989
66.5927
66.7793
66.9583
67.1292
67.2919
67.4461
67.5917
67.7287
67.8573
67.9775
68.0896
68.1939
68.2906
68.38
68.4626
68.5386
68.6086
68.6729
68.7319
68.7861
68.8359
68.8815
68.923
68.9603
68.9935
69.0225
69.0475
69.0688
69.0869
69.1021
69.1148
69.1256
69.1355
69.1452
69.1547
69.1636
69.1713
69.1775
69.182
69.1853
69.1872
69.1893
69.1887
69.1956
69.1865
69.238
61.8421
61.9377
62.0374
62.1456
62.2605
62.3808
62.5069
62.6392
62.7777
62.9225
63.0734
63.2303
63.3932
63.5618
63.7358
63.9148
64.0984
64.2862
64.4775
64.6717
64.8681
65.066
65.2646
65.4629
65.6603
65.8558
66.0487
66.2381
66.4233
66.6035
66.7783
66.9469
67.1091
67.2643
67.4123
67.5529
67.6861
67.8117
67.9298
68.0406
68.1441
68.2406
68.3303
68.4134
68.4904
68.5614
68.6268
68.687
68.7425
68.7934
68.8403
68.8833
68.9226
68.9582
68.9899
69.0177
69.0417
69.0621
69.0794
69.0939
69.1059
69.1162
69.1254
69.1343
69.1429
69.1508
69.1575
69.1628
69.1663
69.1697
69.1698
69.1784
69.166
69.233
62.39
62.465
62.5431
62.6291
62.7207
62.8168
62.9178
63.0242
63.136
63.2534
63.3762
63.5047
63.6387
63.7781
63.9228
64.0727
64.2275
64.3869
64.5505
64.7179
64.8885
65.0619
65.2374
65.4143
65.592
65.7697
65.9468
66.1223
66.2957
66.4662
66.6332
66.796
66.954
67.1068
67.254
67.3951
67.5299
67.6583
67.7801
67.8952
68.0037
68.1057
68.2011
68.2903
68.3733
68.4505
68.5219
68.588
68.649
68.7052
68.757
68.8047
68.8486
68.889
68.926
68.9595
68.9894
69.0157
69.0383
69.0576
69.0738
69.0873
69.0984
69.1077
69.1161
69.124
69.1315
69.1384
69.1437
69.1488
69.1496
69.1603
69.1421
69.2318
62.9025
62.9613
63.0225
63.0908
63.1638
63.2405
63.3213
63.4067
63.4967
63.5915
63.6912
63.7958
63.9054
64.02
64.1396
64.2641
64.3934
64.5274
64.6658
64.8084
64.9549
65.1048
65.2578
65.4132
65.5707
65.7296
65.8893
66.0492
66.2086
66.3668
66.5233
66.6773
66.8283
66.9757
67.119
67.2578
67.3916
67.5201
67.6432
67.7605
67.8719
67.9775
68.0771
68.1709
68.2589
68.3412
68.4179
68.4894
68.5556
68.617
68.6737
68.726
68.7742
68.8187
68.8596
68.8973
68.9318
68.9631
68.9911
69.0156
69.0367
69.0545
69.0692
69.0814
69.0913
69.0995
69.1067
69.1135
69.1196
69.1262
69.1279
69.141
69.1146
69.236
63.3776
63.4237
63.4718
63.526
63.5843
63.6456
63.7102
63.7786
63.851
63.9275
64.0081
64.093
64.1823
64.276
64.3743
64.4771
64.5844
64.6962
64.8123
64.9326
65.057
65.1853
65.317
65.4519
65.5896
65.7297
65.8716
66.0149
66.159
66.3034
66.4475
66.5906
66.7323
66.8718
67.0088
67.1427
67.2729
67.3992
67.5212
67.6385
67.7509
67.8582
67.9604
68.0572
68.1488
68.235
68.316
68.392
68.4629
68.5289
68.5903
68.6472
68.6998
68.7483
68.7931
68.8343
68.8723
68.9073
68.9393
68.9682
68.9941
69.0166
69.0358
69.0518
69.0648
69.0754
69.0837
69.0906
69.0962
69.1028
69.1046
69.1202
69.0848
69.2452
63.8149
63.8511
63.8888
63.9321
63.9787
64.0276
64.0793
64.1342
64.1924
64.254
64.3192
64.388
64.4605
64.537
64.6174
64.7019
64.7905
64.8832
64.9799
65.0808
65.1856
65.2942
65.4066
65.5224
65.6414
65.7634
65.8879
66.0146
66.1431
66.2729
66.4035
66.5344
66.6651
66.795
66.9237
67.0506
67.1752
67.2971
67.4159
67.5311
67.6425
67.7498
67.8526
67.951
68.0447
68.1336
68.2178
68.2971
68.3718
68.4418
68.5073
68.5684
68.6251
68.6778
68.7264
68.7713
68.8127
68.8508
68.8859
68.9181
68.9475
68.974
68.9974
69.0177
69.0347
69.0485
69.0595
69.0682
69.0744
69.0808
69.0817
69.0984
69.0575
69.2502
64.2154
64.2439
64.2736
64.3082
64.3455
64.3847
64.4262
64.4702
64.5171
64.5667
64.6193
64.675
64.7339
64.7962
64.8619
64.9311
65.0039
65.0804
65.1607
65.2446
65.3324
65.4238
65.5188
65.6174
65.7193
65.8244
65.9325
66.0432
66.1563
66.2715
66.3883
66.5063
66.6251
66.7442
66.8632
66.9816
67.0989
67.2146
67.3284
67.4397
67.5482
67.6536
67.7556
67.8539
67.9482
68.0385
68.1245
68.2063
68.2837
68.3568
68.4257
68.4903
68.5507
68.6071
68.6595
68.7081
68.753
68.7944
68.8325
68.8675
68.8996
68.9289
68.9556
68.9794
69.0002
69.0178
69.0322
69.0437
69.0519
69.0594
69.0607
69.0769
69.0407
69.2302
64.5803
64.6028
64.6262
64.6539
64.684
64.7155
64.7488
64.7842
64.822
64.8621
64.9046
64.9497
64.9975
65.0482
65.1018
65.1584
65.2181
65.2811
65.3474
65.4171
65.4902
65.5667
65.6466
65.7298
65.8165
65.9063
65.9992
66.095
66.1936
66.2946
66.3978
66.5029
66.6095
66.7173
66.8258
66.9346
67.0434
67.1516
67.2589
67.3648
67.469
67.571
67.6705
67.7671
67.8607
67.9509
68.0376
68.1206
68.1998
68.2751
68.3464
68.4138
68.4773
68.5369
68.5926
68.6446
68.693
68.7377
68.779
68.8169
68.8517
68.8835
68.9125
68.9389
68.9625
68.9833
69.001
69.0157
69.0268
69.0361
69.0399
69.0543
69.0385
69.1629
64.912
64.9298
64.9483
64.9707
64.9949
65.0203
65.0472
65.0758
65.1063
65.1387
65.1732
65.2098
65.2486
65.2899
65.3336
65.3799
65.4289
65.4807
65.5353
65.5929
65.6536
65.7173
65.7842
65.8542
65.9274
66.0036
66.0829
66.1652
66.2503
66.3381
66.4284
66.5209
66.6155
66.7118
66.8095
66.9083
67.0078
67.1077
67.2075
67.3068
67.4053
67.5025
67.5982
67.6919
67.7834
67.8723
67.9584
68.0415
68.1213
68.1978
68.2707
68.3402
68.406
68.4681
68.5266
68.5816
68.6329
68.6808
68.7251
68.7661
68.8038
68.8382
68.8696
68.8981
68.9237
68.9467
68.9669
68.9842
68.9983
69.0097
69.0174
69.0273
69.0415
69.0468
65.2117
65.2258
65.2405
65.2586
65.2783
65.2989
65.3207
65.3439
65.3686
65.395
65.423
65.4527
65.4844
65.518
65.5538
65.5917
65.6319
65.6744
65.7195
65.7671
65.8174
65.8704
65.9262
65.9849
66.0464
66.1108
66.1782
66.2483
66.3213
66.3971
66.4754
66.5562
66.6393
66.7246
66.8116
66.9003
66.9903
67.0813
67.1729
67.2649
67.3568
67.4483
67.5391
67.6287
67.7169
67.8033
67.8877
67.9697
68.0492
68.1258
68.1995
68.2701
68.3375
68.4016
68.4623
68.5196
68.5735
68.6241
68.6712
68.715
68.7555
68.7927
68.8266
68.8574
68.8851
68.9098
68.9317
68.9507
68.9668
68.9797
68.9912
68.9949
69.0317
68.9155
65.483
65.4942
65.5061
65.5208
65.5369
65.5536
65.5713
65.5903
65.6104
65.6319
65.6547
65.6791
65.7049
65.7324
65.7617
65.7928
65.8258
65.8609
65.898
65.9374
65.979
66.0231
66.0696
66.1186
66.1702
66.2244
66.2814
66.341
66.4032
66.4681
66.5357
66.6057
66.6782
66.7529
66.8298
66.9086
66.9891
67.0711
67.1544
67.2385
67.3233
67.4083
67.4933
67.578
67.6619
67.7448
67.8264
67.9064
67.9844
68.0603
68.1338
68.2047
68.2729
68.3382
68.4004
68.4596
68.5156
68.5684
68.6179
68.6642
68.7072
68.747
68.7834
68.8166
68.8465
68.8731
68.8965
68.9168
68.9341
68.9474
68.9608
68.9587
68.998
68.818
65.7257
65.7346
65.7442
65.7563
65.7695
65.7833
65.7978
65.8133
65.8299
65.8475
65.8663
65.8863
65.9075
65.9302
65.9543
65.9799
66.0071
66.0361
66.0668
66.0994
66.134
66.1707
66.2095
66.2505
66.2938
66.3394
66.3874
66.4379
66.4909
66.5464
66.6044
66.6648
66.7276
66.7928
66.8602
66.9297
67.0012
67.0745
67.1494
67.2257
67.3031
67.3813
67.4601
67.5391
67.6181
67.6968
67.7748
67.8518
67.9276
68.0018
68.0743
68.1447
68.2129
68.2786
68.3418
68.4022
68.4597
68.5143
68.5658
68.6142
68.6594
68.7015
68.7402
68.7756
68.8077
68.8364
68.8615
68.8831
68.9013
68.9147
68.9276
68.9218
68.9466
68.7794
65.9456
65.9528
65.9606
65.9706
65.9816
65.9929
66.0049
66.0177
66.0314
66.046
66.0615
66.078
66.0955
66.1142
66.1341
66.1553
66.1779
66.2019
66.2274
66.2545
66.2833
66.3138
66.3462
66.3805
66.4168
66.4552
66.4957
66.5384
66.5834
66.6306
66.6802
66.7321
66.7863
66.8428
66.9016
66.9625
67.0256
67.0906
67.1574
67.2259
67.2959
67.3671
67.4393
67.5124
67.5859
67.6597
67.7334
67.8068
67.8795
67.9513
68.0219
68.091
68.1585
68.2239
68.2873
68.3483
68.4068
68.4626
68.5156
68.5657
68.6128
68.6567
68.6975
68.735
68.769
68.7996
68.8265
68.8495
68.8687
68.8825
68.8939
68.8878
68.8941
68.7851
66.1385
66.1443
66.1507
66.1592
66.1684
66.1779
66.1879
66.1986
66.2101
66.2223
66.2352
66.249
66.2637
66.2793
66.296
66.3137
66.3325
66.3526
66.374
66.3967
66.4208
66.4464
66.4737
66.5025
66.5331
66.5656
66.5999
66.6362
66.6744
66.7148
66.7572
66.8018
66.8486
66.8976
66.9487
67.002
67.0574
67.1148
67.1742
67.2354
67.2983
67.3628
67.4286
67.4956
67.5635
67.6321
67.7012
67.7704
67.8396
67.9084
67.9765
68.0437
68.1098
68.1744
68.2373
68.2983
68.3572
68.4137
68.4678
68.5192
68.5677
68.6133
68.6558
68.695
68.7308
68.7631
68.7916
68.8161
68.8364
68.851
68.8613
68.8578
68.8524
68.8023
66.3161
66.3208
66.3261
66.3333
66.3411
66.3491
66.3575
66.3666
66.3762
66.3864
66.3973
66.4089
66.4212
66.4343
66.4483
66.4632
66.479
66.4959
66.5138
66.5329
66.5532
66.5748
66.5977
66.6221
66.6479
66.6753
66.7044
66.7352
66.7677
66.8022
66.8385
66.8767
66.917
66.9593
67.0036
67.05
67.0984
67.1489
67.2013
67.2557
67.3118
67.3697
67.4292
67.4901
67.5523
67.6155
67.6796
67.7443
67.8094
67.8746
67.9397
68.0044
68.0683
68.1314
68.1932
68.2536
68.3122
68.3689
68.4235
68.4756
68.5252
68.572
68.6158
68.6565
68.6938
68.7275
68.7574
68.7832
68.8046
68.8204
68.8306
68.831
68.8227
68.8086
66.4644
66.4683
66.4729
66.4791
66.4859
66.4928
66.5001
66.5079
66.5162
66.525
66.5344
66.5443
66.5549
66.5662
66.5782
66.591
66.6045
66.619
66.6343
66.6507
66.668
66.6865
66.7062
66.727
66.7492
66.7727
66.7977
66.8242
66.8522
66.8819
66.9133
66.9464
66.9813
67.0181
67.0568
67.0974
67.14
67.1845
67.231
67.2793
67.3295
67.3815
67.4352
67.4906
67.5474
67.6055
67.6648
67.725
67.786
67.8475
67.9093
67.9711
68.0327
68.0939
68.1542
68.2135
68.2715
68.328
68.3826
68.4351
68.4854
68.533
68.5779
68.6197
68.6582
68.6932
68.7244
68.7514
68.7738
68.7909
68.802
68.806
68.7998
68.8009
66.6095
66.6127
66.6167
66.6221
66.628
66.634
66.6403
66.647
66.6542
66.6618
66.6698
66.6784
66.6875
66.6972
66.7075
66.7184
66.73
66.7424
66.7556
66.7695
66.7844
66.8002
66.817
66.8349
66.8539
66.874
66.8954
66.9182
66.9422
66.9678
66.9948
67.0234
67.0536
67.0855
67.1191
67.1545
67.1917
67.2307
67.2716
67.3143
67.3589
67.4053
67.4534
67.5032
67.5546
67.6076
67.6619
67.7174
67.7739
67.8314
67.8894
67.9479
68.0066
68.0651
68.1234
68.181
68.2377
68.2932
68.3473
68.3996
68.4499
68.4979
68.5433
68.5858
68.6252
68.6611
68.6933
68.7212
68.7446
68.7629
68.7753
68.782
68.7789
68.7852
66.7153
66.7179
66.7215
66.7265
66.7318
66.7373
66.7429
66.749
66.7555
66.7623
66.7696
66.7773
66.7855
66.7941
66.8033
66.8131
66.8235
66.8345
66.8462
66.8587
66.8719
66.8859
66.9008
66.9166
66.9334
66.9513
66.9702
66.9903
67.0116
67.0342
67.0581
67.0834
67.1102
67.1385
67.1683
67.1998
67.233
67.2679
67.3045
67.3428
67.383
67.4249
67.4685
67.5139
67.5609
67.6095
67.6596
67.7111
67.7639
67.8177
67.8724
67.9279
67.9839
68.0401
68.0963
68.1523
68.2077
68.2622
68.3157
68.3676
68.4179
68.466
68.5118
68.5549
68.5949
68.6316
68.6646
68.6934
68.7178
68.7372
68.7508
68.7597
68.7591
68.7683
66.8417
66.8438
66.8471
66.8516
66.8564
66.8612
66.8663
66.8717
66.8775
66.8836
66.89
66.8968
66.9041
66.9117
66.9199
66.9285
66.9376
66.9473
66.9575
66.9684
66.98
66.9922
67.0052
67.0191
67.0337
67.0492
67.0657
67.0832
67.1018
67.1214
67.1423
67.1643
67.1877
67.2124
67.2385
67.2661
67.2951
67.3258
67.358
67.3919
67.4275
67.4648
67.5037
67.5443
67.5866
67.6305
67.676
67.723
67.7713
67.8209
67.8717
67.9233
67.9758
68.0288
68.0821
68.1354
68.1886
68.2412
68.293
68.3437
68.393
68.4404
68.4857
68.5286
68.5686
68.6054
68.6386
68.6679
68.6927
68.7129
68.7275
68.7378
68.7389
68.7507
66.8988
66.9003
66.9036
66.9081
66.9128
66.9174
66.9223
66.9275
66.9331
66.9389
66.9451
66.9516
66.9585
66.9658
66.9735
66.9817
66.9903
66.9995
67.0091
67.0194
67.0302
67.0417
67.0539
67.0668
67.0805
67.095
67.1103
67.1266
67.1438
67.162
67.1813
67.2017
67.2233
67.2461
67.2702
67.2957
67.3226
67.3509
67.3808
67.4122
67.4452
67.4798
67.516
67.5539
67.5935
67.6346
67.6774
67.7217
67.7675
67.8146
67.863
67.9124
67.9629
68.014
68.0657
68.1176
68.1696
68.2212
68.2723
68.3225
68.3714
68.4187
68.464
68.507
68.5473
68.5845
68.6182
68.648
68.6735
68.6944
68.7099
68.7214
68.7237
68.7378
67.0342
67.0362
67.0394
67.0435
67.0477
67.052
67.0565
67.0613
67.0663
67.0716
67.0772
67.0831
67.0893
67.0958
67.1027
67.11
67.1177
67.1259
67.1345
67.1435
67.1531
67.1633
67.174
67.1853
67.1973
67.21
67.2234
67.2376
67.2526
67.2685
67.2853
67.3031
67.3219
67.3417
67.3628
67.385
67.4084
67.4332
67.4593
67.4868
67.5157
67.5461
67.5781
67.6116
67.6466
67.6832
67.7214
67.761
67.8021
67.8446
67.8884
67.9334
67.9795
68.0264
68.074
68.1221
68.1704
68.2187
68.2666
68.3138
68.3601
68.405
68.4483
68.4894
68.5281
68.5639
68.5964
68.6253
68.6501
68.6705
68.6857
68.6973
68.6997
68.7151
69.1237
69.5443
69.9203
70.248
70.5294
70.7685
70.9698
71.138
71.2778
71.3933
71.4883
71.5661
71.6294
71.6806
71.7219
71.7548
71.7808
71.8012
71.8169
71.8287
71.8374
71.8436
71.8478
71.8504
71.8517
71.8519
71.8514
71.8503
71.8487
71.8468
71.8447
71.8424
71.84
71.8375
71.835
71.8325
71.8301
71.8277
71.8254
71.8231
71.8209
69.1187
69.5285
69.8965
70.2177
70.495
70.7323
70.9338
71.1038
71.2465
71.3658
71.4651
71.5474
71.6154
71.6713
71.7171
71.7543
71.7845
71.8087
71.8279
71.843
71.8546
71.8633
71.8698
71.8744
71.8774
71.8791
71.8798
71.8797
71.8789
71.8776
71.8758
71.8737
71.8714
71.8689
71.8663
71.8635
71.8607
71.8579
71.8551
71.8522
71.8494
69.1136
69.5167
69.8806
70.1984
70.4744
70.7123
70.916
71.0894
71.2365
71.3607
71.4653
71.5529
71.6261
71.6869
71.7373
71.7788
71.8128
71.8404
71.8626
71.8802
71.8939
71.9042
71.9122
71.9179
71.9218
71.9241
71.9253
71.9255
71.9248
71.9235
71.9217
71.9194
71.9168
71.9139
71.9108
71.9075
71.9041
71.9006
71.8971
71.8935
71.8899
69.1098
69.513
69.8783
70.1968
70.4746
70.7153
70.9224
71.1
71.2517
71.3809
71.4905
71.5831
71.6612
71.7268
71.7817
71.8273
71.8651
71.8962
71.9215
71.9419
71.9581
71.9703
71.98
71.9873
71.9924
71.9957
71.9976
71.9982
71.9979
71.9967
71.9948
71.9924
71.9895
71.9861
71.9825
71.9785
71.9744
71.9701
71.9656
71.961
71.9565
69.1063
69.5134
69.883
70.2044
70.4858
70.7304
70.942
71.1245
71.2816
71.4164
71.5316
71.63
71.7137
71.7847
71.8447
71.8951
71.9372
71.9722
72.001
72.0243
72.0431
72.0572
72.0686
72.0772
72.0833
72.0873
72.0896
72.0905
72.0902
72.0888
72.0866
72.0836
72.08
72.0759
72.0714
72.0665
72.0613
72.0558
72.0501
72.0442
72.0385
69.1024
69.5157
69.8918
70.218
70.5046
70.7547
70.9723
71.1613
71.325
71.4667
71.5888
71.694
71.7843
71.8615
71.9273
71.9831
72.0301
72.0695
72.1021
72.1287
72.1502
72.1664
72.1797
72.1898
72.1969
72.2016
72.2044
72.2055
72.2051
72.2034
72.2007
72.1971
72.1927
72.1877
72.1821
72.176
72.1695
72.1627
72.1555
72.1481
72.1409
69.0982
69.5207
69.9056
70.2389
70.5328
70.7904
71.0156
71.2124
71.3842
71.5338
71.6638
71.7767
71.8743
71.9584
72.0306
72.0923
72.1447
72.1888
72.2255
72.2557
72.2801
72.2985
72.3136
72.3251
72.3332
72.3386
72.3416
72.3427
72.342
72.3398
72.3364
72.3318
72.3263
72.32
72.313
72.3055
72.2974
72.2888
72.2799
72.2706
72.2616
69.0941
69.529
69.9256
70.2683
70.5716
70.8384
71.0727
71.2787
71.4597
71.6183
71.7572
71.8784
71.9842
72.0759
72.1552
72.2234
72.2816
72.3308
72.372
72.406
72.4335
72.4542
72.4712
72.4842
72.4932
72.4991
72.5023
72.5032
72.502
72.4991
72.4947
72.489
72.4821
72.4743
72.4656
72.4562
72.4462
72.4357
72.4247
72.4132
72.402
69.0902
69.5408
69.9517
70.3062
70.621
70.8988
71.1438
71.3604
71.5517
71.7206
71.8692
72
72.1147
72.2149
72.3019
72.3772
72.4418
72.4967
72.5428
72.5808
72.6117
72.6348
72.6538
72.6682
72.6781
72.6843
72.6875
72.688
72.6862
72.6823
72.6766
72.6693
72.6608
72.6511
72.6404
72.6288
72.6165
72.6035
72.59
72.5759
72.5622
69.0866
69.556
69.9842
70.3529
70.6813
70.972
71.2294
71.4581
71.6612
71.8415
72.0012
72.1424
72.2671
72.3765
72.4722
72.5553
72.6269
72.6879
72.7393
72.7818
72.8163
72.8419
72.8628
72.8786
72.8893
72.8958
72.8988
72.8987
72.8958
72.8906
72.8833
72.8742
72.8636
72.8516
72.8384
72.8242
72.8092
72.7934
72.777
72.7599
72.7432
69.0834
69.5751
70.0234
70.409
70.7533
71.0588
71.3304
71.5729
71.7893
71.9825
72.1543
72.3072
72.4429
72.5627
72.6678
72.7594
72.8387
72.9064
72.9636
73.0109
73.0492
73.0774
73.1003
73.1175
73.1288
73.1353
73.1378
73.1368
73.1326
73.1257
73.1163
73.105
73.0918
73.077
73.0609
73.0437
73.0254
73.0062
72.9864
72.9657
72.9455
69.081
69.5983
70.07
70.4751
70.8378
71.1603
71.4482
71.7061
71.9375
72.145
72.3305
72.4963
72.6441
72.7752
72.8907
72.9918
73.0794
73.1546
73.218
73.2704
73.3127
73.3437
73.3686
73.387
73.3987
73.405
73.4067
73.4044
73.3984
73.3893
73.3775
73.3632
73.347
73.3289
73.3093
73.2883
73.2662
73.2431
73.2192
73.1944
73.1701
69.0797
69.6264
70.1248
70.5524
70.936
71.2779
71.584
71.8595
72.1076
72.3311
72.5317
72.7118
72.8732
73.0168
73.1437
73.2551
73.352
73.4351
73.5053
73.5632
73.6098
73.6435
73.6703
73.6898
73.7017
73.7075
73.7079
73.7038
73.6955
73.6836
73.6686
73.6509
73.6309
73.6088
73.5849
73.5596
73.5329
73.5052
73.4765
73.4469
73.4178
69.0798
69.6599
70.1886
70.6419
71.0493
71.4131
71.7399
72.035
72.3019
72.5431
72.7605
72.9566
73.1329
73.2903
73.4299
73.5527
73.6596
73.7515
73.829
73.8928
73.9438
73.9803
74.0089
74.0291
74.0409
74.0455
74.0442
74.0376
74.0264
74.011
73.9921
73.9701
73.9454
73.9184
73.8895
73.8589
73.8268
73.7935
73.7592
73.7239
73.6892
69.0818
69.6998
70.2627
70.7451
71.1794
71.5679
71.9179
72.2351
72.5229
72.784
73.0202
73.234
73.4268
73.5995
73.753
73.8884
74.0064
74.1078
74.1932
74.2632
74.3188
74.358
74.388
74.4086
74.4197
74.4226
74.4188
74.4089
74.3938
74.374
74.3501
74.3228
74.2925
74.2596
74.2245
74.1876
74.149
74.1092
74.0683
74.0263
73.9849
69.0864
69.7469
70.3485
70.8638
71.3284
71.7448
72.1209
72.4628
72.7741
73.0574
73.3145
73.5479
73.7591
73.9488
74.1178
74.267
74.3971
74.5088
74.6027
74.6793
74.7395
74.7811
74.8122
74.8326
74.8421
74.8425
74.8352
74.821
74.8008
74.7753
74.7454
74.7115
74.6742
74.6341
74.5916
74.547
74.5007
74.4531
74.4043
74.3543
74.3051
69.0941
69.8025
70.4476
71.0002
71.4989
71.9466
72.3521
72.7217
73.0594
73.3676
73.6479
73.9033
74.135
74.3436
74.5297
74.6941
74.8374
74.9603
75.0632
75.1467
75.2114
75.255
75.2866
75.3059
75.3129
75.3095
75.2974
75.2775
75.2507
75.2181
75.1803
75.1383
75.0924
75.0435
74.9919
74.9381
74.8825
74.8255
74.7673
74.7081
74.6495
69.1059
69.8682
70.5622
71.1568
71.6939
72.1769
72.6155
73.0164
73.3836
73.7197
74.0262
74.3061
74.5607
74.7903
74.9953
75.1765
75.3344
75.4693
75.5818
75.6722
75.7411
75.7861
75.8171
75.8341
75.8372
75.8284
75.8097
75.7822
75.747
75.7051
75.6576
75.6053
75.5489
75.4891
75.4264
75.3615
75.2947
75.2265
75.1571
75.0867
75.0172
69.1228
69.9458
70.6948
71.3368
71.9173
72.4402
72.916
73.3521
73.7526
74.1202
74.456
74.7634
75.0437
75.2967
75.5228
75.7225
75.8962
76.0442
76.1666
76.2637
76.3363
76.3814
76.4104
76.4234
76.4206
76.4044
76.3767
76.3392
76.293
76.2394
76.1795
76.1144
76.0448
75.9716
75.8954
75.8169
75.7365
75.6549
75.5722
75.4886
75.4062
69.1463
70.0375
70.8485
71.5442
72.1737
72.7416
73.2596
73.7356
74.1737
74.5768
74.9457
75.2841
75.5932
75.8725
76.1219
76.3421
76.533
76.6947
76.8273
76.9308
77.0058
77.0494
77.0744
77.081
77.0696
77.0429
77.0033
76.9525
76.892
76.8233
76.7478
76.6665
76.5805
76.4907
76.3979
76.303
76.2062
76.1084
76.0098
75.9107
75.8129
69.178
70.1463
71.0274
71.7839
72.4688
73.0878
73.6538
74.175
74.6559
75.0992
75.5055
75.879
76.2205
76.5292
76.8048
77.0474
77.2569
77.433
77.5756
77.6844
77.7601
77.7996
77.8176
77.8144
77.7908
77.7497
77.6939
77.6257
77.5466
77.4585
77.363
77.2615
77.155
77.0448
76.9317
76.8167
76.7001
76.583
76.4655
76.348
76.2322
69.2199
70.2756
71.2361
72.0618
72.8098
73.4871
74.1077
74.6805
75.2102
75.6994
76.1483
76.5615
76.9398
77.2815
77.5861
77.8533
78.0826
78.2735
78.4253
78.5377
78.6111
78.6428
78.6496
78.6319
78.5909
78.5301
78.4528
78.3614
78.2582
78.1453
78.0245
77.8974
77.7655
77.63
77.492
77.3526
77.2123
77.0721
76.9322
76.793
76.6563
69.2748
70.4299
71.4807
72.3855
73.2056
73.9496
74.6329
75.2649
75.8507
76.3925
76.89
77.3486
77.7685
78.1475
78.4842
78.7781
79.0283
79.2336
79.393
79.5059
79.5724
79.5908
79.5804
79.5417
79.4764
79.3888
79.2826
79.1608
79.0263
78.8815
78.7285
78.5694
78.4059
78.2393
78.0711
77.9023
77.7335
77.5659
77.3998
77.2354
77.0745
69.3458
70.6147
71.769
72.7646
73.6677
74.4885
75.2442
75.9447
76.5952
77.1977
77.7511
78.2615
78.7289
79.1497
79.522
79.8446
80.116
80.3344
80.4982
80.6065
80.6592
80.6562
80.6201
80.5513
80.4524
80.3283
80.1836
80.0221
79.847
79.6614
79.4679
79.2689
79.0663
78.8617
78.6568
78.4529
78.2504
78.0507
77.8541
77.6608
77.4724
69.4373
70.8372
72.1108
73.2115
74.2106
75.1207
75.9606
76.7409
77.4667
78.1397
78.7578
79.3279
79.8493
80.3171
80.7283
81.081
81.3728
81.601
81.7637
81.8593
81.8876
81.8515
81.7777
81.6664
81.5211
81.3478
81.1522
80.9387
80.7115
80.4742
80.2299
79.9814
79.731
79.4806
79.2318
78.9863
78.7445
78.5078
78.2764
78.0506
77.8316
69.5546
71.1067
72.5189
73.7422
74.8534
75.8683
76.8071
77.6811
78.4955
79.2511
79.9444
80.5832
81.1662
81.6864
82.1394
82.5223
82.8315
83.0635
83.2155
83.2856
83.2736
83.1874
83.0592
82.8882
82.6796
82.4406
82.1779
81.8973
81.6037
81.3014
80.9943
80.6853
80.3772
80.0721
79.7719
79.4782
79.1914
78.9128
78.6428
78.3812
78.1293
69.7049
71.4354
73.0103
74.3781
75.6217
76.7608
77.817
78.8024
79.7219
80.5749
81.3561
82.0744
82.7273
83.3051
83.8015
84.2121
84.532
84.7564
84.8819
84.9066
84.8308
84.6701
84.4642
84.2107
83.9163
83.5901
83.2404
82.8741
82.4972
82.1147
81.731
81.3495
80.9732
80.6044
80.245
79.8968
79.5599
79.2355
78.9239
78.6245
78.3386
69.8973
71.8396
73.6077
75.148
76.55
77.8382
79.0357
80.1551
81.2006
82.1697
83.0541
83.8642
84.5957
85.2349
85.7731
86.204
86.5209
86.7181
86.7916
86.7401
86.5654
86.2957
85.9807
85.6142
85.2056
84.7658
84.305
83.8314
83.352
82.8726
82.398
81.9318
81.4771
81.0362
80.6111
80.2033
79.8128
79.4403
79.0859
78.7487
78.4296
70.1441
72.3417
74.3426
76.0919
77.6865
79.1566
80.5267
81.8096
83.0082
84.1168
85.1225
86.0378
86.8553
87.5562
88.1281
88.5626
88.8513
88.9875
88.968
88.7935
88.469
88.0427
87.577
87.059
86.5012
85.9167
85.3176
84.7134
84.1119
83.5191
82.94
82.3784
81.837
81.3179
80.8228
80.353
79.9078
79.4875
79.0921
78.7196
78.3713
70.4613
72.9723
75.259
77.2666
79.0999
80.7961
82.3809
83.8668
85.2537
86.5305
87.6783
88.7114
89.618
90.372
90.9567
91.3611
91.5759
91.595
91.418
91.0507
90.5046
89.8583
89.1898
88.4742
87.7274
86.9648
86.1998
85.4428
84.7016
83.9822
83.289
82.6252
81.9929
81.3936
80.8282
80.2978
79.8007
79.3367
78.9053
78.5039
78.1338
70.8714
73.7762
76.4221
78.7568
80.8935
82.8775
84.7355
86.4779
88.0992
89.5792
90.8899
92.0479
93.0345
93.8142
94.3649
94.6748
94.7357
94.5461
94.1131
93.4528
92.5884
91.6431
90.7115
89.7484
88.7725
87.801
86.8474
85.9216
85.0303
84.1783
83.3686
82.6029
81.8821
81.2066
80.5765
79.9918
79.45
78.9505
78.4925
78.0722
77.6916
71.398
74.8052
77.9126
80.67
83.2006
85.5575
87.7684
89.8374
91.7491
93.4683
94.9537
96.2244
97.2525
97.9907
98.4137
98.5129
98.2879
97.7496
96.9213
95.8374
94.5396
93.2118
91.9609
90.7092
89.4763
88.2792
87.1296
86.0345
84.9976
84.021
83.105
82.2491
81.4521
80.7128
80.0301
79.4034
78.8291
78.3064
77.8343
77.4087
77.0326
72.0768
76.1028
79.789
83.0775
86.1052
88.9312
91.581
94.047
96.2956
98.2661
99.9001
101.222
102.192
102.755
102.889
102.599
101.908
100.849
99.4752
97.8465
96.0274
94.2719
92.6851
91.1437
89.6651
88.263
86.9436
85.7083
84.5562
83.4849
82.4911
81.5714
80.7222
79.9406
79.2244
78.5722
77.9805
77.4484
76.9756
76.5585
76.202
72.8962
77.659
82.0337
85.9544
89.5758
92.9578
96.1181
99.0281
101.623
103.804
105.497
106.737
107.48
107.669
107.306
106.43
105.097
103.383
101.371
99.1519
96.8076
94.6549
92.778
91.0002
89.3327
87.783
86.3492
85.0255
83.8051
82.681
81.6462
80.6942
79.8195
79.0177
78.2856
77.6221
77.0236
76.4906
76.0244
75.6229
75.2944
73.8186
79.4641
84.6622
89.3391
93.6687
97.703
101.438
104.813
107.714
109.993
111.574
112.519
112.792
112.363
111.279
109.634
107.534
105.097
102.439
99.6665
96.8688
94.4043
92.3193
90.3841
88.6011
86.9701
85.4807
84.1194
82.8743
81.7342
80.689
79.7299
78.8494
78.0424
77.3055
76.6375
76.0361
75.5033
75.0432
74.6569
74.3579
74.821
81.5272
87.7099
93.2896
98.4548
103.237
107.588
111.392
114.479
116.645
117.851
118.214
117.735
116.442
114.456
111.935
109.037
105.91
102.685
99.4683
96.3394
93.6736
91.4718
89.4588
87.6287
85.9743
84.4772
83.118
81.8804
80.7504
79.7155
78.7651
77.891
77.087
76.3499
75.6791
75.0729
74.5358
74.075
73.6965
73.4218
75.8831
83.8688
91.2294
97.8813
104.016
109.621
114.568
118.67
121.701
123.429
123.922
123.389
121.897
119.565
116.598
113.213
109.596
105.901
102.249
98.7329
95.4076
92.6462
90.4057
88.3795
86.5548
84.9186
83.4468
82.1155
80.9058
79.8016
78.7888
77.856
76.9942
76.1969
75.4607
74.7854
74.1701
73.6211
73.1489
72.7655
72.5032
76.9761
86.5107
95.2792
103.193
110.42
116.863
122.279
126.399
128.993
129.874
129.309
127.621
124.959
121.542
117.653
113.532
109.356
105.26
101.342
97.6657
94.2601
91.4853
89.2624
87.2669
85.4813
83.8888
82.4611
81.1719
80.0005
78.9296
77.9444
77.0329
76.1854
75.3956
74.6596
73.9774
73.3482
72.7795
72.2837
71.8799
71.6117
78.0678
89.4815
99.926
109.299
117.696
124.874
130.456
134.149
135.824
135.461
133.595
130.631
126.79
122.39
117.754
113.094
108.549
104.219
100.173
96.446
93.0439
90.3098
88.1389
86.1995
84.4712
82.9347
81.5598
80.3183
79.1888
78.1534
77.197
76.3071
75.4741
74.6911
73.9543
73.2633
72.6164
72.022
71.4909
71.0512
70.752
79.129
92.8218
105.247
116.255
125.788
133.405
138.647
141.344
141.631
139.775
136.554
132.363
127.477
122.303
117.152
112.158
107.41
102.98
98.9076
95.2031
91.8559
89.193
87.0918
85.2201
83.5561
82.0797
80.7592
79.5659
78.4777
77.4768
76.548
75.6787
74.8589
74.082
73.3435
72.6427
71.9763
71.3528
70.7769
70.2886
69.9258
80.1366
96.588
111.323
124.066
134.498
142.003
146.238
147.39
145.997
142.649
138.217
132.972
127.256
121.562
116.117
110.955
106.128
101.69
97.6549
94.0157
90.751
88.1731
86.1477
84.3467
82.7475
81.33
80.0619
78.9141
77.8646
76.8956
75.9921
75.1412
74.3333
73.5614
72.8207
72.1102
71.4242
70.771
70.1444
69.5991
69.1334
81.0809
100.853
118.215
132.611
143.411
150.032
152.6
151.872
148.802
144.205
138.813
132.717
126.412
120.44
114.873
109.654
104.829
100.439
96.4786
92.9268
89.7563
87.2666
85.3163
83.5833
82.0454
80.6827
79.4629
78.3565
77.3418
76.4015
75.5203
74.6858
73.888
73.1203
72.3774
71.6578
70.9533
70.2718
69.5928
68.9871
68.3744
81.9632
105.703
125.914
141.581
151.919
156.849
157.316
154.704
150.23
144.746
138.63
131.863
125.201
119.148
113.571
108.363
103.59
99.2819
95.4123
91.9558
88.8812
86.4774
84.5971
82.9263
81.4439
80.1305
78.9538
77.884
76.9
75.9847
75.123
74.3025
73.5135
72.7492
72.0041
71.2764
70.5556
69.8487
69.1194
68.4534
67.6508
82.8111
111.222
134.281
150.449
159.347
161.998
160.303
156.091
150.628
144.605
137.915
130.63
123.825
117.834
112.305
107.147
102.456
98.2435
94.4694
91.107
88.1235
85.7993
83.9826
82.3672
80.9335
79.6634
78.5242
77.4862
76.5287
75.6348
74.7899
73.9814
73.1997
72.4383
71.6913
70.9567
70.222
69.493
68.7193
67.9958
66.9668
83.6371
117.331
142.851
158.462
165.106
165.315
161.749
156.4
150.365
144.064
136.87
129.209
122.442
116.592
111.134
106.045
101.448
97.3318
93.6498
90.3755
87.475
85.2221
83.4617
81.8957
80.5052
79.2728
78.1662
77.1555
76.2207
75.3452
74.5146
73.7162
72.9407
72.1818
71.4332
70.6927
69.9467
69.1993
68.3891
67.612
66.3337
84.3858
123.738
151.011
165.029
169.009
167.015
162.066
156.056
149.775
143.346
135.655
127.774
121.177
115.479
110.085
105.075
100.571
96.5454
92.9473
89.7521
86.9257
84.7339
83.0181
81.4924
80.1392
78.9399
77.8615
76.8745
75.9596
75.1
74.2819
73.4923
72.7226
71.9663
71.217
70.4725
69.718
68.9559
68.1193
67.2957
65.7543
84.2723
130.438
158.671
170.161
171.353
167.535
161.675
155.374
149.07
142.579
134.336
126.411
120.125
114.577
109.225
104.288
99.8703
95.9226
92.3956
89.2659
86.4993
84.375
82.7002
81.2043
79.8784
78.7035
77.6458
76.6757
75.7749
74.9264
74.1165
73.3327
72.5663
71.8115
71.0612
70.3135
69.5525
68.7794
67.9251
67.0723
65.2759
85.8868
137.897
165.03
173.13
172.161
167.019
160.482
154.032
147.81
141.297
132.388
124.386
118.487
113.201
107.981
103.178
98.895
95.0704
91.6542
88.6248
85.9446
83.8685
82.2611
80.8137
79.5289
78.3903
77.3637
76.4195
75.5402
74.7089
73.9126
73.1385
72.379
71.6283
70.8794
70.1303
69.3653
68.5828
67.7163
66.8413
64.9462
71.8191
71.818
71.8169
71.8156
71.8142
71.8128
71.8112
71.8095
71.8077
71.8057
71.8036
71.8013
71.7988
71.7962
71.7933
71.7902
71.7868
71.7831
71.7792
71.7749
71.7702
71.7651
71.7596
71.7536
71.7472
71.7401
71.7324
71.7241
71.715
71.7051
71.6943
71.6827
71.67
71.6561
71.6411
71.6249
71.6072
71.588
71.5673
71.5448
71.5206
71.4944
71.4662
71.4359
71.4033
71.3685
71.3312
71.2915
71.2493
71.2046
71.1573
71.1076
71.0554
71.0009
70.9442
70.8854
70.8248
70.7625
70.6989
70.6341
70.5685
70.5025
70.4364
70.3704
70.3051
70.2406
70.1774
70.1158
70.0562
69.9989
69.9446
69.8931
69.848
69.7999
71.8472
71.8465
71.8454
71.844
71.8424
71.8408
71.8391
71.8372
71.8352
71.8331
71.8307
71.8282
71.8254
71.8225
71.8193
71.8158
71.812
71.808
71.8035
71.7988
71.7936
71.7879
71.7818
71.7752
71.7681
71.7603
71.7518
71.7426
71.7327
71.7219
71.7102
71.6975
71.6837
71.6688
71.6526
71.6352
71.6163
71.5959
71.5739
71.5502
71.5247
71.4973
71.4679
71.4364
71.4027
71.3668
71.3285
71.2879
71.2449
71.1995
71.1517
71.1015
71.0491
70.9944
70.9376
70.8788
70.8183
70.7563
70.6929
70.6284
70.5632
70.4976
70.4318
70.3662
70.3011
70.2369
70.1739
70.1125
70.0531
69.9959
69.9419
69.8899
69.8467
69.7921
71.8869
71.8864
71.8854
71.8839
71.8822
71.8805
71.8787
71.8768
71.8746
71.8723
71.8698
71.8671
71.8642
71.8611
71.8577
71.8539
71.8499
71.8456
71.8408
71.8357
71.8301
71.8241
71.8175
71.8104
71.8027
71.7943
71.7852
71.7753
71.7646
71.753
71.7404
71.7268
71.712
71.6961
71.6788
71.6601
71.64
71.6183
71.5949
71.5697
71.5427
71.5137
71.4827
71.4496
71.4142
71.3766
71.3367
71.2944
71.2498
71.2027
71.1533
71.1016
71.0477
70.9916
70.9336
70.8737
70.8121
70.7491
70.6849
70.6198
70.5541
70.4881
70.422
70.3563
70.2913
70.2272
70.1645
70.1034
70.0444
69.9875
69.9339
69.8815
69.8394
69.7774
71.9525
71.952
71.951
71.9494
71.9476
71.9457
71.9438
71.9416
71.9392
71.9367
71.934
71.931
71.9277
71.9242
71.9204
71.9162
71.9117
71.9068
71.9015
71.8957
71.8894
71.8826
71.8752
71.8671
71.8584
71.8489
71.8386
71.8275
71.8154
71.8023
71.7881
71.7728
71.7562
71.7383
71.719
71.6982
71.6758
71.6517
71.6259
71.5982
71.5685
71.5368
71.503
71.4671
71.429
71.3886
71.3459
71.3009
71.2536
71.204
71.1522
71.0983
71.0423
70.9843
70.9246
70.8632
70.8004
70.7364
70.6715
70.6058
70.5397
70.4735
70.4075
70.3419
70.2772
70.2135
70.1513
70.0907
70.0323
69.9759
69.9229
69.8701
69.8292
69.7602
72.0332
72.0327
72.0317
72.0299
72.0279
72.0258
72.0236
72.0211
72.0185
72.0156
72.0125
72.0091
72.0054
72.0014
71.997
71.9923
71.9871
71.9815
71.9754
71.9688
71.9616
71.9538
71.9453
71.9361
71.9261
71.9152
71.9034
71.8907
71.8768
71.8619
71.8457
71.8283
71.8094
71.7891
71.7673
71.7438
71.7186
71.6916
71.6626
71.6318
71.5989
71.5638
71.5267
71.4873
71.4457
71.4018
71.3557
71.3074
71.2569
71.2043
71.1495
71.0929
71.0344
70.9742
70.9125
70.8494
70.7852
70.7201
70.6542
70.588
70.5216
70.4553
70.3894
70.3242
70.2599
70.1969
70.1354
70.0756
70.018
69.9623
69.91
69.8572
69.8172
69.7428
72.1342
72.1335
72.1325
72.1304
72.128
72.1256
72.123
72.1202
72.1171
72.1137
72.1101
72.1061
72.1018
72.0971
72.092
72.0864
72.0803
72.0737
72.0666
72.0588
72.0503
72.0411
72.0311
72.0203
72.0085
71.9958
71.982
71.9671
71.9509
71.9335
71.9147
71.8945
71.8727
71.8493
71.8242
71.7972
71.7685
71.7377
71.705
71.6701
71.6332
71.5941
71.5527
71.5092
71.4634
71.4155
71.3654
71.3132
71.2589
71.2027
71.1447
71.0849
71.0236
70.9609
70.897
70.8321
70.7664
70.7001
70.6335
70.5667
70.5001
70.4339
70.3683
70.3035
70.2399
70.1777
70.1171
70.0583
70.0016
69.9468
69.8955
69.843
69.804
69.7265
72.2534
72.2524
72.2511
72.2486
72.2458
72.2429
72.2399
72.2365
72.2328
72.2287
72.2244
72.2196
72.2144
72.2088
72.2026
72.1959
72.1887
72.1808
72.1722
72.1629
72.1527
72.1418
72.1299
72.117
72.103
72.0879
72.0715
72.0539
72.0349
72.0144
71.9923
71.9686
71.9432
71.916
71.8869
71.8559
71.8228
71.7876
71.7503
71.7108
71.6691
71.6252
71.5791
71.5308
71.4803
71.4278
71.3732
71.3166
71.2583
71.1982
71.1366
71.0735
71.0093
70.944
70.8779
70.8112
70.744
70.6766
70.6092
70.5421
70.4754
70.4094
70.3442
70.2802
70.2175
70.1563
70.0968
70.0391
69.9837
69.9301
69.8799
69.8281
69.7898
69.7126
72.392
72.3907
72.389
72.386
72.3826
72.379
72.3753
72.3711
72.3666
72.3617
72.3563
72.3505
72.3441
72.3373
72.3298
72.3216
72.3128
72.3032
72.2928
72.2815
72.2692
72.2559
72.2416
72.226
72.2092
72.1911
72.1716
72.1505
72.1279
72.1036
72.0776
72.0497
72.0199
71.988
71.9542
71.9182
71.88
71.8396
71.797
71.7522
71.7051
71.6558
71.6043
71.5507
71.495
71.4374
71.378
71.3168
71.2541
71.19
71.1247
71.0584
70.9912
70.9234
70.8552
70.7867
70.7182
70.6499
70.5819
70.5146
70.448
70.3824
70.3179
70.2547
70.1931
70.1331
70.0749
70.0186
69.9646
69.9123
69.8634
69.8128
69.7752
69.7013
72.5502
72.5483
72.5462
72.5424
72.5382
72.5338
72.5291
72.5239
72.5183
72.5122
72.5055
72.4983
72.4905
72.482
72.4728
72.4627
72.4519
72.4401
72.4273
72.4135
72.3986
72.3824
72.3649
72.3461
72.3258
72.304
72.2805
72.2553
72.2283
72.1994
72.1685
72.1356
72.1006
72.0633
72.0239
71.9822
71.9382
71.8919
71.8433
71.7924
71.7393
71.684
71.6267
71.5673
71.5061
71.4432
71.3787
71.3128
71.2457
71.1776
71.1087
71.0391
70.9691
70.899
70.8288
70.7588
70.6892
70.6202
70.552
70.4846
70.4184
70.3534
70.2897
70.2276
70.1672
70.1085
70.0518
69.997
69.9445
69.8937
69.8463
69.7974
69.7603
69.6922
72.7288
72.7262
72.7233
72.7186
72.7132
72.7077
72.7018
72.6953
72.6883
72.6806
72.6723
72.6633
72.6536
72.643
72.6315
72.6191
72.6056
72.5911
72.5754
72.5584
72.5401
72.5203
72.499
72.4761
72.4516
72.4252
72.3969
72.3667
72.3344
72.3001
72.2635
72.2246
72.1835
72.14
72.0941
72.0459
71.9953
71.9423
71.8871
71.8296
71.7699
71.7083
71.6447
71.5793
71.5124
71.444
71.3744
71.3038
71.2324
71.1604
71.088
71.0154
70.9429
70.8707
70.7989
70.7277
70.6574
70.5879
70.5196
70.4526
70.3869
70.3227
70.2601
70.1992
70.1401
70.0829
70.0278
69.9746
69.9237
69.8747
69.8289
69.7819
69.7454
69.6847
72.9284
72.9248
72.9209
72.915
72.9082
72.9012
72.8937
72.8855
72.8766
72.867
72.8566
72.8453
72.8331
72.8198
72.8055
72.7901
72.7734
72.7554
72.736
72.715
72.6925
72.6684
72.6424
72.6146
72.5848
72.5529
72.519
72.4828
72.4443
72.4035
72.3602
72.3146
72.2664
72.2158
72.1627
72.1072
72.0493
71.989
71.9266
71.862
71.7954
71.727
71.657
71.5855
71.5128
71.439
71.3644
71.2892
71.2137
71.1381
71.0626
70.9874
70.9127
70.8388
70.7657
70.6937
70.6229
70.5534
70.4854
70.4188
70.354
70.2908
70.2294
70.1699
70.1123
70.0567
70.0032
69.9518
69.9026
69.8553
69.8111
69.7665
69.7304
69.6779
73.1498
73.1449
73.1397
73.1321
73.1235
73.1146
73.1051
73.0947
73.0834
73.0713
73.0581
73.0439
73.0286
73.012
72.9942
72.9749
72.9542
72.9319
72.9079
72.8822
72.8546
72.825
72.7934
72.7596
72.7236
72.6852
72.6445
72.6013
72.5556
72.5074
72.4565
72.4031
72.3471
72.2885
72.2274
72.1639
72.0981
72.03
71.9599
71.8879
71.8142
71.739
71.6624
71.5848
71.5064
71.4274
71.3481
71.2687
71.1895
71.1106
71.0324
70.955
70.8786
70.8034
70.7295
70.6571
70.5862
70.517
70.4495
70.3838
70.32
70.2581
70.1981
70.1401
70.0841
70.0302
69.9784
69.9287
69.8813
69.8358
69.7933
69.751
69.7156
69.6711
73.3937
73.387
73.38
73.3703
73.3595
73.3481
73.336
73.3228
73.3085
73.2932
73.2766
73.2587
73.2395
73.2187
73.1965
73.1725
73.1468
73.1192
73.0897
73.0581
73.0243
72.9882
72.9498
72.909
72.8656
72.8197
72.7711
72.7198
72.6659
72.6092
72.5498
72.4877
72.4229
72.3557
72.286
72.2139
72.1397
72.0635
71.9855
71.9059
71.825
71.7429
71.66
71.5766
71.4928
71.4089
71.3253
71.2421
71.1596
71.0781
70.9977
70.9186
70.8409
70.7649
70.6906
70.6182
70.5476
70.479
70.4124
70.3478
70.2853
70.2248
70.1664
70.11
70.0558
70.0036
69.9536
69.9057
69.86
69.8164
69.7755
69.7356
69.701
69.6637
73.6608
73.6518
73.6424
73.63
73.6162
73.6017
73.5863
73.5695
73.5515
73.5321
73.5112
73.4887
73.4646
73.4387
73.411
73.3813
73.3495
73.3155
73.2792
73.2405
73.1994
73.1556
73.1092
73.0601
73.0082
72.9535
72.896
72.8355
72.7722
72.7061
72.6373
72.5657
72.4916
72.415
72.3362
72.2552
72.1723
72.0878
72.0019
71.9147
71.8267
71.7381
71.6492
71.5602
71.4715
71.3833
71.2959
71.2095
71.1244
71.0407
70.9587
70.8784
70.8001
70.7238
70.6495
70.5775
70.5076
70.4399
70.3745
70.3112
70.2502
70.1913
70.1345
70.0799
70.0274
69.9771
69.9289
69.8828
69.8389
69.7971
69.7579
69.7202
69.6866
69.6556
73.9514
73.9394
73.927
73.9111
73.8935
73.8751
73.8554
73.8342
73.8114
73.7869
73.7607
73.7325
73.7024
73.6702
73.6358
73.599
73.5598
73.5181
73.4738
73.4268
73.3769
73.3242
73.2685
73.2099
73.1482
73.0836
73.0159
72.9453
72.8717
72.7954
72.7163
72.6346
72.5505
72.4642
72.3759
72.2859
72.1943
72.1015
72.0077
71.9134
71.8187
71.7239
71.6295
71.5356
71.4426
71.3507
71.2602
71.1712
71.0841
70.9989
70.9159
70.835
70.7565
70.6804
70.6067
70.5354
70.4665
70.4001
70.336
70.2743
70.2149
70.1578
70.1028
70.0501
69.9994
69.9509
69.9045
69.8602
69.8181
69.7781
69.7405
69.7051
69.6724
69.6467
74.2655
74.2498
74.2333
74.213
74.1907
74.1673
74.1423
74.1155
74.0868
74.056
74.0231
73.988
73.9506
73.9106
73.8681
73.8229
73.775
73.7241
73.6703
73.6135
73.5535
73.4904
73.4242
73.3547
73.2821
73.2064
73.1276
73.0458
72.9612
72.8738
72.784
72.6917
72.5974
72.5012
72.4034
72.3043
72.2042
72.1035
72.0023
71.9012
71.8004
71.7002
71.6009
71.5028
71.4062
71.3113
71.2184
71.1277
71.0392
70.9532
70.8698
70.7889
70.7107
70.6352
70.5625
70.4923
70.4248
70.3599
70.2975
70.2375
70.1799
70.1246
70.0715
70.0206
69.9718
69.9252
69.8806
69.8381
69.7977
69.7595
69.7235
69.6901
69.6584
69.6372
74.6029
74.5822
74.5606
74.5347
74.5065
74.4768
74.4453
74.4115
74.3754
74.3369
74.2959
74.2523
74.206
74.1568
74.1046
74.0494
73.9911
73.9295
73.8647
73.7966
73.7251
73.6503
73.5721
73.4907
73.406
73.3182
73.2274
73.1338
73.0375
72.9387
72.8377
72.7348
72.6302
72.5242
72.4171
72.3094
72.2012
72.093
71.9852
71.878
71.7718
71.6669
71.5636
71.4622
71.3628
71.2658
71.1713
71.0795
70.9904
70.9042
70.8209
70.7406
70.6633
70.5889
70.5174
70.4487
70.3828
70.3196
70.259
70.2009
70.1452
70.0918
70.0407
69.9917
69.9448
69.9
69.8572
69.8165
69.7778
69.7412
69.7068
69.6753
69.6447
69.6271
74.9621
74.9352
74.907
74.8742
74.8386
74.8011
74.7614
74.719
74.6739
74.6261
74.5753
74.5215
74.4645
74.4043
74.3408
74.2739
74.2035
74.1297
74.0523
73.9714
73.8871
73.7992
73.708
73.6136
73.516
73.4154
73.312
73.2061
73.0978
72.9874
72.8754
72.7618
72.6472
72.5318
72.416
72.3002
72.1847
72.07
71.9562
71.8439
71.7332
71.6246
71.5182
71.4143
71.3131
71.2148
71.1194
71.0273
70.9383
70.8525
70.77
70.6907
70.6146
70.5417
70.4718
70.4049
70.3409
70.2796
70.2209
70.1648
70.1111
70.0597
70.0105
69.9635
69.9185
69.8755
69.8345
69.7954
69.7584
69.7235
69.6906
69.6609
69.6313
69.6166
75.341
75.3062
75.2698
75.2282
75.1835
75.1365
75.0867
75.0339
74.978
74.9188
74.8563
74.7904
74.7209
74.6479
74.5713
74.491
74.4069
74.3192
74.2279
74.1329
74.0345
73.9326
73.8274
73.7192
73.608
73.4942
73.378
73.2596
73.1394
73.0178
72.8949
72.7713
72.6473
72.5233
72.3996
72.2766
72.1548
72.0344
71.9158
71.7993
71.6853
71.5739
71.4654
71.3599
71.2578
71.159
71.0636
70.9718
70.8835
70.7988
70.7175
70.6398
70.5653
70.4942
70.4262
70.3613
70.2993
70.2401
70.1835
70.1295
70.0778
70.0284
69.9812
69.936
69.8929
69.8517
69.8124
69.7751
69.7397
69.7064
69.6748
69.6469
69.6183
69.606
75.7359
75.6912
75.6444
75.5921
75.5363
75.4776
75.4158
75.3504
75.2815
75.209
75.1328
75.0528
74.9689
74.8812
74.7897
74.6943
74.5951
74.4922
74.3856
74.2755
74.1621
74.0454
73.9258
73.8034
73.6785
73.5515
73.4225
73.2921
73.1605
73.0281
72.8952
72.7624
72.6299
72.4983
72.3677
72.2388
72.1117
71.9869
71.8646
71.7451
71.6287
71.5156
71.406
71.3
71.1977
71.0993
71.0046
70.9138
70.8269
70.7437
70.6642
70.5883
70.5158
70.4468
70.3809
70.3182
70.2584
70.2013
70.1469
70.095
70.0454
69.998
69.9527
69.9095
69.8682
69.8288
69.7912
69.7554
69.7215
69.6898
69.6596
69.6332
69.6056
69.5954
76.1411
76.0842
76.0248
75.9594
75.8901
75.8174
75.7412
75.6611
75.577
75.489
75.397
75.3009
75.2008
75.0968
74.9888
74.877
74.7614
74.6422
74.5196
74.3937
74.2648
74.1331
73.999
73.8626
73.7243
73.5845
73.4435
73.3017
73.1596
73.0174
72.8757
72.7348
72.5952
72.4571
72.3211
72.1874
72.0563
71.9283
71.8035
71.6822
71.5647
71.4509
71.3412
71.2355
71.134
71.0366
70.9433
70.8541
70.769
70.6878
70.6104
70.5367
70.4665
70.3998
70.3363
70.2758
70.2183
70.1635
70.1112
70.0615
70.0139
69.9686
69.9253
69.8839
69.8444
69.8066
69.7707
69.7365
69.7041
69.6738
69.6449
69.62
69.5932
69.5848
76.5487
76.477
76.4021
76.3212
76.2358
76.1468
76.0538
75.9566
75.8551
75.7495
75.6398
75.526
75.4081
75.2863
75.1608
75.0316
74.8989
74.7629
74.624
74.4823
74.3381
74.1917
74.0435
73.8938
73.743
73.5914
73.4395
73.2876
73.1363
72.9857
72.8365
72.689
72.5436
72.4006
72.2605
72.1234
71.9898
71.8599
71.7339
71.6119
71.4942
71.3809
71.2719
71.1674
71.0674
70.9717
70.8804
70.7934
70.7105
70.6317
70.5567
70.4855
70.4178
70.3535
70.2925
70.2344
70.1792
70.1267
70.0767
70.0291
69.9836
69.9402
69.8988
69.8593
69.8215
69.7854
69.751
69.7183
69.6873
69.6584
69.6307
69.6072
69.5813
69.5745
76.9476
76.8583
76.7652
76.6659
76.562
76.4541
76.342
76.2255
76.1048
75.9799
75.851
75.7181
75.5815
75.4412
75.2975
75.1507
75.0009
74.8484
74.6936
74.5367
74.3781
74.2181
74.057
73.8953
73.7333
73.5715
73.4102
73.2498
73.0908
72.9336
72.7785
72.626
72.4764
72.3301
72.1873
72.0484
71.9136
71.783
71.657
71.5355
71.4187
71.3067
71.1993
71.0968
70.9988
70.9055
70.8167
70.7322
70.652
70.5759
70.5036
70.435
70.37
70.3083
70.2498
70.1942
70.1414
70.0912
70.0434
69.9978
69.9544
69.913
69.8734
69.8356
69.7995
69.765
69.7321
69.7009
69.6712
69.6436
69.6171
69.5949
69.5697
69.5644
77.3235
77.2136
77.0994
76.9793
76.8544
76.7255
76.5924
76.4551
76.3137
76.1684
76.0195
75.8671
75.7115
75.5529
75.3915
75.2277
75.0617
74.8938
74.7244
74.5538
74.3824
74.2104
74.0383
73.8664
73.6951
73.5249
73.3561
73.1891
73.0244
72.8622
72.7031
72.5473
72.3952
72.2471
72.1032
71.9638
71.8291
71.6992
71.5743
71.4543
71.3393
71.2294
71.1245
71.0244
70.9292
70.8387
70.7528
70.6713
70.594
70.5207
70.4513
70.3856
70.3233
70.2643
70.2083
70.1552
70.1048
70.0569
70.0113
69.9678
69.9264
69.8869
69.8491
69.813
69.7785
69.7455
69.7141
69.6842
69.6558
69.6294
69.604
69.583
69.5586
69.5545
77.658
77.5249
77.3872
77.244
77.0965
76.9451
76.7898
76.6309
76.4684
76.3028
76.1343
75.9631
75.7894
75.6137
75.4362
75.2572
75.077
74.8958
74.7141
74.532
74.35
74.1684
73.9875
73.8078
73.6295
73.453
73.2788
73.1073
72.9388
72.7736
72.6122
72.4549
72.3019
72.1536
72.01
71.8715
71.7381
71.61
71.4871
71.3695
71.2573
71.1502
71.0483
70.9513
70.8593
70.772
70.6893
70.611
70.5368
70.4667
70.4003
70.3374
70.278
70.2217
70.1683
70.1177
70.0696
70.024
69.9805
69.9391
69.8996
69.8619
69.8259
69.7914
69.7584
69.7269
69.6969
69.6683
69.6411
69.6159
69.5915
69.5717
69.5478
69.545
77.9287
77.7707
77.608
77.4406
77.2696
77.0955
76.9183
76.7384
76.556
76.3715
76.1852
75.9974
75.8083
75.6182
75.4274
75.2361
75.0447
74.8533
74.6622
74.4717
74.282
74.0935
73.9065
73.7214
73.5385
73.3581
73.1807
73.0067
72.8363
72.67
72.5081
72.3509
72.1986
72.0514
71.9096
71.7731
71.6422
71.5168
71.3969
71.2826
71.1736
71.07
70.9716
70.8782
70.7898
70.706
70.6268
70.5518
70.4809
70.414
70.3507
70.2908
70.2342
70.1805
70.1298
70.0816
70.0359
69.9924
69.9511
69.9117
69.874
69.8381
69.8037
69.7708
69.7393
69.7092
69.6804
69.6531
69.627
69.603
69.5795
69.5608
69.5376
69.5359
78.1101
77.9267
77.739
77.5479
77.3545
77.1593
76.9624
76.7641
76.5648
76.3649
76.1646
75.9641
75.7636
75.5634
75.3635
75.1642
74.9655
74.7676
74.5708
74.3752
74.1811
73.9887
73.7983
73.6104
73.4252
73.2432
73.0647
72.8901
72.7198
72.5541
72.3933
72.2376
72.0874
71.9427
71.8037
71.6704
71.5428
71.421
71.3049
71.1944
71.0894
70.9897
70.8953
70.8058
70.7212
70.6411
70.5655
70.4941
70.4266
70.3629
70.3027
70.2458
70.192
70.1411
70.0928
70.0471
70.0036
69.9623
69.923
69.8855
69.8497
69.8154
69.7826
69.7512
69.7211
69.6923
69.6648
69.6386
69.6136
69.5907
69.5681
69.5504
69.5277
69.5271
78.1737
77.9669
77.7568
77.5449
77.3326
77.1204
76.9085
76.697
76.4864
76.2768
76.0684
75.8611
75.6551
75.4503
75.2466
75.0442
74.8429
74.6429
74.4442
74.2469
74.0515
73.858
73.6669
73.4785
73.2932
73.1116
72.9338
72.7605
72.5918
72.4282
72.27
72.1173
71.9704
71.8293
71.6941
71.5649
71.4415
71.324
71.2123
71.1062
71.0055
70.9102
70.8199
70.7346
70.654
70.5778
70.5059
70.4381
70.374
70.3136
70.2565
70.2025
70.1515
70.1032
70.0575
70.0141
69.9728
69.9336
69.8962
69.8606
69.8265
69.7938
69.7626
69.7326
69.7038
69.6763
69.6499
69.6249
69.6009
69.5789
69.5571
69.5405
69.5183
69.5186
78.0912
77.8661
77.6394
77.4127
77.1883
76.9665
76.7474
76.5309
76.3172
76.1061
75.8976
75.6913
75.4869
75.2841
75.0828
74.8826
74.6834
74.4853
74.2884
74.0927
73.8986
73.7065
73.5168
73.33
73.1465
72.9668
72.7915
72.6208
72.4553
72.2952
72.1407
71.9921
71.8495
71.7129
71.5825
71.458
71.3395
71.2269
71.12
71.0187
70.9227
70.8319
70.7461
70.6651
70.5885
70.5164
70.4483
70.384
70.3234
70.2662
70.2122
70.1611
70.1128
70.0671
70.0238
69.9826
69.9435
69.9063
69.8708
69.8369
69.8045
69.7734
69.7435
69.7149
69.6874
69.6611
69.6358
69.6118
69.5888
69.5677
69.5467
69.5311
69.5093
69.5105
77.8361
77.6017
77.3686
77.1372
76.9111
76.691
76.4761
76.266
76.0603
75.8584
75.6596
75.4632
75.2684
75.0747
74.8816
74.6887
74.4959
74.3033
74.1109
73.9192
73.7286
73.5396
73.3529
73.1691
72.9888
72.8125
72.6407
72.474
72.3127
72.1571
72.0075
71.8639
71.7265
71.5952
71.4701
71.3511
71.238
71.1306
71.0289
70.9326
70.8415
70.7555
70.6743
70.5976
70.5253
70.457
70.3927
70.332
70.2748
70.2208
70.1698
70.1215
70.0759
70.0327
69.9917
69.9528
69.9157
69.8804
69.8467
69.8145
69.7836
69.7539
69.7255
69.6982
69.6719
69.6466
69.6224
69.5994
69.5773
69.5571
69.5368
69.522
69.5007
69.5027
77.3866
77.157
76.9322
76.7108
76.4982
76.2951
76.0998
75.9108
75.7267
75.5465
75.3685
75.1914
75.0142
74.8359
74.656
74.4743
74.2907
74.1057
73.9196
73.7331
73.5471
73.3623
73.1796
72.9997
72.8235
72.6515
72.4844
72.3226
72.1665
72.0163
71.8723
71.7345
71.6029
71.4776
71.3584
71.2451
71.1377
71.036
70.9397
70.8486
70.7626
70.6814
70.6047
70.5324
70.4643
70.4
70.3394
70.2823
70.2284
70.1775
70.1294
70.0839
70.0408
70
69.9612
69.9244
69.8893
69.8558
69.8238
69.7932
69.7638
69.7356
69.7084
69.6823
69.6571
69.633
69.6097
69.5876
69.5663
69.547
69.5274
69.5135
69.4925
69.4953
76.735
76.5287
76.3323
76.1407
75.9614
75.7953
75.6385
75.4879
75.3409
75.1953
75.0487
74.8992
74.7456
74.5869
74.423
74.2541
74.0806
73.9035
73.7237
73.5426
73.3612
73.1807
73.0022
72.8268
72.6552
72.4881
72.3263
72.1701
72.0198
71.8757
71.7379
71.6064
71.4812
71.3621
71.2491
71.142
71.0405
70.9444
70.8536
70.7678
70.6868
70.6104
70.5383
70.4703
70.4062
70.3458
70.2889
70.2351
70.1844
70.1365
70.0912
70.0483
70.0077
69.9691
69.9325
69.8977
69.8644
69.8327
69.8023
69.7731
69.7451
69.7182
69.6923
69.6673
69.6432
69.62
69.5977
69.5765
69.556
69.5375
69.5185
69.5053
69.4847
69.4883
75.9282
75.7657
75.6201
75.4805
75.3567
75.2485
75.1493
75.0532
74.956
74.8544
74.7454
74.627
74.4982
74.3589
74.2096
74.0515
73.8861
73.7149
73.5398
73.3626
73.1848
73.0079
72.8333
72.662
72.495
72.333
72.1766
72.026
71.8818
71.7438
71.6122
71.487
71.368
71.2552
71.1482
71.0468
70.951
70.8604
70.7747
70.6939
70.6176
70.5456
70.4777
70.4137
70.3534
70.2965
70.2428
70.1922
70.1444
70.0992
70.0564
70.0159
69.9775
69.941
69.9063
69.8732
69.8417
69.8115
69.7825
69.7547
69.728
69.7023
69.6774
69.6535
69.6303
69.608
69.5865
69.5661
69.5463
69.5285
69.5101
69.4976
69.4773
69.4815
75.0556
74.9542
74.8791
74.8112
74.7617
74.7285
74.7003
74.668
74.626
74.5702
74.4976
74.4071
74.2987
74.1738
74.0343
73.8825
73.7211
73.5527
73.3797
73.2043
73.0287
72.8543
72.6828
72.5151
72.3522
72.1948
72.0434
71.8982
71.7594
71.6272
71.5013
71.3819
71.2686
71.1612
71.0596
70.9635
70.8727
70.7869
70.7058
70.6293
70.5571
70.489
70.4248
70.3642
70.3072
70.2533
70.2025
70.1546
70.1092
70.0664
70.0258
69.9873
69.9508
69.9161
69.883
69.8515
69.8214
69.7925
69.7648
69.7382
69.7125
69.6878
69.6639
69.6408
69.6185
69.597
69.5762
69.5565
69.5373
69.5201
69.5022
69.4904
69.4703
69.4751
74.1605
74.1352
74.1493
74.1723
74.2145
74.2698
74.3214
74.3567
74.3691
74.355
74.3129
74.2431
74.148
74.0308
73.8952
73.7449
73.5837
73.415
73.2418
73.0668
72.8921
72.7194
72.5502
72.3856
72.2264
72.0731
71.9262
71.7858
71.6521
71.5249
71.4043
71.29
71.1817
71.0793
70.9825
70.891
70.8045
70.7228
70.6457
70.573
70.5043
70.4396
70.3785
70.321
70.2667
70.2155
70.1671
70.1215
70.0783
70.0375
69.9987
69.962
69.9271
69.894
69.8623
69.8321
69.8032
69.7755
69.7489
69.7233
69.6986
69.6747
69.6516
69.6293
69.6077
69.5869
69.5667
69.5476
69.5289
69.5123
69.4948
69.4835
69.4637
69.4691
73.2661
73.3308
73.4539
73.5874
73.7373
73.8911
74.0259
74.1269
74.1879
74.2075
74.1867
74.1291
74.0395
73.9235
73.7864
73.6336
73.4696
73.2985
73.1236
72.9478
72.7732
72.6016
72.4343
72.2723
72.1163
71.9667
71.8239
71.6878
71.5585
71.4359
71.3198
71.21
71.1062
71.0081
70.9154
70.8278
70.7452
70.6671
70.5934
70.5239
70.4583
70.3965
70.3381
70.2831
70.2312
70.1823
70.136
70.0924
70.051
70.0119
69.9748
69.9396
69.9061
69.8742
69.8438
69.8147
69.7869
69.7602
69.7345
69.7097
69.6858
69.6628
69.6404
69.6188
69.5978
69.5775
69.5579
69.5393
69.5211
69.505
69.4879
69.4771
69.4575
69.4633
72.3837
72.5524
72.8066
73.0714
73.3426
73.5999
73.8159
73.9757
74.0756
74.1185
74.1094
74.0553
73.9643
73.8439
73.7015
73.5433
73.3746
73.1997
73.0223
72.845
72.6702
72.4993
72.3335
72.1738
72.0206
71.8742
71.7349
71.6026
71.4772
71.3586
71.2465
71.1406
71.0406
70.9462
70.8571
70.773
70.6936
70.6186
70.5478
70.4811
70.4181
70.3587
70.3027
70.2499
70.2001
70.1531
70.1086
70.0666
70.0269
69.9892
69.9535
69.9196
69.8873
69.8565
69.8272
69.7991
69.7722
69.7463
69.7214
69.6974
69.6743
69.6518
69.6301
69.6091
69.5886
69.5689
69.5498
69.5316
69.5139
69.4982
69.4814
69.471
69.4516
69.4578
71.5172
71.8047
72.2154
72.6333
73.0353
73.3947
73.6849
73.893
74.0203
74.0756
74.069
74.0113
73.9134
73.785
73.6347
73.4694
73.2949
73.1157
72.9353
72.7564
72.5811
72.4106
72.2462
72.0883
71.9375
71.794
71.6578
71.5288
71.4068
71.2916
71.1829
71.0804
70.9837
70.8925
70.8065
70.7253
70.6487
70.5763
70.5081
70.4437
70.383
70.3257
70.2717
70.2207
70.1726
70.1273
70.0844
70.0438
70.0054
69.969
69.9345
69.9017
69.8705
69.8407
69.8122
69.785
69.7588
69.7337
69.7096
69.6862
69.6637
69.6418
69.6206
69.6001
69.5802
69.5609
69.5422
69.5245
69.5071
69.4917
69.4753
69.4653
69.446
69.4526
70.6681
71.0895
71.6852
72.2776
72.813
73.2673
73.6211
73.8649
74.0078
74.0659
74.0544
73.9878
73.8795
73.7409
73.5814
73.4084
73.2278
73.0441
72.8607
72.6801
72.5041
72.334
72.1706
72.0144
71.8657
71.7246
71.5911
71.4649
71.3458
71.2336
71.1278
71.0282
70.9343
70.8459
70.7625
70.6838
70.6095
70.5394
70.4733
70.4109
70.3521
70.2966
70.2443
70.1949
70.1484
70.1044
70.0628
70.0235
69.9863
69.951
69.9175
69.8856
69.8553
69.8263
69.7987
69.7722
69.7468
69.7223
69.6987
69.676
69.654
69.6326
69.6119
69.5918
69.5723
69.5535
69.5351
69.5178
69.5007
69.4857
69.4695
69.4599
69.4408
69.4477
69.8396
70.4074
71.2194
72.0046
72.6676
73.2051
73.6099
73.8768
74.0248
74.0782
74.0566
73.9777
73.8571
73.7073
73.5382
73.3574
73.1709
72.9829
72.7966
72.6144
72.4378
72.2679
72.1054
71.9506
71.8037
71.6646
71.5334
71.4096
71.293
71.1833
71.0801
70.9829
70.8914
70.8053
70.7241
70.6475
70.5753
70.5071
70.4428
70.3822
70.3249
70.271
70.2201
70.1721
70.1268
70.0841
70.0437
70.0054
69.9692
69.9348
69.9022
69.8712
69.8416
69.8134
69.7864
69.7606
69.7357
69.7118
69.6888
69.6666
69.645
69.6241
69.6038
69.5842
69.565
69.5465
69.5285
69.5115
69.4947
69.48
69.4641
69.4548
69.4358
69.443
69.0397
69.7575
70.8209
71.8101
72.5868
73.1942
73.6369
73.9152
74.0602
74.1036
74.0686
73.9757
73.8421
73.6811
73.5027
73.3145
73.1224
72.9304
72.7415
72.5578
72.3806
72.2109
72.0491
71.8954
71.7501
71.6128
71.4834
71.3617
71.2472
71.1397
71.0385
70.9435
70.8541
70.7699
70.6906
70.6158
70.5453
70.4787
70.416
70.3568
70.301
70.2483
70.1987
70.1519
70.1077
70.0659
70.0265
69.9892
69.9538
69.9203
69.8884
69.8581
69.8292
69.8016
69.7752
69.7499
69.7256
69.7023
69.6797
69.6579
69.6368
69.6163
69.5964
69.577
69.5582
69.5401
69.5224
69.5056
69.4891
69.4747
69.459
69.4499
69.4311
69.4386
68.2807
69.1385
70.4921
71.6851
72.5566
73.2208
73.689
73.9691
74.1057
74.1357
74.0857
73.9785
73.8321
73.6603
73.4731
73.2782
73.081
72.8855
72.6942
72.5091
72.3313
72.1617
72.0005
71.8478
71.7037
71.5679
71.4402
71.3202
71.2075
71.1017
71.0024
70.9091
70.8214
70.7389
70.6612
70.588
70.5189
70.4537
70.3923
70.3343
70.2797
70.2282
70.1796
70.1338
70.0905
70.0497
70.0111
69.9746
69.9399
69.9071
69.8759
69.8462
69.8179
69.7909
69.765
69.7402
69.7164
69.6934
69.6713
69.6499
69.6291
69.609
69.5894
69.5704
69.5519
69.534
69.5166
69.5001
69.4839
69.4697
69.4541
69.4454
69.4267
69.4343
67.5745
68.5491
70.2336
71.6163
72.5635
73.2728
73.7554
74.0306
74.1551
74.1702
74.1049
73.9836
73.8252
73.6434
73.4484
73.2473
73.0456
72.8468
72.6534
72.4671
72.2888
72.1192
71.9584
71.8066
71.6635
71.529
71.4026
71.2841
71.1729
71.0686
70.9709
70.8791
70.7928
70.7117
70.6354
70.5634
70.4956
70.4316
70.3713
70.3144
70.2607
70.2102
70.1625
70.1175
70.0751
70.0351
69.9972
69.9613
69.9274
69.8952
69.8645
69.8354
69.8076
69.7811
69.7557
69.7313
69.7079
69.6853
69.6635
69.6425
69.6221
69.6022
69.583
69.5642
69.546
69.5284
69.5112
69.495
69.4789
69.465
69.4496
69.441
69.4225
69.4303
66.9251
67.994
70.0451
71.5901
72.5965
73.3399
73.8277
74.0938
74.2046
74.2043
74.1242
73.9898
73.8203
73.6296
73.4274
73.2209
73.0152
72.8135
72.6183
72.4308
72.2521
72.0825
71.9221
71.7709
71.6287
71.4952
71.3699
71.2526
71.1427
71.0397
70.9432
70.8527
70.7677
70.6878
70.6126
70.5417
70.4749
70.412
70.3526
70.2966
70.2438
70.1941
70.1472
70.103
70.0612
70.0218
69.9846
69.9494
69.916
69.8843
69.8542
69.8255
69.7982
69.772
69.747
69.7231
69.7
69.6778
69.6564
69.6356
69.6155
69.5959
69.577
69.5585
69.5405
69.5231
69.5062
69.4901
69.4743
69.4605
69.4453
69.4369
69.4186
69.4265
66.3218
67.4793
69.914
71.5916
72.6468
73.4142
73.9005
74.1552
74.2518
74.2366
74.1426
73.9962
73.8168
73.618
73.4095
73.1982
72.989
72.7849
72.588
72.3995
72.2203
72.0506
71.8905
71.7399
71.5984
71.4657
71.3414
71.2251
71.1162
71.0143
70.9189
70.8294
70.7455
70.6666
70.5924
70.5225
70.4566
70.3944
70.3359
70.2806
70.2286
70.1796
70.1334
70.0898
70.0487
70.0099
69.9732
69.9385
69.9056
69.8743
69.8447
69.8164
69.7895
69.7638
69.7391
69.7155
69.6927
69.6708
69.6497
69.6292
69.6094
69.5901
69.5713
69.5531
69.5353
69.5181
69.5014
69.4855
69.4699
69.4563
69.4413
69.4331
69.4149
69.4229
65.7401
67.0533
69.8417
71.6116
72.7064
73.4896
73.9702
74.2127
74.2952
74.266
74.1594
74.0023
73.814
73.6082
73.3942
73.1788
72.9664
72.7601
72.5617
72.3724
72.1928
72.023
71.8631
71.7128
71.5719
71.4399
71.3164
71.2009
71.0929
70.9919
70.8974
70.8089
70.7258
70.6478
70.5744
70.5053
70.4401
70.3787
70.3209
70.2663
70.2149
70.1665
70.1208
70.0778
70.0373
69.9989
69.9627
69.9285
69.896
69.8652
69.8359
69.8081
69.7815
69.7561
69.7318
69.7084
69.686
69.6644
69.6435
69.6233
69.6037
69.5846
69.5661
69.548
69.5305
69.5135
69.4969
69.4812
69.4658
69.4523
69.4375
69.4294
69.4113
69.4195
65.057
66.6823
69.7948
71.6457
72.7716
73.562
74.0347
74.265
74.3343
74.2923
74.1745
74.0078
73.8118
73.5998
73.381
73.1619
72.9469
72.7387
72.539
72.3489
72.1688
71.9989
71.8391
71.6892
71.5487
71.4173
71.2944
71.1797
71.0724
70.9722
70.8784
70.7906
70.7083
70.631
70.5583
70.4899
70.4254
70.3646
70.3073
70.2534
70.2025
70.1546
70.1095
70.067
70.0268
69.989
69.9532
69.9193
69.8873
69.8568
69.8279
69.8004
69.7741
69.749
69.725
69.7019
69.6797
69.6583
69.6377
69.6177
69.5983
69.5795
69.5611
69.5433
69.5259
69.5091
69.4927
69.4772
69.4619
69.4486
69.4339
69.4259
69.408
69.4163
64.4416
66.5666
69.7664
71.6771
72.836
73.6289
74.0928
74.3116
74.3688
74.3154
74.1877
74.0127
73.8099
73.5926
73.3696
73.1474
72.93
72.7201
72.5192
72.3284
72.1479
71.9779
71.8182
71.6685
71.5284
71.3974
71.2751
71.1608
71.0542
70.9546
70.8615
70.7743
70.6926
70.616
70.5439
70.476
70.4121
70.3519
70.2951
70.2416
70.1913
70.1438
70.0991
70.057
70.0173
69.9798
69.9444
69.9109
69.8792
69.8491
69.8205
69.7932
69.7673
69.7424
69.7186
69.6958
69.6739
69.6527
69.6323
69.6125
69.5933
69.5747
69.5565
69.5389
69.5217
69.505
69.4888
69.4734
69.4582
69.4451
69.4305
69.4227
69.4049
69.4132
)
;

boundaryField
{
    inlet
    {
        type            freestreamPressure;
        value           nonuniform List<scalar> 
230
(
67.0342
67.0362
67.0394
67.0435
67.0477
67.052
67.0565
67.0613
67.0663
67.0716
67.0772
67.0831
67.0893
67.0958
67.1027
67.11
67.1177
67.1259
67.1345
67.1435
67.1531
67.1633
67.174
67.1853
67.1973
67.21
67.2234
67.2376
67.2526
67.2685
67.2853
67.3031
67.3219
67.3417
67.3628
67.385
67.4084
67.4332
67.4593
67.4868
67.5157
67.5461
67.5781
67.6116
67.6466
67.6832
67.7214
67.761
67.8021
67.8446
67.8884
67.9334
67.9795
68.0264
68.074
68.1221
68.1704
68.2187
68.2666
68.3138
68.3601
68.405
68.4483
68.4894
68.5281
68.5639
68.5964
68.6253
68.6501
68.6705
68.6857
68.6973
68.6997
68.7151
68.6759
68.2687
67.9169
67.6192
67.3734
67.1743
67.0159
66.8926
66.7991
66.7308
66.6835
66.6535
66.6379
66.6338
66.6389
66.6509
66.6677
66.6876
66.7091
66.7312
66.7531
66.7746
66.7952
66.8152
66.8344
66.8526
66.87
66.8864
66.9018
66.9163
66.93
66.9428
66.9549
66.9662
66.9768
66.9867
66.9961
67.0049
67.0131
67.0209
67.0285
69.1237
69.5443
69.9203
70.248
70.5294
70.7685
70.9698
71.138
71.2778
71.3933
71.4883
71.5661
71.6294
71.6806
71.7219
71.7548
71.7808
71.8012
71.8169
71.8287
71.8374
71.8436
71.8478
71.8504
71.8517
71.8519
71.8514
71.8503
71.8487
71.8468
71.8447
71.8424
71.84
71.8375
71.835
71.8325
71.8301
71.8277
71.8254
71.8231
71.8209
71.8191
71.818
71.8169
71.8156
71.8142
71.8128
71.8112
71.8095
71.8077
71.8057
71.8036
71.8013
71.7988
71.7962
71.7933
71.7902
71.7868
71.7831
71.7792
71.7749
71.7702
71.7651
71.7596
71.7536
71.7472
71.7401
71.7324
71.7241
71.715
71.7051
71.6943
71.6827
71.67
71.6561
71.6411
71.6249
71.6072
71.588
71.5673
71.5448
71.5206
71.4944
71.4662
71.4359
71.4033
71.3685
71.3312
71.2915
71.2493
71.2046
71.1573
71.1076
71.0554
71.0009
70.9442
70.8854
70.8248
70.7625
70.6989
70.6341
70.5685
70.5025
70.4364
70.3704
70.3051
70.2406
70.1774
70.1158
70.0562
69.9989
69.9446
69.8931
69.848
69.7999
)
;
    }
    outlet
    {
        type            freestreamPressure;
        value           nonuniform List<scalar> 
96
(
69.4102
69.4071
69.4038
69.4003
69.3966
69.3927
69.3885
69.3841
69.3794
69.3745
69.3692
69.3637
69.3578
69.3516
69.345
69.3381
69.3309
69.3232
69.3152
69.3069
69.2983
69.2895
69.2804
69.2713
69.2621
69.2533
69.245
69.238
69.233
69.2318
69.236
69.2452
69.2502
69.2302
69.1629
69.0468
68.9155
68.818
68.7794
68.7851
68.8023
68.8086
68.8009
68.7852
68.7683
68.7507
68.7378
68.7151
69.7999
69.7921
69.7774
69.7602
69.7428
69.7265
69.7126
69.7013
69.6922
69.6847
69.6779
69.6711
69.6637
69.6556
69.6467
69.6372
69.6271
69.6166
69.606
69.5954
69.5848
69.5745
69.5644
69.5545
69.545
69.5359
69.5271
69.5186
69.5105
69.5027
69.4953
69.4883
69.4815
69.4751
69.4691
69.4633
69.4578
69.4526
69.4477
69.443
69.4386
69.4343
69.4303
69.4265
69.4229
69.4195
69.4163
69.4132
)
;
    }
    walls
    {
        type            zeroGradient;
    }
    frontAndBack
    {
        type            empty;
    }
}


// ************************************************************************* //
