/*--------------------------------*- C++ -*----------------------------------*\
| =========                 |                                                 |
| \\      /  F ield         | OpenFOAM: The Open Source CFD Toolbox           |
|  \\    /   O peration     | Version:  5.x                                   |
|   \\  /    A nd           | Web:      www.OpenFOAM.org                      |
|    \\/     M anipulation  |                                                 |
\*---------------------------------------------------------------------------*/
FoamFile
{
    version     2.0;
    format      ascii;
    class       volVectorField;
    location    "750";
    object      wallShearStress;
}
// * * * * * * * * * * * * * * * * * * * * * * * * * * * * * * * * * * * * * //

dimensions      [0 2 -2 0 0 0 0];

internalField   uniform (0 0 0);

boundaryField
{
    inlet
    {
        type            calculated;
        value           uniform (0 0 0);
    }
    outlet
    {
        type            calculated;
        value           uniform (0 0 0);
    }
    walls
    {
        type            calculated;
        value           nonuniform List<vector> 
164
(
(-630.33 -974.918 9.62965e-35)
(-1114.01 -858.392 -2.01052e-15)
(-1623.01 -659.803 -8.35259e-16)
(-1453.86 -487.552 2.22784e-15)
(-1360.53 -381.562 5.47957e-21)
(-1237.11 -299.479 1.51145e-15)
(-1114.01 -237.481 1.76178e-15)
(-1006.92 -191.828 -1.99373e-15)
(-914.839 -157.404 1.44685e-32)
(-835.805 -130.749 2.3905e-15)
(-766.993 -109.779 -2.60677e-15)
(-707.904 -92.9776 -2.69478e-15)
(-654.892 -79.2157 2.2622e-20)
(-613.013 -68.391 -2.90781e-15)
(-574.337 -59.1719 3.2218e-15)
(-547.486 -52.1902 3.12595e-15)
(-521.411 -45.9092 -3.25026e-15)
(-499.559 -40.6597 3.29338e-15)
(-480.867 -36.097 3.25428e-15)
(-461.089 -31.8898 -3.41822e-15)
(-447.195 -28.4368 3.29355e-15)
(-430.993 -25.1007 6.53259e-21)
(-418.621 -22.2783 1.84614e-20)
(-407.102 -19.6916 -1.26065e-20)
(-395.29 -17.2932 -6.70047e-15)
(-386.91 -15.2061 3.21371e-15)
(-376.838 -13.1884 -4.5139e-36)
(-368.226 -11.372 1.58369e-15)
(-360.708 -9.70055 -1.5738e-15)
(-353.627 -8.14323 -1.6551e-35)
(-346.52 -6.68652 -1.15156e-20)
(-338.904 -5.30385 1.13263e-20)
(-332.858 -4.04673 1.02202e-20)
(-327.92 -2.85562 -2.15618e-20)
(-321.765 -1.74088 -6.89441e-16)
(-317.385 -0.685209 -1.62924e-35)
(-312.138 0.299742 8.15568e-17)
(-307.515 1.24107 -6.39453e-16)
(-303.93 2.12073 6.13422e-16)
(-300.682 2.97663 -1.18569e-15)
(-297.044 3.76615 1.50463e-36)
(-293.712 4.52987 4.42031e-15)
(-276.365 4.92201 4.5139e-35)
(-273.705 5.4626 -1.19395e-20)
(-269.257 5.90232 -2.9567e-15)
(-267.029 6.37065 5.60696e-21)
(-263.798 6.77857 -5.5719e-21)
(-260.592 7.15441 -2.93549e-15)
(-257.552 7.51469 5.86416e-15)
(-254.605 7.83847 2.93196e-15)
(-251.769 8.15877 5.59918e-21)
(-249.032 8.44015 -2.9266e-15)
(-246.385 8.72393 2.92255e-15)
(-243.82 8.97323 -5.57829e-21)
(-241.352 9.22751 -1.93969e-23)
(-237.888 9.40777 -1.93514e-23)
(-235.637 9.63259 5.5752e-21)
(-234.188 9.86855 6.01853e-36)
(-231.174 10.0325 5.81654e-15)
(-229.715 10.251 5.517e-21)
(-227.761 10.4421 -5.71129e-15)
(-225.461 10.6339 5.74179e-15)
(-222.64 10.8139 -5.73639e-15)
(-220.96 11.0308 1.14113e-14)
(-218.049 11.1901 -5.71287e-15)
(-216.29 11.3891 5.6638e-15)
(-213.153 11.5206 -2.40741e-35)
(-210.748 11.6709 -2.70832e-21)
(-208.509 11.8354 -9.79421e-24)
(-206.23 11.991 5.56325e-15)
(-202.464 12.0498 1.0428e-23)
(-200.01 12.1889 -2.69047e-21)
(-197.132 12.2939 -1.11475e-14)
(-192.939 12.3098 1.35189e-21)
(-189.175 12.3486 -1.14691e-14)
(-185.822 12.4117 4.75079e-31)
(-181.168 12.3788 2.28547e-14)
(-175.994 12.3025 6.87411e-22)
(-170.934 12.2229 -1.17338e-14)
(-163.534 11.9709 1.16534e-14)
(-164.252 12.259 -1.19188e-14)
(-0.964876 0.854223 1.91334e-14)
(537.637 -1010.28 -3.85186e-34)
(-264.321 170.704 -1.247e-14)
(-489.996 213.512 3.85186e-34)
(-590.247 198.722 4.41038e-32)
(-608.53 169.303 -5.67186e-32)
(-615.246 147.083 5.82514e-15)
(-621.318 130.218 2.19963e-20)
(-612.531 114.3 -1.46937e-39)
(-593.966 99.7629 -3.46378e-20)
(-573.032 87.2345 -5.61818e-15)
(-550.941 76.4948 -2.18431e-20)
(-535.474 67.9966 -5.49402e-15)
(-517.584 60.3343 2.17118e-20)
(-507.123 54.3284 -2.01847e-20)
(-491.364 48.4449 -5.55989e-15)
(-481.241 43.7215 5.21763e-15)
(-468.297 39.146 -2.00553e-20)
(-456.542 35.1243 5.18165e-15)
(-446.555 31.5358 -1.89498e-20)
(-433.7 28.0762 6.10606e-21)
(-426.082 25.216 4.8314e-15)
(-414.941 22.3628 3.00927e-34)
(-407.93 19.9501 -4.71991e-15)
(-399.669 17.6242 -4.63447e-15)
(-392.014 15.4934 -2.04166e-20)
(-387.064 13.5938 -4.32122e-15)
(-378.967 11.7056 -2.62107e-32)
(-374.039 10.0415 2.07125e-15)
(-369.003 8.46025 -4.05877e-15)
(-364.145 6.96663 -1.4114e-20)
(-358.097 5.54785 -1.91012e-15)
(-353.408 4.21997 -9.26059e-16)
(-350.176 2.99006 -1.34719e-20)
(-345.767 1.79357 4.29798e-16)
(-342.054 0.682107 2.0547e-16)
(-337.246 -0.387852 -2.4669e-20)
(-334.663 -1.38761 1.17141e-20)
(-331.419 -2.35429 7.44206e-16)
(-328.457 -3.25898 -1.42118e-15)
(-325.885 -4.14041 -1.04552e-20)
(-324.266 -4.97545 2.59242e-15)
(-321.833 -5.77762 -2.48589e-15)
(-305.241 -6.16055 5.13983e-33)
(-303.485 -6.73727 -3.24441e-15)
(-301.109 -7.23888 -3.21697e-15)
(-298.517 -7.71711 -3.21187e-15)
(-296.082 -8.15997 6.36972e-15)
(-293.65 -8.57134 -3.17407e-15)
(-291.357 -8.96902 -3.15174e-15)
(-289.133 -9.32751 3.13351e-15)
(-286.979 -9.68486 1.24602e-36)
(-284.913 -10.0009 3.09424e-15)
(-283.158 -10.3308 5.85471e-21)
(-281.346 -10.6191 6.0981e-15)
(-279.627 -10.9142 6.0436e-15)
(-277.873 -11.1743 -2.40741e-35)
(-276.32 -11.4439 4.23389e-32)
(-274.612 -11.6805 -5.65422e-21)
(-273.155 -11.9287 1.16918e-14)
(-271.434 -12.1398 5.66608e-21)
(-269.476 -12.3433 -1.15623e-14)
(-267.855 -12.5016 -5.77734e-15)
(-266.91 -12.6775 -2.40741e-35)
(-264.95 -12.7905 -2.71114e-21)
(-264.083 -12.9586 -5.58419e-15)
(-261.661 -13.0396 -5.59615e-15)
(-259.666 -13.1453 -5.61368e-15)
(-259.811 -13.3441 5.46135e-15)
(-258.352 -13.4728 5.48524e-15)
(-256.094 -13.5572 2.57907e-21)
(-254.434 -13.6664 -6.226e-32)
(-253.029 -13.7949 -1.3076e-21)
(-252.662 -13.9798 -5.23841e-15)
(-250.383 -14.0638 2.51937e-21)
(-248.889 -14.1929 5.26394e-15)
(-247.27 -14.3216 -2.47907e-21)
(-245.384 -14.4374 1.22166e-21)
(-242.877 -14.5219 6.11458e-22)
(-240.315 -14.6066 -1.02681e-14)
(-236.15 -14.5993 1.01454e-14)
(-238.77 -14.9455 4.55769e-22)
(-26.6356 -2.08866 -1.9408e-14)
)
;
    }
    frontAndBack
    {
        type            empty;
    }
}


// ************************************************************************* //
