/*--------------------------------*- C++ -*----------------------------------*\
| =========                 |                                                 |
| \\      /  F ield         | OpenFOAM: The Open Source CFD Toolbox           |
|  \\    /   O peration     | Version:  5.x                                   |
|   \\  /    A nd           | Web:      www.OpenFOAM.org                      |
|    \\/     M anipulation  |                                                 |
\*---------------------------------------------------------------------------*/
FoamFile
{
    version     2.0;
    format      ascii;
    class       volScalarField;
    location    "200";
    object      p;
}
// * * * * * * * * * * * * * * * * * * * * * * * * * * * * * * * * * * * * * //

dimensions      [0 2 -2 0 0 0 0];

internalField   nonuniform List<scalar> 
11040
(
-0.0329598
-93.1234
-327.796
-373.47
-374.939
-370.378
-356.286
-331.684
-299.954
-262.509
-219.467
-163.05
-110.222
-69.9585
-38.3303
-6.19567
25.1393
53.66
78.3717
97.9187
111.029
117.209
120.063
121.838
123.086
124.032
124.738
125.238
125.566
125.748
125.799
125.734
125.577
125.39
125.336
125.755
126.906
128.683
132.082
137.906
134.133
48.4645
-44.0091
-191.677
-257.604
-283.484
-299.284
-303.862
-295.277
-275.888
-247.749
-211.906
-162.377
-112.565
-72.3364
-40.1603
-8.04199
23.338
52.0987
77.1699
97.1671
110.704
117.105
120.02
121.808
123.06
124.014
124.729
125.241
125.578
125.768
125.827
125.768
125.611
125.414
125.333
125.707
126.802
128.504
131.695
137.182
131.131
81.4144
-11.0143
-115.708
-199.102
-241.198
-263.825
-273.238
-269.433
-254.634
-231.019
-200.033
-157.289
-111.332
-71.9529
-39.9518
-8.61533
22.2869
50.9325
76.1092
96.4203
110.361
117.05
120.051
121.833
123.066
124.015
124.733
125.25
125.595
125.793
125.859
125.806
125.653
125.452
125.346
125.663
126.68
128.3
131.291
136.68
129.145
105.889
22.9075
-54.7396
-132.164
-180.921
-211
-228.788
-233.671
-226.564
-209.598
-184.631
-149.005
-107.962
-70.3874
-38.9058
-8.58264
21.5531
49.8605
75.0069
95.5737
109.939
117.001
120.146
121.922
123.126
124.052
124.759
125.276
125.624
125.827
125.9
125.853
125.703
125.495
125.361
125.604
126.509
128.002
130.74
135.959
128.152
125.991
54.8435
-5.38372
-72.2194
-123.73
-159.342
-183.218
-195.125
-195.177
-184.95
-166.316
-137.928
-102.679
-67.8521
-37.3029
-8.18795
20.8418
48.5116
73.4439
94.226
109.126
116.767
120.222
122.063
123.248
124.137
124.82
125.325
125.67
125.873
125.953
125.914
125.767
125.55
125.379
125.53
126.289
127.61
130.056
134.878
127.799
142.023
82.8438
34.7012
-21.0302
-70.0596
-107.754
-135.618
-153.22
-159.941
-156.55
-144.58
-123.513
-94.696
-63.6183
-34.712
-7.12902
20.4096
47.054
71.4615
92.2764
107.727
116.168
120.184
122.223
123.433
124.288
124.933
125.411
125.741
125.939
126.022
125.991
125.848
125.622
125.408
125.451
126.029
127.138
129.272
133.479
127.831
154.795
106.456
67.2559
21.5309
-21.9892
-58.5552
-87.9288
-109.262
-121.389
-124.323
-118.996
-105.223
-83.3311
-57.0532
-30.7297
-5.11854
20.5465
45.7404
69.2292
89.7524
105.612
114.975
119.835
122.315
123.672
124.524
125.122
125.556
125.856
126.037
126.114
126.087
125.949
125.714
125.455
125.379
125.75
126.618
128.431
131.897
128.092
164.937
125.758
93.5623
56.3234
19.3371
-13.9108
-42.5345
-65.4435
-81.1862
-89.23
-89.8849
-82.9546
-68.0888
-47.4736
-24.7772
-1.75493
21.6176
44.9187
67.0493
86.8475
102.798
112.962
118.822
122.09
123.869
124.851
125.423
125.794
126.041
126.189
126.248
126.216
126.079
125.835
125.532
125.335
125.487
126.105
127.6
130.337
128.42
172.919
141.191
114.644
84.4033
53.7679
24.9501
-1.23124
-23.7614
-41.2
-52.7131
-58.1424
-57.1263
-48.8652
-34.3223
-16.1757
3.50115
24.0802
45.0405
65.3806
84.0062
99.6184
110.193
116.869
121.122
123.688
125.133
125.866
126.204
126.358
126.431
126.449
126.398
126.255
126.003
125.662
125.355
125.298
125.679
126.876
129.038
128.747
179.106
153.334
131.393
106.854
81.8447
57.672
34.8377
14.1165
-3.30598
-16.5388
-25.1802
-28.7314
-26.133
-17.4803
-4.41716
11.215
28.4442
46.5921
64.7146
81.7608
96.6045
107.145
114.209
119.234
122.669
124.889
126.176
126.782
126.955
126.908
126.795
126.67
126.503
126.243
125.88
125.495
125.272
125.45
126.384
128.186
129.107
183.813
162.775
144.601
124.676
104.408
84.5415
65.2915
47.1654
31.0031
17.5669
7.31451
0.767522
-0.95402
2.58311
10.6043
21.7987
35.2094
50.0866
65.5495
80.6084
94.2607
104.416
111.509
116.889
120.874
123.763
125.764
127.006
127.611
127.742
127.58
127.281
126.949
126.608
126.227
125.818
125.508
125.549
126.298
127.905
129.588
187.316
170.046
154.958
138.754
122.373
106.234
90.3699
75.0616
60.8518
48.2868
37.7655
29.7309
25.196
24.8225
28.4341
35.2897
44.6962
55.9906
68.4041
81.0612
93.0736
102.499
109.376
114.806
118.998
122.197
124.63
126.431
127.652
128.337
128.559
128.431
128.074
127.58
127.022
126.493
126.12
126.105
126.764
128.331
130.399
189.862
175.608
163.056
149.843
136.603
123.562
110.663
98.0306
85.9981
74.9043
65.0345
56.7149
50.7543
47.8246
48.0715
51.1954
56.8339
64.5331
73.7021
83.6356
93.5874
101.883
108.256
113.499
117.703
121.003
123.58
125.597
127.158
128.31
129.065
129.441
129.483
129.265
128.863
128.382
127.936
127.753
128.197
129.642
131.759
191.663
179.846
169.383
158.578
147.855
137.333
126.916
116.64
106.696
97.2772
88.5539
80.7412
74.424
70.1634
68.2176
68.5489
71.0577
75.5205
81.561
88.6781
96.3008
103.1
108.63
113.398
117.405
120.684
123.319
125.415
127.081
128.405
129.444
130.226
130.76
131.061
131.159
131.158
131.182
131.38
131.962
133.351
135.025
192.895
183.063
174.329
165.466
156.759
148.262
139.869
131.573
123.474
115.68
108.272
101.377
95.3883
90.7218
87.6262
86.176
86.4191
88.3064
91.6538
96.1609
101.442
106.543
110.959
114.966
118.513
121.576
124.161
126.307
128.069
129.511
130.697
131.688
132.534
133.271
133.922
134.543
135.209
136.038
137.126
138.973
140.555
193.715
185.516
178.217
170.925
163.83
156.95
150.186
143.508
136.964
130.613
124.483
118.636
113.33
108.846
105.375
103.014
101.863
101.965
103.268
105.631
108.829
112.265
115.463
118.535
121.41
124.04
126.392
128.463
130.268
131.835
133.199
134.405
135.501
136.544
137.59
138.7
139.928
141.361
142.999
145.252
147.172
194.287
187.441
181.337
175.317
169.514
163.924
158.457
153.077
147.805
142.667
137.667
132.829
128.318
124.314
120.947
118.296
116.461
115.514
115.471
116.289
117.864
119.877
121.942
124.071
126.197
128.266
130.232
132.072
133.781
135.366
136.842
138.231
139.564
140.876
142.214
143.628
145.17
146.92
148.901
151.318
153.81
194.653
188.875
183.711
178.672
173.857
169.247
164.761
160.366
156.068
151.878
147.793
143.816
140.048
136.608
133.578
131.015
128.996
127.591
126.837
126.738
127.257
128.258
129.453
130.807
132.269
133.793
135.333
136.861
138.362
139.831
141.273
142.696
144.117
145.555
147.038
148.594
150.253
152.058
154.04
156.259
158.692
194.86
189.907
185.471
181.182
177.114
173.241
169.492
165.834
162.269
158.798
155.414
152.114
148.963
146.039
143.396
141.071
139.121
137.601
136.551
135.99
135.914
136.287
136.9
137.706
138.668
139.751
140.917
142.139
143.4
144.69
146.006
147.349
148.725
150.143
151.618
153.16
154.783
156.503
158.334
160.281
162.363
194.985
190.685
186.828
183.125
179.637
176.331
173.146
170.052
167.046
164.127
161.287
158.519
155.866
153.383
151.104
149.053
147.273
145.804
144.68
143.925
143.547
143.56
143.812
144.256
144.87
145.626
146.496
147.456
148.489
149.586
150.739
151.943
153.199
154.507
155.872
157.298
158.785
160.342
161.969
163.661
165.423
195.067
191.297
187.91
184.678
181.651
178.795
176.055
173.404
170.839
168.355
165.943
163.599
161.351
159.236
157.279
155.496
153.916
152.57
151.485
150.684
150.178
150.002
150.044
150.263
150.646
151.171
151.818
152.567
153.404
154.319
155.303
156.349
157.454
158.614
159.829
161.097
162.415
163.784
165.201
166.659
168.157
195.127
191.795
188.797
185.952
183.301
180.809
178.428
176.134
173.922
171.788
169.722
167.72
165.802
163.995
162.316
160.775
159.394
158.197
157.203
156.432
155.895
155.636
155.565
155.65
155.885
156.253
156.737
157.323
157.999
158.755
159.582
160.474
161.424
162.427
163.481
164.58
165.72
166.899
168.113
169.354
170.62
195.176
192.212
189.541
187.019
184.679
182.488
180.402
178.4
176.478
174.629
172.847
171.125
169.48
167.93
166.488
165.161
163.965
162.916
162.032
161.328
160.813
160.529
160.406
160.417
160.56
160.823
161.192
161.655
162.202
162.825
163.516
164.267
165.073
165.927
166.826
167.764
168.735
169.737
170.764
171.812
172.873
195.22
192.568
190.176
187.927
185.849
183.91
182.07
180.312
178.63
177.019
175.471
173.982
172.564
171.23
169.99
168.848
167.817
166.909
166.137
165.513
165.044
164.77
164.628
164.603
164.692
164.885
165.172
165.542
165.989
166.503
167.079
167.709
168.387
169.107
169.867
170.658
171.477
172.321
173.185
174.063
174.949
195.263
192.879
190.727
188.711
186.855
185.129
183.498
181.946
180.466
179.054
177.703
176.409
175.182
174.031
172.962
171.981
171.095
170.313
169.647
169.104
168.692
168.442
168.303
168.263
168.32
168.468
168.697
168.998
169.365
169.792
170.272
170.799
171.367
171.973
172.61
173.275
173.962
174.669
175.391
176.124
176.862
195.306
193.154
191.209
189.394
187.729
186.186
184.733
183.356
182.048
180.805
179.621
178.493
177.427
176.431
175.51
174.665
173.905
173.236
172.665
172.2
171.845
171.626
171.5
171.457
171.497
171.615
171.802
172.05
172.355
172.711
173.113
173.554
174.03
174.538
175.072
175.628
176.203
176.793
177.395
178.007
178.62
195.35
193.4
191.636
189.995
188.496
187.11
185.81
184.583
183.423
182.325
181.284
180.297
179.369
178.505
177.709
176.983
176.332
175.76
175.274
174.879
174.578
174.392
174.283
174.243
174.275
174.373
174.528
174.736
174.992
175.291
175.628
175.998
176.398
176.823
177.27
177.735
178.215
178.708
179.21
179.719
180.229
195.395
193.621
192.015
190.527
189.171
187.923
186.756
185.659
184.626
183.653
182.735
181.87
181.059
180.309
179.621
178.996
178.439
177.952
177.54
177.207
176.954
176.8
176.708
176.675
176.703
176.787
176.919
177.095
177.312
177.564
177.848
178.159
178.495
178.852
179.226
179.616
180.017
180.428
180.847
181.271
181.695
195.44
193.821
192.355
191
189.771
188.642
187.591
186.607
185.685
184.821
184.009
183.248
182.54
181.887
181.292
180.754
180.277
179.863
179.515
179.236
179.027
178.9
178.825
178.8
178.827
178.9
179.014
179.165
179.35
179.564
179.804
180.067
180.35
180.649
180.964
181.29
181.626
181.97
182.319
182.673
183.025
195.486
194.003
192.66
191.423
190.304
189.28
188.331
187.446
186.621
185.851
185.132
184.462
183.841
183.273
182.758
182.295
181.888
181.536
181.243
181.01
180.838
180.736
180.676
180.659
180.685
180.751
180.851
180.981
181.139
181.322
181.526
181.748
181.987
182.24
182.504
182.778
183.059
183.347
183.639
183.935
184.229
195.532
194.17
192.935
191.802
190.78
189.848
188.988
188.191
187.451
186.764
186.126
185.535
184.991
184.495
184.049
183.651
183.303
183.006
182.76
182.566
182.425
182.344
182.298
182.287
182.314
182.374
182.461
182.575
182.711
182.867
183.041
183.23
183.432
183.645
183.868
184.098
184.334
184.576
184.82
185.068
185.313
195.578
194.321
193.183
192.142
191.206
190.356
189.574
188.854
188.188
187.574
187.007
186.485
186.007
185.576
185.189
184.847
184.55
184.299
184.093
183.933
183.819
183.756
183.721
183.716
183.743
183.797
183.875
183.974
184.092
184.226
184.375
184.536
184.707
184.887
185.075
185.269
185.468
185.67
185.876
186.083
186.289
195.622
194.46
193.407
192.446
191.586
190.809
190.097
189.444
188.844
188.294
187.79
187.328
186.909
186.533
186.198
185.904
185.652
185.439
185.268
185.136
185.045
184.996
184.971
184.971
184.998
185.048
185.117
185.204
185.306
185.422
185.549
185.686
185.832
185.985
186.144
186.307
186.474
186.645
186.817
186.991
187.163
195.666
194.586
193.609
192.72
191.927
191.213
190.563
189.97
189.429
188.935
188.486
188.077
187.709
187.381
187.092
186.84
186.625
186.447
186.304
186.197
186.124
186.088
186.071
186.075
186.102
186.147
186.209
186.286
186.375
186.474
186.584
186.701
186.825
186.954
187.089
187.227
187.368
187.511
187.656
187.802
187.947
195.707
194.701
193.79
192.965
192.231
191.574
190.979
190.439
189.949
189.506
189.105
188.743
188.42
188.134
187.884
187.669
187.486
187.337
187.219
187.132
187.075
187.049
187.039
187.046
187.072
187.114
187.17
187.237
187.314
187.401
187.495
187.595
187.7
187.81
187.924
188.041
188.16
188.281
188.402
188.526
188.647
195.747
194.804
193.953
193.184
192.503
191.895
191.348
190.855
190.411
190.013
189.655
189.335
189.051
188.802
188.587
188.402
188.248
188.124
188.027
187.957
187.913
187.896
187.891
187.9
187.926
187.965
188.015
188.074
188.142
188.216
188.297
188.383
188.473
188.567
188.663
188.762
188.862
188.964
189.066
189.17
189.271
195.784
194.898
194.098
193.378
192.743
192.18
191.676
191.225
190.822
190.462
190.142
189.859
189.61
189.394
189.208
189.052
188.922
188.819
188.74
188.685
188.652
188.641
188.64
188.652
188.677
188.713
188.758
188.81
188.869
188.934
189.004
189.077
189.154
189.233
189.315
189.399
189.483
189.569
189.655
189.742
189.827
195.819
194.981
194.226
193.549
192.955
192.431
191.965
191.551
191.184
190.859
190.574
190.323
190.105
189.917
189.758
189.625
189.517
189.432
189.369
189.326
189.302
189.297
189.3
189.313
189.337
189.371
189.411
189.458
189.509
189.566
189.626
189.689
189.754
189.822
189.891
189.962
190.033
190.105
190.178
190.25
190.321
195.851
195.055
194.339
193.7
193.141
192.65
192.218
191.837
191.502
191.209
190.953
190.731
190.54
190.378
190.242
190.13
190.041
189.972
189.922
189.889
189.873
189.873
189.878
189.893
189.916
189.947
189.983
190.025
190.07
190.119
190.171
190.225
190.281
190.339
190.397
190.457
190.517
190.577
190.638
190.699
190.758
195.88
195.119
194.436
193.829
193.301
192.84
192.437
192.085
191.779
191.514
191.285
191.089
190.922
190.782
190.667
190.574
190.5
190.445
190.406
190.383
190.374
190.377
190.386
190.401
190.424
190.453
190.486
190.523
190.563
190.606
190.651
190.697
190.745
190.794
190.844
190.894
190.945
190.995
191.046
191.097
191.146
195.905
195.174
194.519
193.939
193.437
193.002
192.625
192.298
192.018
191.777
191.572
191.399
191.254
191.134
191.037
190.96
190.9
190.857
190.829
190.813
190.809
190.815
190.826
190.842
190.864
190.891
190.921
190.954
190.99
191.027
191.066
191.106
191.147
191.189
191.231
191.273
191.316
191.359
191.401
191.443
191.484
195.928
195.22
194.588
194.031
193.55
193.137
192.782
192.478
192.22
192.001
191.818
191.665
191.539
191.437
191.356
191.294
191.247
191.215
191.195
191.187
191.188
191.198
191.211
191.228
191.25
191.276
191.304
191.334
191.366
191.399
191.433
191.468
191.503
191.539
191.575
191.61
191.646
191.681
191.717
191.752
191.785
195.947
195.256
194.641
194.102
193.64
193.246
192.91
192.625
192.387
192.188
192.023
191.889
191.78
191.694
191.628
191.578
191.543
191.52
191.507
191.504
191.509
191.522
191.536
191.554
191.575
191.6
191.626
191.653
191.682
191.711
191.741
191.771
191.802
191.832
191.862
191.893
191.923
191.952
191.982
192.011
192.039
195.962
195.284
194.681
194.156
193.707
193.328
193.008
192.741
192.519
192.338
192.191
192.073
191.98
191.909
191.856
191.819
191.794
191.781
191.776
191.78
191.79
191.805
191.822
191.842
191.864
191.888
191.913
191.939
191.966
191.993
192.019
192.046
192.072
192.099
192.125
192.15
192.175
192.2
192.224
192.248
192.27
195.974
195.303
194.709
194.193
193.755
193.386
193.079
192.826
192.619
192.453
192.321
192.218
192.139
192.08
192.039
192.011
191.995
191.989
191.99
191.998
192.011
192.028
192.046
192.066
192.088
192.111
192.135
192.159
192.184
192.208
192.232
192.255
192.279
192.302
192.324
192.346
192.367
192.388
192.408
192.428
192.447
195.982
195.312
194.722
194.212
193.781
193.422
193.125
192.883
192.688
192.535
192.416
192.326
192.26
192.215
192.186
192.171
192.166
192.17
192.18
192.195
192.213
192.235
192.257
192.28
192.304
192.328
192.352
192.376
192.4
192.423
192.445
192.467
192.488
192.508
192.527
192.546
192.564
192.581
192.598
192.614
192.629
195.985
195.306
194.711
194.2
193.772
193.419
193.131
192.9
192.718
192.577
192.47
192.392
192.338
192.302
192.281
192.272
192.273
192.282
192.296
192.314
192.334
192.357
192.38
192.404
192.428
192.452
192.475
192.498
192.52
192.542
192.563
192.583
192.602
192.62
192.638
192.654
192.67
192.685
192.699
192.713
192.726
195.982
195.286
194.679
194.161
193.73
193.378
193.095
192.872
192.701
192.572
192.48
192.417
192.379
192.361
192.358
192.368
192.386
192.41
192.437
192.465
192.493
192.523
192.551
192.579
192.606
192.632
192.657
192.68
192.703
192.724
192.744
192.763
192.78
192.797
192.812
192.827
192.841
192.853
192.865
192.876
192.887
140.3
144.967
151.061
155.648
160.323
165.271
170.059
174.524
178.602
182.249
185.445
188.209
190.562
192.542
194.186
195.53
196.618
197.479
198.154
198.665
199.047
199.317
199.499
199.608
199.661
199.668
199.64
199.585
199.509
199.416
199.308
199.189
199.061
198.926
198.788
198.651
198.519
198.395
198.28
198.178
198.084
198.001
197.93
197.864
197.807
197.754
197.706
197.661
197.618
197.578
197.539
197.501
197.463
197.427
197.39
197.353
197.317
197.28
197.245
197.208
197.173
197.136
197.101
197.066
197.03
196.997
196.962
196.931
196.899
196.87
196.841
196.82
196.79
196.792
136.745
142.929
149.402
154.563
159.615
164.781
169.729
174.318
178.493
182.212
185.462
188.263
190.643
192.638
194.291
195.638
196.725
197.584
198.254
198.759
199.134
199.397
199.573
199.676
199.723
199.724
199.693
199.634
199.556
199.461
199.353
199.233
199.103
198.966
198.824
198.681
198.542
198.41
198.288
198.178
198.077
197.989
197.913
197.844
197.785
197.73
197.682
197.638
197.596
197.557
197.519
197.483
197.447
197.412
197.377
197.342
197.307
197.272
197.237
197.202
197.167
197.131
197.097
197.062
197.027
196.994
196.96
196.928
196.897
196.868
196.838
196.818
196.788
196.79
133.527
139.7
146.973
153.08
158.693
164.175
169.338
174.08
178.366
182.168
185.478
188.32
190.726
192.739
194.4
195.75
196.836
197.69
198.354
198.853
199.22
199.477
199.645
199.741
199.782
199.778
199.742
199.68
199.599
199.502
199.393
199.272
199.141
199.001
198.855
198.707
198.562
198.423
198.294
198.176
198.07
197.977
197.896
197.824
197.762
197.707
197.658
197.614
197.574
197.536
197.5
197.465
197.431
197.397
197.364
197.33
197.297
197.263
197.23
197.195
197.161
197.126
197.092
197.058
197.024
196.991
196.957
196.925
196.894
196.865
196.836
196.816
196.786
196.788
130.83
136.459
144.098
151.147
157.485
163.407
168.857
173.797
178.219
182.115
185.49
188.376
190.811
192.839
194.508
195.86
196.943
197.792
198.449
198.94
199.299
199.548
199.708
199.797
199.832
199.823
199.781
199.715
199.631
199.533
199.422
199.3
199.167
199.025
198.876
198.724
198.575
198.43
198.295
198.173
198.062
197.964
197.88
197.805
197.742
197.685
197.636
197.592
197.552
197.515
197.48
197.447
197.415
197.382
197.351
197.318
197.286
197.253
197.221
197.187
197.154
197.12
197.087
197.053
197.019
196.986
196.953
196.922
196.89
196.862
196.833
196.813
196.783
196.786
129.16
133.999
141.304
148.9
155.96
162.435
168.262
173.455
178.051
182.064
185.514
188.446
190.91
192.954
194.629
195.98
197.058
197.9
198.547
199.029
199.378
199.618
199.769
199.851
199.878
199.862
199.816
199.745
199.658
199.557
199.443
199.32
199.185
199.041
198.89
198.735
198.582
198.433
198.294
198.167
198.052
197.951
197.863
197.787
197.721
197.664
197.615
197.571
197.532
197.495
197.462
197.429
197.398
197.367
197.337
197.305
197.275
197.243
197.212
197.179
197.147
197.113
197.08
197.047
197.013
196.981
196.948
196.917
196.886
196.858
196.829
196.809
196.78
196.783
128.364
132.4
139.045
146.707
154.244
161.252
167.526
173.037
177.849
182.01
185.557
188.545
191.038
193.095
194.772
196.119
197.188
198.02
198.655
199.125
199.462
199.69
199.832
199.904
199.922
199.9
199.847
199.772
199.68
199.575
199.46
199.334
199.197
199.051
198.898
198.741
198.584
198.432
198.289
198.159
198.04
197.936
197.846
197.767
197.701
197.643
197.593
197.549
197.511
197.475
197.442
197.411
197.381
197.352
197.322
197.292
197.263
197.232
197.201
197.17
197.138
197.105
197.073
197.041
197.008
196.976
196.943
196.912
196.882
196.854
196.825
196.806
196.777
196.78
128.249
131.672
137.632
144.978
152.634
159.985
166.668
172.535
177.607
181.944
185.609
188.672
191.205
193.275
194.949
196.287
197.342
198.159
198.777
199.231
199.553
199.768
199.896
199.957
199.966
199.936
199.876
199.794
199.698
199.589
199.47
199.342
199.203
199.055
198.9
198.741
198.582
198.427
198.282
198.148
198.027
197.92
197.828
197.748
197.68
197.621
197.571
197.527
197.489
197.454
197.422
197.393
197.364
197.335
197.307
197.278
197.25
197.22
197.191
197.16
197.129
197.097
197.066
197.033
197.001
196.969
196.937
196.907
196.877
196.849
196.821
196.802
196.773
196.777
128.762
131.831
137.2
144.044
151.486
158.899
165.817
171.981
177.329
181.871
185.669
188.816
191.402
193.498
195.173
196.496
197.53
198.324
198.921
199.353
199.656
199.853
199.966
200.013
200.011
199.97
199.902
199.813
199.711
199.597
199.474
199.343
199.202
199.052
198.896
198.735
198.574
198.418
198.27
198.134
198.011
197.903
197.809
197.727
197.658
197.599
197.548
197.505
197.467
197.433
197.402
197.373
197.345
197.318
197.291
197.263
197.236
197.207
197.179
197.149
197.119
197.088
197.057
197.025
196.994
196.963
196.931
196.901
196.871
196.844
196.816
196.797
196.769
196.773
129.856
132.834
137.754
144.076
151.108
158.307
165.217
171.513
177.06
181.8
185.745
188.983
191.62
193.746
195.433
196.75
197.763
198.528
199.094
199.498
199.775
199.95
200.043
200.074
200.057
200.005
199.926
199.829
199.719
199.6
199.472
199.337
199.194
199.042
198.884
198.723
198.561
198.404
198.255
198.118
197.993
197.883
197.788
197.705
197.635
197.575
197.525
197.482
197.444
197.411
197.38
197.352
197.326
197.299
197.274
197.247
197.221
197.193
197.166
197.137
197.108
197.078
197.047
197.017
196.985
196.955
196.924
196.894
196.865
196.838
196.811
196.792
196.764
196.769
131.391
134.521
139.222
145.083
151.654
158.469
165.141
171.353
176.938
181.784
185.848
189.18
191.873
194.019
195.709
197.022
198.025
198.769
199.304
199.674
199.918
200.063
200.132
200.142
200.107
200.04
199.949
199.842
199.723
199.597
199.464
199.324
199.178
199.025
198.866
198.704
198.542
198.385
198.236
198.098
197.972
197.861
197.765
197.681
197.611
197.551
197.5
197.457
197.42
197.387
197.358
197.33
197.305
197.28
197.255
197.23
197.204
197.178
197.152
197.124
197.096
197.066
197.037
197.007
196.976
196.946
196.916
196.887
196.858
196.832
196.805
196.787
196.759
196.765
133.089
136.579
141.36
146.951
153.094
159.471
165.782
171.728
177.158
181.952
186.031
189.412
192.155
194.327
196.012
197.305
198.286
199.013
199.529
199.874
200.087
200.199
200.237
200.22
200.163
200.078
199.972
199.852
199.723
199.588
199.448
199.303
199.154
198.999
198.839
198.678
198.517
198.36
198.211
198.073
197.948
197.836
197.739
197.656
197.585
197.525
197.474
197.431
197.394
197.362
197.333
197.307
197.282
197.258
197.235
197.211
197.187
197.161
197.136
197.109
197.082
197.054
197.025
196.996
196.966
196.937
196.907
196.879
196.85
196.825
196.798
196.781
196.754
196.76
134.763
138.656
143.687
149.282
155.189
161.217
167.14
172.729
177.864
182.453
186.41
189.738
192.473
194.652
196.334
197.608
198.557
199.248
199.732
200.054
200.248
200.341
200.355
200.311
200.228
200.119
199.994
199.859
199.718
199.573
199.425
199.274
199.121
198.964
198.804
198.643
198.483
198.328
198.18
198.043
197.919
197.808
197.711
197.627
197.556
197.496
197.445
197.402
197.366
197.335
197.307
197.282
197.258
197.235
197.213
197.19
197.167
197.143
197.119
197.093
197.067
197.04
197.012
196.984
196.955
196.926
196.897
196.87
196.842
196.817
196.791
196.774
196.748
196.755
136.8
140.844
145.911
151.557
157.426
163.296
168.947
174.223
179.039
183.346
187.08
190.245
192.88
195.002
196.652
197.904
198.829
199.485
199.925
200.204
200.366
200.44
200.442
200.386
200.289
200.162
200.018
199.864
199.707
199.55
199.393
199.236
199.078
198.919
198.758
198.598
198.441
198.288
198.142
198.007
197.884
197.774
197.678
197.595
197.524
197.464
197.414
197.371
197.336
197.305
197.278
197.254
197.231
197.21
197.189
197.167
197.146
197.123
197.1
197.076
197.051
197.024
196.998
196.971
196.943
196.915
196.887
196.86
196.833
196.808
196.784
196.767
196.741
196.75
140.465
143.894
148.448
153.947
159.67
165.332
170.773
175.859
180.469
184.519
188.002
190.955
193.419
195.415
196.98
198.174
199.064
199.69
200.096
200.337
200.458
200.494
200.468
200.398
200.296
200.169
200.021
199.859
199.69
199.52
199.351
199.185
199.022
198.861
198.701
198.543
198.388
198.238
198.096
197.964
197.843
197.735
197.64
197.558
197.487
197.428
197.379
197.337
197.302
197.272
197.246
197.223
197.202
197.181
197.162
197.142
197.122
197.1
197.079
197.056
197.032
197.007
196.982
196.956
196.929
196.902
196.875
196.849
196.823
196.799
196.775
196.759
196.734
196.744
146.399
149.348
153.149
158.088
163.243
168.248
173.056
177.591
181.756
185.483
188.759
191.566
193.894
195.778
197.255
198.381
199.219
199.811
200.195
200.418
200.521
200.53
200.469
200.366
200.239
200.099
199.95
199.794
199.632
199.464
199.293
199.122
198.954
198.789
198.629
198.473
198.322
198.177
198.039
197.911
197.793
197.688
197.595
197.515
197.446
197.388
197.339
197.298
197.264
197.235
197.211
197.189
197.169
197.15
197.132
197.113
197.095
197.075
197.055
197.034
197.012
196.988
196.964
196.939
196.914
196.888
196.862
196.837
196.812
196.789
196.766
196.751
196.727
196.737
152.039
154.706
157.833
161.96
166.44
170.903
175.291
179.522
183.455
186.975
190.023
192.584
194.662
196.299
197.565
198.524
199.232
199.742
200.09
200.306
200.418
200.44
200.39
200.287
200.152
199.996
199.828
199.66
199.496
199.336
199.178
199.02
198.862
198.702
198.544
198.39
198.242
198.101
197.968
197.846
197.733
197.632
197.542
197.464
197.397
197.341
197.294
197.254
197.221
197.194
197.171
197.15
197.132
197.115
197.098
197.082
197.065
197.047
197.029
197.009
196.989
196.967
196.944
196.921
196.897
196.872
196.847
196.823
196.799
196.778
196.756
196.742
196.718
196.731
157.25
159.725
162.352
165.477
168.903
172.438
176.023
179.605
183.091
186.377
189.38
192.037
194.305
196.166
197.634
198.737
199.506
199.987
200.245
200.344
200.34
200.279
200.185
200.071
199.943
199.798
199.639
199.471
199.302
199.136
198.977
198.827
198.686
198.549
198.414
198.278
198.143
198.011
197.885
197.768
197.66
197.564
197.479
197.404
197.34
197.286
197.241
197.203
197.172
197.147
197.125
197.107
197.09
197.075
197.06
197.046
197.031
197.015
196.999
196.981
196.963
196.943
196.922
196.9
196.878
196.855
196.831
196.809
196.786
196.765
196.745
196.732
196.71
196.723
161.11
163.241
165.461
167.869
170.465
173.188
175.992
178.836
181.673
184.449
187.111
189.607
191.893
193.926
195.674
197.116
198.247
199.081
199.65
199.996
200.159
200.18
200.101
199.959
199.785
199.602
199.423
199.251
199.089
198.931
198.778
198.63
198.49
198.356
198.231
198.113
197.999
197.888
197.779
197.675
197.576
197.486
197.405
197.335
197.275
197.224
197.182
197.147
197.118
197.094
197.075
197.058
197.044
197.031
197.019
197.006
196.994
196.981
196.966
196.951
196.934
196.916
196.897
196.878
196.857
196.836
196.814
196.792
196.771
196.752
196.733
196.721
196.7
196.715
164.237
166.013
167.874
169.81
171.853
173.994
176.205
178.456
180.722
182.972
185.172
187.291
189.297
191.166
192.875
194.407
195.748
196.885
197.812
198.526
199.035
199.357
199.52
199.557
199.501
199.384
199.23
199.059
198.888
198.725
198.574
198.435
198.305
198.181
198.063
197.95
197.842
197.742
197.647
197.558
197.475
197.396
197.324
197.26
197.204
197.156
197.117
197.085
197.059
197.038
197.021
197.007
196.995
196.984
196.974
196.964
196.954
196.943
196.931
196.918
196.904
196.888
196.871
196.853
196.834
196.815
196.795
196.775
196.755
196.738
196.72
196.709
196.69
196.707
166.976
168.429
169.948
171.512
173.147
174.855
176.621
178.426
180.255
182.09
183.908
185.688
187.407
189.045
190.584
192.01
193.309
194.476
195.505
196.394
197.142
197.75
198.217
198.548
198.75
198.839
198.838
198.771
198.661
198.528
198.386
198.245
198.113
197.99
197.879
197.777
197.682
197.591
197.506
197.427
197.354
197.288
197.228
197.174
197.126
197.083
197.048
197.019
196.996
196.977
196.963
196.952
196.942
196.934
196.927
196.92
196.912
196.904
196.894
196.884
196.872
196.858
196.844
196.828
196.811
196.793
196.775
196.757
196.739
196.722
196.706
196.697
196.679
196.698
169.455
170.629
171.853
173.113
174.43
175.804
177.226
178.685
180.172
181.675
183.18
184.672
186.135
187.554
188.914
190.2
191.402
192.511
193.52
194.427
195.232
195.936
196.543
197.054
197.469
197.79
198.017
198.153
198.208
198.196
198.136
198.044
197.936
197.823
197.711
197.606
197.512
197.428
197.353
197.285
197.223
197.167
197.117
197.072
197.034
197.001
196.972
196.948
196.928
196.913
196.902
196.893
196.887
196.882
196.877
196.873
196.868
196.862
196.855
196.847
196.837
196.826
196.814
196.8
196.785
196.77
196.753
196.737
196.721
196.706
196.691
196.684
196.667
196.688
171.699
172.642
173.623
174.639
175.701
176.81
177.959
179.144
180.357
181.591
182.838
184.088
185.329
186.549
187.738
188.884
189.976
191.005
191.964
192.847
193.65
194.373
195.017
195.584
196.079
196.506
196.867
197.163
197.392
197.555
197.651
197.686
197.671
197.619
197.544
197.458
197.369
197.284
197.206
197.139
197.083
197.035
196.995
196.96
196.93
196.906
196.885
196.869
196.855
196.845
196.837
196.831
196.827
196.825
196.824
196.822
196.82
196.817
196.813
196.808
196.801
196.793
196.783
196.771
196.759
196.745
196.731
196.716
196.701
196.688
196.675
196.669
196.654
196.678
173.768
174.521
175.305
176.121
176.975
177.869
178.798
179.758
180.747
181.76
182.791
183.833
184.879
185.921
186.949
187.956
188.932
189.869
190.76
191.598
192.378
193.096
193.75
194.341
194.868
195.335
195.746
196.104
196.414
196.678
196.896
197.065
197.183
197.251
197.272
197.254
197.21
197.15
197.084
197.019
196.959
196.908
196.869
196.839
196.817
196.801
196.788
196.779
196.773
196.769
196.766
196.765
196.765
196.766
196.767
196.769
196.77
196.77
196.769
196.767
196.762
196.757
196.749
196.74
196.73
196.719
196.706
196.694
196.681
196.67
196.658
196.654
196.64
196.667
175.688
176.286
176.91
177.562
178.248
178.966
179.715
180.492
181.296
182.124
182.972
183.837
184.712
185.593
186.473
187.346
188.204
189.042
189.852
190.629
191.366
192.059
192.705
193.3
193.843
194.334
194.775
195.167
195.514
195.818
196.085
196.317
196.516
196.68
196.807
196.893
196.94
196.95
196.933
196.898
196.853
196.807
196.765
196.73
196.705
196.69
196.682
196.68
196.681
196.684
196.688
196.693
196.698
196.704
196.708
196.713
196.717
196.72
196.722
196.723
196.722
196.719
196.714
196.708
196.7
196.691
196.68
196.67
196.659
196.65
196.64
196.638
196.626
196.655
177.471
177.945
178.438
178.958
179.506
180.081
180.683
181.31
181.961
182.635
183.33
184.043
184.77
185.509
186.254
187.001
187.746
188.482
189.204
189.907
190.587
191.237
191.855
192.436
192.978
193.478
193.937
194.352
194.726
195.06
195.357
195.619
195.851
196.055
196.233
196.387
196.513
196.609
196.673
196.705
196.71
196.696
196.671
196.643
196.616
196.595
196.582
196.578
196.583
196.591
196.602
196.614
196.625
196.636
196.646
196.654
196.662
196.668
196.673
196.677
196.678
196.678
196.677
196.673
196.668
196.661
196.653
196.644
196.636
196.628
196.62
196.62
196.61
196.643
179.122
179.495
179.883
180.296
180.733
181.193
181.674
182.178
182.704
183.251
183.817
184.402
185.002
185.617
186.242
186.875
187.512
188.149
188.782
189.407
190.019
190.615
191.19
191.74
192.263
192.756
193.216
193.642
194.034
194.39
194.711
195
195.257
195.485
195.688
195.868
196.028
196.169
196.291
196.391
196.465
196.513
196.536
196.54
196.532
196.519
196.506
196.496
196.493
196.498
196.51
196.526
196.544
196.561
196.577
196.591
196.603
196.613
196.621
196.628
196.633
196.636
196.637
196.636
196.634
196.629
196.624
196.618
196.611
196.606
196.599
196.602
196.593
196.631
180.643
180.936
181.24
181.567
181.915
182.281
182.665
183.069
183.491
183.933
184.393
184.869
185.362
185.87
186.39
186.921
187.461
188.005
188.552
189.098
189.64
190.174
190.697
191.206
191.696
192.166
192.613
193.035
193.43
193.796
194.134
194.442
194.721
194.973
195.198
195.399
195.578
195.738
195.883
196.013
196.129
196.229
196.309
196.368
196.405
196.423
196.429
196.428
196.425
196.425
196.429
196.441
196.458
196.479
196.501
196.521
196.539
196.554
196.567
196.577
196.585
196.591
196.595
196.597
196.598
196.596
196.593
196.589
196.585
196.581
196.577
196.582
196.575
196.618
182.037
182.266
182.505
182.763
183.039
183.329
183.635
183.958
184.297
184.652
185.023
185.41
185.813
186.229
186.659
187.101
187.554
188.014
188.481
188.952
189.424
189.895
190.362
190.821
191.271
191.708
192.13
192.535
192.92
193.284
193.625
193.943
194.236
194.505
194.75
194.972
195.171
195.349
195.509
195.654
195.785
195.906
196.016
196.114
196.198
196.263
196.31
196.339
196.355
196.363
196.369
196.375
196.384
196.4
196.421
196.445
196.468
196.49
196.508
196.523
196.536
196.545
196.552
196.557
196.56
196.561
196.56
196.559
196.557
196.556
196.554
196.561
196.556
196.604
183.308
183.488
183.674
183.878
184.096
184.327
184.57
184.827
185.098
185.383
185.681
185.994
186.321
186.662
187.015
187.38
187.756
188.142
188.537
188.938
189.344
189.753
190.163
190.571
190.976
191.374
191.763
192.142
192.507
192.858
193.192
193.508
193.805
194.083
194.34
194.577
194.793
194.99
195.168
195.328
195.473
195.604
195.725
195.837
195.941
196.037
196.121
196.191
196.244
196.28
196.303
196.318
196.329
196.339
196.353
196.371
196.394
196.419
196.443
196.464
196.482
196.496
196.506
196.514
196.52
196.524
196.526
196.527
196.527
196.529
196.529
196.538
196.536
196.591
184.463
184.603
184.748
184.909
185.082
185.265
185.458
185.662
185.878
186.106
186.346
186.598
186.863
187.139
187.427
187.727
188.038
188.359
188.69
189.028
189.374
189.725
190.08
190.437
190.795
191.151
191.503
191.85
192.189
192.519
192.838
193.144
193.436
193.712
193.973
194.217
194.444
194.654
194.847
195.023
195.183
195.328
195.461
195.581
195.693
195.798
195.897
195.989
196.073
196.144
196.2
196.241
196.268
196.287
196.302
196.315
196.331
196.35
196.374
196.399
196.422
196.442
196.458
196.47
196.479
196.486
196.49
196.494
196.496
196.5
196.502
196.515
196.513
196.578
185.508
185.617
185.73
185.857
185.994
186.139
186.291
186.454
186.626
186.808
187
187.203
187.416
187.64
187.875
188.12
188.375
188.64
188.915
189.198
189.489
189.787
190.091
190.4
190.712
191.026
191.339
191.651
191.96
192.264
192.561
192.851
193.13
193.399
193.656
193.9
194.13
194.346
194.548
194.736
194.909
195.068
195.213
195.346
195.467
195.579
195.683
195.782
195.876
195.964
196.046
196.116
196.173
196.216
196.246
196.267
196.283
196.298
196.314
196.334
196.358
196.382
196.403
196.421
196.435
196.445
196.453
196.459
196.463
196.469
196.473
196.489
196.489
196.566
186.451
186.536
186.624
186.724
186.832
186.946
187.068
187.196
187.333
187.479
187.632
187.795
187.967
188.147
188.337
188.537
188.745
188.963
189.19
189.425
189.669
189.92
190.178
190.442
190.71
190.983
191.258
191.535
191.811
192.087
192.359
192.627
192.889
193.144
193.391
193.628
193.856
194.072
194.277
194.47
194.651
194.819
194.976
195.12
195.253
195.376
195.488
195.592
195.69
195.782
195.871
195.956
196.034
196.103
196.159
196.201
196.232
196.253
196.27
196.285
196.302
196.322
196.344
196.366
196.386
196.402
196.413
196.422
196.429
196.437
196.443
196.462
196.461
196.555
187.298
187.365
187.433
187.512
187.598
187.688
187.784
187.887
187.996
188.111
188.234
188.364
188.502
188.648
188.801
188.963
189.133
189.311
189.498
189.692
189.894
190.104
190.321
190.544
190.774
191.008
191.247
191.489
191.733
191.978
192.223
192.467
192.709
192.946
193.179
193.405
193.625
193.836
194.039
194.232
194.415
194.589
194.752
194.905
195.047
195.179
195.302
195.415
195.519
195.616
195.707
195.794
195.878
195.959
196.033
196.099
196.153
196.194
196.223
196.244
196.26
196.274
196.291
196.31
196.332
196.352
196.369
196.383
196.393
196.404
196.411
196.433
196.43
196.546
188.06
188.111
188.164
188.226
188.294
188.366
188.442
188.523
188.61
188.702
188.8
188.905
189.015
189.132
189.256
189.387
189.525
189.67
189.823
189.983
190.15
190.324
190.505
190.693
190.887
191.087
191.292
191.501
191.714
191.93
192.148
192.366
192.585
192.802
193.017
193.229
193.437
193.639
193.835
194.025
194.206
194.38
194.546
194.703
194.851
194.99
195.12
195.242
195.355
195.46
195.557
195.648
195.733
195.815
195.894
195.97
196.04
196.102
196.152
196.19
196.217
196.236
196.251
196.265
196.281
196.3
196.32
196.338
196.353
196.368
196.376
196.403
196.392
196.544
188.741
188.781
188.822
188.871
188.925
188.982
189.042
189.107
189.176
189.249
189.328
189.411
189.5
189.594
189.694
189.8
189.911
190.03
190.154
190.285
190.423
190.567
190.717
190.874
191.037
191.206
191.38
191.56
191.743
191.931
192.122
192.316
192.511
192.707
192.903
193.098
193.291
193.481
193.668
193.85
194.026
194.197
194.361
194.519
194.669
194.811
194.947
195.074
195.194
195.307
195.411
195.509
195.599
195.684
195.764
195.841
195.915
195.986
196.052
196.109
196.155
196.189
196.212
196.229
196.242
196.255
196.271
196.289
196.308
196.327
196.338
196.371
196.344
196.56
189.35
189.381
189.413
189.452
189.495
189.54
189.587
189.639
189.694
189.752
189.815
189.882
189.953
190.028
190.109
190.194
190.285
190.381
190.483
190.59
190.702
190.821
190.946
191.076
191.212
191.354
191.501
191.654
191.811
191.973
192.139
192.309
192.481
192.656
192.832
193.009
193.185
193.361
193.535
193.707
193.876
194.04
194.2
194.355
194.504
194.648
194.785
194.916
195.04
195.157
195.268
195.372
195.469
195.56
195.644
195.723
195.798
195.87
195.939
196.005
196.066
196.117
196.158
196.187
196.207
196.221
196.232
196.245
196.26
196.281
196.293
196.336
196.28
196.612
189.893
189.917
189.942
189.972
190.006
190.042
190.08
190.121
190.164
190.211
190.261
190.315
190.372
190.433
190.498
190.567
190.64
190.718
190.801
190.888
190.981
191.078
191.181
191.289
191.403
191.521
191.645
191.774
191.908
192.046
192.189
192.337
192.487
192.641
192.797
192.956
193.115
193.276
193.436
193.596
193.754
193.91
194.063
194.213
194.359
194.501
194.637
194.769
194.895
195.015
195.13
195.238
195.341
195.438
195.528
195.612
195.69
195.764
195.833
195.9
195.964
196.025
196.08
196.125
196.16
196.184
196.199
196.211
196.221
196.236
196.245
196.297
196.209
196.702
190.377
190.395
190.414
190.438
190.465
190.494
190.524
190.556
190.591
190.629
190.669
190.712
190.758
190.807
190.859
190.915
190.975
191.038
191.105
191.177
191.252
191.332
191.417
191.507
191.601
191.7
191.803
191.912
192.025
192.143
192.265
192.392
192.523
192.657
192.794
192.935
193.077
193.222
193.368
193.514
193.661
193.807
193.951
194.094
194.234
194.372
194.506
194.636
194.761
194.883
194.999
195.11
195.216
195.317
195.412
195.502
195.586
195.664
195.736
195.804
195.868
195.929
195.988
196.043
196.092
196.13
196.158
196.176
196.187
196.2
196.201
196.257
196.154
196.77
190.805
190.819
190.833
190.852
190.874
190.897
190.921
190.947
190.975
191.005
191.037
191.071
191.108
191.148
191.19
191.236
191.284
191.336
191.391
191.449
191.511
191.577
191.647
191.721
191.799
191.881
191.968
192.059
192.154
192.254
192.359
192.467
192.58
192.696
192.816
192.94
193.066
193.195
193.326
193.459
193.593
193.728
193.862
193.997
194.13
194.261
194.391
194.517
194.641
194.761
194.878
194.99
195.098
195.201
195.3
195.393
195.481
195.564
195.642
195.714
195.78
195.842
195.901
195.957
196.009
196.058
196.098
196.13
196.149
196.166
196.166
196.218
196.146
196.69
191.185
191.196
191.207
191.222
191.239
191.257
191.276
191.297
191.32
191.344
191.37
191.398
191.428
191.46
191.494
191.531
191.57
191.612
191.657
191.705
191.756
191.81
191.868
191.929
191.994
192.063
192.135
192.211
192.292
192.376
192.465
192.557
192.654
192.754
192.859
192.966
193.077
193.192
193.309
193.428
193.549
193.672
193.796
193.921
194.045
194.17
194.293
194.415
194.535
194.653
194.767
194.879
194.987
195.092
195.192
195.288
195.379
195.466
195.548
195.624
195.695
195.761
195.821
195.877
195.929
195.978
196.024
196.065
196.096
196.121
196.132
196.168
196.178
196.367
191.517
191.525
191.533
191.545
191.559
191.574
191.589
191.606
191.624
191.644
191.665
191.687
191.712
191.738
191.766
191.796
191.829
191.863
191.9
191.939
191.982
192.026
192.074
192.125
192.179
192.236
192.297
192.361
192.429
192.5
192.576
192.655
192.737
192.824
192.914
193.008
193.105
193.206
193.309
193.416
193.525
193.636
193.749
193.864
193.98
194.096
194.212
194.328
194.443
194.557
194.669
194.779
194.886
194.99
195.091
195.188
195.282
195.371
195.456
195.536
195.611
195.68
195.744
195.802
195.855
195.904
195.949
195.991
196.028
196.058
196.084
196.092
196.192
195.861
191.812
191.818
191.824
191.834
191.845
191.857
191.87
191.883
191.898
191.914
191.931
191.95
191.97
191.991
192.014
192.039
192.066
192.094
192.125
192.157
192.192
192.23
192.269
192.312
192.357
192.405
192.456
192.51
192.567
192.627
192.691
192.758
192.829
192.903
192.981
193.063
193.147
193.236
193.327
193.421
193.519
193.619
193.721
193.826
193.932
194.04
194.148
194.257
194.367
194.475
194.583
194.69
194.795
194.898
194.999
195.096
195.19
195.281
195.367
195.45
195.528
195.601
195.668
195.73
195.786
195.836
195.88
195.919
195.955
195.982
196.015
195.99
196.123
195.397
192.061
192.065
192.07
192.078
192.088
192.097
192.107
192.119
192.131
192.144
192.158
192.174
192.191
192.208
192.228
192.249
192.271
192.295
192.32
192.348
192.377
192.408
192.442
192.477
192.516
192.556
192.599
192.645
192.694
192.745
192.8
192.858
192.919
192.983
193.05
193.121
193.195
193.273
193.353
193.437
193.524
193.614
193.706
193.801
193.898
193.998
194.098
194.2
194.303
194.406
194.51
194.613
194.715
194.816
194.915
195.011
195.106
195.197
195.285
195.368
195.448
195.523
195.594
195.659
195.717
195.77
195.815
195.854
195.886
195.906
195.933
195.881
195.972
195.204
192.288
192.291
192.295
192.302
192.31
192.318
192.326
192.336
192.346
192.357
192.369
192.382
192.396
192.411
192.427
192.444
192.463
192.483
192.505
192.528
192.553
192.579
192.608
192.638
192.67
192.704
192.741
192.78
192.822
192.866
192.912
192.962
193.014
193.07
193.128
193.19
193.254
193.322
193.393
193.467
193.544
193.624
193.707
193.793
193.882
193.972
194.065
194.16
194.256
194.353
194.451
194.549
194.647
194.745
194.841
194.936
195.03
195.12
195.208
195.293
195.374
195.45
195.522
195.589
195.65
195.705
195.752
195.791
195.823
195.838
195.854
195.795
195.812
195.305
192.462
192.464
192.467
192.473
192.48
192.487
192.494
192.502
192.511
192.521
192.531
192.542
192.554
192.568
192.582
192.597
192.613
192.631
192.649
192.669
192.691
192.714
192.739
192.765
192.793
192.823
192.855
192.889
192.925
192.963
193.004
193.048
193.094
193.142
193.194
193.248
193.305
193.365
193.428
193.495
193.564
193.636
193.711
193.789
193.87
193.953
194.039
194.127
194.217
194.308
194.401
194.495
194.589
194.683
194.777
194.87
194.962
195.052
195.14
195.225
195.306
195.384
195.457
195.525
195.587
195.643
195.692
195.733
195.765
195.781
195.789
195.747
195.714
195.535
192.64
192.642
192.645
192.65
192.656
192.662
192.668
192.675
192.683
192.691
192.701
192.71
192.721
192.732
192.745
192.758
192.772
192.787
192.803
192.821
192.84
192.86
192.881
192.904
192.928
192.954
192.982
193.011
193.043
193.076
193.111
193.149
193.189
193.232
193.277
193.324
193.374
193.428
193.483
193.542
193.604
193.668
193.736
193.806
193.879
193.955
194.033
194.114
194.197
194.283
194.369
194.458
194.547
194.637
194.727
194.817
194.906
194.994
195.08
195.164
195.245
195.322
195.395
195.463
195.526
195.583
195.633
195.675
195.707
195.727
195.735
195.721
195.68
195.711
192.735
192.735
192.738
192.743
192.749
192.754
192.76
192.767
192.774
192.782
192.791
192.8
192.81
192.82
192.832
192.844
192.857
192.871
192.886
192.902
192.919
192.937
192.957
192.978
193
193.024
193.049
193.076
193.105
193.135
193.168
193.202
193.239
193.278
193.319
193.362
193.408
193.457
193.508
193.562
193.619
193.679
193.742
193.807
193.875
193.946
194.02
194.097
194.175
194.256
194.339
194.424
194.51
194.598
194.685
194.773
194.861
194.948
195.033
195.117
195.198
195.275
195.349
195.418
195.481
195.539
195.59
195.633
195.667
195.692
195.705
195.714
195.691
195.787
192.894
192.896
192.899
192.904
192.91
192.915
192.921
192.928
192.934
192.942
192.95
192.958
192.967
192.977
192.988
192.999
193.01
193.023
193.037
193.051
193.066
193.083
193.1
193.118
193.138
193.159
193.181
193.205
193.23
193.257
193.286
193.316
193.348
193.382
193.419
193.457
193.498
193.541
193.586
193.634
193.685
193.738
193.794
193.853
193.915
193.979
194.046
194.115
194.187
194.262
194.338
194.417
194.497
194.578
194.661
194.743
194.826
194.909
194.99
195.07
195.147
195.222
195.293
195.36
195.421
195.477
195.526
195.568
195.601
195.628
195.647
195.672
195.678
195.77
196.739
197.442
198.063
198.597
199.049
199.428
199.742
200.001
200.211
200.382
200.519
200.629
200.716
200.784
200.837
200.878
200.908
200.931
200.946
200.957
200.963
200.966
200.966
200.965
200.961
200.957
200.952
200.947
200.941
200.935
200.929
200.923
200.917
200.911
200.905
200.9
200.894
200.889
200.884
200.88
200.876
196.732
197.417
198.026
198.55
198.997
199.374
199.689
199.951
200.167
200.345
200.49
200.607
200.702
200.777
200.837
200.884
200.92
200.948
200.968
200.983
200.992
200.998
201.001
201.001
201
200.997
200.993
200.988
200.983
200.977
200.971
200.965
200.958
200.952
200.946
200.94
200.934
200.928
200.922
200.917
200.911
196.728
197.403
198.004
198.524
198.969
199.348
199.668
199.937
200.161
200.347
200.5
200.626
200.729
200.812
200.879
200.933
200.974
201.007
201.031
201.049
201.061
201.069
201.074
201.076
201.075
201.073
201.069
201.064
201.059
201.053
201.046
201.039
201.032
201.025
201.018
201.011
201.004
200.997
200.99
200.983
200.976
196.73
197.405
198.009
198.53
198.98
199.364
199.69
199.966
200.198
200.392
200.554
200.688
200.798
200.889
200.962
201.022
201.069
201.106
201.134
201.155
201.17
201.18
201.186
201.189
201.189
201.188
201.184
201.179
201.173
201.167
201.159
201.152
201.143
201.135
201.127
201.118
201.109
201.101
201.092
201.084
201.075
196.734
197.417
198.029
198.555
199.011
199.403
199.737
200.022
200.263
200.466
200.637
200.78
200.899
200.998
201.079
201.145
201.198
201.24
201.273
201.297
201.315
201.327
201.335
201.339
201.34
201.338
201.334
201.329
201.322
201.315
201.306
201.297
201.287
201.277
201.266
201.256
201.245
201.234
201.223
201.212
201.202
196.741
197.434
198.058
198.593
199.059
199.461
199.805
200.101
200.353
200.568
200.75
200.904
201.034
201.142
201.231
201.305
201.365
201.412
201.45
201.478
201.499
201.512
201.522
201.527
201.528
201.526
201.522
201.516
201.508
201.499
201.488
201.477
201.465
201.453
201.44
201.426
201.413
201.399
201.385
201.372
201.358
196.749
197.459
198.099
198.647
199.126
199.541
199.899
200.208
200.474
200.702
200.897
201.063
201.203
201.322
201.421
201.503
201.57
201.624
201.667
201.699
201.723
201.738
201.748
201.754
201.756
201.753
201.748
201.74
201.731
201.719
201.707
201.693
201.678
201.662
201.646
201.63
201.613
201.596
201.579
201.561
201.544
196.761
197.493
198.153
198.718
199.214
199.645
200.019
200.344
200.625
200.868
201.078
201.257
201.411
201.541
201.65
201.742
201.817
201.878
201.926
201.962
201.989
202.005
202.017
202.024
202.024
202.021
202.014
202.005
201.993
201.978
201.963
201.945
201.927
201.908
201.888
201.867
201.846
201.825
201.803
201.781
201.76
196.777
197.536
198.222
198.808
199.324
199.774
200.167
200.51
200.809
201.069
201.295
201.49
201.657
201.8
201.921
202.023
202.107
202.175
202.229
202.27
202.299
202.317
202.33
202.337
202.337
202.332
202.323
202.311
202.295
202.278
202.258
202.237
202.214
202.19
202.165
202.14
202.114
202.087
202.06
202.033
202.006
196.796
197.589
198.305
198.916
199.457
199.93
200.344
200.708
201.027
201.307
201.551
201.762
201.946
202.103
202.237
202.35
202.444
202.52
202.58
202.626
202.658
202.678
202.691
202.697
202.696
202.689
202.677
202.661
202.642
202.62
202.595
202.569
202.541
202.511
202.48
202.449
202.417
202.384
202.351
202.318
202.285
196.82
197.653
198.404
199.045
199.615
200.113
200.553
200.941
201.283
201.584
201.848
202.079
202.28
202.454
202.602
202.727
202.831
202.916
202.983
203.034
203.069
203.09
203.104
203.109
203.105
203.095
203.08
203.059
203.035
203.007
202.977
202.944
202.909
202.873
202.835
202.797
202.757
202.717
202.677
202.636
202.595
196.849
197.728
198.52
199.197
199.798
200.327
200.795
201.21
201.578
201.904
202.191
202.443
202.664
202.856
203.02
203.159
203.275
203.369
203.444
203.499
203.538
203.559
203.572
203.576
203.57
203.556
203.535
203.509
203.479
203.444
203.406
203.365
203.323
203.278
203.232
203.184
203.136
203.087
203.038
202.988
202.939
196.885
197.816
198.656
199.372
200.012
200.575
201.075
201.521
201.918
202.271
202.584
202.86
203.103
203.315
203.497
203.651
203.78
203.885
203.967
204.028
204.07
204.091
204.104
204.105
204.095
204.075
204.048
204.015
203.977
203.933
203.886
203.836
203.783
203.729
203.672
203.614
203.556
203.496
203.437
203.376
203.317
196.928
197.918
198.812
199.575
200.257
200.859
201.396
201.877
202.307
202.691
203.033
203.336
203.604
203.838
204.039
204.211
204.354
204.471
204.561
204.628
204.672
204.693
204.704
204.701
204.686
204.659
204.625
204.582
204.534
204.48
204.422
204.36
204.295
204.228
204.159
204.089
204.017
203.946
203.873
203.801
203.729
196.979
198.037
198.992
199.808
200.538
201.184
201.763
202.283
202.751
203.17
203.544
203.877
204.173
204.432
204.656
204.847
205.006
205.135
205.235
205.307
205.353
205.373
205.381
205.373
205.35
205.315
205.27
205.217
205.156
205.088
205.016
204.94
204.861
204.779
204.695
204.609
204.523
204.436
204.348
204.261
204.175
197.04
198.175
199.199
200.074
200.859
201.556
202.182
202.747
203.256
203.714
204.125
204.493
204.82
205.107
205.356
205.568
205.745
205.888
205.998
206.076
206.123
206.141
206.144
206.129
206.097
206.051
205.993
205.925
205.848
205.764
205.675
205.581
205.484
205.383
205.281
205.177
205.072
204.967
204.862
204.757
204.653
197.113
198.334
199.437
200.379
201.226
201.98
202.659
203.274
203.831
204.334
204.786
205.192
205.555
205.874
206.151
206.387
206.584
206.742
206.862
206.946
206.994
207.008
207.005
206.98
206.936
206.875
206.8
206.714
206.618
206.514
206.403
206.287
206.167
206.045
205.92
205.793
205.666
205.539
205.412
205.286
205.162
197.199
198.517
199.709
200.728
201.645
202.463
203.203
203.875
204.486
205.04
205.539
205.989
206.391
206.746
207.055
207.318
207.537
207.712
207.844
207.933
207.98
207.988
207.975
207.938
207.877
207.797
207.701
207.592
207.471
207.342
207.204
207.061
206.914
206.764
206.611
206.458
206.303
206.15
205.997
205.845
205.696
197.301
198.73
200.022
201.127
202.124
203.015
203.824
204.561
205.233
205.844
206.397
206.896
207.344
207.741
208.085
208.379
208.623
208.816
208.959
209.053
209.098
209.096
209.07
209.016
208.934
208.83
208.707
208.568
208.416
208.254
208.084
207.907
207.726
207.541
207.355
207.168
206.981
206.795
206.611
206.429
206.25
197.422
198.975
200.38
201.584
202.671
203.646
204.533
205.344
206.086
206.763
207.377
207.933
208.434
208.877
209.262
209.591
209.861
210.074
210.229
210.326
210.366
210.351
210.307
210.229
210.12
209.984
209.826
209.65
209.46
209.257
209.045
208.826
208.602
208.376
208.147
207.919
207.692
207.467
207.245
207.026
206.812
197.565
199.258
200.793
202.109
203.298
204.368
205.345
206.241
207.064
207.816
208.5
209.121
209.682
210.179
210.611
210.977
211.279
211.513
211.679
211.777
211.807
211.773
211.704
211.596
211.45
211.273
211.071
210.847
210.607
210.353
210.089
209.817
209.541
209.262
208.982
208.704
208.428
208.156
207.888
207.625
207.369
197.734
199.587
201.268
202.713
204.019
205.199
206.279
207.273
208.187
209.027
209.791
210.488
211.117
211.676
212.16
212.571
212.905
213.162
213.338
213.434
213.448
213.386
213.283
213.134
212.94
212.71
212.45
212.166
211.863
211.544
211.214
210.877
210.535
210.191
209.849
209.509
209.173
208.843
208.521
208.205
207.898
197.933
199.969
201.817
203.409
204.851
206.156
207.356
208.463
209.485
210.425
211.283
212.067
212.776
213.405
213.95
214.409
214.78
215.059
215.242
215.329
215.318
215.218
215.068
214.863
214.607
214.307
213.973
213.611
213.227
212.827
212.414
211.995
211.572
211.148
210.728
210.313
209.905
209.506
209.117
208.74
208.373
198.168
200.414
202.454
204.216
205.814
207.266
208.604
209.843
210.99
212.048
213.015
213.9
214.701
215.411
216.025
216.538
216.948
217.247
217.433
217.502
217.453
217.297
217.083
216.803
216.463
216.073
215.643
215.182
214.695
214.191
213.676
213.154
212.63
212.109
211.594
211.088
210.592
210.111
209.644
209.192
208.757
198.445
200.934
203.197
205.157
206.937
208.559
210.059
211.453
212.747
213.944
215.038
216.041
216.95
217.753
218.444
219.017
219.465
219.781
219.96
219.996
219.887
219.654
219.351
218.97
218.519
218.011
217.457
216.868
216.252
215.618
214.974
214.325
213.678
213.037
212.407
211.791
211.192
210.612
210.053
209.515
209
198.771
201.544
204.067
206.258
208.252
210.076
211.768
213.345
214.814
216.174
217.418
218.56
219.593
220.503
221.28
221.915
222.399
222.723
222.878
222.858
222.66
222.314
221.889
221.372
220.775
220.112
219.398
218.647
217.868
217.072
216.269
215.465
214.667
213.882
213.114
212.368
211.646
210.951
210.285
209.649
209.044
199.157
202.263
205.092
207.558
209.805
211.87
213.791
215.587
217.265
218.82
220.243
221.547
222.725
223.756
224.626
225.323
225.834
226.146
226.25
226.138
225.805
225.299
224.704
224.004
223.213
222.35
221.432
220.476
219.494
218.499
217.501
216.509
215.531
214.574
213.644
212.746
211.881
211.055
210.268
209.521
208.816
199.612
203.116
206.31
209.105
211.658
214.012
216.21
218.272
220.202
221.992
223.627
225.122
226.467
227.632
228.598
229.348
229.865
230.133
230.14
229.877
229.343
228.609
227.781
226.835
225.791
224.669
223.494
222.283
221.052
219.815
218.585
217.371
216.182
215.025
213.908
212.835
211.809
210.834
209.913
209.044
208.232
200.148
204.135
207.77
210.965
213.891
216.6
219.139
221.527
223.766
225.842
227.729
229.449
230.982
232.29
233.344
234.122
234.603
234.768
234.602
234.101
233.267
232.21
231.066
229.794
228.421
226.974
225.48
223.959
222.43
220.909
219.408
217.938
216.508
215.125
213.797
212.531
211.327
210.189
209.121
208.122
207.197
200.78
205.36
209.539
213.231
216.621
219.774
222.739
225.534
228.156
230.58
232.77
234.748
236.486
237.931
239.043
239.795
240.161
240.119
239.662
238.789
237.514
236.008
234.44
232.746
230.959
229.112
227.234
225.349
223.476
221.632
219.827
218.073
216.378
214.749
213.193
211.718
210.322
209.011
207.789
206.653
205.613
201.52
206.849
211.715
216.038
220.021
223.74
227.249
230.562
233.667
236.518
239.064
241.329
243.271
244.814
245.91
246.524
246.63
246.214
245.277
243.838
241.93
239.814
237.696
235.473
233.183
230.864
228.545
226.252
224.002
221.807
219.68
217.626
215.654
213.768
211.975
210.281
208.685
207.193
205.81
204.534
203.378
202.365
208.653
214.404
219.546
224.302
228.759
232.974
236.953
240.663
244.029
246.975
249.525
251.618
253.152
254.07
254.338
253.941
252.885
251.199
248.936
246.162
243.26
240.47
237.624
234.764
231.927
229.142
226.427
223.794
221.253
218.808
216.463
214.221
212.084
210.057
208.145
206.347
204.67
203.121
201.698
200.426
203.321
210.798
217.664
223.836
229.572
234.964
240.064
244.862
249.289
253.221
256.546
259.293
261.374
262.667
263.114
262.707
261.463
259.434
256.7
253.364
249.536
245.745
242.236
238.753
235.333
232.01
228.801
225.716
222.756
219.922
217.212
214.622
212.15
209.794
207.557
205.443
203.451
201.589
199.869
198.293
196.899
204.325
213.224
221.423
228.828
235.737
242.247
248.389
254.118
259.312
263.765
267.33
270.051
271.82
272.51
272.099
270.634
268.202
264.923
260.944
256.425
251.518
246.881
242.734
238.711
234.842
231.145
227.625
224.276
221.088
218.052
215.157
212.392
209.749
207.222
204.811
202.519
200.345
198.3
196.401
194.657
193.122
205.257
215.864
225.661
234.55
242.865
250.7
258.04
264.775
270.7
275.504
279.022
281.339
282.353
281.979
280.277
277.393
273.508
268.827
263.562
257.912
252.046
246.721
242.092
237.686
233.513
229.58
225.873
222.371
219.053
215.9
212.893
210.015
207.252
204.595
202.039
199.587
197.235
194.999
192.902
190.96
189.251
206.022
218.684
230.4
241.069
251.058
260.434
269.097
276.824
283.303
288.111
291.118
292.506
292.236
290.324
286.965
282.432
277.007
270.96
264.539
257.953
251.357
245.557
240.627
235.998
231.664
227.618
223.83
220.265
216.894
213.69
210.627
207.683
204.839
202.082
199.403
196.803
194.276
191.837
189.516
187.334
185.402
206.524
221.668
235.691
248.491
260.451
271.56
281.584
290.125
296.765
301.011
302.892
302.758
300.696
296.888
291.693
285.5
278.654
271.451
264.13
256.879
249.813
243.749
238.678
233.961
229.579
225.513
221.72
218.157
214.786
211.575
208.495
205.517
202.62
199.786
197.002
194.265
191.565
188.914
186.342
183.878
181.663
206.646
224.801
241.598
256.939
271.17
284.131
295.369
304.291
310.435
313.378
313.475
311.304
307.12
301.294
294.335
286.691
278.709
270.657
262.738
255.09
247.786
241.626
236.532
231.823
227.469
223.443
219.694
216.171
212.833
209.643
206.568
203.578
200.648
197.754
194.882
192.021
189.155
186.289
183.448
180.66
178.097
206.261
228.082
248.216
266.551
283.311
298.06
310.066
318.615
323.396
324.276
322.085
317.606
311.241
303.549
295.121
286.378
277.605
269.02
260.77
252.944
245.572
239.431
234.392
229.749
225.468
221.517
217.837
214.375
211.086
207.931
204.876
201.886
198.935
195.996
193.05
190.08
187.061
183.987
180.868
177.726
174.746
205.25
231.543
255.681
277.477
296.872
313.025
324.961
332.12
334.647
332.926
328.273
321.527
313.197
303.996
294.509
285.041
275.795
266.933
258.554
250.702
243.372
237.319
232.376
227.831
223.646
219.783
216.184
212.791
209.558
206.445
203.415
200.434
197.471
194.499
191.491
188.429
185.273
182.007
178.615
175.104
171.637
203.507
235.268
264.185
289.84
311.654
328.358
339.038
343.752
343.4
338.968
332.051
323.326
313.409
303.146
293.003
283.123
273.643
264.689
256.313
248.526
241.302
235.373
230.546
226.111
222.027
218.258
214.741
211.418
208.242
205.172
202.17
199.201
196.233
193.235
190.18
187.04
183.768
180.332
176.68
172.806
168.783
200.974
239.411
273.95
303.616
327.107
343.035
351.184
352.722
349.363
342.556
333.802
323.475
312.398
301.503
291.026
280.952
271.401
262.471
254.178
246.508
239.423
233.631
228.925
224.6
220.617
216.938
213.5
210.243
207.121
204.092
201.118
198.163
195.193
192.177
189.084
185.882
182.512
178.932
175.045
170.83
166.183
197.639
244.21
285.161
318.488
342.308
355.922
360.601
358.793
352.783
344.198
334.048
322.463
310.636
299.464
288.868
278.742
269.225
260.392
252.224
244.695
237.759
232.107
227.516
223.296
219.406
215.81
212.444
209.248
206.174
203.183
200.235
197.294
194.325
191.296
188.173
184.922
181.473
177.774
173.683
169.161
163.831
193.592
249.995
297.848
333.755
356.118
366.134
367.024
362.237
354.223
344.481
333.251
320.699
308.496
297.31
286.72
276.627
267.21
258.509
250.484
243.102
236.313
230.792
226.309
222.182
218.375
214.853
211.552
208.409
205.379
202.421
199.496
196.568
193.602
190.564
187.418
184.127
180.615
176.821
172.56
167.773
161.718
188.956
256.907
311.496
348.195
367.392
373.218
370.681
363.628
354.33
343.926
331.798
318.538
306.272
295.227
284.703
274.691
265.403
256.846
248.964
241.723
235.07
229.668
225.282
221.241
217.509
214.052
210.807
207.711
204.719
201.79
198.887
195.971
193.007
189.963
186.799
183.478
179.917
176.047
171.651
166.64
159.845
183.907
264.743
325.154
360.677
375.639
377.453
372.22
363.675
353.704
342.953
329.993
316.292
304.191
293.331
282.881
272.973
263.822
255.403
247.653
240.541
234.012
228.713
224.401
220.43
216.763
213.364
210.168
207.112
204.154
201.252
198.367
195.463
192.503
189.454
186.278
182.934
179.336
175.409
170.912
165.719
158.179
176.503
273.296
338.633
371.153
381.291
379.569
372.362
362.947
352.727
341.798
327.97
314.11
302.416
291.763
281.368
271.567
262.548
254.254
246.62
239.616
233.187
228.01
223.771
219.852
216.232
212.876
209.716
206.69
203.755
200.871
197.999
195.101
192.142
189.09
185.903
182.543
178.917
174.947
170.382
165.067
156.81
172.484
285.081
351.449
378.462
384.092
379.9
371.228
361.173
350.845
339.783
324.908
310.828
299.647
289.362
279.154
269.554
260.746
252.65
245.2
238.365
232.084
226.983
222.869
219.037
215.491
212.2
209.096
206.117
203.221
200.367
197.519
194.636
191.686
188.635
185.443
182.068
178.42
174.411
169.79
164.391
155.705
200.872
200.869
200.867
200.865
200.862
200.859
200.856
200.853
200.849
200.845
200.841
200.836
200.831
200.826
200.82
200.814
200.808
200.8
200.793
200.784
200.775
200.765
200.754
200.743
200.73
200.717
200.702
200.686
200.668
200.65
200.629
200.607
200.584
200.558
200.53
200.5
200.467
200.432
200.394
200.353
200.31
200.262
200.212
200.158
200.101
200.039
199.974
199.905
199.832
199.755
199.675
199.59
199.502
199.41
199.315
199.216
199.115
199.011
198.906
198.798
198.689
198.58
198.47
198.36
198.251
198.143
198.037
197.934
197.834
197.739
197.649
197.564
197.492
197.419
200.908
200.906
200.905
200.903
200.901
200.898
200.896
200.893
200.889
200.886
200.881
200.877
200.872
200.867
200.861
200.854
200.847
200.84
200.831
200.822
200.813
200.802
200.79
200.778
200.764
200.749
200.733
200.716
200.697
200.677
200.655
200.631
200.606
200.578
200.548
200.516
200.482
200.445
200.405
200.362
200.316
200.267
200.215
200.16
200.101
200.038
199.971
199.901
199.827
199.749
199.668
199.583
199.494
199.402
199.306
199.208
199.107
199.003
198.898
198.79
198.682
198.572
198.463
198.353
198.244
198.137
198.031
197.928
197.829
197.733
197.643
197.558
197.488
197.405
200.972
200.972
200.971
200.97
200.968
200.966
200.964
200.961
200.958
200.954
200.95
200.946
200.941
200.935
200.929
200.923
200.915
200.907
200.898
200.889
200.878
200.867
200.854
200.841
200.826
200.81
200.793
200.774
200.754
200.732
200.708
200.682
200.655
200.625
200.593
200.558
200.521
200.482
200.439
200.394
200.345
200.293
200.238
200.179
200.117
200.052
199.982
199.909
199.832
199.751
199.667
199.579
199.488
199.394
199.296
199.196
199.093
198.989
198.882
198.774
198.664
198.555
198.445
198.335
198.227
198.12
198.015
197.912
197.813
197.718
197.628
197.542
197.473
197.379
201.07
201.07
201.07
201.069
201.067
201.066
201.063
201.061
201.058
201.054
201.05
201.045
201.04
201.034
201.028
201.02
201.012
201.003
200.994
200.983
200.971
200.958
200.944
200.929
200.913
200.895
200.875
200.854
200.832
200.807
200.78
200.752
200.721
200.688
200.652
200.614
200.573
200.53
200.483
200.433
200.38
200.324
200.265
200.202
200.135
200.065
199.991
199.914
199.833
199.749
199.661
199.57
199.476
199.379
199.279
199.177
199.072
198.966
198.858
198.749
198.64
198.53
198.42
198.311
198.203
198.096
197.992
197.89
197.792
197.697
197.608
197.52
197.452
197.346
201.195
201.195
201.196
201.195
201.193
201.191
201.189
201.186
201.182
201.178
201.174
201.168
201.162
201.156
201.148
201.14
201.131
201.121
201.11
201.097
201.084
201.069
201.053
201.036
201.017
200.997
200.974
200.95
200.924
200.896
200.866
200.834
200.799
200.762
200.722
200.679
200.633
200.585
200.533
200.478
200.42
200.359
200.294
200.225
200.153
200.078
199.999
199.917
199.832
199.743
199.651
199.556
199.459
199.358
199.256
199.151
199.045
198.937
198.828
198.719
198.609
198.499
198.389
198.281
198.173
198.068
197.965
197.864
197.766
197.672
197.584
197.495
197.428
197.311
201.349
201.349
201.35
201.348
201.346
201.344
201.341
201.338
201.334
201.329
201.323
201.317
201.31
201.302
201.293
201.283
201.273
201.261
201.248
201.233
201.217
201.2
201.182
201.161
201.139
201.115
201.089
201.062
201.032
200.999
200.965
200.927
200.887
200.845
200.799
200.751
200.699
200.645
200.587
200.526
200.461
200.394
200.322
200.248
200.17
200.088
200.004
199.916
199.825
199.732
199.635
199.536
199.435
199.332
199.227
199.12
199.012
198.903
198.793
198.683
198.573
198.463
198.354
198.246
198.14
198.036
197.934
197.834
197.738
197.645
197.557
197.467
197.401
197.274
201.532
201.532
201.532
201.53
201.527
201.524
201.521
201.516
201.511
201.505
201.498
201.49
201.481
201.472
201.461
201.449
201.436
201.421
201.406
201.388
201.369
201.349
201.327
201.303
201.276
201.248
201.218
201.185
201.15
201.112
201.072
201.029
200.983
200.934
200.882
200.827
200.768
200.707
200.642
200.573
200.501
200.426
200.348
200.266
200.182
200.094
200.003
199.909
199.813
199.714
199.613
199.51
199.405
199.299
199.191
199.082
198.972
198.862
198.752
198.642
198.532
198.423
198.315
198.208
198.103
198
197.9
197.802
197.707
197.615
197.528
197.438
197.373
197.237
201.744
201.744
201.743
201.741
201.737
201.732
201.727
201.721
201.714
201.706
201.698
201.688
201.677
201.665
201.651
201.636
201.62
201.602
201.583
201.562
201.539
201.514
201.487
201.458
201.427
201.393
201.357
201.319
201.277
201.233
201.186
201.136
201.082
201.026
200.966
200.903
200.837
200.767
200.694
200.617
200.538
200.455
200.369
200.279
200.187
200.093
199.995
199.895
199.794
199.69
199.584
199.477
199.369
199.259
199.149
199.038
198.927
198.817
198.706
198.596
198.487
198.379
198.272
198.167
198.063
197.962
197.863
197.767
197.674
197.584
197.498
197.408
197.345
197.201
201.987
201.985
201.984
201.98
201.974
201.968
201.961
201.953
201.944
201.933
201.922
201.909
201.895
201.88
201.863
201.844
201.824
201.802
201.778
201.752
201.724
201.694
201.662
201.627
201.589
201.549
201.506
201.46
201.411
201.359
201.303
201.245
201.183
201.118
201.049
200.977
200.902
200.823
200.741
200.656
200.567
200.476
200.382
200.285
200.185
200.083
199.979
199.874
199.766
199.658
199.548
199.437
199.325
199.213
199.101
198.989
198.878
198.766
198.656
198.547
198.438
198.331
198.226
198.123
198.021
197.922
197.826
197.732
197.641
197.551
197.468
197.378
197.316
197.168
202.261
202.257
202.254
202.248
202.24
202.231
202.222
202.211
202.199
202.185
202.17
202.154
202.136
202.117
202.095
202.072
202.047
202.019
201.99
201.958
201.923
201.886
201.847
201.804
201.759
201.711
201.659
201.605
201.547
201.486
201.421
201.353
201.281
201.206
201.128
201.046
200.96
200.872
200.78
200.685
200.588
200.488
200.385
200.28
200.173
200.065
199.955
199.843
199.731
199.618
199.504
199.39
199.276
199.162
199.049
198.936
198.824
198.713
198.603
198.494
198.387
198.282
198.178
198.077
197.978
197.881
197.787
197.695
197.606
197.519
197.437
197.348
197.288
197.138
202.566
202.561
202.555
202.546
202.535
202.523
202.51
202.496
202.48
202.462
202.443
202.422
202.399
202.374
202.346
202.317
202.286
202.251
202.215
202.175
202.133
202.088
202.04
201.989
201.934
201.876
201.815
201.75
201.682
201.61
201.535
201.456
201.373
201.287
201.198
201.105
201.009
200.91
200.809
200.704
200.598
200.489
200.378
200.265
200.151
200.036
199.92
199.804
199.687
199.57
199.453
199.336
199.221
199.105
198.991
198.878
198.766
198.656
198.547
198.439
198.334
198.23
198.129
198.03
197.933
197.839
197.747
197.658
197.571
197.486
197.407
197.319
197.26
197.112
202.904
202.895
202.886
202.874
202.859
202.843
202.825
202.806
202.785
202.762
202.737
202.71
202.681
202.649
202.615
202.578
202.538
202.496
202.451
202.402
202.351
202.296
202.237
202.176
202.11
202.041
201.968
201.892
201.812
201.728
201.641
201.55
201.455
201.358
201.256
201.152
201.046
200.936
200.824
200.71
200.594
200.477
200.358
200.238
200.118
199.997
199.876
199.755
199.635
199.515
199.395
199.277
199.16
199.044
198.93
198.817
198.705
198.596
198.488
198.383
198.279
198.178
198.079
197.982
197.888
197.796
197.707
197.62
197.537
197.454
197.377
197.291
197.234
197.09
203.274
203.261
203.249
203.231
203.211
203.19
203.167
203.142
203.114
203.084
203.052
203.018
202.98
202.94
202.897
202.851
202.802
202.749
202.694
202.634
202.571
202.505
202.434
202.36
202.282
202.2
202.115
202.025
201.932
201.835
201.734
201.63
201.523
201.413
201.3
201.184
201.066
200.946
200.824
200.701
200.576
200.451
200.325
200.199
200.073
199.947
199.822
199.698
199.574
199.452
199.332
199.212
199.095
198.979
198.865
198.753
198.643
198.535
198.429
198.325
198.224
198.125
198.028
197.934
197.843
197.754
197.667
197.583
197.502
197.422
197.348
197.264
197.208
197.07
203.677
203.659
203.641
203.617
203.591
203.563
203.533
203.5
203.464
203.426
203.385
203.341
203.294
203.243
203.189
203.132
203.071
203.007
202.938
202.866
202.789
202.709
202.625
202.537
202.444
202.348
202.248
202.144
202.036
201.925
201.811
201.693
201.573
201.45
201.325
201.198
201.069
200.939
200.808
200.676
200.543
200.411
200.279
200.148
200.017
199.887
199.759
199.632
199.507
199.384
199.262
199.143
199.026
198.911
198.798
198.687
198.579
198.472
198.369
198.267
198.168
198.072
197.978
197.887
197.798
197.711
197.628
197.547
197.468
197.391
197.319
197.238
197.183
197.053
204.112
204.087
204.062
204.031
203.996
203.959
203.92
203.878
203.832
203.783
203.731
203.675
203.616
203.553
203.486
203.415
203.34
203.261
203.178
203.091
202.999
202.903
202.803
202.699
202.59
202.478
202.362
202.243
202.12
201.994
201.866
201.734
201.601
201.466
201.329
201.191
201.052
200.912
200.773
200.634
200.495
200.357
200.22
200.084
199.95
199.818
199.688
199.56
199.434
199.31
199.189
199.07
198.954
198.84
198.729
198.62
198.513
198.41
198.308
198.209
198.113
198.019
197.928
197.839
197.753
197.67
197.589
197.51
197.435
197.36
197.291
197.213
197.159
197.038
204.578
204.544
204.51
204.469
204.424
204.376
204.325
204.271
204.213
204.151
204.085
204.015
203.941
203.863
203.78
203.693
203.602
203.506
203.406
203.301
203.191
203.078
202.96
202.839
202.713
202.584
202.452
202.316
202.178
202.037
201.894
201.75
201.604
201.457
201.31
201.162
201.014
200.867
200.72
200.575
200.431
200.288
200.148
200.01
199.874
199.74
199.609
199.481
199.355
199.232
199.112
198.995
198.88
198.768
198.659
198.552
198.448
198.347
198.248
198.152
198.058
197.967
197.879
197.793
197.71
197.629
197.551
197.475
197.402
197.33
197.263
197.189
197.137
197.025
205.071
205.026
204.98
204.927
204.869
204.808
204.743
204.673
204.6
204.522
204.439
204.352
204.261
204.164
204.063
203.957
203.847
203.731
203.611
203.487
203.358
203.226
203.089
202.949
202.805
202.659
202.509
202.358
202.204
202.05
201.894
201.737
201.58
201.423
201.266
201.11
200.955
200.802
200.65
200.5
200.353
200.207
200.065
199.925
199.789
199.655
199.524
199.397
199.272
199.151
199.033
198.917
198.805
198.695
198.588
198.484
198.383
198.284
198.188
198.095
198.004
197.916
197.83
197.747
197.667
197.589
197.514
197.441
197.371
197.302
197.237
197.166
197.115
197.013
205.587
205.528
205.467
205.398
205.324
205.246
205.163
205.076
204.983
204.886
204.784
204.676
204.564
204.446
204.323
204.196
204.063
203.926
203.785
203.639
203.489
203.336
203.18
203.021
202.859
202.695
202.53
202.363
202.196
202.028
201.861
201.693
201.527
201.362
201.198
201.036
200.876
200.718
200.563
200.411
200.261
200.115
199.972
199.833
199.697
199.564
199.435
199.309
199.187
199.068
198.952
198.839
198.729
198.622
198.518
198.417
198.319
198.223
198.13
198.039
197.951
197.866
197.783
197.703
197.626
197.55
197.478
197.408
197.34
197.274
197.212
197.144
197.094
197.002
206.118
206.041
205.962
205.873
205.779
205.68
205.576
205.466
205.351
205.231
205.105
204.973
204.836
204.694
204.547
204.395
204.239
204.078
203.913
203.745
203.574
203.4
203.224
203.046
202.868
202.688
202.508
202.328
202.149
201.971
201.794
201.619
201.446
201.275
201.106
200.94
200.777
200.618
200.461
200.308
200.159
200.013
199.871
199.733
199.599
199.469
199.342
199.219
199.099
198.983
198.87
198.76
198.654
198.55
198.449
198.351
198.255
198.163
198.072
197.985
197.9
197.818
197.738
197.66
197.585
197.513
197.443
197.376
197.311
197.247
197.187
197.123
197.074
196.991
206.654
206.554
206.451
206.339
206.22
206.096
205.966
205.829
205.687
205.539
205.386
205.226
205.062
204.893
204.718
204.54
204.358
204.172
203.984
203.793
203.601
203.407
203.213
203.019
202.825
202.632
202.441
202.251
202.063
201.877
201.694
201.514
201.337
201.164
200.993
200.826
200.663
200.503
200.347
200.195
200.047
199.904
199.764
199.629
199.498
199.37
199.247
199.127
199.011
198.898
198.789
198.682
198.579
198.479
198.381
198.286
198.194
198.104
198.017
197.932
197.85
197.771
197.694
197.619
197.547
197.477
197.41
197.345
197.282
197.221
197.164
197.103
197.055
196.98
207.177
207.05
206.918
206.777
206.628
206.473
206.312
206.145
205.971
205.792
205.607
205.416
205.221
205.022
204.82
204.614
204.405
204.195
203.984
203.772
203.56
203.35
203.14
202.933
202.728
202.525
202.326
202.13
201.937
201.748
201.563
201.382
201.205
201.031
200.861
200.696
200.534
200.376
200.223
200.074
199.929
199.789
199.653
199.521
199.394
199.27
199.151
199.035
198.923
198.814
198.708
198.606
198.506
198.409
198.314
198.223
198.134
198.047
197.963
197.881
197.802
197.725
197.651
197.579
197.51
197.442
197.378
197.315
197.255
197.196
197.141
197.083
197.036
196.97
207.668
207.507
207.34
207.163
206.979
206.788
206.59
206.387
206.177
205.963
205.743
205.519
205.292
205.062
204.83
204.597
204.364
204.131
203.9
203.67
203.443
203.22
203
202.784
202.573
202.367
202.165
201.968
201.775
201.588
201.404
201.226
201.051
200.881
200.714
200.552
200.394
200.241
200.091
199.946
199.806
199.67
199.539
199.412
199.289
199.17
199.055
198.944
198.836
198.731
198.629
198.53
198.434
198.341
198.25
198.161
198.075
197.992
197.911
197.832
197.756
197.682
197.61
197.541
197.474
197.409
197.347
197.286
197.229
197.172
197.119
197.064
197.019
196.96
208.097
207.895
207.686
207.467
207.241
207.008
206.77
206.525
206.277
206.024
205.768
205.509
205.25
204.99
204.731
204.473
204.219
203.968
203.721
203.48
203.244
203.014
202.791
202.574
202.363
202.159
201.961
201.769
201.582
201.4
201.223
201.05
200.881
200.717
200.556
200.4
200.247
200.099
199.955
199.815
199.68
199.55
199.424
199.302
199.184
199.07
198.96
198.854
198.75
198.65
198.552
198.457
198.365
198.275
198.187
198.102
198.019
197.939
197.861
197.785
197.711
197.64
197.571
197.504
197.44
197.377
197.317
197.259
197.204
197.149
197.099
197.047
197.002
196.95
208.426
208.175
207.916
207.649
207.375
207.096
206.812
206.524
206.234
205.942
205.649
205.357
205.068
204.782
204.5
204.224
203.955
203.694
203.44
203.195
202.96
202.732
202.514
202.304
202.103
201.908
201.721
201.539
201.363
201.191
201.024
200.861
200.701
200.545
200.392
200.242
200.096
199.954
199.816
199.683
199.554
199.429
199.309
199.193
199.08
198.972
198.867
198.766
198.667
198.571
198.478
198.387
198.298
198.212
198.127
198.045
197.966
197.888
197.813
197.74
197.669
197.6
197.533
197.469
197.407
197.347
197.289
197.233
197.18
197.128
197.079
197.03
196.987
196.94
208.605
208.299
207.984
207.663
207.336
207.007
206.675
206.342
206.01
205.681
205.355
205.035
204.722
204.417
204.122
203.837
203.564
203.303
203.054
202.818
202.593
202.38
202.177
201.984
201.8
201.623
201.452
201.287
201.126
200.969
200.815
200.664
200.515
200.368
200.223
200.082
199.944
199.809
199.678
199.55
199.428
199.309
199.195
199.085
198.979
198.876
198.777
198.68
198.586
198.495
198.406
198.319
198.234
198.151
198.07
197.991
197.914
197.839
197.767
197.696
197.628
197.562
197.498
197.436
197.376
197.318
197.262
197.208
197.157
197.107
197.06
197.013
196.972
196.93
208.577
208.208
207.832
207.452
207.07
206.689
206.31
205.934
205.565
205.204
204.854
204.514
204.189
203.878
203.582
203.304
203.042
202.796
202.567
202.353
202.153
201.966
201.79
201.624
201.465
201.314
201.166
201.023
200.881
200.742
200.603
200.465
200.327
200.191
200.056
199.923
199.792
199.664
199.54
199.42
199.304
199.192
199.084
198.981
198.88
198.783
198.689
198.598
198.509
198.422
198.337
198.253
198.172
198.092
198.015
197.939
197.865
197.793
197.723
197.655
197.589
197.526
197.464
197.404
197.346
197.29
197.237
197.185
197.135
197.087
197.042
196.998
196.957
196.92
208.267
207.833
207.393
206.952
206.515
206.085
205.664
205.254
204.858
204.477
204.115
203.773
203.452
203.153
202.877
202.623
202.391
202.18
201.988
201.813
201.652
201.505
201.368
201.238
201.114
200.993
200.874
200.756
200.636
200.515
200.393
200.269
200.143
200.017
199.891
199.766
199.643
199.523
199.405
199.292
199.183
199.078
198.977
198.879
198.785
198.694
198.605
198.519
198.434
198.351
198.27
198.191
198.113
198.037
197.962
197.889
197.818
197.749
197.681
197.616
197.552
197.491
197.431
197.374
197.318
197.264
197.212
197.163
197.115
197.069
197.025
196.983
196.944
196.911
207.595
207.094
206.591
206.094
205.608
205.138
204.686
204.256
203.849
203.469
203.117
202.794
202.502
202.241
202.008
201.804
201.626
201.47
201.335
201.217
201.112
201.017
200.928
200.844
200.76
200.675
200.587
200.496
200.399
200.298
200.191
200.081
199.967
199.85
199.732
199.615
199.499
199.385
199.275
199.168
199.066
198.967
198.873
198.782
198.694
198.608
198.525
198.443
198.363
198.285
198.207
198.131
198.057
197.983
197.912
197.842
197.773
197.706
197.642
197.579
197.517
197.458
197.401
197.345
197.291
197.239
197.189
197.141
197.095
197.051
197.009
196.969
196.931
196.902
206.468
205.905
205.349
204.803
204.281
203.788
203.326
202.898
202.507
202.155
201.844
201.574
201.343
201.15
200.993
200.867
200.768
200.693
200.635
200.591
200.555
200.523
200.492
200.458
200.418
200.372
200.316
200.251
200.177
200.094
200.002
199.903
199.799
199.691
199.58
199.469
199.36
199.253
199.149
199.049
198.953
198.861
198.773
198.688
198.606
198.526
198.448
198.371
198.295
198.221
198.147
198.075
198.003
197.933
197.864
197.796
197.731
197.666
197.604
197.543
197.484
197.427
197.372
197.318
197.266
197.216
197.168
197.121
197.077
197.034
196.994
196.956
196.918
196.893
204.79
204.178
203.583
203.007
202.47
201.98
201.538
201.147
200.809
200.526
200.297
200.12
199.991
199.906
199.858
199.843
199.853
199.88
199.92
199.964
200.009
200.048
200.079
200.098
200.104
200.094
200.069
200.029
199.975
199.907
199.828
199.739
199.642
199.541
199.436
199.331
199.227
199.125
199.027
198.934
198.845
198.759
198.678
198.599
198.523
198.448
198.375
198.303
198.231
198.16
198.09
198.021
197.952
197.885
197.819
197.754
197.69
197.628
197.568
197.51
197.453
197.398
197.344
197.292
197.242
197.194
197.147
197.102
197.059
197.018
196.979
196.943
196.907
196.884
202.462
201.819
201.211
200.631
200.111
199.662
199.284
198.979
198.746
198.584
198.49
198.457
198.478
198.544
198.647
198.775
198.92
199.072
199.224
199.369
199.5
199.615
199.708
199.779
199.827
199.852
199.854
199.835
199.796
199.741
199.671
199.589
199.498
199.401
199.3
199.199
199.1
199.004
198.912
198.824
198.741
198.662
198.587
198.514
198.444
198.374
198.306
198.238
198.17
198.103
198.036
197.97
197.904
197.839
197.776
197.713
197.652
197.592
197.534
197.478
197.423
197.37
197.318
197.268
197.22
197.173
197.128
197.084
197.043
197.003
196.965
196.931
196.896
196.876
199.418
198.769
198.18
197.634
197.175
196.82
196.566
196.41
196.347
196.374
196.478
196.649
196.873
197.136
197.425
197.726
198.028
198.32
198.593
198.842
199.06
199.246
199.398
199.515
199.599
199.652
199.675
199.671
199.644
199.596
199.532
199.454
199.366
199.271
199.174
199.076
198.981
198.889
198.802
198.721
198.644
198.571
198.502
198.435
198.369
198.305
198.241
198.177
198.113
198.049
197.985
197.922
197.859
197.796
197.735
197.675
197.616
197.558
197.502
197.448
197.395
197.343
197.294
197.245
197.198
197.153
197.109
197.068
197.027
196.989
196.953
196.92
196.885
196.868
195.799
195.168
194.634
194.163
193.817
193.617
193.555
193.619
193.797
194.076
194.439
194.864
195.332
195.823
196.32
196.806
197.269
197.699
198.088
198.431
198.726
198.972
199.17
199.323
199.433
199.504
199.54
199.546
199.524
199.48
199.417
199.34
199.253
199.159
199.062
198.966
198.874
198.786
198.704
198.627
198.556
198.489
198.425
198.363
198.302
198.242
198.182
198.121
198.061
198
197.939
197.878
197.817
197.757
197.698
197.64
197.583
197.527
197.473
197.42
197.369
197.319
197.271
197.224
197.179
197.135
197.092
197.052
197.013
196.976
196.94
196.91
196.876
196.861
191.917
191.318
190.868
190.509
190.323
190.336
190.526
190.868
191.341
191.92
192.575
193.279
194.005
194.728
195.427
196.088
196.698
197.248
197.733
198.152
198.505
198.794
199.024
199.199
199.325
199.406
199.448
199.457
199.437
199.392
199.329
199.25
199.161
199.066
198.969
198.874
198.783
198.698
198.62
198.547
198.48
198.418
198.358
198.301
198.244
198.187
198.13
198.073
198.015
197.956
197.897
197.839
197.78
197.722
197.665
197.608
197.553
197.499
197.447
197.396
197.346
197.298
197.251
197.205
197.161
197.119
197.077
197.038
197
196.964
196.929
196.9
196.866
196.854
187.911
187.348
187.004
186.795
186.818
187.1
187.599
188.271
189.08
189.988
190.955
191.944
192.923
193.865
194.751
195.565
196.299
196.946
197.506
197.981
198.374
198.692
198.941
199.128
199.261
199.345
199.388
199.396
199.374
199.327
199.26
199.178
199.087
198.99
198.892
198.796
198.707
198.624
198.548
198.479
198.416
198.357
198.301
198.247
198.193
198.139
198.085
198.03
197.974
197.917
197.86
197.804
197.747
197.69
197.635
197.58
197.527
197.474
197.423
197.373
197.325
197.278
197.232
197.188
197.145
197.104
197.063
197.025
196.988
196.953
196.919
196.891
196.858
196.847
183.881
183.349
183.132
183.111
183.396
184.001
184.858
185.898
187.07
188.321
189.6
190.864
192.079
193.219
194.266
195.208
196.041
196.763
197.378
197.891
198.311
198.645
198.903
199.095
199.228
199.311
199.351
199.356
199.33
199.279
199.208
199.122
199.027
198.927
198.828
198.732
198.642
198.561
198.487
198.421
198.36
198.304
198.251
198.2
198.148
198.097
198.045
197.991
197.937
197.882
197.827
197.772
197.717
197.662
197.608
197.555
197.503
197.451
197.402
197.353
197.306
197.26
197.216
197.172
197.13
197.09
197.05
197.013
196.976
196.943
196.909
196.882
196.85
196.841
179.898
179.383
179.317
179.531
180.132
181.109
182.361
183.794
185.337
186.926
188.503
190.022
191.447
192.758
193.939
194.984
195.893
196.67
197.323
197.86
198.294
198.636
198.896
199.087
199.217
199.296
199.331
199.331
199.3
199.244
199.169
199.079
198.98
198.877
198.776
198.679
198.589
198.508
198.436
198.371
198.313
198.259
198.208
198.158
198.109
198.059
198.008
197.957
197.904
197.851
197.797
197.743
197.689
197.636
197.584
197.531
197.481
197.431
197.383
197.335
197.289
197.244
197.201
197.158
197.117
197.077
197.038
197.002
196.966
196.933
196.9
196.874
196.842
196.835
176.009
175.494
175.614
176.121
177.087
178.472
180.142
181.975
183.883
185.793
187.643
189.386
190.994
192.446
193.735
194.86
195.826
196.641
197.318
197.87
198.31
198.653
198.911
199.096
199.221
199.294
199.323
199.317
199.281
199.22
199.14
199.047
198.944
198.838
198.734
198.636
198.546
198.465
198.393
198.33
198.272
198.219
198.17
198.121
198.074
198.025
197.976
197.925
197.874
197.822
197.769
197.717
197.664
197.612
197.561
197.51
197.461
197.412
197.365
197.319
197.274
197.229
197.187
197.145
197.105
197.066
197.028
196.992
196.957
196.925
196.892
196.867
196.835
196.829
172.249
171.715
172.069
172.934
174.305
176.118
178.213
180.436
182.688
184.891
186.984
188.922
190.682
192.25
193.624
194.809
195.815
196.656
197.348
197.906
198.347
198.686
198.939
199.118
199.236
199.302
199.325
199.313
199.271
199.206
199.121
199.024
198.917
198.809
198.702
198.602
198.511
198.43
198.358
198.295
198.238
198.185
198.137
198.089
198.042
197.994
197.946
197.896
197.846
197.795
197.744
197.693
197.641
197.591
197.54
197.491
197.443
197.395
197.349
197.303
197.26
197.216
197.175
197.134
197.094
197.056
197.018
196.983
196.948
196.917
196.885
196.86
196.829
196.824
168.643
168.068
168.726
170.015
171.81
174.056
176.567
179.157
181.723
184.188
186.491
188.594
190.478
192.139
193.578
194.808
195.843
196.7
197.4
197.958
198.396
198.73
198.976
199.147
199.258
199.317
199.334
199.316
199.269
199.199
199.111
199.009
198.899
198.788
198.679
198.577
198.484
198.401
198.329
198.266
198.208
198.156
198.107
198.059
198.013
197.965
197.918
197.869
197.82
197.77
197.72
197.67
197.62
197.57
197.521
197.473
197.426
197.379
197.334
197.29
197.247
197.204
197.163
197.123
197.084
197.046
197.009
196.975
196.941
196.909
196.878
196.854
196.823
196.819
165.221
164.573
165.626
167.392
169.607
172.278
175.182
178.107
180.954
183.647
186.129
188.369
190.356
192.089
193.579
194.841
195.896
196.763
197.465
198.022
198.454
198.781
199.019
199.183
199.286
199.338
199.348
199.325
199.274
199.2
199.107
199.002
198.889
198.775
198.663
198.559
198.464
198.38
198.306
198.241
198.183
198.13
198.081
198.033
197.986
197.939
197.892
197.844
197.795
197.746
197.697
197.648
197.599
197.551
197.504
197.456
197.41
197.364
197.321
197.277
197.235
197.193
197.153
197.114
197.075
197.038
197.001
196.967
196.933
196.903
196.872
196.848
196.818
196.815
162.01
161.244
162.808
165.074
167.69
170.767
174.031
177.255
180.347
183.237
185.87
188.223
190.292
192.083
193.612
194.898
195.965
196.837
197.539
198.091
198.518
198.836
199.067
199.222
199.318
199.363
199.368
199.34
199.284
199.206
199.11
199.002
198.886
198.769
198.655
198.548
198.451
198.365
198.288
198.222
198.162
198.107
198.057
198.008
197.961
197.914
197.867
197.82
197.772
197.724
197.676
197.628
197.58
197.533
197.487
197.44
197.396
197.351
197.308
197.265
197.225
197.183
197.144
197.105
197.067
197.03
196.994
196.96
196.927
196.897
196.866
196.843
196.813
196.811
159.036
158.099
160.3
163.052
166.039
169.496
173.081
176.567
179.873
182.929
185.688
188.135
190.271
192.107
193.666
194.968
196.045
196.918
197.618
198.164
198.584
198.895
199.118
199.266
199.354
199.393
199.393
199.36
199.3
199.219
199.12
199.009
198.891
198.771
198.654
198.545
198.444
198.355
198.276
198.207
198.144
198.087
198.036
197.985
197.938
197.89
197.843
197.796
197.749
197.702
197.655
197.608
197.562
197.516
197.471
197.426
197.382
197.339
197.297
197.255
197.215
197.174
197.135
197.097
197.059
197.024
196.987
196.954
196.921
196.891
196.861
196.839
196.808
196.807
156.308
155.16
158.117
161.304
164.633
168.435
172.301
176.015
179.503
182.701
185.566
188.09
190.28
192.152
193.734
195.049
196.13
197.004
197.7
198.24
198.653
198.956
199.171
199.312
199.394
199.427
199.422
199.384
199.321
199.237
199.135
199.023
198.902
198.78
198.66
198.547
198.444
198.35
198.267
198.195
198.129
198.069
198.016
197.963
197.915
197.867
197.82
197.773
197.727
197.681
197.635
197.59
197.544
197.5
197.456
197.412
197.37
197.327
197.286
197.245
197.206
197.166
197.128
197.09
197.053
197.017
196.982
196.949
196.916
196.886
196.856
196.834
196.804
196.804
153.819
152.451
156.24
159.801
163.447
167.553
171.662
175.573
179.217
182.535
185.488
188.077
190.31
192.212
193.812
195.136
196.221
197.092
197.785
198.318
198.725
199.021
199.229
199.363
199.438
199.466
199.456
199.414
199.348
199.261
199.158
199.043
198.92
198.796
198.673
198.557
198.449
198.351
198.263
198.186
198.116
198.053
197.997
197.943
197.893
197.844
197.797
197.751
197.705
197.66
197.615
197.571
197.528
197.484
197.442
197.399
197.358
197.316
197.277
197.236
197.198
197.158
197.121
197.084
197.047
197.012
196.976
196.944
196.912
196.882
196.852
196.831
196.801
196.801
151.519
150.077
154.67
158.516
162.452
166.823
171.14
175.22
178.998
182.416
185.444
188.087
190.357
192.283
193.897
195.228
196.314
197.184
197.872
198.399
198.8
199.089
199.29
199.417
199.487
199.509
199.494
199.449
199.38
199.291
199.186
199.07
198.946
198.819
198.693
198.572
198.459
198.356
198.263
198.181
198.105
198.039
197.979
197.922
197.871
197.821
197.774
197.728
197.684
197.639
197.596
197.553
197.511
197.469
197.428
197.386
197.347
197.306
197.268
197.228
197.191
197.152
197.115
197.078
197.042
197.007
196.972
196.94
196.908
196.878
196.849
196.827
196.797
196.798
149.172
147.983
153.333
157.436
161.627
166.218
170.713
174.939
178.83
182.334
185.425
188.113
190.415
192.361
193.986
195.322
196.41
197.277
197.96
198.482
198.876
199.159
199.353
199.475
199.539
199.556
199.537
199.488
199.416
199.326
199.22
199.102
198.976
198.847
198.718
198.592
198.474
198.365
198.265
198.178
198.097
198.026
197.963
197.903
197.85
197.799
197.752
197.706
197.662
197.619
197.577
197.536
197.495
197.455
197.415
197.375
197.336
197.297
197.259
197.221
197.184
197.146
197.11
197.073
197.037
197.003
196.968
196.936
196.904
196.875
196.845
196.824
196.795
196.796
146.942
146.595
152.187
156.512
160.944
165.72
170.367
174.717
178.706
182.284
185.43
188.157
190.486
192.449
194.085
195.425
196.513
197.377
198.056
198.573
198.961
199.237
199.425
199.54
199.598
199.611
199.587
199.535
199.461
199.37
199.262
199.144
199.017
198.885
198.751
198.62
198.495
198.379
198.272
198.177
198.09
198.013
197.946
197.883
197.828
197.776
197.729
197.684
197.64
197.599
197.558
197.518
197.479
197.441
197.402
197.364
197.327
197.288
197.252
197.214
197.178
197.141
197.105
197.069
197.034
197
196.965
196.933
196.901
196.872
196.843
196.822
196.792
196.794
)
;

boundaryField
{
    inlet
    {
        type            freestreamPressure;
        value           nonuniform List<scalar> 
230
(
192.894
192.896
192.899
192.904
192.91
192.915
192.921
192.928
192.934
192.942
192.95
192.958
192.967
192.977
192.988
192.999
193.01
193.023
193.037
193.051
193.066
193.083
193.1
193.118
193.138
193.159
193.181
193.205
193.23
193.257
193.286
193.316
193.348
193.382
193.419
193.457
193.498
193.541
193.586
193.634
193.685
193.738
193.794
193.853
193.915
193.979
194.046
194.115
194.187
194.262
194.338
194.417
194.497
194.578
194.661
194.743
194.826
194.909
194.99
195.07
195.147
195.222
195.293
195.36
195.421
195.477
195.526
195.568
195.601
195.628
195.647
195.672
195.678
195.77
195.982
195.286
194.679
194.161
193.73
193.378
193.095
192.872
192.701
192.572
192.48
192.417
192.379
192.361
192.358
192.368
192.386
192.41
192.437
192.465
192.493
192.523
192.551
192.579
192.606
192.632
192.657
192.68
192.703
192.724
192.744
192.763
192.78
192.797
192.812
192.827
192.841
192.853
192.865
192.876
192.887
196.739
197.442
198.063
198.597
199.049
199.428
199.742
200.001
200.211
200.382
200.519
200.629
200.716
200.784
200.837
200.878
200.908
200.931
200.946
200.957
200.963
200.966
200.966
200.965
200.961
200.957
200.952
200.947
200.941
200.935
200.929
200.923
200.917
200.911
200.905
200.9
200.894
200.889
200.884
200.88
200.876
200.872
200.869
200.867
200.865
200.862
200.859
200.856
200.853
200.849
200.845
200.841
200.836
200.831
200.826
200.82
200.814
200.808
200.8
200.793
200.784
200.775
200.765
200.754
200.743
200.73
200.717
200.702
200.686
200.668
200.65
200.629
200.607
200.584
200.558
200.53
200.5
200.467
200.432
200.394
200.353
200.31
200.262
200.212
200.158
200.101
200.039
199.974
199.905
199.832
199.755
199.675
199.59
199.502
199.41
199.315
199.216
199.115
199.011
198.906
198.798
198.689
198.58
198.47
198.36
198.251
198.143
198.037
197.934
197.834
197.739
197.649
197.564
197.492
197.419
)
;
    }
    outlet
    {
        type            freestreamPressure;
        value           nonuniform List<scalar> 
96
(
196.792
196.79
196.788
196.786
196.783
196.78
196.777
196.773
196.769
196.765
196.76
196.755
196.75
196.744
196.737
196.731
196.723
196.715
196.707
196.698
196.688
196.678
196.667
196.655
196.643
196.631
196.618
196.604
196.591
196.578
196.566
196.555
196.546
196.544
196.56
196.612
196.702
196.77
196.69
196.367
195.861
195.397
195.204
195.305
195.535
195.711
195.787
195.77
197.419
197.405
197.379
197.346
197.311
197.274
197.237
197.201
197.168
197.138
197.112
197.09
197.07
197.053
197.038
197.025
197.013
197.002
196.991
196.98
196.97
196.96
196.95
196.94
196.93
196.92
196.911
196.902
196.893
196.884
196.876
196.868
196.861
196.854
196.847
196.841
196.835
196.829
196.824
196.819
196.815
196.811
196.807
196.804
196.801
196.798
196.796
196.794
)
;
    }
    walls
    {
        type            zeroGradient;
    }
    frontAndBack
    {
        type            empty;
    }
}


// ************************************************************************* //
