/*--------------------------------*- C++ -*----------------------------------*\
| =========                 |                                                 |
| \\      /  F ield         | OpenFOAM: The Open Source CFD Toolbox           |
|  \\    /   O peration     | Version:  5.x                                   |
|   \\  /    A nd           | Web:      www.OpenFOAM.org                      |
|    \\/     M anipulation  |                                                 |
\*---------------------------------------------------------------------------*/
FoamFile
{
    version     2.0;
    format      ascii;
    class       volScalarField;
    location    "100";
    object      p;
}
// * * * * * * * * * * * * * * * * * * * * * * * * * * * * * * * * * * * * * //

dimensions      [0 2 -2 0 0 0 0];

internalField   nonuniform List<scalar> 
11040
(
1.79227
43.6368
58.4688
60.5004
62.2534
62.8152
62.9446
63.2829
64.2332
65.853
67.8046
69.5039
70.4714
70.4796
69.5556
67.9624
66.1631
64.4622
62.9273
61.3207
59.3643
56.8203
53.5278
49.5647
44.935
39.8824
34.2399
27.6964
20.0588
10.985
-0.0608527
-13.7595
-30.6673
-51.3072
-75.7934
-103.988
-134.801
-167.05
-196.384
-218.779
-216.513
61.5394
59.308
58.7866
60.7713
62.3058
62.9826
62.9898
63.1123
63.8716
65.4075
67.4012
69.2263
70.3198
70.4301
69.6002
68.0763
66.3112
64.6204
63.0918
61.5038
59.5763
57.077
53.8249
49.8867
45.2599
40.1922
34.5398
27.9979
20.3822
11.3544
0.389833
-13.1909
-29.9485
-50.4173
-74.7275
-102.748
-133.403
-165.562
-194.969
-218.129
-219.996
94.8863
81.404
64.6148
61.5283
62.5847
63.2909
63.276
63.166
63.6298
64.9418
66.8617
68.7607
69.9956
70.243
69.5364
68.1064
66.3942
64.7288
63.2207
61.6687
59.7852
57.3371
54.1346
50.22
45.5971
40.5111
34.8436
28.2872
20.6631
11.6411
0.711324
-12.8023
-29.4782
-49.8638
-74.1109
-102.087
-132.72
-164.928
-194.535
-218.543
-222.516
108.923
94.6328
77.7808
65.7107
63.439
63.786
63.6895
63.343
63.4519
64.4525
66.2181
68.1527
69.5412
69.9604
69.4095
68.1051
66.4656
64.8388
63.3606
61.8563
60.023
57.6208
54.4486
50.5418
45.9179
40.8195
35.1374
28.5568
20.9
11.8536
0.929969
-12.5419
-29.15
-49.4652
-73.6651
-101.626
-132.279
-164.604
-194.485
-219.508
-225.206
123.282
106.662
91.6742
75.9707
66.8541
64.8926
64.418
63.7223
63.3587
63.9198
65.4296
67.3568
68.9205
69.5705
69.2267
68.0841
66.5404
64.9717
63.5476
62.1188
60.36
58.0039
54.8446
50.9223
46.2831
41.1577
35.4468
28.8269
21.1154
12.0181
1.06486
-12.3953
-28.9456
-49.1809
-73.3185
-101.272
-131.989
-164.536
-194.829
-221.19
-228.787
135.289
118.593
103.539
88.616
75.462
68.1607
65.8418
64.5218
63.5075
63.4196
64.4942
66.3222
68.0789
69.0476
68.995
68.0548
66.6272
65.1402
63.799
62.4648
60.7938
58.4758
55.3117
51.3583
46.6883
41.5162
35.7593
29.0906
21.3092
12.137
1.11398
-12.3826
-28.9119
-49.0751
-73.1388
-101.087
-131.922
-164.82
-195.735
-223.806
-233.431
143.854
128.791
114.11
100.156
86.9778
75.871
69.2347
66.1771
64.1744
63.1668
63.5157
65.048
66.9752
68.3554
68.7102
68.0426
66.7674
65.3937
64.1591
62.9215
61.3215
59.0128
55.8293
51.8353
47.1216
41.8826
36.0649
29.3412
21.4741
12.2038
1.07187
-12.5182
-29.1016
-49.2414
-73.2506
-101.194
-132.199
-165.558
-197.342
-227.421
-239.228
149.827
136.915
123.649
110.467
98.01
86.4098
76.5029
69.8489
65.9644
63.5727
62.8187
63.6704
65.6007
67.4576
68.3676
68.109
67.0831
65.8766
64.7549
63.5818
61.9906
59.6376
56.4027
52.3495
47.5695
42.243
36.3475
29.5591
21.5936
12.203
0.935742
-12.7949
-29.5161
-49.7306
-73.755
-101.716
-132.926
-166.751
-199.605
-231.79
-246.207
153.876
142.854
131.459
119.644
107.92
96.7965
86.3377
77.0772
70.0867
65.5293
63.0792
62.7575
64.1633
66.3567
67.9928
68.3868
67.7909
66.8295
65.8005
64.6034
62.9074
60.419
57.0754
52.9203
48.0402
42.594
36.5884
29.7154
21.641
12.1115
0.692914
-13.2005
-30.1057
-50.4757
-74.5851
-102.553
-133.88
-167.973
-202.031
-236.135
-253.839
156.388
146.858
137.194
127.097
116.659
106.215
96.1491
86.5539
77.6906
70.4311
65.5286
63.3297
63.5459
65.4376
67.6955
69.0482
69.1514
68.5297
67.5475
66.1922
64.2331
61.4807
57.9299
53.5984
48.5575
42.9376
36.7591
29.765
21.5719
11.8943
0.323712
-13.7132
-30.7483
-51.1773
-75.2395
-103.036
-134.195
-168.216
-203.436
-238.584
-259.541
157.641
149.329
141.066
132.553
123.682
114.453
105.101
95.9708
87.1695
78.8353
71.7045
66.8435
65.0638
65.8255
68.0223
70.2275
71.2909
71.1493
70.1893
68.5551
66.1727
62.9993
59.1009
54.474
49.1745
43.2844
36.8418
29.6529
21.3274
11.5151
-0.175221
-14.2335
-31.1643
-51.2905
-74.8989
-102.047
-132.509
-165.902
-201.417
-235.423
-257.727
157.863
150.548
143.416
136.188
128.743
120.964
112.82
104.502
96.3293
88.4805
81.0921
74.5789
70.1533
68.8129
70.005
72.1961
74.0803
74.6016
73.7535
71.8266
68.928
65.1859
60.7716
55.6908
49.9788
43.6927
36.8534
29.3481
20.8522
10.9425
-0.742313
-14.6012
-31.0058
-50.3326
-72.8247
-98.5539
-127.219
-158.59
-191.735
-221.898
-243.139
157.235
150.729
144.504
138.31
132.025
125.539
118.744
111.637
104.374
97.2591
90.603
84.4605
79.0832
75.4221
74.4008
75.6461
77.4421
78.4375
77.9699
75.9363
72.565
68.1877
63.1164
57.4117
51.1162
44.2773
36.899
28.9237
20.1455
10.1935
-1.30757
-14.6745
-30.1555
-48.0633
-68.582
-91.6827
-116.959
-143.939
-171.401
-195.746
-213.569
155.9
150.045
144.55
139.179
133.81
128.358
122.719
116.845
110.742
104.548
98.5637
93.1247
88.3664
84.3947
81.6723
80.8503
81.6626
82.5741
82.2526
80.3276
76.7647
71.8405
66.079
59.6227
52.5965
45.0578
37.0357
28.4942
19.3043
9.28035
-1.89663
-14.4611
-28.6638
-44.5767
-62.3401
-81.6771
-102.183
-122.986
-143.158
-160.681
-172.584
153.976
148.65
143.731
139.005
134.345
129.688
124.945
120.072
115.034
109.869
104.685
99.7412
95.366
91.8107
89.0828
87.2395
86.5283
86.6323
86.2534
84.3015
80.5495
75.2481
68.9059
61.71
53.8682
45.5372
36.7902
27.6308
18.0115
7.82769
-3.02369
-14.6746
-27.2439
-40.8529
-55.4072
-70.6532
-85.9842
-100.659
-113.922
-124.945
-130.841
151.574
146.679
142.205
137.976
133.849
129.777
125.692
121.557
117.323
113.008
108.625
104.27
100.104
96.4501
93.5715
91.5146
90.1394
89.3619
88.6926
86.8583
82.8458
77.0216
70.0743
62.1485
53.4932
44.3222
34.7669
24.9152
14.815
4.45203
-6.17267
-17.1053
-28.2895
-39.6956
-51.1342
-62.4424
-73.1567
-82.7119
-90.609
-96.8118
-99.1863
148.856
144.308
140.168
136.301
132.554
128.89
125.256
121.625
117.94
114.205
110.407
106.581
102.734
98.989
95.5104
92.5443
90.1821
88.3785
86.9182
85.1896
81.8219
75.8366
68.0092
59.2372
49.7181
39.5272
28.9145
18.1136
7.26182
-3.57205
-14.2738
-24.7833
-34.9688
-44.7878
-54.025
-62.5051
-69.8316
-75.6364
-79.673
-82.7924
-83.7541
146.095
141.816
137.915
134.287
130.789
127.377
124.012
120.678
117.317
113.918
110.454
106.935
103.335
99.681
95.9739
92.2999
88.7323
85.3463
82.0612
78.7054
74.7547
69.4618
61.9653
52.346
41.6348
30.4129
18.7695
6.74504
-5.45411
-17.5403
-29.1997
-40.2666
-50.5472
-59.9498
-68.2361
-75.2773
-80.8145
-84.6793
-86.7239
-88.274
-88.858
143.492
139.43
135.714
132.255
128.926
125.668
122.456
119.288
116.106
112.892
109.606
106.247
102.778
99.2056
95.4962
91.6354
87.5392
83.126
78.226
72.704
66.3736
59.6521
52.2564
43.0088
31.734
19.1773
6.11661
-7.09326
-20.2872
-33.334
-46.0416
-58.268
-69.7346
-80.1929
-89.2454
-96.6849
-102.281
-106.018
-107.733
-108.672
-109.209
141.109
137.231
133.668
130.339
127.135
123.991
120.883
117.81
114.731
111.617
108.428
105.144
101.721
98.1412
94.3579
90.3413
85.9969
81.2006
75.7128
69.2635
61.4713
52.6999
43.4734
33.4588
22.2407
9.58014
-4.33152
-18.9503
-33.6712
-48.111
-62.0041
-75.1695
-87.3146
-98.2599
-107.715
-115.537
-121.54
-125.828
-128.186
-129.255
-130.206
138.946
135.243
131.812
128.601
125.496
122.454
119.425
116.426
113.413
110.372
107.242
104.017
100.629
97.069
93.2566
89.1704
84.703
79.7783
74.1841
67.6874
59.8649
50.7304
40.5825
29.4602
17.4458
4.5839
-9.11249
-23.5852
-38.5634
-53.6784
-68.4394
-82.4726
-95.3811
-107.017
-117.117
-125.548
-132.061
-136.769
-139.393
-140.157
-140.885
137.013
133.465
130.168
127.06
124.059
121.105
118.163
115.225
112.285
109.302
106.248
103.079
99.767
96.2609
92.5232
88.4847
84.0859
79.2259
73.7916
67.5961
60.3837
52.1008
42.8573
32.5571
21.2226
8.98216
-3.97826
-17.4432
-31.2099
-45.015
-58.59
-71.5923
-83.7175
-94.6905
-104.281
-112.201
-118.266
-122.457
-124.702
-124.81
-124.574
135.288
131.898
128.73
125.731
122.829
119.973
117.122
114.267
111.403
108.499
105.528
102.45
99.2371
95.8459
92.2411
88.3649
84.1654
79.5633
74.4773
68.7911
62.3636
55.2435
47.5455
39.1777
30.1004
20.3378
9.9828
-0.788269
-11.7757
-22.7259
-33.4031
-43.5268
-52.8681
-61.1974
-68.3384
-74.0601
-78.2324
-80.8099
-81.8015
-81.0093
-79.4388
133.769
130.527
127.492
124.604
121.811
119.057
116.313
113.553
110.785
107.978
105.115
102.155
99.0792
95.8456
92.4322
88.7884
84.8803
80.6463
76.0345
70.9713
65.3812
59.3763
53.1067
46.5585
39.7281
32.6497
25.3641
17.9799
10.5916
3.37032
-3.55242
-9.97443
-15.7656
-20.747
-24.837
-27.883
-29.8476
-30.6833
-30.4389
-29.0843
-26.8209
132.43
129.345
126.44
123.671
120.989
118.35
115.719
113.076
110.416
107.731
104.995
102.185
99.2722
96.2375
93.0521
89.6916
86.1223
82.3137
78.2275
73.8274
69.0729
64.0865
59.0212
53.8959
48.7559
43.6364
38.6037
33.7106
29.0447
24.6653
20.671
17.1191
14.1052
11.6671
9.8695
8.72354
8.26472
8.46915
9.3263
10.7342
12.8704
131.266
128.328
125.559
122.911
120.349
117.83
115.325
112.809
110.279
107.73
105.144
102.502
99.7805
96.9662
94.0396
90.9847
87.7815
84.4127
80.8598
77.1064
73.1398
69.0722
65.0337
61.05
57.1731
53.4348
49.8939
46.5859
43.5719
40.8785
38.5589
36.6274
35.1226
34.0425
33.4009
33.1789
33.3743
33.96
34.9075
36.1347
37.7967
130.254
127.468
124.83
122.309
119.869
117.478
115.103
112.727
110.339
107.941
105.518
103.058
100.543
97.9635
95.3078
92.5667
89.7315
86.7927
83.7483
80.5915
77.3305
74.0583
70.8828
67.8209
64.9212
62.2001
59.7039
57.4471
55.4716
53.7811
52.4062
51.3389
50.5956
50.1562
50.0212
50.1614
50.5681
51.2113
52.065
53.0739
54.3169
129.384
126.739
124.24
121.842
119.529
117.267
115.029
112.796
110.56
108.32
106.071
103.801
101.499
99.1579
96.7732
94.341
91.858
89.325
86.7428
84.1196
81.4621
78.8603
76.3813
74.0535
71.8963
69.9357
68.1814
66.657
65.3652
64.3207
63.5165
62.9581
62.6293
62.5279
62.6287
62.9241
63.3866
64.0082
64.7536
65.6012
66.5794
128.636
126.136
123.765
121.494
119.308
117.177
115.077
112.99
110.909
108.833
106.76
104.682
102.593
100.488
98.3661
96.2282
94.0748
91.9115
89.7427
87.5811
85.4363
83.3818
81.4643
79.7044
78.114
76.7091
75.4912
74.4719
73.6466
73.021
72.5828
72.3315
72.2494
72.3316
72.5557
72.9142
73.3852
73.9627
74.6215
75.3471
76.1581
128.002
125.634
123.395
121.246
119.185
117.185
115.221
113.281
111.355
109.442
107.543
105.656
103.773
101.896
100.022
98.1592
96.3059
94.4739
92.6657
90.8985
89.1786
87.5685
86.0939
84.7726
83.6073
82.6096
81.7725
81.1038
80.5925
80.2409
80.0334
79.9681
80.0268
80.2053
80.484
80.857
81.3066
81.829
82.4055
83.026
83.7037
127.462
125.228
123.108
121.082
119.143
117.271
115.441
113.643
111.869
110.117
108.389
106.683
104.998
103.334
101.693
100.078
98.4962
96.9525
95.4576
94.0191
92.6518
91.3948
90.2715
89.2832
88.4397
87.7361
87.1736
86.744
86.4462
86.2682
86.2061
86.2459
86.3821
86.6009
86.8954
87.2524
87.6655
88.1254
88.624
89.1486
89.7127
127.011
124.897
122.898
120.985
119.166
117.416
115.716
114.056
112.428
110.83
109.265
107.733
106.234
104.768
103.338
101.949
100.606
99.3143
98.0843
96.922
95.8398
94.8661
94.0143
93.2824
92.6762
92.1883
91.8175
91.5541
91.3954
91.3299
91.3532
91.4529
91.624
91.8551
92.1406
92.4698
92.8379
93.2378
93.6634
94.1049
94.572
126.631
124.637
122.746
120.945
119.238
117.606
116.03
114.5
113.011
111.56
110.15
108.78
107.453
106.168
104.93
103.74
102.607
101.532
100.527
99.5917
98.7407
97.9907
97.35
96.8121
96.3822
96.0499
95.8144
95.6641
95.5972
95.6018
95.6745
95.8039
95.9865
96.2122
96.4771
96.7722
97.0944
97.4377
97.7977
98.167
98.5526
126.318
124.429
122.646
120.947
119.348
117.827
116.368
114.961
113.603
112.29
111.023
109.805
108.634
107.514
106.446
105.434
104.481
103.593
102.773
102.028
101.361
100.789
100.309
99.9207
99.619
99.4014
99.2586
99.187
99.1773
99.2256
99.3227
99.4649
99.6436
99.8556
100.093
100.354
100.631
100.924
101.226
101.534
101.851
126.058
124.271
122.583
120.984
119.483
118.067
116.717
115.426
114.19
113.005
111.871
110.791
109.763
108.791
107.875
107.018
106.222
105.491
104.827
104.236
103.717
103.284
102.929
102.652
102.446
102.309
102.231
102.21
102.237
102.309
102.417
102.558
102.726
102.919
103.129
103.354
103.591
103.837
104.089
104.344
104.605
125.846
124.15
122.554
121.043
119.636
118.317
117.069
115.885
114.761
113.694
112.683
111.728
110.83
109.99
109.208
108.486
107.824
107.227
106.693
106.226
105.826
105.502
105.243
105.049
104.913
104.833
104.801
104.813
104.861
104.944
105.054
105.188
105.341
105.512
105.694
105.887
106.087
106.293
106.503
106.712
106.925
125.672
124.061
122.545
121.12
119.797
118.567
117.413
116.328
115.308
114.35
113.449
112.609
111.827
111.105
110.44
109.835
109.289
108.803
108.376
108.012
107.706
107.467
107.282
107.15
107.066
107.026
107.024
107.056
107.115
107.201
107.306
107.43
107.566
107.715
107.871
108.035
108.202
108.373
108.546
108.717
108.89
125.533
123.995
122.555
121.204
119.96
118.812
117.744
116.749
115.824
114.963
114.165
113.427
112.75
112.131
111.57
111.065
110.618
110.226
109.889
109.606
109.378
109.204
109.076
108.99
108.944
108.931
108.949
108.991
109.057
109.139
109.238
109.348
109.468
109.595
109.729
109.865
110.005
110.145
110.286
110.425
110.565
125.42
123.95
122.573
121.291
120.118
119.043
118.054
117.142
116.302
115.532
114.825
114.179
113.594
113.067
112.597
112.18
111.816
111.503
111.24
111.025
110.856
110.734
110.649
110.598
110.578
110.584
110.614
110.663
110.728
110.806
110.895
110.992
111.096
111.205
111.317
111.43
111.545
111.66
111.774
111.886
111.997
125.331
123.917
122.599
121.376
120.266
119.258
118.339
117.501
116.74
116.05
115.425
114.863
114.36
113.914
113.522
113.181
112.888
112.642
112.44
112.28
112.16
112.078
112.026
112.001
112
112.02
112.057
112.108
112.171
112.244
112.323
112.408
112.498
112.589
112.683
112.776
112.87
112.963
113.054
113.143
113.231
125.261
123.894
122.624
121.454
120.399
119.45
118.594
117.823
117.132
116.514
115.964
115.475
115.046
114.671
114.348
114.071
113.84
113.65
113.499
113.383
113.301
113.251
113.224
113.218
113.231
113.26
113.301
113.352
113.412
113.477
113.548
113.621
113.697
113.774
113.851
113.927
114.002
114.076
114.148
114.217
114.286
125.206
123.877
122.648
121.522
120.514
119.616
118.815
118.104
117.475
116.922
116.437
116.015
115.651
115.339
115.076
114.857
114.677
114.535
114.426
114.348
114.298
114.273
114.267
114.276
114.3
114.335
114.378
114.429
114.485
114.545
114.607
114.671
114.736
114.8
114.863
114.926
114.986
115.044
115.1
115.153
115.205
125.163
123.862
122.664
121.575
120.607
119.752
119
118.341
117.767
117.271
116.845
116.482
116.175
115.919
115.708
115.538
115.403
115.302
115.228
115.181
115.155
115.15
115.159
115.18
115.211
115.25
115.294
115.343
115.395
115.449
115.504
115.558
115.612
115.666
115.717
115.767
115.814
115.859
115.901
115.94
115.978
125.129
123.846
122.671
121.609
120.672
119.854
119.142
118.529
118.004
117.559
117.185
116.874
116.617
116.41
116.246
116.119
116.024
115.958
115.916
115.895
115.892
115.905
115.928
115.959
115.997
116.04
116.087
116.136
116.185
116.236
116.285
116.334
116.38
116.425
116.468
116.508
116.545
116.579
116.61
116.638
116.664
125.102
123.83
122.669
121.626
120.712
119.921
119.241
118.665
118.181
117.781
117.454
117.19
116.98
116.816
116.692
116.602
116.54
116.503
116.485
116.485
116.499
116.525
116.558
116.597
116.639
116.684
116.73
116.777
116.824
116.869
116.913
116.955
116.995
117.031
117.066
117.097
117.125
117.15
117.172
117.19
117.206
125.082
123.809
122.654
121.622
120.724
119.953
119.3
118.752
118.301
117.934
117.643
117.417
117.248
117.126
117.041
116.987
116.957
116.948
116.956
116.977
117.009
117.049
117.093
117.141
117.191
117.242
117.292
117.341
117.388
117.434
117.476
117.516
117.552
117.586
117.615
117.641
117.664
117.682
117.698
117.709
117.718
125.066
123.774
122.608
121.575
120.682
119.924
119.29
118.77
118.352
118.025
117.773
117.586
117.452
117.361
117.303
117.274
117.266
117.277
117.301
117.336
117.378
117.427
117.477
117.529
117.581
117.632
117.682
117.729
117.773
117.815
117.853
117.888
117.919
117.946
117.97
117.99
118.005
118.018
118.026
118.03
118.034
125.052
123.727
122.536
121.486
120.583
119.822
119.191
118.677
118.27
117.958
117.738
117.602
117.528
117.486
117.469
117.473
117.494
117.529
117.573
117.625
117.681
117.741
117.802
117.862
117.922
117.979
118.035
118.087
118.136
118.181
118.222
118.259
118.292
118.321
118.346
118.367
118.383
118.396
118.405
118.409
118.412
-194.719
-252.208
-273.395
-233.97
-137.07
-47.3389
-1.82004
20.799
36.38
48.7813
59.3901
68.7105
77.2026
85.0948
92.5032
99.4791
106.021
112.161
117.815
123.025
127.621
131.638
134.924
137.471
139.199
140.167
140.45
140.272
139.66
138.798
137.735
136.643
135.507
134.424
133.388
132.44
131.572
130.788
130.085
129.457
128.895
128.396
127.948
127.549
127.19
126.859
126.562
126.288
126.036
125.805
125.591
125.392
125.205
125.034
124.871
124.719
124.573
124.433
124.295
124.156
124.016
123.868
123.71
123.532
123.328
123.081
122.777
122.386
121.881
121.152
120.211
118.537
116.647
113.794
-205.099
-256.298
-274.966
-234.504
-137.212
-47.7472
-4.28254
16.1155
30.0528
41.5095
51.5968
60.6399
68.9875
76.8266
84.2685
91.3729
98.1636
104.669
110.818
116.621
121.923
126.698
130.774
134.075
136.492
138.059
138.856
139.079
138.784
138.158
137.272
136.305
135.256
134.235
133.239
132.321
131.473
130.705
130.016
129.4
128.851
128.365
127.931
127.545
127.199
126.883
126.6
126.34
126.101
125.882
125.68
125.492
125.314
125.152
124.996
124.85
124.709
124.573
124.436
124.3
124.161
124.012
123.854
123.675
123.47
123.222
122.918
122.525
122.023
121.295
120.362
118.694
116.831
113.858
-215.599
-260.991
-277.552
-235.781
-137.455
-48.5064
-7.31264
11.3744
24.1673
34.947
44.6364
53.4411
61.6464
69.4152
76.8608
84.0537
91.0389
97.8464
104.413
110.734
116.655
122.109
126.896
130.877
133.923
136.043
137.316
137.916
137.921
137.522
136.808
135.962
134.999
134.038
133.084
132.196
131.369
130.618
129.943
129.342
128.807
128.335
127.916
127.546
127.216
126.917
126.65
126.408
126.185
125.982
125.794
125.62
125.456
125.305
125.159
125.023
124.889
124.759
124.628
124.495
124.36
124.213
124.056
123.879
123.675
123.429
123.127
122.738
122.242
121.52
120.608
118.963
117.16
113.994
-227.183
-266.409
-281.157
-237.746
-137.768
-49.5721
-10.5902
7.0998
19.3452
29.7595
39.2034
47.8484
55.9525
63.6722
71.1204
78.383
85.516
92.5589
99.4406
106.159
112.552
118.534
123.864
128.357
131.882
134.427
136.066
136.959
137.2
136.98
136.402
135.653
134.761
133.851
132.932
132.07
131.262
130.526
129.865
129.276
128.754
128.296
127.889
127.534
127.218
126.934
126.681
126.453
126.245
126.056
125.881
125.72
125.567
125.428
125.292
125.164
125.037
124.914
124.789
124.66
124.528
124.384
124.23
124.054
123.853
123.609
123.309
122.924
122.435
121.719
120.825
119.202
117.456
114.121
-239.197
-272.382
-285.317
-239.774
-137.927
-51.0859
-14.2211
3.14231
15.2679
25.5461
34.8506
43.3883
51.4212
59.1085
66.5669
73.8926
81.1516
88.385
95.521
102.558
109.332
115.733
121.481
126.366
130.258
133.13
135.05
136.171
136.595
136.514
136.046
135.375
134.541
133.673
132.784
131.945
131.155
130.433
129.785
129.209
128.698
128.252
127.858
127.515
127.212
126.941
126.702
126.487
126.291
126.115
125.952
125.802
125.66
125.53
125.403
125.283
125.163
125.046
124.926
124.801
124.672
124.531
124.379
124.206
124.007
123.765
123.469
123.087
122.604
121.894
121.016
119.413
117.716
114.233
-251.499
-279.057
-289.509
-240.832
-137.296
-52.937
-18.0203
-0.416193
11.8685
22.1457
31.3645
39.8222
47.798
55.4601
62.9288
70.3098
77.6767
85.068
92.4136
99.7097
106.795
113.526
119.597
124.775
128.947
132.064
134.202
135.497
136.065
136.094
135.714
135.108
134.323
133.491
132.63
131.812
131.039
130.333
129.697
129.133
128.634
128.201
127.819
127.489
127.198
126.939
126.712
126.51
126.326
126.161
126.01
125.871
125.738
125.618
125.499
125.387
125.274
125.162
125.047
124.927
124.802
124.663
124.513
124.343
124.146
123.907
123.613
123.235
122.758
122.055
121.191
119.607
117.955
114.333
-264.141
-286.525
-293.088
-239.674
-135.088
-54.9606
-21.6866
-3.44256
9.15936
19.5157
28.6828
37.0711
44.9942
52.6294
60.1038
67.5278
74.9807
82.4974
90.0145
97.5233
104.86
111.842
118.144
123.538
127.911
131.209
133.506
134.928
135.604
135.716
135.406
134.85
134.106
133.306
132.471
131.673
130.917
130.225
129.603
129.052
128.565
128.144
127.774
127.456
127.177
126.931
126.715
126.524
126.353
126.198
126.057
125.929
125.806
125.694
125.583
125.477
125.371
125.265
125.154
125.038
124.916
124.781
124.634
124.466
124.272
124.036
123.745
123.371
122.899
122.202
121.353
119.786
118.176
114.425
-277.075
-294.298
-294.516
-234.301
-130.45
-56.7139
-24.719
-5.7785
7.15195
17.6007
26.7275
35.0531
42.9187
50.5217
57.9923
65.4475
72.969
80.5899
88.25
95.9337
103.463
110.618
117.072
122.607
127.112
130.526
132.928
134.437
135.189
135.361
135.104
134.59
133.881
133.108
132.298
131.519
130.781
130.105
129.496
128.959
128.485
128.076
127.719
127.412
127.146
126.911
126.707
126.528
126.367
126.223
126.092
125.973
125.859
125.756
125.652
125.554
125.453
125.353
125.248
125.136
125.018
124.886
124.742
124.576
124.385
124.152
123.865
123.494
123.028
122.337
121.501
119.95
118.379
114.508
-289.142
-300.054
-290.45
-222.482
-122.988
-57.5591
-26.6865
-7.36173
5.77686
16.2761
25.3601
33.6326
41.4536
49.0247
56.4826
63.9572
71.535
79.247
87.0357
94.863
102.532
109.791
116.333
121.948
126.523
130.001
132.46
134.017
134.815
135.027
134.808
134.325
133.646
132.898
132.11
131.352
130.632
129.972
129.379
128.856
128.395
127.999
127.654
127.36
127.105
126.883
126.69
126.521
126.371
126.238
126.116
126.007
125.901
125.806
125.71
125.618
125.524
125.429
125.328
125.22
125.106
124.977
124.836
124.674
124.486
124.256
123.972
123.606
123.144
122.46
121.637
120.1
118.565
114.583
-296.562
-298.693
-276.352
-202.587
-112.692
-56.695
-27.2787
-8.18546
4.93694
15.3957
24.4115
32.6289
40.4134
47.9626
55.4243
62.9311
70.574
78.3853
86.2999
94.2441
102.001
109.308
115.886
121.525
126.114
129.604
132.076
133.646
134.463
134.696
134.504
134.043
133.391
132.666
131.902
131.164
130.463
129.822
129.245
128.737
128.291
127.909
127.578
127.296
127.053
126.842
126.661
126.503
126.364
126.24
126.128
126.028
125.931
125.843
125.754
125.669
125.581
125.492
125.395
125.292
125.182
125.057
124.919
124.76
124.575
124.348
124.067
123.705
123.249
122.57
121.759
120.237
118.735
114.65
-293.398
-283.673
-248.457
-174.962
-99.8192
-53.6028
-26.5176
-8.38783
4.43713
14.7432
23.6576
31.8115
39.5561
47.0951
54.5895
62.1744
69.939
77.8903
85.9348
93.9728
101.777
109.101
115.677
121.299
125.856
129.316
131.762
133.315
134.127
134.365
134.187
133.742
133.113
132.41
131.67
130.954
130.274
129.653
129.094
128.604
128.174
127.806
127.489
127.22
126.99
126.791
126.621
126.474
126.345
126.232
126.129
126.038
125.949
125.869
125.787
125.709
125.626
125.542
125.451
125.352
125.246
125.124
124.99
124.834
124.653
124.429
124.152
123.794
123.343
122.67
121.87
120.36
118.888
114.709
-272.518
-249.982
-207.358
-142.785
-85.2401
-48.5559
-24.8272
-8.27766
3.97847
14.0161
22.7954
30.869
38.5747
46.1221
53.6941
61.4343
69.4133
77.5814
85.7956
93.9253
101.771
109.107
115.66
121.229
125.715
129.105
131.491
132.999
133.785
134.014
133.841
133.409
132.801
132.121
131.408
130.716
130.06
129.461
128.923
128.452
128.039
127.688
127.385
127.13
126.913
126.726
126.568
126.432
126.314
126.211
126.118
126.035
125.955
125.882
125.808
125.736
125.66
125.581
125.495
125.401
125.299
125.181
125.05
124.898
124.72
124.5
124.226
123.872
123.426
122.758
121.969
120.471
119.026
114.76
-230.038
-200.731
-160.512
-111.359
-70.6979
-42.7294
-22.9655
-8.3222
3.1368
12.8062
21.389
29.3695
37.0472
44.6615
52.4078
60.4196
68.7195
77.1955
85.652
93.9297
101.863
109.227
115.751
121.245
125.633
128.926
131.227
132.671
133.418
133.628
133.456
133.034
132.45
131.794
131.111
130.447
129.818
129.245
128.73
128.28
127.887
127.553
127.266
127.026
126.822
126.649
126.503
126.378
126.27
126.177
126.094
126.02
125.949
125.884
125.817
125.752
125.682
125.609
125.528
125.439
125.341
125.228
125.1
124.952
124.777
124.561
124.291
123.941
123.499
122.837
122.058
120.569
119.149
114.804
-175.855
-149.314
-118.649
-85.5878
-58.3184
-37.7064
-21.797
-9.15468
1.35065
10.5022
18.8175
26.6822
34.3982
42.2182
50.3233
58.7893
67.5623
76.4679
85.285
93.8338
101.935
109.364
115.858
121.263
125.533
128.71
130.911
132.281
132.982
133.173
133.004
132.596
132.04
131.416
130.768
130.137
129.541
128.997
128.511
128.085
127.714
127.399
127.13
126.906
126.716
126.557
126.423
126.31
126.213
126.13
126.057
125.993
125.93
125.874
125.814
125.756
125.693
125.626
125.55
125.467
125.373
125.264
125.141
124.996
124.825
124.612
124.346
124
123.563
122.906
122.135
120.655
119.257
114.84
-127.184
-108.509
-88.3292
-67.6181
-49.7369
-34.8467
-22.3669
-11.7135
-2.35564
6.1352
14.1363
21.9833
29.9699
38.3121
47.1049
56.3176
65.7987
75.3254
84.6664
93.5999
101.937
109.435
115.884
121.174
125.306
128.354
130.45
131.749
132.414
132.598
132.444
132.066
131.55
130.97
130.367
129.779
129.223
128.716
128.261
127.864
127.519
127.226
126.976
126.769
126.595
126.45
126.329
126.228
126.142
126.07
126.007
125.952
125.899
125.85
125.799
125.749
125.692
125.631
125.562
125.483
125.395
125.29
125.171
125.031
124.864
124.655
124.393
124.051
123.618
122.966
122.202
120.729
119.35
114.868
-93.664
-82.6253
-70.4282
-57.9438
-46.3917
-35.8971
-26.3822
-17.643
-9.43347
-1.48615
6.49384
14.7806
23.5916
32.9948
42.936
53.2569
63.7111
74.0384
83.9948
93.3538
101.889
109.398
115.736
120.865
124.828
127.736
129.732
130.975
131.625
131.83
131.718
131.395
130.943
130.426
129.886
129.354
128.85
128.388
127.974
127.611
127.296
127.029
126.802
126.614
126.457
126.326
126.219
126.131
126.056
125.995
125.942
125.897
125.853
125.814
125.771
125.728
125.679
125.625
125.562
125.49
125.406
125.307
125.193
125.057
124.894
124.689
124.431
124.093
123.664
123.016
122.26
120.792
119.429
114.888
-77.6014
-72.4554
-65.5205
-58.1339
-50.6936
-43.2907
-35.9372
-28.4924
-20.782
-12.6029
-3.78746
5.79159
16.1782
27.2448
38.7406
50.3968
61.9511
73.1195
83.6327
93.2654
101.835
109.204
115.325
120.215
123.976
126.734
128.644
129.859
130.53
130.792
130.76
130.529
130.173
129.748
129.294
128.84
128.405
128.002
127.64
127.32
127.041
126.805
126.604
126.438
126.3
126.186
126.093
126.018
125.956
125.906
125.864
125.829
125.795
125.764
125.73
125.695
125.654
125.608
125.551
125.486
125.408
125.315
125.206
125.075
124.916
124.716
124.462
124.127
123.702
123.059
122.308
120.844
119.494
114.9
-81.5784
-79.8093
-75.3088
-70.0251
-64.2011
-57.8351
-50.8794
-43.1424
-34.4536
-24.7005
-13.9455
-2.30808
10.0597
22.9477
36.0412
48.9632
61.3941
73.0767
83.7898
93.3685
101.699
108.747
114.53
119.133
122.676
125.304
127.161
128.391
129.127
129.489
129.577
129.473
129.243
128.938
128.593
128.237
127.887
127.558
127.258
126.991
126.757
126.557
126.388
126.247
126.13
126.035
125.958
125.897
125.847
125.809
125.777
125.752
125.727
125.705
125.68
125.654
125.62
125.581
125.533
125.474
125.403
125.316
125.212
125.086
124.932
124.736
124.486
124.155
123.734
123.094
122.348
120.886
119.545
114.901
-100.61
-99.0946
-94.4346
-88.6272
-82.0235
-74.5307
-66.066
-56.4711
-45.6595
-33.5996
-20.4547
-6.54045
7.74814
22.0711
36.1292
49.6242
62.2912
73.9167
84.3465
93.4982
101.348
107.928
113.316
117.621
120.978
123.514
125.368
126.659
127.503
128.001
128.238
128.286
128.204
128.036
127.815
127.569
127.315
127.069
126.84
126.632
126.449
126.291
126.157
126.045
125.953
125.878
125.818
125.772
125.736
125.709
125.688
125.672
125.657
125.644
125.627
125.609
125.583
125.552
125.51
125.458
125.393
125.313
125.215
125.094
124.945
124.753
124.507
124.18
123.762
123.126
122.384
120.921
119.589
114.899
-121.096
-118.619
-112.763
-104.936
-95.9898
-85.8123
-74.3691
-61.7696
-48.2512
-34.0038
-19.2431
-4.22069
10.765
25.4109
39.4391
52.5966
64.6943
75.6017
85.2531
93.6452
100.809
106.827
111.785
115.808
118.999
121.487
123.37
124.756
125.734
126.39
126.794
127.009
127.086
127.064
126.976
126.847
126.697
126.54
126.387
126.244
126.116
126.004
125.909
125.83
125.765
125.713
125.673
125.643
125.621
125.606
125.596
125.591
125.585
125.58
125.572
125.561
125.543
125.519
125.485
125.44
125.382
125.307
125.215
125.099
124.954
124.768
124.525
124.202
123.787
123.154
122.415
120.951
119.624
114.892
-128.96
-123.601
-115.102
-104.306
-92.7656
-80.5257
-67.4759
-53.6424
-39.2663
-24.5308
-9.69673
5.00007
19.2865
32.9315
45.7408
57.5611
68.3098
77.9252
86.4239
93.8184
100.187
105.586
110.119
113.861
116.918
119.368
121.301
122.788
123.909
124.725
125.299
125.682
125.919
126.045
126.092
126.084
126.039
125.975
125.901
125.827
125.757
125.695
125.641
125.597
125.562
125.536
125.518
125.506
125.5
125.5
125.502
125.506
125.51
125.514
125.514
125.511
125.5
125.484
125.456
125.418
125.367
125.298
125.212
125.102
124.962
124.779
124.541
124.22
123.808
123.178
122.442
120.975
119.651
114.878
-113.316
-105.299
-95.1549
-83.4655
-71.2265
-58.6767
-45.7534
-32.5522
-19.2199
-5.95357
7.08095
19.7116
31.7903
43.1919
53.819
63.612
72.5311
80.573
87.7446
94.0802
99.6183
104.413
108.519
111.999
114.914
117.328
119.292
120.873
122.116
123.079
123.809
124.348
124.736
125.005
125.182
125.291
125.352
125.38
125.388
125.384
125.374
125.363
125.353
125.346
125.343
125.345
125.351
125.36
125.372
125.387
125.402
125.418
125.432
125.445
125.454
125.458
125.455
125.445
125.425
125.394
125.349
125.287
125.206
125.102
124.966
124.788
124.554
124.236
123.827
123.199
122.464
120.993
119.669
114.858
-71.6638
-63.5417
-54.274
-44.577
-34.6237
-24.4841
-14.2223
-3.93717
6.30624
16.4137
26.2971
35.8658
45.0419
53.763
61.9735
69.6407
76.733
83.2424
89.1596
94.4953
99.2612
103.479
107.178
110.387
113.15
115.493
117.467
119.098
120.437
121.515
122.375
123.048
123.57
123.967
124.265
124.485
124.647
124.765
124.852
124.917
124.967
125.008
125.044
125.077
125.108
125.139
125.171
125.202
125.234
125.266
125.296
125.325
125.351
125.373
125.39
125.402
125.407
125.404
125.391
125.366
125.328
125.272
125.198
125.099
124.968
124.795
124.564
124.25
123.843
123.216
122.482
121.006
119.679
114.833
-22.8309
-16.9605
-10.5775
-4.36523
2.00059
8.62874
15.439
22.3255
29.2635
36.2075
43.1114
49.9125
56.555
62.9915
69.1716
75.0645
80.6269
85.845
90.6856
95.1505
99.2184
102.905
106.202
109.134
111.708
113.953
115.884
117.533
118.92
120.08
121.034
121.816
122.448
122.955
123.359
123.68
123.935
124.137
124.3
124.432
124.542
124.635
124.716
124.789
124.856
124.918
124.977
125.032
125.085
125.135
125.182
125.225
125.263
125.297
125.323
125.344
125.356
125.36
125.354
125.336
125.304
125.255
125.187
125.093
124.968
124.799
124.572
124.26
123.855
123.231
122.495
121.012
119.68
114.8
14.5951
18.1079
21.8357
25.3788
29.1019
33.1634
37.4758
41.9658
46.5956
51.3419
56.1642
61.0157
65.8522
70.6276
75.3066
79.8474
84.2227
88.3976
92.3533
96.0636
99.5185
102.703
105.615
108.251
110.618
112.722
114.579
116.196
117.597
118.794
119.813
120.67
121.389
121.986
122.48
122.888
123.226
123.505
123.738
123.934
124.101
124.246
124.373
124.486
124.588
124.682
124.769
124.849
124.924
124.994
125.058
125.117
125.169
125.214
125.251
125.281
125.301
125.313
125.314
125.303
125.278
125.235
125.173
125.085
124.965
124.8
124.577
124.269
123.865
123.242
122.505
121.013
119.672
114.762
38.7516
40.9052
43.1937
45.398
47.7754
50.4379
53.3268
56.3932
59.6076
62.9552
66.4077
69.9342
73.5036
77.0827
80.6449
84.1567
87.5959
90.9312
94.1449
97.2104
100.115
102.839
105.376
107.715
109.854
111.797
113.54
115.098
116.469
117.675
118.722
119.629
120.407
121.073
121.639
122.121
122.53
122.877
123.174
123.43
123.651
123.845
124.016
124.168
124.307
124.432
124.548
124.654
124.752
124.842
124.925
125
125.066
125.125
125.174
125.214
125.243
125.263
125.271
125.267
125.249
125.213
125.156
125.074
124.959
124.8
124.58
124.274
123.873
123.25
122.51
121.008
119.655
114.716
55.0741
56.5322
58.094
59.6339
61.3031
63.1721
65.2058
67.3829
69.6835
72.1028
74.6211
77.2224
79.8849
82.5885
85.3133
88.0357
90.7387
93.3967
95.9963
98.5123
100.935
103.242
105.428
107.476
109.385
111.144
112.758
114.221
115.541
116.722
117.773
118.701
119.517
120.229
120.85
121.389
121.857
122.263
122.617
122.925
123.196
123.436
123.649
123.84
124.013
124.17
124.314
124.446
124.567
124.679
124.781
124.873
124.956
125.028
125.09
125.141
125.181
125.209
125.225
125.229
125.217
125.187
125.137
125.061
124.951
124.796
124.581
124.278
123.878
123.256
122.512
120.997
119.63
114.664
67.2349
68.2615
69.3654
70.4715
71.6797
73.0211
74.4853
76.0549
77.7275
79.4954
81.3519
83.2846
85.2824
87.3325
89.4199
91.5317
93.6507
95.7643
97.8544
99.9095
101.912
103.851
105.712
107.488
109.165
110.74
112.207
113.563
114.807
115.943
116.971
117.899
118.727
119.467
120.122
120.704
121.217
121.672
122.073
122.428
122.743
123.024
123.276
123.504
123.71
123.898
124.07
124.227
124.372
124.505
124.627
124.737
124.836
124.923
124.999
125.062
125.113
125.151
125.176
125.187
125.183
125.16
125.116
125.046
124.941
124.791
124.58
124.28
123.881
123.258
122.509
120.98
119.596
114.605
76.7065
77.4311
78.2006
78.9878
79.8575
80.8249
81.8833
83.024
84.2471
85.5486
86.9252
88.3699
89.8758
91.4348
93.0378
94.6758
96.3373
98.0128
99.6894
101.358
103.004
104.62
106.192
107.713
109.172
110.562
111.877
113.113
114.268
115.337
116.324
117.226
118.05
118.795
119.47
120.076
120.623
121.112
121.551
121.944
122.298
122.615
122.903
123.163
123.401
123.618
123.817
123.999
124.167
124.322
124.463
124.592
124.707
124.81
124.9
124.976
125.039
125.088
125.123
125.143
125.146
125.13
125.092
125.028
124.929
124.784
124.577
124.279
123.882
123.258
122.503
120.957
119.552
114.54
84.1537
84.6668
85.2027
85.7628
86.3895
87.0902
87.8599
88.6944
89.5951
90.5599
91.5874
92.6729
93.8134
95.0032
96.2371
97.5087
98.8108
100.137
101.477
102.825
104.171
105.507
106.824
108.114
109.368
110.582
111.745
112.855
113.906
114.898
115.824
116.688
117.486
118.223
118.898
119.517
120.081
120.594
121.06
121.483
121.867
122.216
122.533
122.824
123.089
123.333
123.557
123.764
123.954
124.13
124.291
124.437
124.57
124.689
124.793
124.884
124.959
125.02
125.065
125.094
125.106
125.097
125.066
125.007
124.914
124.774
124.571
124.277
123.88
123.256
122.493
120.928
119.499
114.467
90.0793
90.446
90.8215
91.2233
91.6782
92.1898
92.7533
93.3683
94.0353
94.7544
95.5243
96.3433
97.2091
98.1188
99.0693
100.056
101.076
102.122
103.191
104.275
105.37
106.468
107.563
108.647
109.716
110.762
111.779
112.763
113.708
114.61
115.469
116.278
117.04
117.752
118.416
119.03
119.6
120.124
120.607
121.05
121.457
121.83
122.173
122.489
122.779
123.047
123.295
123.524
123.735
123.931
124.111
124.275
124.425
124.56
124.68
124.784
124.873
124.947
125.003
125.043
125.063
125.062
125.037
124.985
124.897
124.762
124.563
124.272
123.877
123.252
122.479
120.893
119.436
114.386
94.8708
95.1328
95.3962
95.6846
96.0158
96.3898
96.8038
97.2579
97.7535
98.2905
98.8691
99.4877
100.146
100.842
101.574
102.34
103.137
103.962
104.812
105.681
106.567
107.465
108.369
109.275
110.178
111.071
111.951
112.812
113.65
114.463
115.244
115.994
116.706
117.383
118.021
118.622
119.184
119.709
120.198
120.653
121.074
121.466
121.828
122.164
122.475
122.764
123.032
123.281
123.512
123.726
123.924
124.107
124.273
124.424
124.559
124.678
124.781
124.868
124.936
124.987
125.016
125.024
125.007
124.96
124.878
124.748
124.554
124.265
123.871
123.245
122.461
120.851
119.362
114.298
98.795
98.9808
99.1636
99.3694
99.6098
99.8826
100.186
100.522
100.89
101.291
101.726
102.194
102.695
103.228
103.792
104.386
105.009
105.658
106.332
107.028
107.742
108.472
109.215
109.966
110.723
111.479
112.233
112.979
113.715
114.436
115.139
115.82
116.479
117.11
117.715
118.29
118.836
119.352
119.838
120.295
120.724
121.126
121.502
121.853
122.181
122.486
122.772
123.039
123.288
123.519
123.734
123.933
124.116
124.282
124.433
124.567
124.684
124.784
124.865
124.927
124.967
124.984
124.974
124.934
124.857
124.732
124.541
124.256
123.864
123.235
122.439
120.803
119.278
114.203
102.047
102.176
102.3
102.445
102.618
102.817
103.038
103.285
103.558
103.858
104.185
104.539
104.919
105.327
105.761
106.222
106.707
107.217
107.75
108.304
108.877
109.469
110.075
110.694
111.323
111.959
112.599
113.24
113.878
114.511
115.135
115.748
116.346
116.928
117.491
118.035
118.556
119.055
119.53
119.982
120.41
120.816
121.199
121.56
121.899
122.219
122.519
122.8
123.064
123.311
123.542
123.756
123.955
124.137
124.302
124.45
124.581
124.695
124.789
124.864
124.915
124.941
124.94
124.906
124.835
124.714
124.527
124.245
123.854
123.224
122.414
120.749
119.183
114.099
104.761
104.849
104.93
105.03
105.153
105.295
105.455
105.636
105.837
106.06
106.304
106.571
106.859
107.171
107.504
107.86
108.238
108.637
109.057
109.497
109.956
110.433
110.926
111.433
111.954
112.485
113.024
113.57
114.118
114.668
115.217
115.761
116.299
116.828
117.347
117.852
118.343
118.817
119.275
119.715
120.137
120.539
120.923
121.288
121.635
121.964
122.275
122.568
122.845
123.106
123.35
123.579
123.792
123.988
124.168
124.33
124.475
124.602
124.71
124.797
124.861
124.897
124.904
124.877
124.811
124.694
124.511
124.232
123.841
123.21
122.385
120.688
119.077
113.987
107.049
107.105
107.154
107.22
107.304
107.404
107.518
107.648
107.795
107.959
108.14
108.34
108.557
108.794
109.049
109.323
109.616
109.928
110.258
110.607
110.973
111.356
111.755
112.169
112.597
113.038
113.489
113.95
114.418
114.892
115.369
115.848
116.326
116.802
117.273
117.737
118.193
118.639
119.073
119.495
119.904
120.298
120.678
121.043
121.392
121.726
122.043
122.346
122.633
122.905
123.162
123.403
123.629
123.839
124.032
124.208
124.367
124.507
124.628
124.728
124.803
124.851
124.867
124.847
124.786
124.673
124.493
124.217
123.827
123.194
122.352
120.62
118.959
113.867
108.987
109.02
109.044
109.084
109.139
109.206
109.285
109.376
109.481
109.6
109.733
109.881
110.044
110.222
110.416
110.627
110.853
111.095
111.354
111.629
111.919
112.226
112.548
112.884
113.235
113.598
113.974
114.361
114.758
115.163
115.575
115.993
116.414
116.837
117.26
117.682
118.101
118.515
118.922
119.322
119.713
120.094
120.465
120.824
121.172
121.507
121.829
122.137
122.431
122.712
122.979
123.231
123.468
123.69
123.896
124.086
124.257
124.411
124.544
124.657
124.745
124.804
124.831
124.818
124.762
124.651
124.474
124.199
123.81
123.175
122.315
120.545
118.829
113.739
110.639
110.654
110.659
110.68
110.713
110.756
110.807
110.869
110.942
111.026
111.122
111.23
111.351
111.484
111.631
111.791
111.964
112.152
112.353
112.569
112.799
113.043
113.301
113.573
113.859
114.157
114.469
114.791
115.126
115.47
115.823
116.184
116.552
116.925
117.302
117.682
118.062
118.442
118.82
119.195
119.565
119.929
120.287
120.637
120.979
121.311
121.633
121.944
122.243
122.53
122.804
123.065
123.313
123.546
123.763
123.965
124.149
124.314
124.461
124.585
124.686
124.757
124.794
124.79
124.739
124.63
124.454
124.18
123.791
123.153
122.274
120.463
118.686
113.603
112.053
112.053
112.045
112.05
112.066
112.09
112.12
112.16
112.208
112.266
112.333
112.411
112.498
112.596
112.706
112.826
112.958
113.102
113.258
113.426
113.607
113.8
114.006
114.225
114.457
114.701
114.958
115.227
115.507
115.798
116.099
116.41
116.729
117.056
117.389
117.727
118.07
118.415
118.763
119.11
119.457
119.802
120.144
120.481
120.814
121.14
121.459
121.769
122.07
122.361
122.641
122.909
123.164
123.407
123.634
123.847
124.042
124.22
124.379
124.516
124.627
124.71
124.757
124.763
124.718
124.612
124.435
124.161
123.77
123.129
122.228
120.372
118.529
113.459
113.27
113.259
113.24
113.234
113.237
113.246
113.261
113.283
113.312
113.349
113.394
113.448
113.509
113.58
113.66
113.75
113.849
113.958
114.078
114.209
114.35
114.503
114.667
114.843
115.03
115.229
115.44
115.662
115.896
116.141
116.396
116.662
116.937
117.221
117.514
117.814
118.12
118.432
118.748
119.068
119.39
119.714
120.037
120.36
120.68
120.998
121.31
121.617
121.917
122.209
122.491
122.764
123.026
123.276
123.513
123.735
123.941
124.13
124.3
124.449
124.572
124.665
124.723
124.738
124.7
124.597
124.418
124.142
123.749
123.103
122.177
120.272
118.359
113.308
114.312
114.293
114.266
114.251
114.244
114.242
114.244
114.253
114.268
114.289
114.316
114.351
114.393
114.442
114.5
114.565
114.639
114.721
114.813
114.913
115.024
115.144
115.274
115.415
115.566
115.728
115.9
116.084
116.279
116.484
116.701
116.927
117.164
117.411
117.667
117.931
118.204
118.484
118.771
119.063
119.36
119.661
119.965
120.271
120.578
120.883
121.188
121.488
121.785
122.075
122.359
122.635
122.901
123.157
123.401
123.631
123.848
124.047
124.228
124.387
124.521
124.624
124.692
124.715
124.685
124.586
124.407
124.126
123.728
123.075
122.121
120.161
118.174
113.15
115.221
115.195
115.161
115.139
115.124
115.113
115.106
115.104
115.107
115.116
115.13
115.151
115.178
115.211
115.25
115.297
115.351
115.412
115.482
115.559
115.644
115.738
115.841
115.953
116.075
116.206
116.347
116.499
116.661
116.833
117.015
117.208
117.411
117.625
117.848
118.08
118.322
118.572
118.83
119.096
119.369
119.647
119.931
120.219
120.509
120.802
121.095
121.388
121.678
121.966
122.248
122.524
122.793
123.053
123.302
123.54
123.765
123.973
124.164
124.333
124.476
124.589
124.665
124.697
124.674
124.581
124.403
124.118
123.711
123.048
122.06
120.039
117.973
112.986
115.984
115.953
115.915
115.888
115.867
115.85
115.836
115.826
115.821
115.821
115.826
115.836
115.851
115.872
115.899
115.931
115.97
116.015
116.067
116.126
116.192
116.266
116.347
116.437
116.535
116.642
116.758
116.884
117.019
117.164
117.318
117.483
117.658
117.843
118.038
118.243
118.457
118.681
118.914
119.156
119.405
119.662
119.926
120.195
120.47
120.749
121.03
121.313
121.596
121.878
122.157
122.432
122.702
122.965
123.219
123.463
123.694
123.911
124.11
124.287
124.439
124.561
124.645
124.684
124.669
124.582
124.408
124.119
123.702
123.024
121.995
119.903
117.755
112.819
116.663
116.628
116.588
116.557
116.533
116.511
116.492
116.477
116.466
116.46
116.458
116.46
116.466
116.478
116.494
116.515
116.542
116.574
116.613
116.657
116.708
116.765
116.83
116.902
116.981
117.069
117.165
117.269
117.382
117.505
117.636
117.777
117.928
118.089
118.259
118.44
118.63
118.829
119.039
119.257
119.484
119.72
119.964
120.216
120.473
120.737
121.005
121.276
121.55
121.824
122.098
122.37
122.639
122.902
123.159
123.406
123.642
123.865
124.07
124.255
124.414
124.543
124.634
124.68
124.671
124.592
124.423
124.135
123.708
123.009
121.927
119.75
117.517
112.646
117.198
117.161
117.119
117.086
117.059
117.035
117.012
116.994
116.979
116.968
116.96
116.956
116.957
116.961
116.97
116.983
117.002
117.025
117.054
117.088
117.128
117.174
117.226
117.285
117.351
117.424
117.505
117.593
117.69
117.795
117.909
118.032
118.164
118.305
118.456
118.617
118.787
118.967
119.157
119.357
119.566
119.784
120.01
120.246
120.488
120.738
120.994
121.255
121.52
121.787
122.056
122.325
122.592
122.856
123.114
123.364
123.605
123.832
124.043
124.234
124.399
124.534
124.631
124.683
124.681
124.609
124.449
124.166
123.734
123.008
121.859
119.58
117.255
112.472
117.705
117.667
117.625
117.593
117.565
117.539
117.516
117.496
117.479
117.466
117.456
117.45
117.447
117.448
117.453
117.462
117.476
117.494
117.517
117.545
117.578
117.616
117.66
117.709
117.765
117.827
117.896
117.972
118.056
118.147
118.246
118.353
118.469
118.594
118.728
118.871
119.023
119.185
119.356
119.537
119.728
119.928
120.137
120.355
120.581
120.815
121.057
121.305
121.558
121.815
122.075
122.337
122.599
122.859
123.115
123.365
123.606
123.835
124.048
124.241
124.41
124.549
124.651
124.708
124.711
124.647
124.498
124.227
123.798
123.042
121.799
119.385
116.966
112.291
118.015
117.973
117.932
117.9
117.872
117.845
117.821
117.8
117.782
117.767
117.755
117.746
117.741
117.739
117.741
117.747
117.757
117.771
117.789
117.811
117.839
117.871
117.908
117.95
117.998
118.053
118.113
118.18
118.254
118.335
118.424
118.521
118.626
118.74
118.862
118.994
119.134
119.285
119.444
119.614
119.793
119.982
120.18
120.388
120.604
120.83
121.063
121.304
121.552
121.804
122.061
122.321
122.581
122.841
123.098
123.35
123.593
123.825
124.042
124.239
124.413
124.556
124.663
124.725
124.734
124.678
124.538
124.283
123.865
123.089
121.751
119.187
116.661
112.104
118.397
118.364
118.331
118.307
118.285
118.266
118.249
118.234
118.223
118.214
118.208
118.205
118.204
118.207
118.213
118.222
118.234
118.25
118.27
118.293
118.32
118.351
118.388
118.428
118.474
118.525
118.582
118.644
118.713
118.789
118.871
118.96
119.057
119.162
119.274
119.395
119.524
119.662
119.809
119.965
120.13
120.304
120.488
120.681
120.882
121.092
121.311
121.537
121.77
122.009
122.253
122.5
122.749
122.999
123.247
123.491
123.727
123.953
124.166
124.36
124.532
124.676
124.785
124.853
124.87
124.825
124.71
124.502
124.132
123.305
121.724
118.86
116.242
111.943
126.455
127.721
128.82
129.754
130.538
131.19
131.728
132.169
132.53
132.824
133.061
133.253
133.406
133.528
133.623
133.698
133.755
133.799
133.83
133.853
133.867
133.876
133.879
133.879
133.876
133.87
133.862
133.854
133.844
133.834
133.823
133.813
133.802
133.791
133.781
133.771
133.761
133.752
133.743
133.734
133.726
126.448
127.681
128.756
129.67
130.443
131.091
131.63
132.077
132.446
132.75
132.999
133.203
133.368
133.502
133.609
133.695
133.762
133.815
133.855
133.884
133.905
133.92
133.928
133.932
133.932
133.929
133.923
133.916
133.908
133.898
133.887
133.876
133.865
133.854
133.842
133.83
133.819
133.808
133.797
133.786
133.775
126.46
127.668
128.728
129.629
130.396
131.044
131.589
132.045
132.426
132.743
133.005
133.222
133.401
133.548
133.667
133.764
133.842
133.903
133.951
133.988
134.016
134.035
134.047
134.055
134.057
134.056
134.053
134.046
134.039
134.029
134.018
134.007
133.994
133.982
133.969
133.955
133.942
133.928
133.915
133.902
133.889
126.494
127.697
128.755
129.653
130.422
131.075
131.627
132.092
132.483
132.811
133.085
133.314
133.504
133.661
133.791
133.897
133.984
134.053
134.109
134.151
134.184
134.207
134.224
134.234
134.239
134.239
134.236
134.23
134.222
134.212
134.2
134.187
134.173
134.158
134.143
134.127
134.111
134.095
134.078
134.061
134.045
126.544
127.75
128.813
129.716
130.49
131.149
131.709
132.184
132.586
132.926
133.212
133.453
133.654
133.823
133.964
134.08
134.176
134.253
134.316
134.365
134.403
134.43
134.449
134.462
134.468
134.469
134.467
134.46
134.451
134.439
134.426
134.411
134.394
134.377
134.358
134.339
134.32
134.3
134.28
134.259
134.239
126.608
127.823
128.896
129.805
130.588
131.257
131.828
132.315
132.73
133.083
133.384
133.638
133.853
134.035
134.187
134.314
134.419
134.505
134.575
134.63
134.673
134.704
134.725
134.739
134.746
134.747
134.744
134.736
134.726
134.712
134.696
134.677
134.658
134.637
134.615
134.592
134.569
134.544
134.52
134.495
134.471
126.69
127.919
129.007
129.927
130.722
131.404
131.99
132.492
132.922
133.291
133.606
133.876
134.105
134.3
134.464
134.602
134.716
134.811
134.887
134.947
134.994
135.027
135.051
135.065
135.072
135.072
135.067
135.057
135.043
135.026
135.006
134.985
134.961
134.936
134.909
134.882
134.853
134.824
134.795
134.765
134.736
126.792
128.043
129.151
130.087
130.898
131.596
132.198
132.717
133.165
133.55
133.882
134.167
134.411
134.619
134.795
134.944
135.067
135.169
135.252
135.317
135.367
135.402
135.426
135.44
135.446
135.444
135.436
135.423
135.405
135.384
135.36
135.333
135.304
135.274
135.242
135.209
135.174
135.14
135.104
135.068
135.033
126.919
128.197
129.33
130.286
131.116
131.833
132.455
132.993
133.459
133.863
134.212
134.513
134.772
134.994
135.182
135.342
135.474
135.584
135.672
135.741
135.793
135.829
135.853
135.865
135.868
135.863
135.85
135.833
135.81
135.783
135.753
135.72
135.685
135.647
135.608
135.568
135.527
135.485
135.442
135.399
135.358
127.07
128.382
129.546
130.526
131.379
132.118
132.762
133.321
133.807
134.231
134.598
134.917
135.192
135.428
135.629
135.799
135.941
136.057
136.15
136.223
136.276
136.312
136.333
136.343
136.341
136.331
136.313
136.289
136.259
136.225
136.187
136.146
136.103
136.057
136.01
135.962
135.912
135.862
135.811
135.759
135.711
127.253
128.604
129.802
130.81
131.69
132.453
133.122
133.704
134.213
134.657
135.045
135.382
135.674
135.925
136.139
136.32
136.47
136.593
136.69
136.765
136.819
136.852
136.87
136.874
136.867
136.85
136.823
136.791
136.752
136.709
136.661
136.61
136.557
136.501
136.444
136.385
136.325
136.265
136.205
136.144
136.086
127.469
128.865
130.103
131.143
132.052
132.844
133.538
134.147
134.68
135.148
135.557
135.914
136.223
136.49
136.717
136.909
137.068
137.197
137.298
137.374
137.425
137.456
137.467
137.465
137.449
137.422
137.385
137.342
137.291
137.236
137.176
137.113
137.047
136.979
136.909
136.839
136.768
136.696
136.625
136.553
136.485
127.727
129.17
130.453
131.529
132.471
133.293
134.018
134.655
135.215
135.708
136.14
136.518
136.846
137.129
137.371
137.573
137.741
137.875
137.979
138.054
138.103
138.126
138.131
138.118
138.091
138.051
138.001
137.943
137.878
137.807
137.732
137.654
137.573
137.49
137.406
137.32
137.235
137.15
137.065
136.98
136.899
128.029
129.526
130.858
131.973
132.952
133.808
134.566
135.233
135.823
136.342
136.8
137.2
137.549
137.849
138.106
138.32
138.496
138.634
138.74
138.813
138.857
138.872
138.866
138.839
138.797
138.741
138.674
138.598
138.514
138.425
138.331
138.234
138.135
138.033
137.932
137.829
137.727
137.625
137.525
137.424
137.329
128.385
129.94
131.323
132.483
133.501
134.394
135.187
135.89
136.511
137.06
137.545
137.97
138.341
138.66
138.932
139.158
139.342
139.485
139.591
139.661
139.697
139.701
139.679
139.636
139.574
139.498
139.408
139.31
139.202
139.09
138.972
138.852
138.73
138.606
138.482
138.359
138.236
138.115
137.994
137.875
137.762
128.8
130.417
131.858
133.064
134.126
135.059
135.892
136.631
137.287
137.87
138.384
138.837
139.231
139.571
139.859
140.098
140.29
140.438
140.542
140.607
140.632
140.621
140.58
140.516
140.429
140.327
140.21
140.082
139.946
139.804
139.658
139.509
139.358
139.208
139.057
138.908
138.76
138.615
138.471
138.33
138.196
129.285
130.966
132.468
133.725
134.835
135.812
136.688
137.468
138.163
138.781
139.329
139.811
140.232
140.595
140.901
141.154
141.354
141.505
141.607
141.663
141.675
141.644
141.58
141.487
141.37
141.234
141.083
140.92
140.747
140.569
140.386
140.202
140.017
139.832
139.649
139.468
139.289
139.115
138.943
138.775
138.615
129.846
131.599
133.164
134.477
135.637
136.664
137.585
138.411
139.148
139.807
140.391
140.907
141.356
141.744
142.07
142.339
142.548
142.702
142.8
142.846
142.84
142.785
142.69
142.563
142.408
142.232
142.036
141.829
141.612
141.389
141.161
140.933
140.705
140.479
140.254
140.035
139.819
139.609
139.404
139.204
139.013
130.5
132.323
133.958
135.329
136.546
137.624
138.597
139.472
140.258
140.96
141.585
142.138
142.621
143.036
143.386
143.67
143.89
144.046
144.141
144.172
144.145
144.058
143.927
143.757
143.555
143.327
143.079
142.817
142.544
142.264
141.982
141.699
141.418
141.139
140.866
140.598
140.338
140.083
139.837
139.597
139.371
131.25
133.151
134.859
136.295
137.572
138.708
139.736
140.666
141.505
142.256
142.928
143.522
144.043
144.491
144.866
145.17
145.401
145.561
145.648
145.664
145.609
145.485
145.308
145.085
144.825
144.534
144.221
143.89
143.549
143.2
142.849
142.498
142.151
141.808
141.474
141.147
140.831
140.523
140.227
139.941
139.669
132.117
134.098
135.882
137.387
138.729
139.929
141.018
142.009
142.907
143.715
144.439
145.081
145.645
146.13
146.536
146.861
147.107
147.269
147.349
147.344
147.256
147.087
146.854
146.567
146.235
145.866
145.471
145.056
144.629
144.194
143.758
143.323
142.894
142.473
142.062
141.663
141.278
140.906
140.548
140.205
139.878
133.109
135.174
137.042
138.621
140.036
141.304
142.462
143.52
144.486
145.357
146.141
146.838
147.452
147.98
148.422
148.774
149.035
149.201
149.273
149.243
149.116
148.891
148.59
148.222
147.802
147.338
146.842
146.323
145.79
145.248
144.707
144.168
143.639
143.119
142.616
142.127
141.658
141.206
140.775
140.362
139.97
134.245
136.399
138.354
140.014
141.507
142.853
144.087
145.222
146.262
147.207
148.059
148.822
149.493
150.073
150.556
150.941
151.221
151.393
151.452
151.395
151.218
150.926
150.54
150.076
149.546
148.965
148.344
147.697
147.032
146.36
145.687
145.021
144.365
143.727
143.106
142.51
141.936
141.388
140.865
140.369
139.897
135.537
137.787
139.836
141.585
143.166
144.598
145.918
147.139
148.265
149.295
150.227
151.064
151.804
152.445
152.979
153.401
153.705
153.884
153.93
153.838
153.601
153.226
152.736
152.152
151.488
150.762
149.989
149.183
148.357
147.522
146.688
145.863
145.054
144.266
143.504
142.773
142.072
141.406
140.772
140.175
139.606
137.002
139.358
141.507
143.356
145.033
146.565
147.981
149.301
150.526
151.655
152.68
153.606
154.427
155.14
155.734
156.203
156.534
156.722
156.75
156.615
156.303
155.826
155.208
154.477
153.647
152.744
151.782
150.782
149.756
148.723
147.69
146.672
145.673
144.703
143.766
142.87
142.015
141.204
140.436
139.717
139.032
138.661
141.129
143.392
145.35
147.139
148.78
150.31
151.742
153.085
154.327
155.464
156.494
157.413
158.211
158.878
159.4
159.766
159.958
159.965
159.772
159.368
158.759
157.984
157.067
156.036
154.912
153.721
152.481
151.214
149.935
148.661
147.403
146.173
144.978
143.829
142.729
141.685
140.697
139.767
138.899
138.076
140.53
143.124
145.514
147.598
149.512
151.282
152.942
154.506
155.984
157.362
158.632
159.786
160.821
161.722
162.475
163.06
163.461
163.656
163.629
163.359
162.834
162.059
161.084
159.939
158.657
157.264
155.792
154.262
152.7
151.125
149.557
148.01
146.498
145.031
143.622
142.275
141.001
139.798
138.671
137.625
136.635
142.624
145.366
147.901
150.13
152.192
154.112
155.925
157.646
159.283
160.823
162.252
163.557
164.731
165.753
166.605
167.26
167.695
167.882
167.799
167.421
166.731
165.74
164.512
163.081
161.49
159.77
157.957
156.078
154.162
152.232
150.31
148.415
146.563
144.766
143.04
141.395
139.839
138.375
137.008
135.746
134.554
144.966
147.879
150.584
152.985
155.221
157.321
159.318
161.227
163.057
164.792
166.414
167.899
169.238
170.402
171.365
172.09
172.548
172.703
172.526
171.988
171.07
169.794
168.241
166.455
164.486
162.372
160.153
157.86
155.526
153.176
150.837
148.528
146.271
144.078
141.971
139.96
138.062
136.278
134.616
133.092
131.655
147.566
150.689
153.599
156.207
158.655
160.972
163.195
165.335
167.4
169.374
171.23
172.934
174.468
175.792
176.869
177.651
178.1
178.171
177.832
177.053
175.816
174.161
172.192
169.967
167.543
164.962
162.269
159.497
156.681
153.846
151.023
148.231
145.495
142.831
140.265
137.812
135.494
133.316
131.29
129.44
127.703
150.437
153.821
156.986
159.851
162.562
165.151
167.656
170.087
172.447
174.716
176.859
178.828
180.585
182.077
183.251
184.047
184.415
184.308
183.694
182.547
180.862
178.705
176.216
173.46
170.501
167.386
164.157
160.848
157.492
154.114
150.744
147.4
144.11
140.89
137.772
134.779
131.94
129.264
126.776
124.51
122.389
153.546
157.261
160.747
163.938
166.983
169.92
172.788
175.591
178.328
180.966
183.458
185.733
187.726
189.362
190.568
191.273
191.422
190.973
189.909
188.222
185.924
183.13
180.017
176.651
173.099
169.403
165.603
161.725
157.798
153.839
149.874
145.92
142.003
138.138
134.365
130.713
127.222
123.911
120.82
118.005
115.377
156.716
160.842
164.733
168.329
171.792
175.167
178.49
181.76
184.962
188.042
190.924
193.509
195.694
197.373
198.456
198.873
198.582
197.568
195.845
193.442
190.399
186.884
183.106
179.122
174.989
170.739
166.401
161.991
157.523
153.007
148.458
143.886
139.311
134.746
130.232
125.807
121.523
117.414
113.538
109.994
106.679
159.67
164.294
168.671
172.75
176.717
180.62
184.494
188.324
192.069
195.634
198.896
201.718
203.956
205.472
206.184
206.049
205.071
203.286
200.757
197.554
193.744
189.541
185.163
180.647
176.028
171.327
166.552
161.708
156.792
151.803
146.741
141.606
136.404
131.144
125.86
120.594
115.407
110.348
105.501
101.022
96.8088
162.256
167.471
172.424
177.082
181.659
186.209
190.756
195.255
199.614
203.67
207.231
210.113
212.146
213.194
213.224
212.264
210.393
207.716
204.343
200.373
195.881
191.104
186.255
181.331
176.35
171.313
166.216
161.042
155.781
150.412
144.922
139.295
133.525
127.6
121.547
115.393
109.21
103.039
97.0108
91.3294
85.9298
164.371
170.28
175.914
181.269
186.593
191.943
197.312
202.595
207.602
212.068
215.719
218.35
219.811
220.037
219.093
217.119
214.279
210.728
206.602
202
196.984
191.791
186.61
181.406
176.176
170.911
165.589
160.185
154.668
149.009
143.177
137.144
130.875
124.348
117.552
110.513
103.257
95.8531
88.3916
81.22
74.2116
165.912
172.636
179.08
185.282
191.539
197.892
204.26
210.41
215.999
220.638
224.006
225.955
226.439
225.537
223.462
220.452
216.724
212.448
207.747
202.698
197.33
191.869
186.477
181.094
175.707
170.297
164.83
159.269
153.574
147.702
141.61
135.251
128.573
121.52
114.058
106.163
97.8384
89.0912
80.0128
70.9864
61.8989
166.757
174.439
181.854
189.111
196.561
204.18
211.719
218.715
224.626
228.987
231.562
232.375
231.578
229.428
226.262
222.369
217.955
213.165
208.088
202.763
197.19
191.575
186.059
180.568
175.089
169.594
164.04
158.379
152.564
146.544
140.261
133.657
126.653
119.169
111.131
102.471
93.1237
83.0233
72.1734
60.9818
49.2213
166.758
175.568
184.171
192.791
201.803
210.999
219.777
227.358
233.062
236.531
237.804
237.186
235.031
231.747
227.71
223.177
218.312
213.21
207.92
202.453
196.776
191.083
185.498
179.946
174.417
168.88
163.278
157.559
151.669
145.548
139.132
132.347
125.098
117.277
108.774
99.4619
89.2051
77.81
65.157
51.5174
36.5038
165.714
175.874
185.98
196.436
207.528
218.545
228.357
235.911
240.664
242.657
242.341
240.27
236.939
232.8
228.173
223.247
218.124
212.86
207.474
201.949
196.234
190.507
184.883
179.297
173.75
168.198
162.575
156.825
150.891
144.707
138.202
131.291
123.864
115.791
106.929
97.0916
86.0755
73.5107
59.1569
42.8494
24.1894
163.387
175.15
187.291
200.35
214.09
226.885
237.05
243.674
246.781
247
245.133
241.853
237.677
232.993
228.021
222.886
217.639
212.312
206.898
201.366
195.648
189.912
184.265
178.666
173.12
167.571
161.944
156.182
150.225
144.005
137.443
130.446
122.896
114.64
105.513
95.2738
83.6608
70.0993
54.2671
35.166
12.8094
159.384
173.186
188.341
205.081
221.795
235.689
245.098
249.929
251.056
249.602
246.486
242.359
237.667
232.681
227.534
222.306
217.017
211.681
206.28
200.77
195.072
189.338
183.676
178.076
172.545
167.01
161.389
155.627
149.662
143.423
136.826
129.773
122.14
113.754
104.44
93.9017
81.8484
67.4732
50.475
28.5492
2.94004
153.197
169.9
189.754
211.259
230.493
244.155
251.694
254.314
253.589
250.825
246.846
242.211
237.242
232.107
226.883
221.635
216.349
211.04
205.674
200.202
194.534
188.808
183.134
177.542
172.035
166.518
160.908
155.153
149.189
142.941
136.324
129.237
121.548
113.072
103.629
92.8788
80.5133
65.5145
47.6572
23.0717
-5.11358
144.108
165.573
192.533
219.174
239.46
251.365
256.412
256.944
254.786
251.118
246.613
241.706
236.604
231.412
226.176
220.948
215.693
210.43
205.112
199.685
194.051
188.332
182.646
177.068
171.588
166.091
160.495
154.75
148.791
142.541
135.914
128.806
121.08
112.541
103.014
92.116
79.5374
64.0836
45.6362
18.7269
-11.2826
131.354
161.148
197.632
228.31
247.555
256.689
259.299
258.21
255.07
250.858
246.064
241.034
235.887
230.693
225.48
220.302
215.088
209.877
204.609
199.226
193.624
187.909
182.212
176.653
171.2
165.723
160.141
154.408
148.457
142.21
135.579
128.459
120.713
112.128
102.55
91.549
78.8335
63.0651
44.2303
15.4853
-15.6558
113.187
157.743
205.031
237.297
253.86
260.081
260.757
258.567
254.824
250.315
245.398
240.334
235.194
230.025
224.854
219.725
214.557
209.396
204.172
198.83
193.258
187.542
181.834
176.296
170.866
165.405
159.836
154.114
148.17
141.926
135.295
128.167
120.406
111.792
102.177
91.1117
78.2978
62.3414
43.2231
13.1797
-18.8815
86.239
156.435
214.566
245.607
258.493
262.107
261.338
258.405
254.297
249.64
244.688
239.64
234.536
229.413
224.294
219.216
214.096
208.983
203.802
198.496
192.95
187.234
181.52
176.008
170.606
165.161
159.605
153.895
147.959
141.72
135.088
127.958
120.186
111.556
101.915
90.809
77.9295
61.8537
42.5866
11.5954
-22.0752
57.2933
162.938
226.46
252.403
261.401
263.019
261.333
257.868
253.465
248.671
243.692
238.668
233.614
228.554
223.506
218.495
213.443
208.393
203.271
198.017
192.51
186.791
181.07
175.579
170.205
164.781
159.241
153.543
147.615
141.38
134.75
127.615
119.834
111.188
101.519
90.376
77.4274
61.2827
41.7197
11.0244
-25.5541
133.719
133.714
133.709
133.703
133.698
133.691
133.685
133.678
133.671
133.663
133.655
133.646
133.637
133.627
133.617
133.605
133.593
133.58
133.566
133.552
133.536
133.519
133.501
133.481
133.46
133.438
133.414
133.388
133.36
133.331
133.299
133.265
133.229
133.19
133.148
133.103
133.055
133.003
132.948
132.889
132.826
132.758
132.686
132.61
132.528
132.441
132.348
132.25
132.146
132.036
131.92
131.797
131.669
131.534
131.393
131.247
131.096
130.94
130.78
130.616
130.45
130.283
130.116
129.951
129.789
129.633
129.485
129.347
129.223
129.117
129.032
128.975
128.951
128.962
133.766
133.76
133.754
133.747
133.74
133.732
133.724
133.716
133.708
133.699
133.69
133.68
133.669
133.659
133.647
133.635
133.622
133.608
133.594
133.578
133.562
133.544
133.525
133.505
133.484
133.461
133.436
133.41
133.382
133.352
133.32
133.285
133.248
133.208
133.166
133.12
133.072
133.019
132.963
132.904
132.839
132.771
132.698
132.62
132.536
132.448
132.354
132.254
132.147
132.035
131.917
131.792
131.661
131.525
131.381
131.233
131.079
130.92
130.758
130.592
130.423
130.254
130.085
129.917
129.753
129.595
129.444
129.304
129.177
129.068
128.979
128.913
128.881
128.854
133.877
133.869
133.861
133.852
133.843
133.834
133.825
133.815
133.805
133.795
133.784
133.773
133.762
133.75
133.738
133.725
133.711
133.696
133.681
133.664
133.647
133.628
133.609
133.588
133.565
133.541
133.516
133.488
133.459
133.428
133.394
133.358
133.32
133.278
133.234
133.186
133.135
133.081
133.022
132.959
132.892
132.82
132.743
132.661
132.574
132.48
132.381
132.276
132.165
132.047
131.923
131.792
131.655
131.511
131.362
131.206
131.045
130.88
130.71
130.537
130.362
130.186
130.01
129.836
129.666
129.501
129.344
129.198
129.065
128.947
128.851
128.774
128.735
128.677
134.029
134.021
134.01
134
133.988
133.978
133.966
133.955
133.944
133.932
133.92
133.907
133.894
133.881
133.867
133.852
133.837
133.82
133.803
133.785
133.766
133.746
133.725
133.702
133.678
133.652
133.624
133.595
133.563
133.53
133.494
133.455
133.414
133.37
133.323
133.272
133.217
133.159
133.096
133.029
132.957
132.881
132.799
132.711
132.617
132.518
132.412
132.3
132.182
132.056
131.924
131.785
131.639
131.487
131.328
131.164
130.994
130.819
130.64
130.458
130.274
130.089
129.904
129.722
129.543
129.37
129.205
129.051
128.909
128.783
128.678
128.589
128.542
128.455
134.22
134.209
134.197
134.184
134.171
134.158
134.145
134.132
134.118
134.104
134.09
134.076
134.061
134.046
134.03
134.013
133.996
133.978
133.959
133.939
133.918
133.896
133.872
133.847
133.821
133.792
133.762
133.73
133.696
133.659
133.62
133.578
133.533
133.485
133.433
133.378
133.319
133.255
133.187
133.114
133.036
132.953
132.864
132.769
132.668
132.56
132.446
132.325
132.197
132.062
131.92
131.771
131.614
131.451
131.282
131.106
130.925
130.739
130.549
130.356
130.162
129.966
129.772
129.58
129.392
129.21
129.036
128.873
128.722
128.587
128.472
128.37
128.315
128.201
134.447
134.435
134.421
134.405
134.39
134.375
134.359
134.344
134.328
134.312
134.296
134.279
134.262
134.244
134.226
134.208
134.188
134.168
134.146
134.124
134.1
134.075
134.049
134.021
133.991
133.96
133.926
133.89
133.852
133.811
133.768
133.721
133.672
133.618
133.561
133.5
133.435
133.365
133.29
133.21
133.124
133.032
132.935
132.831
132.721
132.603
132.479
132.348
132.209
132.062
131.909
131.747
131.579
131.403
131.221
131.033
130.839
130.64
130.438
130.233
130.027
129.82
129.615
129.412
129.214
129.023
128.84
128.667
128.507
128.361
128.236
128.123
128.059
127.92
134.706
134.692
134.676
134.657
134.639
134.621
134.603
134.585
134.567
134.548
134.53
134.51
134.491
134.471
134.45
134.428
134.406
134.383
134.359
134.333
134.306
134.278
134.248
134.216
134.182
134.147
134.109
134.068
134.025
133.979
133.93
133.878
133.822
133.763
133.699
133.631
133.558
133.48
133.397
133.309
133.214
133.113
133.006
132.892
132.771
132.643
132.507
132.364
132.213
132.054
131.887
131.712
131.53
131.34
131.144
130.942
130.734
130.522
130.307
130.089
129.87
129.652
129.435
129.222
129.014
128.812
128.62
128.438
128.268
128.113
127.978
127.853
127.78
127.62
134.998
134.982
134.963
134.941
134.92
134.899
134.878
134.857
134.836
134.814
134.792
134.77
134.747
134.724
134.7
134.674
134.649
134.622
134.593
134.564
134.533
134.5
134.465
134.429
134.39
134.349
134.305
134.259
134.21
134.158
134.102
134.043
133.98
133.913
133.841
133.765
133.683
133.597
133.504
133.406
133.302
133.191
133.073
132.948
132.816
132.676
132.527
132.371
132.206
132.033
131.852
131.663
131.466
131.261
131.05
130.833
130.611
130.384
130.155
129.924
129.693
129.463
129.235
129.011
128.793
128.583
128.381
128.19
128.012
127.847
127.702
127.566
127.484
127.307
135.316
135.297
135.274
135.249
135.224
135.2
135.175
135.151
135.126
135.1
135.075
135.049
135.022
134.995
134.966
134.937
134.907
134.875
134.842
134.807
134.771
134.733
134.692
134.65
134.605
134.557
134.507
134.454
134.397
134.338
134.274
134.207
134.136
134.06
133.979
133.894
133.803
133.707
133.605
133.497
133.382
133.26
133.131
132.995
132.85
132.698
132.536
132.366
132.187
132
131.803
131.598
131.385
131.165
130.938
130.706
130.468
130.228
129.985
129.741
129.497
129.256
129.018
128.784
128.557
128.338
128.127
127.928
127.741
127.567
127.414
127.267
127.176
126.986
135.661
135.639
135.613
135.583
135.554
135.525
135.497
135.467
135.438
135.408
135.378
135.346
135.315
135.282
135.248
135.213
135.177
135.14
135.101
135.059
135.016
134.971
134.924
134.874
134.821
134.766
134.708
134.646
134.581
134.512
134.44
134.364
134.283
134.198
134.107
134.013
133.912
133.806
133.694
133.576
133.45
133.318
133.178
133.03
132.873
132.707
132.532
132.348
132.154
131.951
131.738
131.517
131.288
131.051
130.808
130.56
130.307
130.052
129.796
129.54
129.285
129.033
128.785
128.543
128.308
128.081
127.863
127.655
127.46
127.278
127.116
126.959
126.859
126.66
136.028
136.002
135.971
135.936
135.901
135.867
135.833
135.798
135.763
135.727
135.691
135.653
135.615
135.576
135.535
135.493
135.45
135.405
135.358
135.309
135.258
135.204
135.148
135.089
135.027
134.963
134.895
134.823
134.749
134.67
134.588
134.502
134.411
134.317
134.217
134.113
134.003
133.888
133.767
133.639
133.504
133.362
133.211
133.052
132.883
132.704
132.515
132.316
132.106
131.886
131.657
131.419
131.172
130.919
130.659
130.395
130.128
129.86
129.591
129.323
129.058
128.797
128.541
128.291
128.049
127.815
127.59
127.376
127.174
126.984
126.812
126.647
126.537
126.333
136.418
136.386
136.349
136.307
136.265
136.224
136.183
136.141
136.099
136.055
136.011
135.966
135.92
135.872
135.823
135.772
135.72
135.665
135.609
135.55
135.488
135.424
135.357
135.288
135.215
135.139
135.06
134.978
134.892
134.804
134.711
134.615
134.515
134.412
134.304
134.192
134.074
133.952
133.822
133.687
133.543
133.392
133.231
133.061
132.879
132.688
132.484
132.269
132.043
131.806
131.559
131.303
131.039
130.768
130.493
130.213
129.932
129.651
129.371
129.093
128.819
128.551
128.288
128.032
127.784
127.545
127.314
127.094
126.884
126.686
126.507
126.332
126.212
126.005
136.821
136.782
136.738
136.687
136.637
136.588
136.538
136.487
136.435
136.383
136.329
136.274
136.217
136.159
136.098
136.036
135.972
135.906
135.837
135.766
135.692
135.615
135.535
135.453
135.368
135.28
135.189
135.095
134.999
134.9
134.799
134.694
134.587
134.477
134.363
134.245
134.123
133.995
133.861
133.719
133.569
133.41
133.24
133.059
132.865
132.659
132.44
132.208
131.965
131.709
131.444
131.169
130.887
130.6
130.308
130.015
129.72
129.428
129.138
128.852
128.571
128.296
128.029
127.769
127.516
127.272
127.037
126.811
126.595
126.39
126.201
126.017
125.886
125.675
137.237
137.19
137.136
137.075
137.013
136.953
136.892
136.83
136.767
136.702
136.635
136.568
136.498
136.426
136.352
136.276
136.197
136.116
136.032
135.946
135.857
135.765
135.671
135.574
135.475
135.374
135.271
135.166
135.06
134.953
134.845
134.734
134.623
134.509
134.394
134.274
134.151
134.021
133.885
133.74
133.586
133.419
133.241
133.048
132.841
132.62
132.384
132.134
131.871
131.595
131.31
131.017
130.717
130.413
130.107
129.8
129.494
129.192
128.894
128.602
128.316
128.038
127.767
127.504
127.248
127.001
126.762
126.531
126.309
126.095
125.897
125.703
125.561
125.345
137.656
137.597
137.53
137.455
137.381
137.307
137.232
137.155
137.077
136.997
136.914
136.83
136.744
136.654
136.563
136.469
136.372
136.273
136.172
136.067
135.961
135.852
135.742
135.63
135.517
135.404
135.291
135.178
135.065
134.954
134.842
134.733
134.622
134.512
134.399
134.284
134.164
134.038
133.902
133.756
133.598
133.425
133.237
133.032
132.809
132.57
132.315
132.044
131.76
131.464
131.159
130.846
130.529
130.209
129.889
129.571
129.256
128.946
128.643
128.346
128.058
127.777
127.505
127.24
126.983
126.734
126.491
126.255
126.027
125.805
125.597
125.392
125.237
125.013
138.071
137.997
137.915
137.823
137.732
137.64
137.548
137.452
137.355
137.255
137.153
137.048
136.94
136.83
136.717
136.601
136.482
136.362
136.238
136.114
135.987
135.861
135.733
135.607
135.482
135.359
135.239
135.122
135.009
134.9
134.794
134.692
134.591
134.491
134.389
134.285
134.173
134.053
133.921
133.776
133.613
133.432
133.232
133.011
132.77
132.51
132.232
131.939
131.632
131.314
130.988
130.657
130.323
129.989
129.657
129.329
129.008
128.693
128.386
128.088
127.798
127.517
127.245
126.98
126.723
126.472
126.227
125.987
125.752
125.521
125.302
125.084
124.916
124.679
138.469
138.376
138.273
138.16
138.047
137.933
137.818
137.699
137.577
137.452
137.325
137.194
137.06
136.923
136.783
136.641
136.497
136.351
136.204
136.057
135.91
135.766
135.623
135.486
135.353
135.226
135.107
134.995
134.891
134.795
134.705
134.621
134.54
134.46
134.377
134.289
134.191
134.08
133.953
133.805
133.636
133.443
133.226
132.985
132.722
132.437
132.134
131.815
131.484
131.144
130.798
130.449
130.1
129.754
129.413
129.079
128.753
128.435
128.127
127.829
127.541
127.261
126.99
126.727
126.47
126.218
125.97
125.726
125.484
125.244
125.013
124.78
124.597
124.343
138.841
138.724
138.594
138.454
138.314
138.172
138.028
137.878
137.726
137.57
137.41
137.247
137.081
136.911
136.739
136.566
136.391
136.217
136.044
135.874
135.708
135.548
135.396
135.253
135.121
135.002
134.894
134.801
134.719
134.651
134.591
134.539
134.489
134.439
134.382
134.316
134.232
134.131
134.004
133.851
133.67
133.459
133.22
132.953
132.661
132.348
132.017
131.671
131.315
130.953
130.588
130.224
129.863
129.508
129.16
128.822
128.494
128.176
127.869
127.573
127.287
127.01
126.742
126.481
126.225
125.973
125.723
125.474
125.226
124.975
124.731
124.481
124.282
124.004
139.168
139.019
138.854
138.681
138.505
138.327
138.145
137.958
137.767
137.571
137.371
137.169
136.962
136.754
136.545
136.336
136.128
135.924
135.726
135.535
135.356
135.188
135.035
134.9
134.784
134.686
134.61
134.553
134.514
134.49
134.477
134.47
134.463
134.45
134.425
134.38
134.311
134.213
134.081
133.915
133.713
133.477
133.207
132.909
132.585
132.239
131.878
131.504
131.125
130.742
130.361
129.984
129.613
129.252
128.901
128.561
128.233
127.917
127.613
127.321
127.039
126.766
126.502
126.243
125.989
125.737
125.486
125.232
124.976
124.715
124.457
124.187
123.969
123.664
139.43
139.241
139.032
138.815
138.595
138.372
138.142
137.908
137.667
137.423
137.174
136.922
136.669
136.415
136.163
135.915
135.673
135.441
135.222
135.018
134.834
134.672
134.537
134.428
134.349
134.298
134.277
134.28
134.305
134.346
134.396
134.447
134.491
134.519
134.524
134.498
134.435
134.331
134.184
133.994
133.761
133.489
133.183
132.846
132.485
132.106
131.714
131.314
130.912
130.513
130.118
129.731
129.354
128.99
128.637
128.299
127.974
127.662
127.363
127.076
126.799
126.531
126.271
126.016
125.764
125.513
125.259
125.001
124.737
124.464
124.19
123.899
123.66
123.322
139.595
139.353
139.088
138.816
138.539
138.259
137.97
137.675
137.375
137.07
136.762
136.453
136.145
135.84
135.543
135.255
134.983
134.73
134.5
134.299
134.131
133.998
133.905
133.852
133.841
133.868
133.931
134.022
134.135
134.26
134.387
134.504
134.601
134.668
134.695
134.677
134.607
134.484
134.307
134.079
133.804
133.489
133.137
132.758
132.359
131.945
131.524
131.101
130.681
130.266
129.861
129.469
129.089
128.724
128.374
128.039
127.718
127.412
127.119
126.838
126.568
126.306
126.05
125.8
125.55
125.299
125.044
124.781
124.508
124.222
123.931
123.617
123.354
122.979
139.633
139.324
138.988
138.645
138.298
137.945
137.582
137.213
136.838
136.461
136.082
135.707
135.337
134.979
134.637
134.316
134.023
133.763
133.544
133.371
133.249
133.179
133.168
133.209
133.305
133.446
133.627
133.833
134.056
134.279
134.49
134.672
134.817
134.909
134.944
134.914
134.819
134.658
134.436
134.158
133.831
133.462
133.063
132.64
132.202
131.756
131.31
130.866
130.43
130.006
129.596
129.2
128.821
128.458
128.112
127.782
127.469
127.169
126.884
126.61
126.346
126.09
125.841
125.594
125.347
125.097
124.839
124.571
124.29
123.991
123.681
123.34
123.052
122.635
139.498
139.101
138.674
138.242
137.807
137.362
136.908
136.447
135.984
135.52
135.061
134.612
134.179
133.769
133.39
133.05
132.757
132.52
132.346
132.242
132.211
132.255
132.372
132.558
132.804
133.099
133.428
133.775
134.12
134.447
134.736
134.974
135.146
135.244
135.262
135.199
135.056
134.84
134.556
134.215
133.827
133.404
132.954
132.488
132.015
131.541
131.071
130.612
130.167
129.736
129.323
128.929
128.552
128.194
127.855
127.532
127.226
126.935
126.657
126.391
126.135
125.886
125.641
125.399
125.155
124.906
124.646
124.373
124.083
123.769
123.44
123.07
122.754
122.289
139.13
138.623
138.08
137.537
136.991
136.434
135.868
135.297
134.728
134.166
133.619
133.093
132.601
132.151
131.755
131.425
131.17
131.002
130.926
130.949
131.071
131.289
131.595
131.979
132.423
132.907
133.41
133.907
134.377
134.796
135.146
135.413
135.586
135.659
135.633
135.509
135.297
135.006
134.648
134.237
133.785
133.304
132.807
132.302
131.797
131.299
130.814
130.344
129.892
129.46
129.049
128.657
128.287
127.936
127.604
127.29
126.993
126.71
126.441
126.183
125.934
125.692
125.453
125.216
124.975
124.726
124.465
124.186
123.887
123.557
123.207
122.806
122.46
121.942
138.465
137.817
137.126
136.444
135.76
135.063
134.361
133.659
132.968
132.297
131.658
131.063
130.527
130.065
129.691
129.421
129.265
129.235
129.332
129.562
129.913
130.38
130.939
131.574
132.253
132.952
133.636
134.28
134.855
135.341
135.719
135.979
136.115
136.129
136.026
135.818
135.516
135.138
134.698
134.212
133.696
133.162
132.62
132.082
131.552
131.037
130.54
130.065
129.612
129.181
128.775
128.39
128.027
127.684
127.361
127.056
126.768
126.495
126.234
125.985
125.744
125.508
125.276
125.043
124.805
124.557
124.295
124.011
123.701
123.355
122.984
122.549
122.17
121.594
137.398
136.573
135.695
134.84
133.986
133.122
132.256
131.403
130.578
129.796
129.073
128.43
127.887
127.464
127.18
127.049
127.084
127.289
127.662
128.192
128.864
129.652
130.526
131.45
132.389
133.302
134.157
134.919
135.564
136.072
136.432
136.64
136.699
136.618
136.412
136.096
135.692
135.217
134.692
134.135
133.558
132.975
132.398
131.832
131.284
130.758
130.256
129.78
129.329
128.904
128.504
128.127
127.773
127.441
127.127
126.832
126.554
126.29
126.038
125.797
125.564
125.336
125.11
124.882
124.647
124.4
124.136
123.846
123.527
123.164
122.769
122.298
121.884
121.243
135.823
134.771
133.658
132.586
131.524
130.457
129.4
128.379
127.413
126.529
125.752
125.109
124.628
124.333
124.245
124.373
124.724
125.29
126.057
126.996
128.074
129.25
130.478
131.71
132.901
134.007
134.99
135.822
136.481
136.956
137.245
137.353
137.294
137.088
136.754
136.319
135.804
135.233
134.626
134
133.371
132.749
132.142
131.558
130.999
130.468
129.966
129.492
129.048
128.63
128.239
127.872
127.528
127.206
126.903
126.618
126.349
126.095
125.853
125.62
125.395
125.174
124.954
124.731
124.5
124.254
123.988
123.692
123.363
122.982
122.564
122.054
121.602
120.891
133.581
132.241
130.83
129.489
128.173
126.864
125.59
124.389
123.296
122.346
121.577
121.028
120.729
120.704
120.969
121.521
122.349
123.425
124.711
126.159
127.713
129.314
130.904
132.426
133.829
135.071
136.12
136.953
137.559
137.939
138.101
138.066
137.857
137.501
137.028
136.466
135.841
135.177
134.496
133.813
133.14
132.488
131.862
131.266
130.702
130.172
129.673
129.207
128.77
128.363
127.982
127.625
127.292
126.98
126.688
126.414
126.155
125.911
125.678
125.454
125.237
125.023
124.81
124.592
124.363
124.118
123.85
123.549
123.209
122.81
122.367
121.817
121.324
120.536
130.485
128.778
126.988
125.312
123.687
122.095
120.582
119.209
118.029
117.097
116.461
116.165
116.24
116.696
117.528
118.709
120.196
121.931
123.848
125.873
127.932
129.952
131.868
133.621
135.164
136.462
137.493
138.249
138.73
138.954
138.945
138.73
138.347
137.829
137.211
136.525
135.797
135.052
134.307
133.577
132.872
132.2
131.562
130.962
130.4
129.873
129.382
128.925
128.499
128.102
127.733
127.388
127.066
126.765
126.484
126.22
125.972
125.737
125.513
125.298
125.089
124.883
124.675
124.462
124.237
123.993
123.723
123.416
123.065
122.647
122.179
121.586
121.049
120.18
126.29
124.11
121.833
119.734
117.731
115.812
114.055
112.555
111.395
110.645
110.364
110.586
111.321
112.543
114.208
116.242
118.563
121.076
123.687
126.303
128.838
131.217
133.377
135.266
136.849
138.106
139.029
139.627
139.92
139.938
139.717
139.302
138.733
138.051
137.294
136.492
135.674
134.859
134.065
133.301
132.575
131.89
131.25
130.651
130.094
129.577
129.096
128.65
128.235
127.851
127.493
127.16
126.85
126.561
126.29
126.037
125.799
125.574
125.359
125.153
124.952
124.753
124.551
124.343
124.12
123.877
123.605
123.292
122.93
122.494
122
121.361
120.779
119.821
120.664
117.862
114.944
112.299
109.832
107.548
105.581
104.08
103.162
102.908
103.355
104.497
106.282
108.619
111.396
114.486
117.762
121.101
124.392
127.538
130.457
133.085
135.369
137.276
138.787
139.902
140.632
141.004
141.053
140.829
140.378
139.751
138.997
138.158
137.273
136.373
135.479
134.611
133.78
132.994
132.256
131.569
130.93
130.339
129.791
129.285
128.816
128.383
127.981
127.609
127.264
126.943
126.645
126.367
126.108
125.865
125.637
125.421
125.216
125.018
124.825
124.632
124.437
124.232
124.012
123.77
123.495
123.177
122.805
122.349
121.829
121.143
120.513
119.461
113.237
109.597
105.813
102.442
99.3983
96.7393
94.6949
93.4919
93.2637
94.048
95.7997
98.4015
101.692
105.482
109.585
113.829
118.062
122.16
126.018
129.556
132.713
135.44
137.711
139.51
140.842
141.726
142.192
142.286
142.062
141.576
140.888
140.056
139.129
138.151
137.157
136.175
135.224
134.317
133.464
132.666
131.926
131.242
130.611
130.03
129.495
129.001
128.546
128.126
127.738
127.379
127.047
126.739
126.452
126.185
125.937
125.705
125.486
125.28
125.084
124.893
124.707
124.521
124.331
124.131
123.914
123.671
123.395
123.07
122.688
122.213
121.667
120.931
120.251
119.1
103.984
99.2194
94.2687
89.9458
86.2292
83.3003
81.5412
81.232
82.4293
85.0028
88.7154
93.2735
98.3733
103.74
109.153
114.428
119.442
124.093
128.315
132.053
135.275
137.959
140.095
141.692
142.772
143.375
143.549
143.352
142.853
142.12
141.218
140.204
139.131
138.04
136.963
135.922
134.932
134.003
133.138
132.338
131.602
130.926
130.307
129.739
129.217
128.738
128.297
127.891
127.516
127.169
126.849
126.552
126.276
126.021
125.782
125.56
125.35
125.153
124.964
124.781
124.602
124.421
124.236
124.039
123.824
123.581
123.303
122.972
122.58
122.086
121.514
120.728
119.993
118.738
93.3866
87.1283
80.6196
75.059
70.6313
67.7571
66.9789
68.471
71.9924
77.0764
83.2099
89.9029
96.7698
103.52
109.959
115.973
121.481
126.439
130.815
134.59
137.752
140.296
142.234
143.588
144.399
144.718
144.609
144.145
143.403
142.457
141.375
140.218
139.033
137.858
136.722
135.642
134.63
133.69
132.823
132.028
131.3
130.636
130.029
129.475
128.967
128.502
128.074
127.681
127.318
126.983
126.674
126.388
126.121
125.875
125.646
125.432
125.23
125.04
124.858
124.682
124.508
124.333
124.151
123.957
123.743
123.501
123.22
122.884
122.482
121.969
121.37
120.532
119.74
118.378
81.5222
73.2595
64.62
57.4813
52.4763
50.4112
51.7608
56.2261
62.9622
71.0488
79.7071
88.3795
96.6923
104.448
111.563
118
123.756
128.831
133.224
136.937
139.969
142.334
144.051
145.158
145.704
145.758
145.394
144.695
143.745
142.625
141.4
140.13
138.861
137.628
136.453
135.351
134.328
133.386
132.524
131.737
131.021
130.369
129.776
129.236
128.742
128.29
127.875
127.494
127.142
126.818
126.519
126.242
125.984
125.747
125.525
125.318
125.124
124.94
124.765
124.593
124.425
124.254
124.075
123.884
123.671
123.429
123.145
122.804
122.393
121.861
121.236
120.344
119.491
118.019
68.507
57.4779
45.9414
36.8723
31.8523
31.9293
36.9639
45.5664
56.0848
67.222
78.1374
88.3446
97.6482
106.014
113.481
120.115
125.955
131.037
135.374
138.976
141.854
144.025
145.523
146.394
146.699
146.518
145.931
145.036
143.918
142.658
141.322
139.97
138.642
137.37
136.172
135.058
134.033
133.096
132.242
131.467
130.764
130.126
129.547
129.02
128.54
128.1
127.697
127.326
126.985
126.671
126.38
126.112
125.862
125.632
125.418
125.218
125.029
124.851
124.681
124.514
124.35
124.183
124.008
123.818
123.606
123.364
123.079
122.732
122.313
121.762
121.111
120.164
119.247
117.662
54.4317
39.6043
24.1265
13.0351
9.23516
13.4365
23.774
37.2885
51.6237
65.4286
78.0435
89.2628
99.1209
107.773
115.38
122.062
127.897
132.929
137.174
140.648
143.363
145.351
146.647
147.308
147.404
147.025
146.257
145.204
143.954
142.59
141.173
139.762
138.394
137.098
135.888
134.772
133.751
132.822
131.98
131.218
130.529
129.904
129.339
128.825
128.357
127.929
127.537
127.176
126.845
126.539
126.257
125.996
125.753
125.53
125.322
125.128
124.945
124.772
124.607
124.444
124.284
124.119
123.947
123.759
123.549
123.306
123.019
122.668
122.24
121.671
120.994
119.991
119.006
117.309
39.4286
19.2707
-1.23898
-13.8716
-14.3735
-3.78306
13.1477
31.7016
49.3652
65.1675
78.8726
90.6153
100.697
109.427
117.042
123.704
129.486
134.439
138.575
141.918
144.481
146.303
147.429
147.918
147.847
147.314
146.405
145.235
143.887
142.447
140.973
139.523
138.132
136.824
135.611
134.498
133.486
132.568
131.739
130.99
130.314
129.703
129.15
128.649
128.193
127.775
127.393
127.042
126.719
126.421
126.146
125.892
125.656
125.439
125.237
125.048
124.869
124.702
124.54
124.381
124.225
124.063
123.892
123.706
123.497
123.254
122.966
122.611
122.174
121.587
120.885
119.825
118.768
116.959
23.5638
-3.9723
-30.3312
-43.0927
-37.644
-18.5494
5.5046
28.574
48.7569
65.8362
80.0941
92.0217
102.116
110.802
118.354
124.941
130.641
135.501
139.53
142.757
145.196
146.895
147.891
148.253
148.06
147.416
146.406
145.155
143.741
142.251
140.74
139.269
137.866
136.555
135.345
134.24
133.238
132.333
131.517
130.782
130.118
129.52
128.98
128.49
128.044
127.636
127.263
126.921
126.605
126.315
126.047
125.799
125.569
125.358
125.16
124.976
124.802
124.639
124.481
124.325
124.172
124.012
123.844
123.659
123.451
123.208
122.918
122.559
122.114
121.511
120.783
119.665
118.534
116.614
6.69541
-30.5989
-62.7119
-73.4057
-59.3119
-30.2358
0.745618
27.3572
49.1789
66.9168
81.3506
93.2293
103.204
111.762
119.2
125.694
131.301
136.076
140.017
143.164
145.518
147.132
148.047
148.329
148.063
147.355
146.283
144.985
143.533
142.018
140.487
139.008
137.603
136.297
135.094
134
133.01
132.117
131.314
130.591
129.941
129.354
128.825
128.345
127.91
127.511
127.147
126.812
126.504
126.22
125.958
125.716
125.491
125.285
125.092
124.913
124.743
124.583
124.428
124.276
124.125
123.968
123.801
123.618
123.411
123.168
122.877
122.514
122.061
121.441
120.688
119.511
118.303
116.276
-11.4887
-60.5712
-97.3456
-103.422
-78.4882
-38.6724
-1.64454
27.3794
50.0763
68.0332
82.3822
94.0548
103.808
112.185
119.486
125.876
131.406
136.121
140.012
143.119
145.436
147.027
147.912
148.167
147.877
147.145
146.052
144.741
143.277
141.756
140.221
138.747
137.347
136.051
134.859
133.776
132.799
131.918
131.128
130.418
129.778
129.203
128.685
128.215
127.789
127.398
127.042
126.714
126.413
126.135
125.879
125.643
125.423
125.221
125.032
124.857
124.69
124.534
124.382
124.232
124.084
123.929
123.764
123.582
123.376
123.133
122.84
122.473
122.012
121.377
120.599
119.363
118.075
115.943
-31.5067
-93.3201
-132.692
-132.113
-94.806
-44.1661
-2.30163
28.057
51.0663
68.9154
82.9669
94.2944
103.767
111.948
119.122
125.44
130.924
135.619
139.502
142.623
144.956
146.569
147.482
147.768
147.507
146.801
145.724
144.431
142.979
141.472
139.947
138.487
137.1
135.817
134.637
133.569
132.605
131.736
130.958
130.259
129.631
129.066
128.557
128.096
127.679
127.296
126.947
126.627
126.332
126.06
125.81
125.578
125.362
125.165
124.98
124.808
124.645
124.492
124.342
124.195
124.048
123.894
123.731
123.551
123.345
123.102
122.808
122.437
121.969
121.318
120.516
119.221
117.851
115.618
-53.6762
-127.518
-167.301
-158.777
-108.185
-47.2039
-1.90568
28.9368
51.8343
69.28
82.8473
93.7635
102.958
110.97
118.052
124.323
129.801
134.521
138.449
141.64
144.051
145.762
146.763
147.139
146.963
146.324
145.302
144.06
142.644
141.167
139.665
138.23
136.861
135.595
134.431
133.375
132.424
131.568
130.801
130.113
129.495
128.94
128.441
127.989
127.58
127.205
126.863
126.549
126.26
125.994
125.748
125.522
125.31
125.117
124.935
124.766
124.606
124.455
124.308
124.162
124.017
123.865
123.703
123.524
123.319
123.075
122.78
122.406
121.93
121.265
120.439
119.084
117.631
115.301
-78.1524
-161.511
-199.762
-182.938
-118.766
-48.4403
-0.999646
29.6806
52.0583
68.8233
81.8139
92.3349
101.294
109.179
116.208
122.486
128.007
132.803
136.837
140.158
142.717
144.577
145.737
146.269
146.236
145.719
144.79
143.625
142.269
140.844
139.378
137.973
136.628
135.383
134.235
133.196
132.258
131.412
130.657
129.979
129.371
128.826
128.334
127.892
127.491
127.122
126.788
126.481
126.197
125.936
125.696
125.473
125.265
125.076
124.897
124.731
124.573
124.425
124.279
124.135
123.992
123.841
123.68
123.501
123.296
123.053
122.756
122.378
121.896
121.217
120.367
118.953
117.414
114.993
-103.962
-192.513
-228.099
-203.568
-126.661
-48.5153
-0.0223228
29.9411
51.399
67.3135
79.7555
89.9373
98.7184
106.527
113.553
119.875
125.485
130.419
134.616
138.148
140.919
143.027
144.417
145.173
145.34
144.986
144.183
143.135
141.863
140.502
139.082
137.72
136.403
135.182
134.051
133.026
132.102
131.267
130.524
129.856
129.257
128.721
128.238
127.804
127.411
127.05
126.722
126.42
126.143
125.887
125.651
125.433
125.229
125.043
124.867
124.704
124.548
124.401
124.257
124.114
123.972
123.822
123.662
123.483
123.279
123.035
122.736
122.355
121.866
121.175
120.302
118.827
117.203
114.694
-128.756
-217.464
-250.091
-218.993
-131.974
-48.0244
0.667037
29.4082
49.6185
64.6823
76.631
86.5477
95.2083
102.992
110.061
116.484
122.246
127.377
131.815
135.623
138.694
141.11
142.806
143.855
144.277
144.132
143.5
142.591
141.424
140.146
138.784
137.468
136.183
134.988
133.876
132.868
131.956
131.133
130.4
129.742
129.152
128.625
128.15
127.724
127.339
126.984
126.663
126.368
126.096
125.845
125.614
125.4
125.199
125.016
124.843
124.682
124.528
124.383
124.24
124.099
123.957
123.807
123.648
123.47
123.265
123.02
122.72
122.336
121.841
121.137
120.241
118.707
116.996
114.406
-151.221
-235.047
-264.289
-228.371
-135.014
-47.4428
0.784564
27.8394
46.6594
60.922
72.4449
82.1671
90.7725
98.5898
105.762
112.344
118.325
123.72
128.477
132.634
136.088
138.884
140.957
142.358
143.082
143.187
142.763
142.013
140.969
139.783
138.486
137.222
135.971
134.803
133.71
132.719
131.819
131.007
130.283
129.634
129.053
128.535
128.067
127.649
127.271
126.922
126.607
126.317
126.05
125.804
125.577
125.366
125.168
124.988
124.817
124.658
124.506
124.362
124.22
124.08
123.938
123.789
123.63
123.452
123.248
123.002
122.701
122.312
121.812
121.096
120.178
118.581
116.785
114.126
-172.816
-245.861
-271.131
-232.603
-136.416
-47.1388
-0.0361145
24.9232
42.1942
55.6119
66.7196
76.2775
84.8661
92.7575
100.081
106.88
113.154
118.904
124.087
128.71
132.676
135.985
138.562
140.433
141.561
142.003
141.858
141.322
140.441
139.375
138.164
136.963
135.755
134.62
133.549
132.576
131.689
130.889
130.175
129.535
128.963
128.451
127.992
127.581
127.209
126.867
126.558
126.274
126.01
125.768
125.545
125.337
125.141
124.963
124.794
124.636
124.485
124.341
124.199
124.059
123.917
123.767
123.608
123.429
123.223
122.976
122.672
122.278
121.771
121.043
120.101
118.435
116.555
113.848
)
;

boundaryField
{
    inlet
    {
        type            freestreamPressure;
        value           nonuniform List<scalar> 
230
(
118.397
118.364
118.331
118.307
118.285
118.266
118.249
118.234
118.223
118.214
118.208
118.205
118.204
118.207
118.213
118.222
118.234
118.25
118.27
118.293
118.32
118.351
118.388
118.428
118.474
118.525
118.582
118.644
118.713
118.789
118.871
118.96
119.057
119.162
119.274
119.395
119.524
119.662
119.809
119.965
120.13
120.304
120.488
120.681
120.882
121.092
121.311
121.537
121.77
122.009
122.253
122.5
122.749
122.999
123.247
123.491
123.727
123.953
124.166
124.36
124.532
124.676
124.785
124.853
124.87
124.825
124.71
124.502
124.132
123.305
121.724
118.86
116.242
111.943
125.052
123.727
122.536
121.486
120.583
119.822
119.191
118.677
118.27
117.958
117.738
117.602
117.528
117.486
117.469
117.473
117.494
117.529
117.573
117.625
117.681
117.741
117.802
117.862
117.922
117.979
118.035
118.087
118.136
118.181
118.222
118.259
118.292
118.321
118.346
118.367
118.383
118.396
118.405
118.409
118.412
126.455
127.721
128.82
129.754
130.538
131.19
131.728
132.169
132.53
132.824
133.061
133.253
133.406
133.528
133.623
133.698
133.755
133.799
133.83
133.853
133.867
133.876
133.879
133.879
133.876
133.87
133.862
133.854
133.844
133.834
133.823
133.813
133.802
133.791
133.781
133.771
133.761
133.752
133.743
133.734
133.726
133.719
133.714
133.709
133.703
133.698
133.691
133.685
133.678
133.671
133.663
133.655
133.646
133.637
133.627
133.617
133.605
133.593
133.58
133.566
133.552
133.536
133.519
133.501
133.481
133.46
133.438
133.414
133.388
133.36
133.331
133.299
133.265
133.229
133.19
133.148
133.103
133.055
133.003
132.948
132.889
132.826
132.758
132.686
132.61
132.528
132.441
132.348
132.25
132.146
132.036
131.92
131.797
131.669
131.534
131.393
131.247
131.096
130.94
130.78
130.616
130.45
130.283
130.116
129.951
129.789
129.633
129.485
129.347
129.223
129.117
129.032
128.975
128.951
128.962
)
;
    }
    outlet
    {
        type            freestreamPressure;
        value           nonuniform List<scalar> 
96
(
113.794
113.858
113.994
114.121
114.233
114.333
114.425
114.508
114.583
114.65
114.709
114.76
114.804
114.84
114.868
114.888
114.9
114.901
114.899
114.892
114.878
114.858
114.833
114.8
114.762
114.716
114.664
114.605
114.54
114.467
114.386
114.298
114.203
114.099
113.987
113.867
113.739
113.603
113.459
113.308
113.15
112.986
112.819
112.646
112.472
112.291
112.104
111.943
128.962
128.854
128.677
128.455
128.201
127.92
127.62
127.307
126.986
126.66
126.333
126.005
125.675
125.345
125.013
124.679
124.343
124.004
123.664
123.322
122.979
122.635
122.289
121.942
121.594
121.243
120.891
120.536
120.18
119.821
119.461
119.1
118.738
118.378
118.019
117.662
117.309
116.959
116.614
116.276
115.943
115.618
115.301
114.993
114.694
114.406
114.126
113.848
)
;
    }
    walls
    {
        type            zeroGradient;
    }
    frontAndBack
    {
        type            empty;
    }
}


// ************************************************************************* //
