/*--------------------------------*- C++ -*----------------------------------*\
| =========                 |                                                 |
| \\      /  F ield         | OpenFOAM: The Open Source CFD Toolbox           |
|  \\    /   O peration     | Version:  5.x                                   |
|   \\  /    A nd           | Web:      www.OpenFOAM.org                      |
|    \\/     M anipulation  |                                                 |
\*---------------------------------------------------------------------------*/
FoamFile
{
    version     2.0;
    format      ascii;
    class       volVectorField;
    location    "100";
    object      wallShearStress;
}
// * * * * * * * * * * * * * * * * * * * * * * * * * * * * * * * * * * * * * //

dimensions      [0 2 -2 0 0 0 0];

internalField   uniform (0 0 0);

boundaryField
{
    inlet
    {
        type            calculated;
        value           uniform (0 0 0);
    }
    outlet
    {
        type            calculated;
        value           uniform (0 0 0);
    }
    walls
    {
        type            calculated;
        value           nonuniform List<vector> 
164
(
(-437.461 -683.161 0)
(-913.514 -707.296 -9.92699e-17)
(-1435.22 -584.314 7.45848e-16)
(-1366.23 -458.882 3.74903e-16)
(-1351.22 -379.134 1.39739e-21)
(-1281.77 -310.465 4.31061e-16)
(-1190.48 -253.97 5.64091e-16)
(-1098.1 -209.386 -6.86194e-16)
(-1010.7 -174.071 -5.48288e-33)
(-937.864 -146.875 8.90775e-16)
(-881.092 -126.322 -9.77352e-16)
(-840.084 -110.472 -1.00168e-15)
(-798.493 -96.794 8.36659e-21)
(-769.602 -86.0054 -1.06872e-15)
(-735.269 -75.9598 1.18533e-15)
(-711.673 -67.9801 1.15557e-15)
(-684.436 -60.4475 -1.20846e-15)
(-662.182 -54.0148 1.23049e-15)
(-640.953 -48.2776 1.22387e-15)
(-620.417 -43.011 -1.28596e-15)
(-604.301 -38.5402 1.24704e-15)
(-585.643 -34.2161 4.18199e-21)
(-571.225 -30.4987 8.52791e-21)
(-557.49 -27.0587 -4.8309e-21)
(-544.945 -23.9275 -2.57526e-15)
(-533.58 -21.0478 1.2484e-15)
(-521.935 -18.3394 3.76158e-37)
(-510.928 -15.8439 6.24211e-16)
(-502.763 -13.5783 -6.19082e-16)
(-494.265 -11.4432 -1.12847e-36)
(-488.965 -9.48863 -4.53744e-21)
(-481.667 -7.60632 4.38313e-21)
(-475.417 -5.81213 3.83174e-21)
(-467.346 -4.11667 -8.57343e-21)
(-462.471 -2.54109 -2.70953e-16)
(-455.261 -1.03005 -5.30148e-36)
(-451.263 0.414314 3.23492e-17)
(-445.454 1.74534 -2.54769e-16)
(-436.9 3.04195 2.53997e-16)
(-433.443 4.26747 -4.90418e-16)
(-433.179 5.46329 3.76158e-37)
(-426.594 6.56737 1.84688e-15)
(-408.472 7.23825 2.10649e-35)
(-405.566 8.03362 -5.74106e-21)
(-400.266 8.78148 -1.2365e-15)
(-402.03 9.52568 2.29265e-21)
(-395.325 10.1909 -2.31698e-21)
(-391.422 10.7369 -1.22607e-15)
(-388.602 11.3011 2.45804e-15)
(-389.517 12.0084 1.20671e-15)
(-386.481 12.461 2.31386e-21)
(-384.081 13.0175 -1.20908e-15)
(-380.76 13.4393 1.20965e-15)
(-374.399 13.7238 -2.36494e-21)
(-372.382 14.263 -1.56234e-23)
(-367.78 14.5057 -1.60642e-23)
(-366.731 15.0024 2.38773e-21)
(-369.473 15.5808 -3.00927e-36)
(-362.476 15.6957 2.50854e-15)
(-365.811 16.3313 2.31947e-21)
(-360.022 16.4737 -2.451e-15)
(-362.045 17.0415 2.42068e-15)
(-359.104 17.451 -2.41283e-15)
(-358.021 17.8366 4.82621e-15)
(-357.283 18.3584 -2.37911e-15)
(-351.011 18.4898 2.45079e-15)
(-348.43 18.8069 -1.20371e-35)
(-346.542 19.2231 -1.1855e-21)
(-345.203 19.5352 -8.09967e-24)
(-347.378 20.2161 2.37754e-15)
(-340.102 20.1874 8.78101e-24)
(-339.529 20.6586 -1.17177e-21)
(-336.984 21.0301 -4.86838e-15)
(-338.303 21.5197 5.69763e-22)
(-330.867 21.6496 -5.0421e-15)
(-328.507 21.8716 1.46154e-31)
(-325.165 22.2894 1.00586e-14)
(-320.462 22.4185 3.02414e-22)
(-318.236 22.7322 -5.11867e-15)
(-311.859 22.9229 5.02327e-15)
(-313.401 23.289 -5.29422e-15)
(-43.1792 4.26169 1.07579e-14)
(297.469 -568.944 -3.85186e-34)
(-528.501 344.215 -7.80404e-15)
(-1094.14 474.09 -1.92593e-34)
(-1297.13 433.718 -5.89726e-32)
(-1289.69 357.029 -1.7213e-32)
(-1215.12 289.309 2.60543e-15)
(-1126.11 235.278 1.06258e-20)
(-1048.11 195 -1.10203e-39)
(-994.893 166.603 -2.68755e-20)
(-946.396 143.677 -2.62295e-15)
(-901.04 124.751 -1.00105e-20)
(-863.315 109.323 -2.50875e-15)
(-825.406 95.9606 9.83896e-21)
(-797.772 85.2538 -9.18724e-21)
(-766.06 75.342 -2.51552e-15)
(-742.669 67.3151 2.35995e-15)
(-717.533 59.8405 -9.05874e-21)
(-695.198 53.3613 2.32941e-15)
(-676.141 47.6404 -8.49223e-21)
(-654.671 42.2788 5.74843e-21)
(-639.966 37.788 2.15656e-15)
(-622.321 33.4603 -7.22224e-35)
(-609.203 29.7209 -2.09499e-15)
(-595.023 26.1843 -2.0475e-15)
(-584.562 23.0545 -9.81276e-21)
(-573.876 20.1092 -1.9026e-15)
(-560.172 17.2586 -4.4176e-33)
(-551.457 14.7663 9.16382e-16)
(-543.16 12.4196 -1.79216e-15)
(-535.284 10.2135 -5.96694e-21)
(-531.051 8.20323 -8.23547e-16)
(-523.542 6.2293 -3.99052e-16)
(-514.926 4.37215 -5.94314e-21)
(-510.762 2.64867 1.87519e-16)
(-505.244 0.991511 8.96557e-17)
(-499.887 -0.591058 -1.06284e-20)
(-491.993 -2.05184 5.18869e-21)
(-487.502 -3.47167 3.29902e-16)
(-487.047 -4.84032 -6.15339e-16)
(-481.055 -6.11909 -4.61331e-21)
(-479.529 -7.37975 1.14468e-15)
(-476.808 -8.55064 -1.09688e-15)
(-458.438 -9.26005 -7.85418e-34)
(-456.157 -10.131 -1.41528e-15)
(-453.193 -10.8927 -1.40313e-15)
(-453.209 -11.7153 -1.38002e-15)
(-450.31 -12.4148 2.73601e-15)
(-447.37 -13.0608 -1.36329e-15)
(-444.642 -13.6897 -1.35364e-15)
(-442.019 -14.2612 1.34574e-15)
(-439.551 -14.8325 7.64071e-38)
(-437.143 -15.3539 1.32836e-15)
(-431.939 -15.7653 2.55382e-21)
(-429.79 -16.2263 2.66112e-15)
(-427.833 -16.7028 2.63909e-15)
(-425.905 -17.1266 -7.52316e-36)
(-424.149 -17.5689 5.60587e-32)
(-422.44 -17.9651 -2.47345e-21)
(-420.874 -18.3771 5.11632e-15)
(-418.994 -18.7378 2.7848e-21)
(-416.996 -19.0944 -5.08692e-15)
(-415.08 -19.3811 -2.54677e-15)
(-414.493 -19.6872 -3.00927e-36)
(-412.364 -19.9092 -1.19484e-21)
(-411.736 -20.2024 -2.4484e-15)
(-412.408 -20.5473 -2.41282e-15)
(-411.541 -20.8345 -2.38343e-15)
(-407.81 -20.947 2.40662e-15)
(-406.599 -21.2003 2.40374e-15)
(-408.069 -21.6007 1.09789e-21)
(-406.627 -21.8372 -3.40598e-32)
(-405.321 -22.1012 -4.28382e-22)
(-402.583 -22.2797 -2.28966e-15)
(-402.794 -22.6205 1.08026e-21)
(-399.5 -22.7838 2.30242e-15)
(-398.219 -23.0509 -1.0841e-21)
(-397.746 -23.3941 5.30896e-22)
(-395.826 -23.6518 2.65661e-22)
(-393.116 -24.0451 -4.47387e-15)
(-389.225 -23.9591 4.41465e-15)
(-399.769 -24.8683 1.97593e-22)
(-53.426 -3.98944 -1.01005e-14)
)
;
    }
    frontAndBack
    {
        type            empty;
    }
}


// ************************************************************************* //
