/*--------------------------------*- C++ -*----------------------------------*\
| =========                 |                                                 |
| \\      /  F ield         | OpenFOAM: The Open Source CFD Toolbox           |
|  \\    /   O peration     | Version:  5.x                                   |
|   \\  /    A nd           | Web:      www.OpenFOAM.org                      |
|    \\/     M anipulation  |                                                 |
\*---------------------------------------------------------------------------*/
FoamFile
{
    version     2.0;
    format      ascii;
    class       volVectorField;
    location    "1200";
    object      wallShearStress;
}
// * * * * * * * * * * * * * * * * * * * * * * * * * * * * * * * * * * * * * //

dimensions      [0 2 -2 0 0 0 0];

internalField   uniform (0 0 0);

boundaryField
{
    inlet
    {
        type            calculated;
        value           uniform (0 0 0);
    }
    outlet
    {
        type            calculated;
        value           uniform (0 0 0);
    }
    walls
    {
        type            calculated;
        value           nonuniform List<vector> 
164
(
(-628.312 -972.029 -4.81482e-35)
(-1112.38 -857.169 -1.98279e-15)
(-1621.1 -659.041 -8.11759e-16)
(-1452.86 -487.226 2.20302e-15)
(-1360.11 -381.447 5.42323e-21)
(-1237.08 -299.474 1.49629e-15)
(-1114.24 -237.533 1.74465e-15)
(-1007.28 -191.899 -1.97502e-15)
(-915.255 -157.477 4.0926e-33)
(-836.253 -130.821 2.36944e-15)
(-767.464 -109.848 -2.58419e-15)
(-708.475 -93.0547 -2.6709e-15)
(-655.501 -79.2907 2.24204e-20)
(-613.768 -68.476 -2.88096e-15)
(-575.218 -59.2646 3.19135e-15)
(-548.469 -52.2852 3.09606e-15)
(-522.424 -45.9997 -3.21911e-15)
(-500.565 -40.7431 3.26188e-15)
(-481.848 -36.1724 3.22326e-15)
(-462.05 -31.9574 -3.38567e-15)
(-448.119 -28.4968 3.26235e-15)
(-431.877 -25.1534 6.50583e-21)
(-419.475 -22.3247 1.83145e-20)
(-407.912 -19.7316 -1.24889e-20)
(-396.068 -17.3279 -6.63827e-15)
(-387.64 -15.2355 3.18422e-15)
(-377.531 -13.2132 0)
(-368.88 -11.3928 1.56931e-15)
(-361.324 -9.71748 -1.55967e-15)
(-354.199 -8.15685 -2.25695e-36)
(-347.055 -6.69721 -1.14141e-20)
(-339.403 -5.31201 1.12266e-20)
(-333.318 -4.05257 1.01269e-20)
(-328.337 -2.85954 -2.13763e-20)
(-322.146 -1.74312 -6.83552e-16)
(-317.726 -0.686167 -1.26483e-35)
(-312.445 0.299923 8.08722e-17)
(-307.791 1.242 -6.34098e-16)
(-304.15 2.12219 6.08435e-16)
(-300.865 2.97831 -1.17612e-15)
(-297.191 3.76799 1.6551e-35)
(-293.819 4.53145 4.38536e-15)
(-276.438 4.92328 6.46992e-35)
(-273.747 5.46337 -1.18526e-20)
(-269.269 5.90258 -2.93405e-15)
(-267.01 6.37019 5.56455e-21)
(-263.75 6.77735 -5.53004e-21)
(-260.514 7.15226 -2.91372e-15)
(-257.445 7.51156 5.82116e-15)
(-254.468 7.83425 2.9107e-15)
(-251.603 8.15341 5.55916e-21)
(-248.836 8.43353 -2.90588e-15)
(-246.159 8.71601 2.90212e-15)
(-243.564 8.96385 -5.53988e-21)
(-241.066 9.21664 -1.94351e-23)
(-237.569 9.39523 -1.93964e-23)
(-235.287 9.61838 5.53826e-21)
(-233.807 9.85256 -6.01853e-36)
(-230.758 10.0146 5.77928e-15)
(-229.268 10.2311 5.48221e-21)
(-227.279 10.4201 -5.67583e-15)
(-224.943 10.6096 5.70677e-15)
(-222.082 10.7869 -5.70228e-15)
(-220.366 11.0012 1.13445e-14)
(-217.409 11.1573 -5.68042e-15)
(-215.607 11.3533 5.63232e-15)
(-212.419 11.481 0)
(-209.962 11.6275 -2.69445e-21)
(-207.672 11.788 -9.89455e-24)
(-205.335 11.9392 5.53628e-15)
(-201.495 11.9922 1.05619e-23)
(-198.971 12.1258 -2.67873e-21)
(-196.007 12.2239 -1.11026e-14)
(-191.711 12.2317 1.34699e-21)
(-187.827 12.2608 -1.14332e-14)
(-184.342 12.3132 4.8726e-31)
(-179.493 12.2646 2.2811e-14)
(-174.105 12.1709 6.86629e-22)
(-168.617 12.0579 -1.17388e-14)
(-161.137 11.7954 1.16673e-14)
(-158.675 11.8459 -1.20429e-14)
(-4.65931 1.01434 1.9172e-14)
(538.735 -1011.79 0)
(-266.621 172.295 -1.24003e-14)
(-493.998 215.247 -1.92593e-34)
(-593.276 199.732 -5.27043e-32)
(-610.638 169.886 -4.41519e-32)
(-617.24 147.554 5.77899e-15)
(-623.017 130.571 2.18206e-20)
(-613.916 114.556 3.67342e-40)
(-595.077 99.9482 -3.44992e-20)
(-573.909 87.3661 -5.57487e-15)
(-551.612 76.5865 -2.16772e-20)
(-535.969 68.0585 -5.45314e-15)
(-517.954 60.3766 2.15513e-20)
(-507.397 54.357 -2.00373e-20)
(-491.563 48.4632 -5.51937e-15)
(-481.373 43.7334 5.17975e-15)
(-468.376 39.1519 -1.99104e-20)
(-456.571 35.1261 5.14425e-15)
(-446.539 31.5346 -1.88131e-20)
(-433.648 28.0724 6.09359e-21)
(-425.999 25.2105 4.79682e-15)
(-414.825 22.3562 -9.62965e-35)
(-407.788 19.9428 -4.68633e-15)
(-399.494 17.6164 -4.60158e-15)
(-391.818 15.4854 -2.02849e-20)
(-386.848 13.586 -4.29068e-15)
(-378.72 11.6978 -5.81992e-33)
(-373.767 10.0341 2.05692e-15)
(-368.719 8.45358 -4.03046e-15)
(-363.841 6.96071 -1.40132e-20)
(-357.799 5.54311 -1.89663e-15)
(-353.101 4.2162 -9.19472e-16)
(-349.818 2.98696 -1.33793e-20)
(-345.435 1.7919 4.26771e-16)
(-341.781 0.68149 2.03954e-16)
(-336.971 -0.387709 -2.44775e-20)
(-333.936 -1.3847 1.16639e-20)
(-330.448 -2.3475 7.42436e-16)
(-328.211 -3.2565 -1.40932e-15)
(-325.46 -4.13507 -1.03823e-20)
(-323.805 -4.9685 2.57483e-15)
(-321.354 -5.76912 -2.46908e-15)
(-304.746 -6.15061 -6.70306e-32)
(-302.977 -6.72601 -3.22299e-15)
(-300.587 -7.22635 -3.19587e-15)
(-297.998 -7.70372 -3.19065e-15)
(-295.561 -8.14567 6.32748e-15)
(-293.123 -8.55596 -3.15305e-15)
(-290.826 -8.9527 -3.13079e-15)
(-288.604 -9.31051 3.11253e-15)
(-286.459 -9.66731 1.76324e-38)
(-284.425 -9.98395 3.07258e-15)
(-282.459 -10.3055 5.82075e-21)
(-280.521 -10.5881 6.067e-15)
(-278.693 -10.8779 6.01648e-15)
(-276.813 -11.1318 -1.20371e-35)
(-275.06 -11.3918 1.49955e-31)
(-273.204 -11.6206 -5.64475e-21)
(-271.581 -11.8598 1.16837e-14)
(-269.764 -12.064 5.63828e-21)
(-267.624 -12.2591 -1.16237e-14)
(-265.625 -12.4003 -5.83043e-15)
(-265.119 -12.5919 -6.01853e-36)
(-262.871 -12.6918 -2.73188e-21)
(-262.293 -12.8692 -5.5869e-15)
(-261.781 -13.0451 -5.53122e-15)
(-260.222 -13.1727 -5.5021e-15)
(-257.701 -13.2385 5.50503e-15)
(-256.664 -13.3841 5.48336e-15)
(-256.385 -13.5699 2.53213e-21)
(-254.656 -13.6768 -3.04857e-32)
(-253.072 -13.7958 -1.26482e-21)
(-251.752 -13.9297 -5.20787e-15)
(-249.588 -14.0189 2.49943e-21)
(-247.667 -14.1235 5.24443e-15)
(-246.039 -14.2504 -2.46784e-21)
(-244.061 -14.3596 1.21619e-21)
(-241.407 -14.4341 6.09039e-22)
(-238.507 -14.4972 -1.02346e-14)
(-234.31 -14.485 1.01182e-14)
(-233.733 -14.6329 4.57364e-22)
(-28.2572 -2.10915 -1.94349e-14)
)
;
    }
    frontAndBack
    {
        type            empty;
    }
}


// ************************************************************************* //
