/*--------------------------------*- C++ -*----------------------------------*\
| =========                 |                                                 |
| \\      /  F ield         | OpenFOAM: The Open Source CFD Toolbox           |
|  \\    /   O peration     | Version:  5.x                                   |
|   \\  /    A nd           | Web:      www.OpenFOAM.org                      |
|    \\/     M anipulation  |                                                 |
\*---------------------------------------------------------------------------*/
FoamFile
{
    version     2.0;
    format      ascii;
    class       volScalarField;
    location    "1950";
    object      p;
}
// * * * * * * * * * * * * * * * * * * * * * * * * * * * * * * * * * * * * * //

dimensions      [0 2 -2 0 0 0 0];

internalField   nonuniform List<scalar> 
11040
(
-0.00203545
-99.7336
-337.067
-401.179
-422.363
-435.339
-436.793
-426.496
-407.827
-381.895
-348.212
-296.467
-246.655
-211.177
-186.385
-159.955
-133.111
-107.755
-83.7509
-60.5834
-38.1642
-18.7985
-2.61576
12.5293
26.716
39.968
52.2809
63.6429
73.9923
83.2294
91.2419
97.9095
103.177
107.111
109.914
111.84
112.629
112.05
111.723
115.212
115.272
36.5762
-59.9102
-212.478
-290.474
-331.383
-361.455
-379.288
-383.47
-376.488
-360.05
-334.365
-291.474
-246.3
-211.467
-186.129
-160.009
-133.473
-108.249
-84.3244
-61.2208
-38.8427
-19.5248
-3.31166
11.8631
26.0818
39.3715
51.7294
63.1428
73.5526
82.8611
90.9502
97.6983
103.045
107.04
109.878
111.853
112.711
112.114
111.374
113.837
113.375
61.2546
-32.4999
-142.36
-234.015
-288.795
-325.027
-347.619
-356.286
-353.298
-340.637
-319.323
-283.738
-242.965
-208.958
-183.517
-158.39
-132.618
-107.789
-84.1367
-61.2527
-39.034
-19.7953
-3.62482
11.5192
25.7189
39.0015
51.3645
62.7931
73.2295
82.5782
90.7202
97.533
102.946
106.999
109.877
111.89
112.813
112.271
111.388
113.051
112.239
78.6348
-5.13849
-87.3785
-171.034
-229.423
-270.857
-300.45
-317.068
-321.364
-315.171
-300.013
-272.174
-236.923
-204.864
-179.749
-155.734
-130.95
-106.717
-83.4907
-60.9505
-38.9872
-19.915
-3.84314
11.234
25.3874
38.6411
50.9926
62.4247
72.8801
82.2649
90.4606
97.3425
102.832
106.959
109.89
111.926
112.887
112.405
111.475
112.655
112.011
92.3281
20.566
-43.3247
-114.927
-173.762
-218.795
-253.049
-275.64
-286.309
-286.342
-277.336
-257.132
-228.281
-199.189
-174.82
-151.954
-128.391
-104.991
-82.3582
-60.3048
-38.7255
-19.9183
-4.00881
10.9473
25.0084
38.195
50.5044
61.9166
72.3752
81.7883
90.0389
97.0022
102.593
106.829
109.846
111.919
112.917
112.524
111.592
112.594
112.454
102.747
42.9578
-8.0336
-67.4277
-121.969
-167.092
-203.664
-230.739
-247.185
-253.45
-250.815
-238.176
-216.308
-191.237
-168.359
-146.852
-124.76
-102.456
-80.6052
-59.1906
-38.133
-19.6906
-4.02559
10.7364
24.6421
37.7061
49.9252
61.2773
71.707
81.1258
89.42
96.4678
102.18
106.556
109.702
111.847
112.912
112.673
111.829
112.817
113.226
110.636
61.6507
20.2382
-28.311
-76.0008
-118.36
-154.811
-184.212
-204.946
-216.689
-220.156
-214.755
-200.172
-180.213
-159.876
-140.153
-119.82
-98.9163
-78.0882
-57.4973
-37.1185
-19.1605
-3.83775
10.6466
24.3228
37.1968
49.264
60.5015
70.856
80.2442
88.5589
95.6842
101.528
106.076
109.399
111.672
112.866
112.873
112.251
113.296
114.242
116.577
76.7344
42.7961
3.35896
-36.8064
-74.5028
-108.736
-138.272
-161.391
-177.226
-185.908
-186.965
-179.462
-165.368
-148.666
-131.374
-113.182
-94.0552
-74.569
-55.0432
-35.5454
-18.2263
-3.36512
10.7402
24.0974
36.6988
48.5368
59.5879
69.8025
79.1049
87.3986
94.5776
100.553
105.296
108.846
111.329
112.751
113.121
112.875
114.092
115.464
120.996
88.6148
60.6686
28.6902
-4.39326
-36.6108
-67.1711
-94.9794
-118.508
-136.68
-149.185
-155.484
-154.301
-146.253
-134.052
-119.94
-104.37
-87.4577
-69.7109
-51.5619
-33.1989
-16.7101
-2.45698
11.14
24.0652
36.2936
47.8094
58.5864
68.5782
77.7188
85.9252
93.1073
99.1854
104.126
107.945
110.727
112.505
113.382
113.681
115.239
116.861
124.209
97.8153
74.7305
48.7944
21.8758
-4.90392
-31.1114
-55.9526
-78.237
-96.9636
-111.609
-121.574
-125.451
-122.978
-115.658
-105.362
-92.919
-78.6728
-63.1094
-46.7185
-29.8042
-14.3788
-0.910983
12.018
24.3726
36.1089
47.196
57.601
67.2787
76.1705
84.2079
91.3187
97.4395
102.542
106.635
109.78
112.03
113.552
114.561
116.615
118.414
126.477
104.864
85.7426
64.6777
42.9018
21.0244
-0.805901
-22.1124
-42.0532
-59.8656
-75.0247
-86.9552
-94.3058
-96.3474
-93.6467
-87.4295
-78.494
-67.3073
-54.3539
-40.1344
-25.035
-10.9535
1.51652
13.5874
25.2054
36.3083
46.8455
56.7726
66.0419
74.5996
82.3878
89.3501
95.4402
100.641
104.969
108.481
111.244
113.463
115.263
117.894
119.984
128.025
110.235
94.357
77.211
59.6275
41.926
24.0881
6.35218
-10.7443
-26.6905
-41.085
-53.4526
-62.6421
-67.7799
-68.8452
-66.4388
-61.073
-53.1583
-43.1314
-31.4544
-18.5407
-6.11168
5.11685
16.1123
26.8007
37.1036
46.9489
56.2772
65.0357
73.1718
80.6346
87.3791
93.3717
98.6058
103.107
106.934
110.158
112.99
115.514
118.647
121.205
129.047
114.334
101.119
87.1259
72.9193
58.6587
44.2474
29.7765
15.5591
1.91429
-10.9148
-22.5921
-32.2255
-39.0076
-42.642
-43.2866
-41.1232
-36.38
-29.3704
-20.4611
-10.0281
0.460291
10.2003
19.8939
29.4458
38.7634
47.7547
56.3449
64.4734
72.087
79.1385
85.5898
91.4157
96.615
101.217
105.275
108.854
112.133
115.189
118.614
121.654
129.703
117.487
106.47
95.0185
83.5191
72.0429
60.4672
48.8047
37.2254
25.9132
14.9919
4.6628
-4.43269
-11.6522
-16.6374
-19.3122
-19.621
-17.5954
-13.3853
-7.22118
0.612778
8.96802
17.0189
25.213
33.4378
41.5894
49.5602
57.2621
64.6276
71.6011
78.1359
84.1972
89.7635
94.8343
99.4361
103.609
107.402
110.943
114.304
117.805
121.078
130.117
119.946
110.753
101.357
92.0275
82.7853
73.5083
64.1723
54.8641
45.6808
36.6789
27.9553
19.9433
13.1086
7.76225
4.05808
2.16237
2.17551
4.09
7.81302
13.177
19.3783
25.6494
32.2263
38.9905
45.8351
52.6448
59.3225
65.7947
72.0034
77.9024
83.4566
88.6441
93.4603
97.9238
102.058
105.893
109.507
112.953
116.378
119.615
130.399
121.917
114.241
106.514
98.9233
91.4664
84.031
76.5794
69.1522
61.7972
54.5328
47.3961
40.6661
34.6607
29.6096
25.6605
22.996
21.7672
22.0508
23.8557
27.1191
31.3528
35.9099
40.8789
46.1502
51.6237
57.1884
62.7473
68.2251
73.5623
78.7115
83.6366
88.313
92.7309
96.898
100.822
104.513
108.015
111.357
114.6
117.66
130.661
123.584
117.175
110.807
104.616
98.5854
92.6157
86.6676
80.7581
74.9084
69.1176
63.3957
57.9151
52.8854
48.4633
44.7607
41.9303
40.1178
39.4272
39.919
41.5998
44.2231
47.2911
50.8079
54.6838
58.8343
63.1627
67.5816
72.021
76.4239
80.7437
84.9433
88.9953
92.8834
96.6061
100.159
103.538
106.766
109.854
112.82
115.626
130.897
124.934
119.527
114.21
109.093
104.146
99.2837
94.4701
89.7112
85.0157
80.3763
75.7933
71.3755
67.2573
63.5421
60.308
57.6683
55.7404
54.6206
54.3819
55.0608
56.5604
58.5186
60.9031
63.6476
66.6866
69.9421
73.3421
76.8263
80.3444
83.8537
87.3192
90.7125
94.0143
97.2162
100.307
103.274
106.127
108.868
111.496
113.996
131.093
125.991
121.358
116.845
112.541
108.408
104.374
100.405
96.5039
92.6713
88.8982
85.1806
81.5921
78.2219
75.1378
72.3936
70.0705
68.2562
67.0284
66.453
66.5735
67.3709
68.5841
70.1721
72.0894
74.2864
76.7034
79.2835
81.978
84.7448
87.547
90.3532
93.1371
95.8786
98.5664
101.186
103.722
106.177
108.547
110.824
113.001
131.275
126.855
122.836
118.951
115.276
111.769
108.366
105.039
101.787
98.6077
95.4923
92.4357
89.489
86.7142
84.1562
81.8522
79.86
78.2433
77.0613
76.3676
76.2015
76.5805
77.3135
78.3625
79.6972
81.2809
83.0684
85.016
87.0857
89.2433
91.4584
93.7042
95.9576
98.1998
100.419
102.599
104.727
106.799
108.811
110.752
112.617
131.452
127.584
124.061
120.682
117.505
114.492
111.585
108.76
106.012
103.341
100.736
98.1927
95.748
93.4465
91.3183
89.3889
87.7002
86.2983
85.2269
84.5273
84.2315
84.3708
84.8014
85.4923
86.4239
87.5687
88.8926
90.3625
91.949
93.6252
95.3666
97.1511
98.959
100.774
102.585
104.378
106.139
107.865
109.55
111.183
112.761
131.626
128.213
125.102
122.134
119.364
116.748
114.238
111.812
109.466
107.196
104.995
102.857
100.81
98.8861
97.1069
95.4896
94.0648
92.8659
91.9248
91.2725
90.9334
90.9416
91.1856
91.6413
92.2967
93.1306
94.1168
95.2306
96.4492
97.7518
99.1187
100.532
101.976
103.437
104.904
106.366
107.811
109.236
110.633
111.995
113.317
131.799
128.766
125.999
123.374
120.938
118.649
116.462
114.361
112.339
110.393
108.516
106.703
104.975
103.355
101.86
100.5
99.2991
98.2807
97.4683
96.8846
96.5477
96.4892
96.6199
96.9223
97.389
98.0033
98.7449
99.5949
100.536
101.551
102.626
103.746
104.898
106.07
107.255
108.442
109.622
110.791
111.943
113.071
114.171
131.968
129.257
126.781
124.446
122.288
120.271
118.353
116.519
114.763
113.082
111.469
109.92
108.45
107.078
105.814
104.668
103.654
102.791
102.097
101.587
101.274
101.186
101.25
101.452
101.79
102.249
102.813
103.468
104.2
104.996
105.845
106.735
107.655
108.597
109.553
110.515
111.476
112.432
113.379
114.309
115.22
132.133
129.697
127.471
125.381
123.46
121.671
119.978
118.367
116.832
115.37
113.974
112.642
111.385
110.215
109.142
108.172
107.315
106.585
105.994
105.555
105.275
105.179
105.204
105.342
105.59
105.939
106.374
106.884
107.459
108.088
108.762
109.472
110.21
110.968
111.741
112.522
113.304
114.086
114.863
115.63
116.382
132.293
130.094
128.083
126.204
124.484
122.889
121.386
119.963
118.614
117.336
116.122
114.97
113.888
112.886
111.971
111.146
110.42
109.802
109.302
108.926
108.683
108.589
108.592
108.688
108.875
109.144
109.484
109.886
110.342
110.843
111.383
111.953
112.547
113.16
113.787
114.422
115.061
115.701
116.339
116.971
117.592
132.448
130.453
128.629
126.932
125.385
123.956
122.616
121.353
120.162
119.038
117.977
116.976
116.04
115.179
114.395
113.692
113.076
112.552
112.128
111.81
111.601
111.515
111.508
111.576
111.72
111.931
112.201
112.522
112.887
113.29
113.725
114.186
114.667
115.165
115.676
116.194
116.717
117.243
117.767
118.289
118.802
132.596
130.78
129.119
127.579
126.182
124.897
123.696
122.57
121.514
120.522
119.591
118.717
117.905
117.161
116.488
115.887
115.362
114.918
114.56
114.291
114.113
114.038
114.026
114.077
114.19
114.359
114.576
114.834
115.13
115.457
115.81
116.186
116.579
116.985
117.403
117.828
118.258
118.691
119.124
119.555
119.98
132.737
131.077
129.558
128.157
126.89
125.729
124.65
123.642
122.701
121.823
121.002
120.237
119.53
118.886
118.305
117.79
117.343
116.966
116.663
116.436
116.287
116.223
116.21
116.249
116.34
116.477
116.654
116.865
117.107
117.374
117.664
117.972
118.294
118.629
118.973
119.323
119.678
120.035
120.394
120.752
121.105
132.871
131.347
129.954
128.674
127.521
126.468
125.494
124.589
123.748
122.968
122.242
121.57
120.953
120.393
119.892
119.45
119.067
118.748
118.492
118.301
118.176
118.123
118.111
118.143
118.217
118.331
118.477
118.651
118.85
119.071
119.31
119.564
119.831
120.107
120.392
120.682
120.976
121.273
121.571
121.869
122.163
132.997
131.593
130.311
129.137
128.084
127.126
126.244
125.429
124.675
123.979
123.336
122.744
122.204
121.716
121.283
120.902
120.576
120.304
120.088
119.929
119.825
119.782
119.772
119.798
119.861
119.956
120.078
120.223
120.389
120.573
120.772
120.983
121.204
121.434
121.671
121.912
122.157
122.404
122.653
122.902
123.147
133.115
131.818
130.633
129.553
128.587
127.713
126.911
126.174
125.497
124.875
124.304
123.781
123.307
122.882
122.507
122.179
121.9
121.669
121.487
121.354
121.269
121.234
121.228
121.251
121.304
121.385
121.488
121.61
121.749
121.903
122.069
122.246
122.431
122.623
122.821
123.023
123.227
123.435
123.643
123.851
124.057
133.226
132.022
130.924
129.926
129.038
128.237
127.506
126.838
126.228
125.67
125.162
124.7
124.283
123.912
123.587
123.305
123.066
122.87
122.717
122.607
122.537
122.511
122.506
122.527
122.574
122.643
122.731
122.835
122.952
123.082
123.222
123.371
123.526
123.688
123.854
124.023
124.195
124.368
124.543
124.719
124.891
133.329
132.207
131.185
130.26
129.44
128.704
128.036
127.429
126.877
126.377
125.923
125.514
125.148
124.824
124.541
124.299
124.095
123.929
123.801
123.71
123.654
123.634
123.633
123.652
123.694
123.754
123.829
123.918
124.018
124.128
124.247
124.373
124.504
124.64
124.78
124.922
125.067
125.213
125.36
125.509
125.654
133.425
132.375
131.42
130.559
129.8
129.12
128.508
127.954
127.455
127.005
126.6
126.237
125.915
125.632
125.387
125.178
125.005
124.865
124.758
124.683
124.639
124.625
124.626
124.645
124.682
124.735
124.8
124.877
124.963
125.057
125.158
125.264
125.375
125.491
125.609
125.729
125.851
125.975
126.099
126.224
126.347
133.513
132.526
131.63
130.827
130.12
129.491
128.927
128.421
127.968
127.562
127.2
126.879
126.595
126.348
126.136
125.957
125.81
125.692
125.604
125.543
125.509
125.501
125.504
125.522
125.556
125.603
125.66
125.727
125.801
125.882
125.968
126.059
126.153
126.251
126.351
126.453
126.557
126.662
126.767
126.872
126.976
133.593
132.661
131.818
131.064
130.403
129.819
129.299
128.835
128.423
128.057
127.733
127.448
127.198
126.983
126.8
126.647
126.523
126.425
126.352
126.304
126.278
126.274
126.28
126.298
126.329
126.371
126.421
126.479
126.543
126.613
126.687
126.765
126.846
126.929
127.014
127.101
127.189
127.277
127.366
127.456
127.543
133.666
132.782
131.984
131.273
130.654
130.109
129.627
129.201
128.825
128.494
128.204
127.951
127.732
127.545
127.388
127.258
127.153
127.072
127.014
126.976
126.958
126.958
126.966
126.984
127.014
127.052
127.097
127.148
127.204
127.264
127.328
127.395
127.464
127.535
127.608
127.682
127.756
127.831
127.907
127.983
128.057
133.732
132.889
132.129
131.457
130.873
130.363
129.914
129.522
129.178
128.879
128.619
128.395
128.203
128.041
127.907
127.797
127.71
127.644
127.598
127.569
127.557
127.561
127.571
127.589
127.617
127.651
127.692
127.737
127.786
127.839
127.894
127.952
128.011
128.072
128.134
128.197
128.26
128.324
128.388
128.453
128.515
133.791
132.982
132.256
131.616
131.063
130.582
130.164
129.801
129.486
129.215
128.983
128.784
128.617
128.477
128.363
128.271
128.2
128.148
128.113
128.093
128.087
128.095
128.107
128.126
128.152
128.185
128.222
128.262
128.306
128.352
128.401
128.451
128.502
128.554
128.607
128.661
128.715
128.769
128.823
128.878
128.931
133.843
133.061
132.363
131.751
131.224
130.77
130.378
130.041
129.752
129.506
129.298
129.123
128.978
128.858
128.762
128.687
128.63
128.589
128.563
128.551
128.55
128.56
128.574
128.593
128.619
128.649
128.682
128.719
128.758
128.798
128.841
128.884
128.929
128.974
129.02
129.066
129.112
129.158
129.204
129.25
129.295
133.887
133.128
132.453
131.863
131.359
130.927
130.558
130.244
129.978
129.755
129.569
129.415
129.289
129.188
129.109
129.049
129.005
128.976
128.96
128.955
128.96
128.974
128.99
129.011
129.037
129.066
129.098
129.132
129.167
129.204
129.241
129.28
129.318
129.358
129.397
129.436
129.475
129.515
129.554
129.593
129.63
133.924
133.182
132.524
131.952
131.466
131.053
130.704
130.411
130.166
129.963
129.797
129.663
129.555
129.471
129.406
129.359
129.327
129.307
129.298
129.299
129.307
129.323
129.341
129.362
129.387
129.415
129.444
129.475
129.507
129.54
129.574
129.608
129.642
129.676
129.71
129.744
129.778
129.812
129.845
129.878
129.91
133.955
133.223
132.578
132.02
131.548
131.15
130.818
130.542
130.316
130.132
129.984
129.867
129.776
129.708
129.659
129.625
129.605
129.597
129.598
129.606
129.622
129.643
129.664
129.689
129.715
129.744
129.773
129.803
129.834
129.864
129.895
129.926
129.956
129.986
130.016
130.045
130.074
130.102
130.13
130.158
130.184
133.979
133.253
132.616
132.068
131.606
131.221
130.902
130.641
130.43
130.262
130.131
130.03
129.955
129.901
129.864
129.841
129.829
129.827
129.833
129.846
129.863
129.885
129.908
129.933
129.959
129.987
130.015
130.043
130.072
130.1
130.128
130.156
130.183
130.21
130.236
130.262
130.288
130.313
130.337
130.361
130.384
133.996
133.271
132.637
132.095
131.641
131.265
130.957
130.709
130.511
130.358
130.241
130.154
130.094
130.055
130.033
130.026
130.03
130.042
130.061
130.085
130.111
130.14
130.169
130.199
130.229
130.259
130.289
130.318
130.346
130.374
130.401
130.427
130.452
130.476
130.5
130.522
130.544
130.565
130.585
130.605
130.624
134.004
133.268
132.629
132.086
131.634
131.265
130.967
130.731
130.548
130.409
130.306
130.234
130.185
130.156
130.143
130.141
130.149
130.165
130.186
130.212
130.241
130.271
130.301
130.332
130.362
130.392
130.421
130.45
130.477
130.504
130.529
130.554
130.577
130.6
130.621
130.642
130.661
130.68
130.698
130.715
130.732
134.002
133.247
132.596
132.045
131.591
131.224
130.932
130.706
130.535
130.41
130.324
130.271
130.244
130.238
130.249
130.273
130.306
130.345
130.386
130.428
130.469
130.51
130.549
130.586
130.622
130.657
130.69
130.72
130.749
130.777
130.803
130.827
130.849
130.871
130.891
130.909
130.927
130.943
130.959
130.974
130.988
125.737
133.173
139.073
142.366
144.221
145.37
145.929
146.067
145.941
145.643
145.24
144.777
144.285
143.784
143.289
142.808
142.347
141.908
141.494
141.104
140.738
140.396
140.076
139.778
139.501
139.242
139.001
138.777
138.568
138.374
138.193
138.024
137.866
137.718
137.579
137.448
137.326
137.21
137.101
136.999
136.902
136.811
136.726
136.645
136.569
136.497
136.43
136.366
136.305
136.247
136.193
136.141
136.091
136.044
135.999
135.956
135.914
135.874
135.835
135.797
135.761
135.725
135.691
135.657
135.624
135.592
135.561
135.531
135.501
135.475
135.447
135.43
135.395
135.407
124.727
132.723
138.889
142.415
144.368
145.521
146.055
146.163
146.008
145.686
145.262
144.783
144.277
143.766
143.263
142.777
142.311
141.87
141.454
141.063
140.696
140.354
140.035
139.738
139.461
139.203
138.964
138.741
138.533
138.34
138.16
137.993
137.836
137.689
137.551
137.422
137.3
137.186
137.078
136.976
136.881
136.791
136.706
136.626
136.551
136.48
136.413
136.35
136.29
136.233
136.179
136.128
136.079
136.032
135.987
135.944
135.903
135.863
135.825
135.787
135.751
135.716
135.682
135.649
135.616
135.584
135.553
135.524
135.495
135.469
135.44
135.424
135.389
135.402
123.976
131.533
138.351
142.33
144.464
145.664
146.193
146.275
146.088
145.736
145.287
144.788
144.267
143.744
143.232
142.739
142.269
141.825
141.406
141.014
140.648
140.306
139.988
139.691
139.415
139.159
138.921
138.699
138.493
138.302
138.124
137.957
137.802
137.657
137.521
137.393
137.272
137.159
137.052
136.952
136.857
136.768
136.685
136.606
136.531
136.461
136.395
136.332
136.273
136.217
136.164
136.113
136.065
136.019
135.974
135.932
135.891
135.852
135.814
135.777
135.741
135.707
135.673
135.64
135.608
135.576
135.546
135.516
135.487
135.462
135.434
135.417
135.383
135.395
123.578
130.51
137.65
142.061
144.458
145.753
146.304
146.381
146.171
145.79
145.314
144.792
144.253
143.716
143.195
142.694
142.219
141.771
141.351
140.958
140.591
140.25
139.932
139.637
139.363
139.108
138.871
138.652
138.448
138.258
138.082
137.917
137.764
137.62
137.486
137.36
137.241
137.129
137.024
136.925
136.831
136.743
136.661
136.583
136.51
136.441
136.375
136.314
136.255
136.2
136.147
136.097
136.05
136.004
135.961
135.919
135.878
135.84
135.802
135.766
135.731
135.696
135.663
135.63
135.598
135.567
135.537
135.508
135.48
135.454
135.426
135.41
135.376
135.389
123.695
130.122
137.075
141.657
144.316
145.755
146.357
146.442
146.224
145.828
145.333
144.79
144.232
143.68
143.147
142.639
142.158
141.706
141.284
140.89
140.524
140.183
139.867
139.573
139.301
139.048
138.814
138.597
138.395
138.208
138.034
137.872
137.721
137.579
137.447
137.322
137.205
137.095
136.992
136.894
136.802
136.716
136.634
136.558
136.486
136.418
136.354
136.293
136.235
136.181
136.129
136.08
136.033
135.988
135.946
135.904
135.865
135.827
135.79
135.754
135.719
135.685
135.652
135.62
135.589
135.558
135.528
135.5
135.471
135.446
135.419
135.402
135.369
135.382
124.071
130.228
136.789
141.31
144.082
145.644
146.327
146.443
146.224
145.818
145.314
144.761
144.192
143.629
143.086
142.569
142.083
141.628
141.204
140.81
140.444
140.105
139.79
139.499
139.229
138.979
138.748
138.533
138.335
138.15
137.979
137.82
137.671
137.532
137.402
137.28
137.165
137.057
136.955
136.86
136.769
136.685
136.605
136.53
136.459
136.392
136.33
136.27
136.214
136.16
136.11
136.061
136.015
135.971
135.929
135.889
135.85
135.812
135.776
135.741
135.707
135.673
135.641
135.609
135.578
135.548
135.519
135.49
135.462
135.438
135.411
135.395
135.362
135.374
124.569
130.592
136.743
141.139
143.875
145.456
146.199
146.365
146.163
145.752
145.237
144.678
144.106
143.543
142.997
142.477
141.988
141.531
141.106
140.712
140.348
140.011
139.699
139.411
139.144
138.898
138.67
138.459
138.264
138.083
137.916
137.76
137.614
137.478
137.351
137.232
137.12
137.014
136.915
136.821
136.733
136.65
136.572
136.499
136.429
136.364
136.303
136.245
136.19
136.138
136.088
136.041
135.996
135.953
135.911
135.872
135.834
135.797
135.761
135.727
135.693
135.661
135.629
135.598
135.567
135.537
135.508
135.481
135.453
135.429
135.402
135.386
135.354
135.366
125.248
131.018
136.747
141.054
143.736
145.265
146.007
146.204
146.029
145.629
145.112
144.541
143.961
143.396
142.856
142.343
141.859
141.406
140.984
140.592
140.231
139.897
139.589
139.305
139.044
138.802
138.579
138.372
138.182
138.005
137.842
137.69
137.549
137.416
137.293
137.177
137.068
136.965
136.868
136.777
136.691
136.611
136.535
136.463
136.396
136.333
136.273
136.217
136.163
136.112
136.064
136.018
135.974
135.932
135.892
135.853
135.816
135.78
135.745
135.712
135.679
135.647
135.616
135.585
135.555
135.526
135.497
135.47
135.443
135.419
135.393
135.377
135.345
135.358
126.22
131.45
136.609
140.851
143.547
145.063
145.792
145.989
145.826
145.439
144.931
144.36
143.772
143.199
142.655
142.145
141.672
141.232
140.822
140.44
140.086
139.759
139.457
139.179
138.923
138.688
138.47
138.27
138.085
137.914
137.756
137.609
137.472
137.345
137.225
137.113
137.008
136.908
136.815
136.727
136.644
136.566
136.493
136.424
136.359
136.298
136.24
136.185
136.133
136.084
136.037
135.993
135.95
135.91
135.871
135.833
135.797
135.762
135.728
135.695
135.663
135.632
135.601
135.572
135.542
135.514
135.486
135.459
135.432
135.409
135.383
135.368
135.336
135.349
127.372
131.816
136.243
140.357
143.106
144.672
145.464
145.71
145.574
145.195
144.689
144.124
143.54
142.967
142.418
141.903
141.429
140.995
140.598
140.233
139.896
139.584
139.294
139.026
138.778
138.551
138.341
138.148
137.97
137.806
137.655
137.514
137.383
137.261
137.147
137.04
136.939
136.844
136.754
136.67
136.59
136.515
136.445
136.379
136.317
136.258
136.202
136.15
136.1
136.053
136.008
135.965
135.924
135.885
135.847
135.811
135.776
135.742
135.709
135.677
135.646
135.616
135.586
135.557
135.528
135.501
135.473
135.447
135.421
135.398
135.372
135.357
135.327
135.339
128.186
131.859
135.501
139.364
142.199
143.883
144.8
145.183
145.163
144.864
144.399
143.849
143.269
142.695
142.145
141.63
141.155
140.721
140.326
139.969
139.646
139.352
139.081
138.831
138.599
138.384
138.186
138.003
137.834
137.679
137.535
137.402
137.279
137.163
137.055
136.954
136.858
136.768
136.684
136.604
136.528
136.457
136.391
136.328
136.269
136.213
136.16
136.11
136.063
136.018
135.975
135.934
135.895
135.857
135.821
135.786
135.753
135.72
135.688
135.658
135.628
135.598
135.569
135.541
135.513
135.486
135.46
135.434
135.409
135.386
135.361
135.347
135.317
135.329
128.099
131.23
134.224
137.673
140.506
142.36
143.495
144.12
144.329
144.224
143.909
143.466
142.952
142.407
141.864
141.345
140.864
140.424
140.027
139.67
139.352
139.067
138.81
138.579
138.368
138.173
137.993
137.825
137.67
137.526
137.393
137.27
137.156
137.049
136.948
136.854
136.765
136.681
136.602
136.527
136.457
136.39
136.328
136.269
136.214
136.162
136.112
136.065
136.021
135.978
135.938
135.899
135.862
135.826
135.792
135.759
135.727
135.696
135.666
135.636
135.607
135.579
135.551
135.524
135.497
135.471
135.445
135.42
135.395
135.373
135.349
135.335
135.306
135.319
127.07
129.838
132.403
135.351
137.984
139.921
141.276
142.193
142.73
142.94
142.901
142.686
142.354
141.949
141.504
141.045
140.589
140.152
139.745
139.375
139.046
138.755
138.5
138.278
138.081
137.906
137.747
137.602
137.467
137.341
137.223
137.113
137.01
136.913
136.822
136.737
136.656
136.579
136.507
136.438
136.374
136.313
136.256
136.202
136.151
136.103
136.057
136.014
135.973
135.933
135.896
135.86
135.825
135.792
135.76
135.728
135.698
135.669
135.64
135.612
135.585
135.558
135.531
135.505
135.48
135.454
135.429
135.405
135.381
135.36
135.336
135.323
135.294
135.307
125.303
127.778
130.076
132.598
134.959
136.878
138.368
139.506
140.325
140.852
141.137
141.231
141.179
141.015
140.772
140.475
140.146
139.803
139.457
139.117
138.792
138.489
138.216
137.976
137.77
137.595
137.447
137.32
137.208
137.106
137.01
136.92
136.834
136.751
136.673
136.598
136.527
136.46
136.396
136.335
136.278
136.223
136.172
136.124
136.079
136.035
135.994
135.955
135.918
135.882
135.848
135.815
135.784
135.753
135.723
135.695
135.666
135.639
135.612
135.586
135.56
135.535
135.51
135.485
135.46
135.436
135.412
135.389
135.366
135.345
135.323
135.31
135.282
135.296
123.046
125.275
127.387
129.607
131.723
133.564
135.11
136.389
137.413
138.192
138.752
139.129
139.355
139.46
139.468
139.401
139.275
139.104
138.902
138.68
138.446
138.208
137.973
137.743
137.527
137.331
137.161
137.02
136.905
136.813
136.738
136.673
136.612
136.553
136.494
136.435
136.376
136.319
136.265
136.213
136.165
136.119
136.075
136.034
135.995
135.957
135.922
135.888
135.855
135.824
135.794
135.765
135.736
135.709
135.682
135.656
135.631
135.606
135.581
135.557
135.533
135.509
135.486
135.463
135.439
135.417
135.394
135.372
135.35
135.33
135.308
135.296
135.269
135.283
120.556
122.581
124.53
126.525
128.44
130.181
131.729
133.085
134.246
135.213
135.995
136.61
137.079
137.423
137.662
137.815
137.9
137.929
137.912
137.858
137.774
137.665
137.537
137.398
137.251
137.101
136.951
136.806
136.671
136.555
136.459
136.386
136.331
136.29
136.255
136.223
136.188
136.151
136.113
136.073
136.034
135.997
135.962
135.929
135.897
135.867
135.838
135.81
135.783
135.757
135.732
135.707
135.683
135.659
135.636
135.613
135.591
135.569
135.547
135.525
135.503
135.481
135.46
135.438
135.416
135.395
135.374
135.353
135.332
135.313
135.292
135.281
135.255
135.27
118.105
119.939
121.725
123.525
125.267
126.898
128.405
129.781
131.017
132.108
133.052
133.856
134.529
135.082
135.529
135.884
136.159
136.368
136.522
136.631
136.702
136.741
136.754
136.742
136.71
136.661
136.599
136.528
136.449
136.365
136.279
136.194
136.116
136.051
136.001
135.966
135.942
135.924
135.908
135.892
135.873
135.852
135.83
135.807
135.785
135.763
135.742
135.721
135.7
135.68
135.661
135.641
135.622
135.603
135.584
135.565
135.546
135.527
135.508
135.488
135.469
135.45
135.431
135.411
135.391
135.371
135.352
135.332
135.313
135.295
135.275
135.265
135.241
135.256
116.117
117.758
119.371
120.984
122.558
124.065
125.493
126.835
128.082
129.223
130.256
131.18
131.995
132.707
133.321
133.845
134.288
134.659
134.966
135.219
135.425
135.593
135.727
135.833
135.914
135.972
136.008
136.026
136.025
136.011
135.986
135.952
135.913
135.869
135.823
135.779
135.742
135.713
135.695
135.685
135.68
135.677
135.672
135.665
135.656
135.645
135.633
135.62
135.608
135.595
135.581
135.568
135.554
135.54
135.525
135.511
135.496
135.48
135.465
135.449
135.432
135.416
135.399
135.381
135.364
135.346
135.328
135.31
135.292
135.275
135.257
135.247
135.225
135.241
114.807
116.248
117.679
119.108
120.514
121.882
123.204
124.472
125.677
126.81
127.867
128.842
129.734
130.542
131.267
131.913
132.483
132.984
133.42
133.797
134.122
134.401
134.638
134.841
135.012
135.155
135.275
135.372
135.448
135.506
135.548
135.574
135.589
135.594
135.591
135.583
135.569
135.552
135.534
135.518
135.508
135.504
135.505
135.509
135.514
135.516
135.516
135.513
135.508
135.503
135.496
135.489
135.481
135.472
135.463
135.453
135.442
135.431
135.419
135.406
135.393
135.379
135.365
135.35
135.335
135.319
135.303
135.286
135.27
135.255
135.238
135.229
135.208
135.226
114.147
115.388
116.633
117.878
119.115
120.335
121.531
122.696
123.823
124.904
125.934
126.907
127.82
128.669
129.452
130.171
130.824
131.415
131.946
132.42
132.841
133.214
133.543
133.831
134.083
134.303
134.494
134.659
134.801
134.923
135.026
135.112
135.183
135.239
135.282
135.314
135.338
135.354
135.363
135.367
135.366
135.363
135.361
135.362
135.367
135.376
135.386
135.395
135.401
135.405
135.406
135.406
135.404
135.401
135.397
135.391
135.385
135.378
135.37
135.361
135.351
135.34
135.329
135.317
135.304
135.29
135.276
135.261
135.247
135.233
135.217
135.21
135.19
135.21
114.046
115.095
116.155
117.221
118.29
119.357
120.416
121.461
122.486
123.485
124.454
125.386
126.277
127.122
127.92
128.667
129.363
130.007
130.599
131.14
131.632
132.078
132.48
132.841
133.163
133.45
133.705
133.931
134.13
134.306
134.46
134.596
134.716
134.819
134.909
134.985
135.049
135.101
135.142
135.175
135.2
135.218
135.23
135.238
135.243
135.249
135.258
135.27
135.284
135.297
135.308
135.316
135.322
135.325
135.326
135.326
135.325
135.322
135.318
135.313
135.307
135.299
135.291
135.281
135.271
135.259
135.247
135.235
135.222
135.21
135.196
135.19
135.171
135.194
114.388
115.258
116.145
117.042
117.951
118.866
119.785
120.702
121.612
122.512
123.396
124.26
125.099
125.909
126.686
127.428
128.131
128.794
129.415
129.994
130.531
131.026
131.481
131.897
132.276
132.619
132.93
133.209
133.459
133.684
133.884
134.064
134.224
134.366
134.494
134.608
134.709
134.798
134.874
134.939
134.993
135.037
135.072
135.1
135.122
135.138
135.15
135.161
135.172
135.186
135.202
135.218
135.232
135.243
135.251
135.257
135.261
135.263
135.263
135.262
135.259
135.255
135.25
135.244
135.236
135.227
135.217
135.207
135.195
135.185
135.172
135.168
135.15
135.177
115.058
115.77
116.499
117.243
118.003
118.776
119.559
120.347
121.14
121.931
122.719
123.498
124.265
125.016
125.748
126.457
127.14
127.794
128.417
129.008
129.564
130.087
130.574
131.027
131.445
131.831
132.185
132.508
132.803
133.071
133.313
133.532
133.729
133.907
134.068
134.213
134.343
134.461
134.567
134.662
134.745
134.818
134.88
134.931
134.974
135.009
135.037
135.059
135.076
135.09
135.104
135.12
135.137
135.154
135.17
135.183
135.193
135.2
135.205
135.208
135.209
135.209
135.207
135.204
135.199
135.193
135.185
135.177
135.168
135.159
135.148
135.145
135.129
135.159
115.952
116.527
117.119
117.729
118.356
118.999
119.655
120.323
120.999
121.683
122.369
123.057
123.741
124.42
125.09
125.747
126.389
127.013
127.616
128.196
128.75
129.278
129.778
130.25
130.692
131.105
131.49
131.846
132.175
132.477
132.755
133.008
133.24
133.45
133.642
133.815
133.973
134.116
134.246
134.364
134.471
134.567
134.654
134.73
134.796
134.852
134.899
134.938
134.97
134.996
135.017
135.034
135.05
135.067
135.084
135.102
135.118
135.132
135.143
135.151
135.157
135.16
135.162
135.162
135.16
135.156
135.151
135.145
135.138
135.131
135.122
135.121
135.105
135.142
116.985
117.445
117.92
118.414
118.927
119.455
119.998
120.555
121.125
121.704
122.293
122.887
123.486
124.086
124.684
125.279
125.867
126.445
127.011
127.563
128.098
128.614
129.109
129.582
130.032
130.458
130.859
131.236
131.588
131.916
132.221
132.502
132.762
133.001
133.22
133.42
133.603
133.771
133.923
134.062
134.189
134.304
134.409
134.504
134.591
134.668
134.735
134.793
134.843
134.885
134.919
134.948
134.971
134.99
135.007
135.024
135.041
135.059
135.075
135.089
135.1
135.108
135.114
135.117
135.118
135.118
135.116
135.112
135.107
135.102
135.094
135.095
135.08
135.124
118.088
118.453
118.831
119.229
119.644
120.074
120.519
120.978
121.451
121.937
122.434
122.94
123.454
123.975
124.499
125.026
125.552
126.075
126.594
127.105
127.607
128.096
128.572
129.033
129.477
129.902
130.307
130.693
131.057
131.401
131.723
132.025
132.306
132.567
132.809
133.032
133.238
133.427
133.601
133.76
133.906
134.039
134.161
134.272
134.373
134.466
134.55
134.626
134.693
134.752
134.802
134.845
134.881
134.91
134.934
134.955
134.972
134.989
135.006
135.023
135.039
135.052
135.063
135.07
135.075
135.077
135.078
135.077
135.074
135.071
135.064
135.068
135.052
135.107
119.211
119.499
119.799
120.117
120.45
120.798
121.159
121.535
121.924
122.326
122.74
123.165
123.601
124.046
124.498
124.956
125.418
125.882
126.347
126.81
127.269
127.723
128.169
128.606
129.032
129.444
129.842
130.225
130.592
130.941
131.272
131.585
131.88
132.157
132.416
132.657
132.882
133.09
133.283
133.46
133.624
133.774
133.912
134.038
134.154
134.26
134.357
134.445
134.526
134.6
134.666
134.723
134.773
134.816
134.852
134.881
134.906
134.926
134.944
134.96
134.976
134.992
135.007
135.019
135.028
135.034
135.038
135.04
135.039
135.038
135.033
135.039
135.022
135.091
120.317
120.544
120.78
121.034
121.301
121.581
121.872
122.177
122.494
122.824
123.166
123.52
123.885
124.259
124.644
125.036
125.435
125.84
126.249
126.661
127.074
127.485
127.894
128.299
128.697
129.088
129.47
129.84
130.199
130.544
130.876
131.192
131.493
131.779
132.049
132.303
132.541
132.764
132.972
133.165
133.345
133.511
133.664
133.805
133.934
134.053
134.162
134.262
134.354
134.438
134.516
134.586
134.649
134.705
134.754
134.795
134.83
134.859
134.883
134.903
134.92
134.935
134.95
134.965
134.978
134.988
134.996
135
135.002
135.004
135
135.009
134.988
135.077
121.384
121.562
121.747
121.949
122.162
122.386
122.621
122.867
123.124
123.393
123.673
123.965
124.267
124.58
124.903
125.235
125.575
125.924
126.278
126.638
127.002
127.369
127.737
128.104
128.47
128.832
129.189
129.54
129.883
130.217
130.54
130.853
131.153
131.441
131.715
131.976
132.223
132.456
132.675
132.88
133.072
133.251
133.418
133.572
133.715
133.847
133.968
134.079
134.182
134.276
134.362
134.442
134.514
134.581
134.641
134.695
134.741
134.781
134.814
134.842
134.864
134.883
134.898
134.913
134.926
134.939
134.95
134.958
134.963
134.967
134.965
134.976
134.949
135.067
122.394
122.534
122.68
122.84
123.01
123.189
123.377
123.575
123.783
124.001
124.229
124.468
124.717
124.976
125.244
125.523
125.81
126.106
126.409
126.72
127.036
127.358
127.683
128.011
128.34
128.67
128.998
129.323
129.644
129.96
130.27
130.572
130.865
131.148
131.421
131.682
131.932
132.17
132.396
132.61
132.811
133
133.177
133.343
133.497
133.64
133.773
133.896
134.009
134.113
134.209
134.297
134.377
134.452
134.52
134.583
134.639
134.69
134.734
134.771
134.802
134.828
134.848
134.865
134.879
134.891
134.902
134.913
134.921
134.928
134.927
134.943
134.903
135.065
123.341
123.451
123.565
123.691
123.828
123.97
124.121
124.279
124.447
124.623
124.809
125.003
125.207
125.42
125.642
125.873
126.113
126.362
126.619
126.884
127.156
127.434
127.718
128.006
128.298
128.593
128.889
129.185
129.481
129.774
130.064
130.35
130.63
130.903
131.169
131.427
131.675
131.913
132.141
132.359
132.566
132.762
132.947
133.121
133.284
133.437
133.579
133.712
133.835
133.949
134.054
134.151
134.24
134.322
134.398
134.467
134.531
134.589
134.642
134.688
134.729
134.764
134.792
134.815
134.833
134.847
134.858
134.868
134.877
134.886
134.886
134.907
134.851
135.075
124.218
124.305
124.394
124.495
124.604
124.718
124.838
124.966
125.1
125.243
125.393
125.551
125.717
125.891
126.074
126.265
126.464
126.672
126.887
127.111
127.342
127.58
127.825
128.075
128.331
128.59
128.854
129.12
129.387
129.655
129.922
130.188
130.451
130.71
130.964
131.212
131.454
131.688
131.914
132.132
132.341
132.54
132.73
132.909
133.079
133.239
133.39
133.531
133.663
133.785
133.899
134.005
134.103
134.193
134.275
134.351
134.421
134.485
134.544
134.598
134.646
134.689
134.726
134.757
134.782
134.801
134.816
134.827
134.835
134.844
134.844
134.868
134.796
135.093
125.027
125.095
125.165
125.246
125.333
125.424
125.52
125.622
125.731
125.845
125.967
126.095
126.23
126.372
126.522
126.679
126.843
127.016
127.195
127.383
127.578
127.779
127.988
128.203
128.424
128.651
128.882
129.117
129.356
129.597
129.839
130.082
130.325
130.566
130.805
131.04
131.271
131.498
131.718
131.932
132.139
132.338
132.529
132.712
132.886
133.051
133.207
133.354
133.493
133.623
133.745
133.858
133.964
134.061
134.152
134.235
134.311
134.382
134.446
134.505
134.559
134.608
134.652
134.69
134.723
134.749
134.77
134.785
134.796
134.805
134.804
134.829
134.751
135.093
125.768
125.822
125.877
125.941
126.011
126.084
126.161
126.243
126.331
126.423
126.521
126.625
126.734
126.85
126.973
127.101
127.237
127.379
127.528
127.685
127.848
128.018
128.194
128.377
128.567
128.762
128.963
129.168
129.379
129.592
129.809
130.028
130.249
130.47
130.691
130.911
131.129
131.344
131.555
131.762
131.963
132.159
132.348
132.531
132.706
132.874
133.033
133.185
133.329
133.465
133.593
133.713
133.825
133.93
134.027
134.117
134.201
134.278
134.348
134.412
134.471
134.525
134.573
134.617
134.656
134.689
134.717
134.738
134.753
134.765
134.766
134.79
134.733
135.029
126.443
126.486
126.529
126.581
126.637
126.696
126.758
126.824
126.894
126.969
127.048
127.132
127.221
127.316
127.416
127.521
127.632
127.749
127.873
128.002
128.138
128.281
128.429
128.584
128.745
128.912
129.085
129.263
129.446
129.634
129.826
130.021
130.219
130.419
130.621
130.823
131.025
131.226
131.425
131.622
131.815
132.005
132.19
132.369
132.543
132.711
132.872
133.026
133.173
133.313
133.446
133.571
133.689
133.799
133.903
133.999
134.089
134.172
134.249
134.319
134.383
134.442
134.495
134.542
134.585
134.624
134.656
134.684
134.705
134.721
134.728
134.747
134.739
134.87
127.058
127.091
127.126
127.167
127.213
127.26
127.31
127.364
127.42
127.481
127.545
127.613
127.686
127.763
127.844
127.93
128.022
128.118
128.22
128.327
128.44
128.559
128.683
128.813
128.949
129.091
129.239
129.392
129.55
129.713
129.881
130.053
130.229
130.408
130.589
130.773
130.958
131.143
131.329
131.513
131.696
131.877
132.055
132.229
132.399
132.564
132.724
132.879
133.027
133.169
133.305
133.434
133.556
133.671
133.78
133.882
133.977
134.066
134.149
134.225
134.294
134.358
134.416
134.468
134.515
134.556
134.593
134.624
134.65
134.67
134.685
134.696
134.742
134.642
127.613
127.639
127.667
127.701
127.737
127.776
127.817
127.86
127.906
127.955
128.007
128.063
128.122
128.185
128.251
128.322
128.397
128.476
128.56
128.649
128.743
128.841
128.945
129.054
129.169
129.289
129.414
129.545
129.681
129.821
129.967
130.117
130.272
130.43
130.592
130.757
130.924
131.094
131.264
131.435
131.606
131.776
131.945
132.111
132.275
132.436
132.593
132.745
132.893
133.035
133.172
133.303
133.429
133.548
133.661
133.767
133.867
133.961
134.049
134.13
134.205
134.274
134.337
134.393
134.444
134.489
134.528
134.562
134.591
134.613
134.634
134.635
134.707
134.429
128.116
128.137
128.159
128.186
128.217
128.248
128.281
128.316
128.354
128.394
128.437
128.482
128.53
128.582
128.636
128.694
128.756
128.821
128.89
128.964
129.041
129.123
129.21
129.301
129.398
129.499
129.605
129.716
129.831
129.952
130.078
130.208
130.343
130.482
130.625
130.772
130.922
131.074
131.229
131.385
131.543
131.701
131.859
132.017
132.173
132.327
132.479
132.627
132.772
132.913
133.05
133.182
133.309
133.43
133.546
133.656
133.76
133.858
133.95
134.035
134.115
134.189
134.256
134.318
134.373
134.422
134.464
134.501
134.531
134.554
134.577
134.569
134.629
134.31
128.565
128.582
128.6
128.623
128.648
128.673
128.701
128.73
128.76
128.793
128.828
128.866
128.906
128.948
128.993
129.041
129.091
129.145
129.203
129.264
129.328
129.396
129.469
129.545
129.626
129.711
129.801
129.895
129.993
130.097
130.205
130.317
130.434
130.555
130.681
130.81
130.943
131.08
131.219
131.361
131.505
131.65
131.797
131.944
132.091
132.237
132.382
132.525
132.666
132.804
132.939
133.07
133.197
133.319
133.437
133.549
133.656
133.757
133.853
133.943
134.027
134.105
134.176
134.242
134.301
134.354
134.4
134.44
134.472
134.496
134.517
134.506
134.531
134.292
128.973
128.987
129.002
129.02
129.041
129.062
129.085
129.109
129.134
129.161
129.19
129.221
129.254
129.289
129.326
129.366
129.408
129.453
129.5
129.551
129.605
129.662
129.722
129.786
129.854
129.925
130.001
130.08
130.164
130.252
130.345
130.441
130.542
130.648
130.757
130.87
130.988
131.109
131.233
131.361
131.491
131.624
131.758
131.894
132.031
132.168
132.305
132.442
132.577
132.711
132.842
132.97
133.096
133.218
133.335
133.449
133.558
133.661
133.76
133.853
133.94
134.022
134.097
134.167
134.23
134.286
134.336
134.378
134.413
134.438
134.457
134.449
134.445
134.321
129.331
129.342
129.354
129.37
129.387
129.405
129.424
129.444
129.465
129.488
129.512
129.538
129.566
129.595
129.626
129.659
129.694
129.732
129.772
129.814
129.859
129.907
129.958
130.012
130.069
130.13
130.194
130.261
130.333
130.408
130.487
130.57
130.657
130.749
130.844
130.943
131.046
131.153
131.264
131.378
131.495
131.615
131.738
131.862
131.989
132.117
132.245
132.374
132.503
132.631
132.757
132.883
133.005
133.126
133.243
133.356
133.466
133.571
133.671
133.767
133.857
133.942
134.02
134.093
134.159
134.219
134.272
134.317
134.354
134.382
134.4
134.398
134.383
134.34
129.661
129.67
129.68
129.693
129.708
129.723
129.739
129.756
129.774
129.793
129.813
129.835
129.858
129.883
129.909
129.937
129.966
129.998
130.031
130.067
130.105
130.145
130.188
130.234
130.282
130.333
130.387
130.445
130.506
130.57
130.638
130.709
130.784
130.863
130.946
131.032
131.122
131.216
131.314
131.415
131.52
131.628
131.739
131.852
131.968
132.086
132.205
132.325
132.447
132.568
132.689
132.81
132.929
133.046
133.161
133.273
133.382
133.488
133.589
133.686
133.778
133.865
133.947
134.022
134.091
134.154
134.209
134.257
134.297
134.326
134.345
134.35
134.336
134.332
129.936
129.944
129.952
129.964
129.977
129.99
130.003
130.018
130.034
130.05
130.068
130.086
130.106
130.127
130.15
130.174
130.199
130.226
130.255
130.285
130.318
130.352
130.389
130.428
130.47
130.514
130.56
130.61
130.662
130.717
130.776
130.838
130.903
130.972
131.044
131.12
131.199
131.282
131.369
131.459
131.552
131.649
131.75
131.853
131.958
132.067
132.177
132.289
132.403
132.518
132.633
132.748
132.862
132.976
133.089
133.199
133.307
133.412
133.514
133.611
133.705
133.793
133.877
133.955
134.026
134.091
134.149
134.199
134.241
134.273
134.294
134.304
134.296
134.303
130.206
130.212
130.22
130.23
130.241
130.252
130.264
130.277
130.29
130.304
130.32
130.336
130.353
130.371
130.39
130.411
130.432
130.456
130.48
130.506
130.534
130.564
130.595
130.629
130.664
130.702
130.742
130.784
130.829
130.877
130.928
130.981
131.037
131.097
131.16
131.226
131.295
131.368
131.444
131.524
131.607
131.694
131.784
131.876
131.972
132.071
132.172
132.276
132.381
132.488
132.596
132.705
132.814
132.923
133.032
133.139
133.245
133.348
133.449
133.546
133.64
133.729
133.813
133.892
133.966
134.032
134.092
134.144
134.188
134.222
134.246
134.26
134.257
134.269
130.402
130.408
130.414
130.424
130.434
130.444
130.455
130.466
130.478
130.491
130.505
130.519
130.535
130.551
130.568
130.586
130.606
130.626
130.648
130.672
130.696
130.723
130.751
130.78
130.812
130.845
130.881
130.918
130.958
131
131.045
131.092
131.142
131.195
131.251
131.31
131.372
131.437
131.505
131.577
131.652
131.73
131.811
131.896
131.984
132.074
132.168
132.264
132.362
132.462
132.565
132.668
132.772
132.877
132.982
133.086
133.189
133.291
133.39
133.487
133.581
133.67
133.755
133.836
133.91
133.978
134.04
134.094
134.139
134.176
134.202
134.219
134.22
134.237
130.639
130.643
130.649
130.657
130.666
130.675
130.685
130.695
130.706
130.717
130.73
130.742
130.756
130.77
130.786
130.802
130.819
130.837
130.856
130.877
130.898
130.921
130.946
130.972
130.999
131.028
131.059
131.092
131.126
131.163
131.202
131.243
131.287
131.333
131.382
131.434
131.488
131.545
131.606
131.669
131.735
131.805
131.878
131.954
132.032
132.114
132.199
132.287
132.377
132.47
132.564
132.66
132.758
132.857
132.956
133.056
133.155
133.253
133.349
133.444
133.535
133.624
133.708
133.788
133.862
133.931
133.993
134.048
134.094
134.132
134.16
134.179
134.182
134.204
130.744
130.747
130.754
130.762
130.771
130.78
130.789
130.799
130.809
130.82
130.831
130.844
130.857
130.87
130.885
130.9
130.916
130.934
130.952
130.971
130.991
131.013
131.036
131.06
131.085
131.113
131.141
131.172
131.204
131.238
131.274
131.312
131.353
131.396
131.441
131.488
131.539
131.592
131.647
131.706
131.768
131.832
131.9
131.971
132.045
132.122
132.201
132.284
132.369
132.457
132.548
132.64
132.734
132.829
132.926
133.023
133.119
133.216
133.311
133.404
133.496
133.584
133.668
133.748
133.824
133.893
133.956
134.012
134.059
134.099
134.128
134.15
134.154
134.18
130.998
131.002
131.008
131.016
131.024
131.032
131.04
131.049
131.059
131.069
131.079
131.09
131.102
131.114
131.127
131.141
131.156
131.171
131.187
131.204
131.222
131.241
131.261
131.282
131.305
131.329
131.354
131.38
131.409
131.438
131.47
131.503
131.538
131.576
131.615
131.657
131.7
131.747
131.796
131.847
131.901
131.958
132.018
132.08
132.146
132.214
132.285
132.359
132.436
132.515
132.597
132.681
132.767
132.854
132.943
133.033
133.123
133.213
133.302
133.39
133.477
133.56
133.641
133.718
133.79
133.857
133.917
133.971
134.018
134.056
134.085
134.107
134.111
134.138
134.832
135.614
136.313
136.923
137.447
137.893
138.27
138.584
138.846
139.063
139.242
139.389
139.508
139.605
139.684
139.747
139.796
139.836
139.866
139.889
139.907
139.919
139.928
139.934
139.937
139.938
139.938
139.936
139.934
139.931
139.927
139.923
139.919
139.915
139.911
139.907
139.902
139.898
139.894
139.89
139.886
134.823
135.584
136.268
136.866
137.383
137.826
138.202
138.52
138.787
139.011
139.198
139.353
139.481
139.587
139.674
139.745
139.802
139.849
139.886
139.915
139.938
139.955
139.968
139.978
139.984
139.988
139.99
139.991
139.99
139.988
139.985
139.982
139.978
139.974
139.969
139.964
139.96
139.955
139.95
139.945
139.94
134.813
135.562
136.238
136.83
137.344
137.787
138.168
138.492
138.768
139.001
139.197
139.362
139.5
139.615
139.71
139.789
139.854
139.907
139.949
139.983
140.01
140.03
140.046
140.058
140.066
140.071
140.074
140.075
140.075
140.073
140.07
140.067
140.062
140.057
140.052
140.046
140.04
140.034
140.028
140.022
140.015
134.805
135.554
136.233
136.826
137.343
137.792
138.179
138.511
138.795
139.037
139.242
139.417
139.564
139.688
139.791
139.878
139.95
140.009
140.058
140.097
140.129
140.153
140.172
140.186
140.197
140.204
140.208
140.21
140.21
140.209
140.206
140.202
140.197
140.192
140.185
140.178
140.171
140.164
140.156
140.148
140.139
134.798
135.554
136.241
136.839
137.363
137.819
138.214
138.555
138.849
139.101
139.317
139.502
139.66
139.794
139.907
140.003
140.083
140.149
140.204
140.249
140.286
140.313
140.336
140.353
140.365
140.374
140.379
140.381
140.382
140.38
140.377
140.372
140.366
140.359
140.351
140.342
140.333
140.323
140.313
140.303
140.292
134.789
135.557
136.256
136.863
137.396
137.862
138.268
138.621
138.928
139.193
139.422
139.619
139.789
139.935
140.059
140.164
140.254
140.329
140.391
140.442
140.484
140.515
140.541
140.561
140.576
140.586
140.592
140.595
140.595
140.593
140.589
140.583
140.575
140.566
140.557
140.546
140.534
140.522
140.51
140.496
140.483
134.779
135.564
136.28
136.9
137.447
137.927
138.347
138.714
139.035
139.315
139.559
139.771
139.954
140.113
140.249
140.366
140.465
140.549
140.619
140.676
140.724
140.759
140.789
140.812
140.828
140.839
140.846
140.849
140.849
140.846
140.84
140.833
140.823
140.813
140.8
140.787
140.772
140.757
140.741
140.724
140.708
134.77
135.578
136.315
136.952
137.517
138.014
138.451
138.835
139.173
139.47
139.73
139.957
140.156
140.329
140.478
140.607
140.717
140.81
140.889
140.954
141.007
141.047
141.08
141.106
141.124
141.137
141.144
141.147
141.146
141.142
141.134
141.125
141.113
141.099
141.084
141.067
141.05
141.031
141.011
140.99
140.97
134.76
135.597
136.361
137.02
137.606
138.123
138.58
138.984
139.341
139.657
139.935
140.18
140.396
140.584
140.748
140.89
141.012
141.116
141.204
141.277
141.336
141.381
141.418
141.447
141.467
141.48
141.487
141.49
141.488
141.482
141.472
141.46
141.445
141.428
141.409
141.389
141.367
141.343
141.319
141.294
141.269
134.751
135.623
136.419
137.104
137.715
138.256
138.736
139.162
139.542
139.878
140.177
140.442
140.675
140.881
141.061
141.218
141.353
141.469
141.567
141.648
141.714
141.764
141.805
141.836
141.858
141.872
141.879
141.88
141.877
141.868
141.856
141.841
141.822
141.801
141.778
141.752
141.725
141.697
141.667
141.636
141.606
134.742
135.656
136.488
137.205
137.845
138.414
138.92
139.372
139.776
140.136
140.458
140.744
140.998
141.223
141.421
141.593
141.743
141.872
141.98
142.071
142.144
142.199
142.244
142.278
142.301
142.315
142.322
142.322
142.316
142.305
142.289
142.269
142.246
142.22
142.191
142.161
142.128
142.093
142.057
142.02
141.983
134.734
135.695
136.571
137.324
137.998
138.599
139.135
139.615
140.047
140.434
140.781
141.091
141.368
141.614
141.831
142.021
142.187
142.329
142.449
142.549
142.631
142.691
142.74
142.776
142.801
142.815
142.82
142.818
142.809
142.794
142.774
142.749
142.72
142.688
142.653
142.616
142.576
142.534
142.491
142.446
142.402
134.728
135.744
136.669
137.463
138.176
138.813
139.382
139.895
140.358
140.775
141.149
141.486
141.788
142.057
142.296
142.506
142.688
142.846
142.979
143.09
143.179
143.245
143.297
143.336
143.361
143.374
143.378
143.373
143.36
143.34
143.314
143.283
143.248
143.209
143.166
143.121
143.073
143.023
142.971
142.917
142.864
134.724
135.802
136.783
137.625
138.382
139.059
139.667
140.216
140.713
141.163
141.569
141.935
142.265
142.56
142.822
143.053
143.254
143.428
143.575
143.697
143.795
143.867
143.923
143.964
143.988
144
144.001
143.991
143.973
143.947
143.914
143.876
143.832
143.784
143.733
143.678
143.62
143.56
143.498
143.434
143.371
134.723
135.871
136.916
137.812
138.618
139.341
139.991
140.582
141.118
141.604
142.045
142.444
142.804
143.128
143.416
143.67
143.892
144.084
144.246
144.38
144.487
144.564
144.623
144.665
144.689
144.698
144.694
144.679
144.654
144.62
144.579
144.531
144.477
144.418
144.356
144.289
144.22
144.148
144.074
143.998
143.922
134.726
135.954
137.07
138.026
138.889
139.663
140.362
140.998
141.577
142.105
142.584
143.02
143.414
143.769
144.086
144.366
144.611
144.822
145
145.146
145.263
145.344
145.406
145.448
145.469
145.474
145.464
145.442
145.408
145.364
145.312
145.252
145.186
145.115
145.038
144.958
144.875
144.789
144.701
144.61
144.521
134.735
136.051
137.248
138.273
139.199
140.03
140.784
141.471
142.099
142.673
143.195
143.671
144.104
144.494
144.842
145.151
145.42
145.652
145.848
146.007
146.132
146.218
146.281
146.321
146.339
146.337
146.319
146.287
146.241
146.185
146.119
146.044
145.963
145.876
145.783
145.687
145.586
145.483
145.378
145.271
145.164
134.751
136.167
137.454
138.557
139.553
140.45
141.265
142.009
142.692
143.317
143.888
144.409
144.884
145.313
145.697
146.037
146.334
146.588
146.802
146.974
147.108
147.197
147.259
147.296
147.307
147.296
147.266
147.22
147.16
147.087
147.004
146.911
146.811
146.704
146.592
146.475
146.354
146.231
146.106
145.978
145.852
134.775
136.304
137.693
138.883
139.96
140.93
141.813
142.623
143.367
144.05
144.675
145.248
145.77
146.242
146.665
147.039
147.366
147.645
147.877
148.063
148.203
148.293
148.353
148.383
148.384
148.36
148.314
148.251
148.171
148.077
147.971
147.856
147.732
147.601
147.464
147.323
147.178
147.031
146.881
146.73
146.58
134.812
136.467
137.97
139.259
140.426
141.48
142.441
143.324
144.138
144.886
145.572
146.202
146.777
147.298
147.764
148.176
148.535
148.84
149.091
149.289
149.435
149.523
149.576
149.595
149.581
149.538
149.472
149.384
149.279
149.158
149.025
148.88
148.727
148.566
148.4
148.229
148.055
147.878
147.7
147.52
147.343
134.862
136.661
138.293
139.694
140.964
142.112
143.161
144.127
145.02
145.843
146.597
147.292
147.927
148.502
149.017
149.471
149.864
150.195
150.466
150.674
150.822
150.903
150.944
150.946
150.91
150.842
150.747
150.628
150.49
150.334
150.165
149.984
149.794
149.597
149.394
149.187
148.977
148.765
148.553
148.34
148.13
134.931
136.892
138.671
140.199
141.586
142.84
143.99
145.052
146.034
146.942
147.775
148.542
149.246
149.882
150.449
150.949
151.379
151.738
152.026
152.242
152.386
152.454
152.475
152.451
152.384
152.281
152.147
151.987
151.805
151.605
151.391
151.164
150.928
150.685
150.438
150.187
149.934
149.681
149.429
149.177
148.929
135.024
137.169
139.114
140.788
142.308
143.685
144.951
146.121
147.207
148.211
149.134
149.984
150.764
151.469
152.096
152.645
153.113
153.5
153.802
154.019
154.152
154.196
154.186
154.125
154.015
153.863
153.677
153.463
153.225
152.967
152.695
152.411
152.118
151.82
151.518
151.214
150.91
150.608
150.308
150.011
149.719
135.145
137.502
139.638
141.479
143.151
144.67
146.069
147.365
148.57
149.685
150.711
151.657
152.524
153.306
153.998
154.6
155.108
155.518
155.829
156.039
156.147
156.152
156.096
155.981
155.81
155.593
155.338
155.052
154.741
154.41
154.065
153.709
153.346
152.979
152.611
152.245
151.88
151.521
151.166
150.817
150.476
135.304
137.904
140.26
142.294
144.143
145.827
147.38
148.823
150.166
151.411
152.556
153.611
154.577
155.445
156.209
156.866
157.411
157.84
158.15
158.336
158.4
158.346
158.222
158.029
157.774
157.468
157.121
156.742
156.337
155.913
155.476
155.032
154.583
154.134
153.687
153.246
152.811
152.385
151.968
151.561
151.165
135.511
138.392
141.003
143.263
145.319
147.195
148.93
150.546
152.051
153.448
154.73
155.912
156.991
157.955
158.795
159.507
160.084
160.52
160.81
160.95
160.941
160.795
160.572
160.271
159.902
159.476
159.008
158.507
157.983
157.442
156.892
156.339
155.787
155.24
154.701
154.174
153.659
153.158
152.672
152.2
151.746
135.778
138.99
141.901
144.427
146.726
148.83
150.781
152.601
154.299
155.875
157.318
158.645
159.852
160.921
161.84
162.603
163.199
163.621
163.862
163.919
163.792
163.511
163.146
162.695
162.17
161.587
160.961
160.305
159.63
158.945
158.257
157.574
156.9
156.239
155.595
154.971
154.366
153.784
153.224
152.686
152.171
136.123
139.727
142.994
145.837
148.427
150.806
153.016
155.082
157.011
158.799
160.431
161.926
163.276
164.457
165.452
166.251
166.841
167.211
167.356
167.273
166.966
166.485
165.921
165.264
164.531
163.741
162.914
162.064
161.205
160.345
159.494
158.659
157.845
157.056
156.295
155.565
154.866
154.199
153.564
152.959
152.385
136.569
140.646
144.342
147.569
150.513
153.226
155.752
158.118
160.328
162.371
164.225
165.912
167.418
168.711
169.766
170.569
171.105
171.363
171.336
171.026
170.444
169.676
168.837
167.903
166.898
165.846
164.769
163.683
162.603
161.539
160.502
159.496
158.528
157.6
156.715
155.876
155.081
154.331
153.625
152.959
152.335
137.147
141.803
146.026
149.728
153.11
156.238
159.159
161.896
164.451
166.801
168.914
170.814
172.482
173.869
174.945
175.69
176.088
176.128
175.81
175.145
174.155
172.985
171.775
170.481
169.132
167.757
166.378
165.017
163.685
162.395
161.154
159.966
158.837
157.768
156.761
155.817
154.933
154.108
153.342
152.628
151.968
137.899
143.283
148.168
152.471
156.411
160.066
163.487
166.694
169.677
172.398
174.806
176.933
178.743
180.173
181.181
181.748
181.859
181.512
180.722
179.518
177.944
176.226
174.535
172.79
171.025
169.271
167.552
165.886
164.285
162.758
161.31
159.943
158.66
157.459
156.341
155.305
154.347
153.464
152.656
151.914
151.241
138.869
145.182
150.917
155.997
160.66
164.999
169.066
172.87
176.383
179.537
182.261
184.588
186.467
187.813
188.581
188.754
188.335
187.343
185.824
183.842
181.474
179.056
176.783
174.513
172.282
170.119
168.047
166.078
164.218
162.471
160.836
159.313
157.898
156.59
155.385
154.282
153.274
152.359
151.534
150.791
150.134
140.124
147.581
154.381
160.437
166.011
171.209
176.08
180.607
184.732
188.34
191.328
193.738
195.501
196.515
196.743
196.195
194.913
192.963
190.441
187.46
184.138
180.94
178.056
175.261
172.585
170.054
167.679
165.461
163.398
161.486
159.718
158.087
156.587
155.212
153.957
152.819
151.791
150.871
150.057
149.341
148.729
141.642
150.459
158.526
165.742
172.405
178.619
184.421
189.755
194.506
198.489
201.572
203.819
205.151
205.469
204.775
203.142
200.679
197.524
193.833
189.772
185.493
181.573
178.165
174.944
171.93
169.136
166.559
164.188
162.008
160.008
158.174
156.495
154.958
153.557
152.285
151.139
150.111
149.203
148.414
147.741
147.193
143.35
153.796
163.376
171.979
179.938
187.343
194.19
200.364
205.662
209.81
212.671
214.36
214.816
213.987
211.963
208.914
205.044
200.566
195.694
190.626
185.525
181.043
177.262
173.761
170.544
167.61
164.94
162.507
160.291
158.27
156.426
154.742
153.205
151.805
150.535
149.393
148.374
147.481
146.72
146.09
145.612
145.197
157.598
168.988
179.244
188.731
197.497
205.458
212.402
218.02
221.942
224.096
224.701
223.766
221.346
217.663
213.011
207.681
201.946
196.044
190.174
184.478
179.638
175.652
172.019
168.724
165.755
163.078
160.657
158.462
156.467
154.649
152.989
151.472
150.087
148.827
147.692
146.678
145.793
145.047
144.451
144.035
147.132
161.89
175.441
187.66
198.913
209.172
218.206
225.673
231.166
234.267
235.097
234.048
231.252
226.926
221.45
215.222
208.585
201.82
195.151
188.745
182.703
177.699
173.653
170.003
166.726
163.797
161.173
158.81
156.671
154.729
152.958
151.337
149.85
148.485
147.237
146.104
145.087
144.196
143.448
142.864
142.493
149.085
166.692
182.825
197.35
210.592
222.368
232.234
239.713
244.386
245.923
244.805
241.636
236.699
230.395
223.241
215.678
208.034
200.551
193.408
186.723
180.547
175.529
171.523
167.937
164.738
161.895
159.357
157.075
155.012
153.135
151.42
149.842
148.387
147.043
145.803
144.668
143.637
142.725
141.952
141.355
140.998
150.971
172.033
191.24
208.431
223.799
236.9
247.051
253.731
256.711
255.969
252.47
246.973
239.891
231.802
223.296
214.765
206.46
198.565
191.203
184.438
178.279
173.345
169.441
165.963
162.874
160.138
157.701
155.51
153.527
151.719
150.059
148.526
147.101
145.775
144.54
143.397
142.344
141.399
140.58
139.941
139.557
152.709
177.964
200.804
220.985
238.421
252.312
261.832
266.689
267.133
263.67
257.702
249.978
241.003
231.516
222.084
212.961
204.301
196.236
188.838
182.124
176.076
171.279
167.507
164.158
161.19
158.568
156.233
154.133
152.228
150.486
148.879
147.386
145.99
144.678
143.445
142.291
141.212
140.226
139.343
138.639
138.171
154.232
184.568
211.654
235.016
254.1
267.788
275.48
277.527
274.917
268.744
260.579
250.947
240.477
230.056
220.106
210.69
201.899
193.831
186.511
179.926
174.035
169.399
165.77
162.553
159.707
157.194
154.957
152.942
151.11
149.428
147.87
146.413
145.04
143.741
142.508
141.341
140.233
139.203
138.244
137.459
136.84
155.501
191.968
223.9
250.319
270.099
282.201
286.877
285.519
279.868
271.428
261.529
250.366
238.836
227.922
217.767
208.261
199.483
191.513
184.336
177.917
172.203
167.733
164.244
161.154
158.421
156.01
153.863
151.926
150.158
148.53
147.014
145.588
144.236
142.947
141.713
140.533
139.397
138.324
137.283
136.409
135.56
156.513
200.33
237.551
266.356
285.347
294.408
295.293
290.525
282.335
272.291
261.088
248.719
236.55
225.503
215.341
205.865
197.191
189.376
182.371
176.131
170.596
166.285
162.926
159.952
157.322
155.002
152.935
151.065
149.355
147.773
146.294
144.895
143.56
142.279
141.043
139.851
138.69
137.577
136.455
135.491
134.335
157.33
209.835
252.391
282.214
298.65
303.608
300.59
292.933
282.957
271.94
259.706
246.405
233.985
223.063
212.999
203.62
195.1
187.464
180.638
174.573
169.207
165.044
161.803
158.93
156.39
154.15
152.152
150.341
148.68
147.138
145.69
144.314
142.993
141.718
140.481
139.279
138.095
136.947
135.753
134.701
133.171
158.009
220.402
267.643
296.575
308.969
309.522
303.127
293.414
282.407
270.888
257.744
243.766
231.423
220.767
210.839
201.591
193.246
185.79
179.135
173.233
168.021
163.989
160.852
158.071
155.61
153.44
151.502
149.741
148.121
146.613
145.192
143.835
142.526
141.257
140.017
138.806
137.604
136.426
135.173
134.036
132.089
158.536
231.565
282.224
308.37
315.966
312.539
303.64
292.729
281.28
269.526
255.484
241.109
229.081
218.708
208.903
199.802
191.631
184.342
177.844
172.088
167.013
163.093
160.038
157.331
154.94
152.831
150.945
149.228
147.645
146.167
144.769
143.428
142.131
140.867
139.627
138.41
137.194
135.992
134.696
133.485
131.092
157.377
243.242
295.937
317.601
320.174
313.448
302.89
291.454
279.969
268.104
253.064
238.617
227.164
217.07
207.341
198.373
190.359
183.213
176.844
171.207
166.241
162.446
159.465
156.812
154.47
152.405
150.556
148.87
147.312
145.854
144.471
143.141
141.851
140.59
139.348
138.126
136.9
135.679
134.353
133.097
130.273
159.604
256.589
307.473
323.009
321.641
312.5
300.68
288.967
277.636
265.736
249.486
234.894
224.146
214.531
205.046
196.324
188.559
181.641
175.476
170.024
165.218
161.511
158.655
156.092
153.827
151.829
150.038
148.4
146.882
145.456
144.098
142.787
141.509
140.256
139.018
137.794
136.562
135.325
133.98
132.686
129.715
139.883
139.881
139.879
139.877
139.874
139.872
139.869
139.866
139.863
139.859
139.856
139.852
139.847
139.843
139.837
139.832
139.826
139.819
139.812
139.804
139.796
139.787
139.777
139.766
139.755
139.742
139.728
139.713
139.697
139.679
139.659
139.638
139.615
139.59
139.563
139.533
139.501
139.466
139.428
139.387
139.342
139.294
139.243
139.187
139.127
139.063
138.995
138.921
138.844
138.761
138.674
138.582
138.485
138.384
138.279
138.17
138.058
137.942
137.824
137.703
137.582
137.459
137.336
137.213
137.091
136.971
136.854
136.739
136.628
136.521
136.42
136.324
136.24
136.15
139.936
139.935
139.933
139.93
139.928
139.925
139.922
139.918
139.915
139.911
139.907
139.902
139.898
139.892
139.887
139.88
139.874
139.866
139.858
139.85
139.841
139.83
139.819
139.808
139.795
139.78
139.765
139.749
139.731
139.711
139.69
139.667
139.642
139.614
139.585
139.553
139.519
139.481
139.441
139.398
139.351
139.3
139.246
139.188
139.126
139.06
138.99
138.915
138.836
138.752
138.663
138.57
138.473
138.372
138.267
138.158
138.046
137.93
137.813
137.693
137.572
137.449
137.327
137.205
137.084
136.964
136.847
136.733
136.622
136.516
136.415
136.318
136.238
136.136
140.01
140.009
140.007
140.005
140.002
139.999
139.996
139.992
139.988
139.984
139.98
139.975
139.97
139.964
139.958
139.952
139.944
139.937
139.928
139.919
139.909
139.898
139.886
139.873
139.859
139.844
139.828
139.81
139.79
139.769
139.747
139.722
139.695
139.666
139.634
139.6
139.563
139.523
139.481
139.434
139.385
139.332
139.275
139.214
139.149
139.079
139.006
138.928
138.845
138.758
138.667
138.571
138.471
138.367
138.26
138.149
138.034
137.917
137.798
137.677
137.555
137.432
137.309
137.187
137.066
136.946
136.83
136.716
136.606
136.5
136.4
136.302
136.224
136.108
140.132
140.131
140.13
140.127
140.124
140.121
140.117
140.113
140.109
140.105
140.1
140.095
140.089
140.082
140.076
140.068
140.06
140.051
140.042
140.031
140.02
140.008
139.994
139.98
139.964
139.947
139.928
139.908
139.886
139.862
139.836
139.808
139.778
139.746
139.71
139.672
139.631
139.587
139.539
139.489
139.434
139.376
139.314
139.247
139.177
139.103
139.024
138.941
138.853
138.761
138.666
138.566
138.462
138.354
138.244
138.13
138.013
137.894
137.773
137.651
137.528
137.405
137.282
137.16
137.04
136.921
136.805
136.692
136.583
136.478
136.38
136.281
136.205
136.076
140.283
140.282
140.28
140.277
140.274
140.27
140.266
140.262
140.257
140.252
140.247
140.241
140.234
140.227
140.219
140.211
140.201
140.191
140.18
140.168
140.155
140.141
140.126
140.109
140.091
140.071
140.05
140.027
140.002
139.974
139.945
139.913
139.879
139.841
139.801
139.758
139.712
139.662
139.609
139.553
139.492
139.427
139.359
139.286
139.21
139.129
139.043
138.954
138.86
138.763
138.662
138.557
138.448
138.336
138.222
138.105
137.985
137.864
137.742
137.619
137.495
137.372
137.249
137.127
137.008
136.89
136.775
136.664
136.557
136.453
136.356
136.257
136.183
136.044
140.471
140.47
140.468
140.465
140.46
140.456
140.452
140.447
140.441
140.435
140.429
140.422
140.414
140.406
140.396
140.386
140.376
140.364
140.351
140.337
140.322
140.305
140.287
140.267
140.246
140.223
140.198
140.17
140.141
140.109
140.075
140.038
139.998
139.955
139.909
139.86
139.807
139.75
139.69
139.626
139.558
139.485
139.409
139.329
139.244
139.156
139.063
138.966
138.866
138.761
138.654
138.543
138.429
138.313
138.194
138.073
137.951
137.828
137.704
137.579
137.455
137.332
137.21
137.089
136.97
136.854
136.741
136.632
136.526
136.424
136.329
136.231
136.158
136.015
140.693
140.692
140.69
140.685
140.68
140.675
140.67
140.664
140.657
140.65
140.642
140.634
140.625
140.614
140.603
140.591
140.578
140.564
140.549
140.532
140.513
140.494
140.472
140.449
140.423
140.396
140.366
140.334
140.299
140.262
140.221
140.178
140.131
140.081
140.028
139.971
139.91
139.845
139.776
139.704
139.627
139.546
139.46
139.371
139.278
139.18
139.079
138.974
138.866
138.754
138.64
138.523
138.404
138.282
138.159
138.035
137.91
137.784
137.659
137.534
137.41
137.287
137.165
137.046
136.929
136.814
136.704
136.596
136.493
136.393
136.299
136.203
136.132
135.99
140.952
140.95
140.947
140.942
140.935
140.929
140.923
140.915
140.907
140.898
140.889
140.878
140.867
140.855
140.841
140.827
140.811
140.793
140.774
140.754
140.732
140.708
140.682
140.653
140.623
140.59
140.554
140.516
140.474
140.43
140.382
140.331
140.276
140.218
140.155
140.089
140.019
139.944
139.866
139.783
139.696
139.605
139.509
139.41
139.307
139.2
139.09
138.976
138.86
138.741
138.619
138.496
138.371
138.245
138.118
137.99
137.863
137.735
137.609
137.483
137.359
137.237
137.116
136.998
136.883
136.771
136.663
136.558
136.457
136.359
136.268
136.175
136.104
135.97
141.247
141.244
141.24
141.233
141.226
141.218
141.21
141.201
141.19
141.18
141.168
141.155
141.141
141.125
141.109
141.091
141.071
141.05
141.027
141.002
140.974
140.945
140.913
140.879
140.842
140.802
140.759
140.713
140.664
140.611
140.554
140.494
140.429
140.361
140.288
140.211
140.13
140.044
139.954
139.86
139.762
139.66
139.553
139.443
139.33
139.213
139.093
138.971
138.846
138.719
138.591
138.462
138.331
138.201
138.07
137.939
137.81
137.681
137.553
137.428
137.304
137.183
137.064
136.948
136.835
136.725
136.62
136.517
136.419
136.325
136.236
136.146
136.076
135.955
141.58
141.575
141.57
141.562
141.553
141.543
141.532
141.521
141.508
141.494
141.48
141.463
141.446
141.427
141.406
141.384
141.359
141.333
141.304
141.273
141.24
141.204
141.165
141.124
141.079
141.03
140.979
140.923
140.864
140.801
140.734
140.662
140.587
140.506
140.422
140.333
140.239
140.141
140.039
139.933
139.822
139.708
139.59
139.468
139.344
139.217
139.088
138.956
138.823
138.689
138.554
138.419
138.284
138.149
138.015
137.882
137.751
137.621
137.494
137.369
137.246
137.126
137.009
136.895
136.785
136.678
136.575
136.475
136.381
136.289
136.204
136.117
136.048
135.941
141.952
141.946
141.939
141.929
141.917
141.904
141.891
141.876
141.86
141.843
141.824
141.804
141.782
141.758
141.732
141.704
141.674
141.641
141.606
141.568
141.527
141.483
141.435
141.384
141.33
141.271
141.209
141.143
141.072
140.997
140.917
140.833
140.744
140.651
140.553
140.45
140.343
140.232
140.116
139.996
139.873
139.746
139.616
139.483
139.347
139.21
139.071
138.931
138.79
138.649
138.508
138.368
138.229
138.091
137.954
137.82
137.688
137.558
137.43
137.306
137.185
137.067
136.952
136.841
136.733
136.629
136.529
136.433
136.341
136.253
136.17
136.088
136.02
135.929
142.365
142.357
142.348
142.334
142.319
142.303
142.286
142.267
142.247
142.225
142.201
142.176
142.148
142.118
142.086
142.051
142.013
141.972
141.929
141.882
141.832
141.778
141.72
141.658
141.592
141.522
141.447
141.367
141.283
141.194
141.101
141.002
140.899
140.79
140.677
140.56
140.438
140.312
140.182
140.048
139.911
139.771
139.629
139.484
139.338
139.191
139.043
138.895
138.747
138.6
138.454
138.309
138.167
138.026
137.888
137.752
137.62
137.49
137.364
137.241
137.122
137.006
136.894
136.785
136.68
136.58
136.483
136.39
136.301
136.216
136.137
136.059
135.992
135.916
142.821
142.809
142.796
142.779
142.76
142.739
142.717
142.694
142.668
142.64
142.61
142.578
142.543
142.506
142.465
142.422
142.375
142.325
142.271
142.213
142.151
142.085
142.015
141.94
141.861
141.776
141.687
141.593
141.493
141.389
141.279
141.164
141.045
140.92
140.791
140.657
140.52
140.378
140.233
140.085
139.935
139.782
139.627
139.472
139.315
139.159
139.003
138.848
138.693
138.541
138.391
138.243
138.098
137.955
137.816
137.681
137.549
137.42
137.296
137.175
137.058
136.944
136.835
136.729
136.628
136.53
136.436
136.347
136.261
136.18
136.103
136.029
135.964
135.901
143.319
143.303
143.287
143.264
143.239
143.213
143.186
143.155
143.123
143.088
143.05
143.009
142.966
142.919
142.868
142.814
142.756
142.694
142.628
142.557
142.482
142.402
142.317
142.227
142.131
142.031
141.925
141.813
141.697
141.575
141.447
141.315
141.178
141.036
140.889
140.739
140.585
140.428
140.268
140.106
139.942
139.776
139.61
139.444
139.279
139.114
138.95
138.789
138.63
138.473
138.32
138.169
138.023
137.88
137.741
137.606
137.475
137.348
137.225
137.107
136.992
136.882
136.776
136.673
136.575
136.481
136.39
136.304
136.222
136.143
136.07
136
135.937
135.885
143.862
143.84
143.818
143.79
143.758
143.725
143.689
143.651
143.61
143.566
143.518
143.467
143.412
143.354
143.291
143.224
143.153
143.077
142.996
142.909
142.818
142.721
142.619
142.511
142.398
142.279
142.154
142.024
141.888
141.747
141.6
141.449
141.293
141.133
140.969
140.801
140.631
140.458
140.283
140.107
139.93
139.753
139.577
139.401
139.227
139.056
138.886
138.72
138.556
138.397
138.241
138.09
137.943
137.8
137.662
137.528
137.399
137.274
137.154
137.038
136.927
136.82
136.717
136.618
136.523
136.432
136.345
136.262
136.183
136.108
136.037
135.972
135.91
135.867
144.449
144.42
144.391
144.355
144.315
144.272
144.227
144.179
144.127
144.071
144.011
143.948
143.879
143.807
143.729
143.647
143.559
143.466
143.368
143.264
143.154
143.038
142.916
142.788
142.654
142.515
142.369
142.218
142.061
141.899
141.733
141.562
141.386
141.207
141.025
140.841
140.654
140.466
140.278
140.089
139.9
139.713
139.527
139.343
139.162
138.985
138.81
138.64
138.474
138.313
138.157
138.005
137.858
137.717
137.58
137.448
137.322
137.2
137.083
136.97
136.862
136.758
136.658
136.563
136.471
136.384
136.3
136.22
136.144
136.073
136.005
135.943
135.883
135.848
145.08
145.042
145.004
144.957
144.906
144.853
144.796
144.734
144.669
144.599
144.525
144.445
144.361
144.271
144.176
144.075
143.969
143.856
143.737
143.612
143.481
143.343
143.199
143.049
142.893
142.731
142.563
142.39
142.211
142.028
141.84
141.649
141.454
141.257
141.057
140.856
140.654
140.452
140.25
140.049
139.851
139.654
139.46
139.27
139.084
138.902
138.725
138.552
138.385
138.223
138.067
137.916
137.771
137.631
137.497
137.368
137.244
137.125
137.011
136.902
136.798
136.697
136.601
136.509
136.421
136.337
136.256
136.18
136.107
136.038
135.974
135.915
135.857
135.827
145.752
145.703
145.653
145.594
145.529
145.462
145.39
145.313
145.231
145.144
145.052
144.954
144.85
144.74
144.624
144.502
144.373
144.238
144.096
143.947
143.792
143.63
143.462
143.288
143.107
142.921
142.729
142.533
142.332
142.127
141.918
141.706
141.493
141.277
141.061
140.845
140.628
140.414
140.2
139.99
139.782
139.578
139.379
139.184
138.994
138.809
138.63
138.456
138.289
138.128
137.973
137.824
137.681
137.544
137.412
137.287
137.166
137.051
136.941
136.835
136.734
136.638
136.545
136.457
136.372
136.291
136.214
136.14
136.071
136.005
135.943
135.888
135.832
135.807
146.462
146.399
146.334
146.259
146.178
146.092
146.002
145.907
145.805
145.697
145.584
145.464
145.337
145.204
145.063
144.916
144.762
144.601
144.433
144.259
144.077
143.889
143.695
143.495
143.289
143.078
142.862
142.642
142.419
142.192
141.963
141.732
141.5
141.268
141.037
140.806
140.578
140.352
140.129
139.911
139.696
139.487
139.283
139.085
138.893
138.707
138.527
138.355
138.188
138.029
137.876
137.73
137.59
137.456
137.328
137.206
137.089
136.978
136.871
136.769
136.672
136.579
136.49
136.405
136.324
136.247
136.173
136.102
136.036
135.973
135.913
135.861
135.807
135.786
147.203
147.122
147.038
146.944
146.842
146.736
146.624
146.505
146.38
146.248
146.109
145.963
145.81
145.65
145.482
145.307
145.125
144.936
144.74
144.537
144.328
144.112
143.891
143.664
143.432
143.196
142.956
142.713
142.468
142.22
141.972
141.723
141.475
141.228
140.984
140.741
140.503
140.268
140.038
139.813
139.594
139.381
139.175
138.975
138.783
138.597
138.419
138.248
138.084
137.927
137.777
137.634
137.498
137.368
137.244
137.126
137.013
136.906
136.803
136.705
136.612
136.523
136.437
136.356
136.278
136.204
136.133
136.066
136.002
135.942
135.885
135.835
135.783
135.765
147.965
147.862
147.755
147.637
147.511
147.379
147.241
147.096
146.943
146.782
146.614
146.439
146.256
146.066
145.868
145.662
145.45
145.231
145.005
144.772
144.534
144.29
144.041
143.788
143.53
143.27
143.007
142.742
142.476
142.21
141.944
141.68
141.418
141.158
140.903
140.651
140.404
140.163
139.928
139.699
139.478
139.263
139.056
138.857
138.665
138.482
138.306
138.138
137.977
137.824
137.678
137.539
137.407
137.281
137.161
137.047
136.939
136.835
136.737
136.643
136.553
136.468
136.386
136.308
136.234
136.163
136.095
136.03
135.969
135.911
135.857
135.81
135.759
135.744
148.734
148.604
148.469
148.323
148.168
148.006
147.837
147.661
147.476
147.283
147.083
146.875
146.659
146.436
146.206
145.968
145.724
145.473
145.216
144.954
144.687
144.415
144.139
143.861
143.579
143.296
143.012
142.727
142.443
142.161
141.88
141.603
141.329
141.06
140.795
140.537
140.285
140.04
139.802
139.571
139.349
139.135
138.929
138.732
138.543
138.362
138.19
138.025
137.869
137.72
137.578
137.444
137.316
137.195
137.08
136.97
136.866
136.767
136.673
136.583
136.497
136.415
136.337
136.262
136.191
136.123
136.058
135.996
135.937
135.883
135.83
135.786
135.736
135.724
149.489
149.328
149.16
148.98
148.791
148.596
148.392
148.18
147.96
147.732
147.497
147.254
147.003
146.746
146.482
146.211
145.935
145.653
145.366
145.075
144.78
144.482
144.181
143.879
143.576
143.273
142.97
142.668
142.369
142.073
141.781
141.493
141.211
140.934
140.664
140.402
140.147
139.9
139.661
139.431
139.211
138.999
138.795
138.601
138.416
138.24
138.072
137.912
137.76
137.616
137.48
137.35
137.227
137.111
137
136.895
136.796
136.701
136.611
136.525
136.443
136.364
136.29
136.218
136.15
136.085
136.023
135.963
135.907
135.855
135.804
135.762
135.714
135.704
150.206
150.007
149.801
149.583
149.357
149.123
148.881
148.631
148.373
148.108
147.836
147.557
147.271
146.979
146.682
146.379
146.072
145.761
145.446
145.128
144.809
144.487
144.165
143.842
143.52
143.2
142.882
142.567
142.256
141.949
141.648
141.354
141.065
140.785
140.512
140.248
139.993
139.746
139.51
139.282
139.064
138.856
138.657
138.468
138.287
138.116
137.953
137.799
137.653
137.514
137.383
137.258
137.141
137.029
136.923
136.823
136.728
136.637
136.551
136.469
136.391
136.316
136.244
136.176
136.111
136.049
135.989
135.932
135.878
135.828
135.78
135.74
135.693
135.685
150.851
150.61
150.361
150.102
149.834
149.56
149.277
148.988
148.691
148.389
148.08
147.766
147.446
147.123
146.794
146.463
146.128
145.791
145.452
145.112
144.77
144.429
144.089
143.75
143.414
143.08
142.751
142.426
142.106
141.793
141.486
141.188
140.897
140.615
140.343
140.079
139.826
139.583
139.349
139.126
138.913
138.71
138.516
138.332
138.158
137.992
137.836
137.687
137.547
137.414
137.288
137.169
137.056
136.95
136.849
136.753
136.662
136.576
136.494
136.415
136.341
136.269
136.201
136.136
136.073
136.014
135.957
135.902
135.851
135.803
135.756
135.718
135.673
135.667
151.383
151.098
150.804
150.501
150.191
149.875
149.552
149.225
148.891
148.554
148.212
147.866
147.517
147.166
146.812
146.456
146.099
145.741
145.383
145.024
144.667
144.311
143.958
143.607
143.26
142.917
142.58
142.249
141.924
141.608
141.299
140.999
140.709
140.429
140.159
139.899
139.649
139.411
139.183
138.965
138.758
138.561
138.374
138.197
138.029
137.87
137.719
137.577
137.443
137.316
137.196
137.082
136.975
136.873
136.777
136.686
136.599
136.517
136.439
136.364
136.293
136.225
136.16
136.098
136.038
135.981
135.926
135.874
135.824
135.778
135.734
135.697
135.653
135.649
151.758
151.427
151.088
150.743
150.392
150.038
149.679
149.317
148.953
148.586
148.217
147.847
147.476
147.104
146.731
146.358
145.985
145.613
145.241
144.871
144.503
144.137
143.775
143.417
143.063
142.715
142.374
142.041
141.715
141.398
141.09
140.793
140.506
140.229
139.964
139.709
139.466
139.234
139.012
138.802
138.602
138.412
138.232
138.062
137.901
137.749
137.605
137.47
137.342
137.221
137.106
136.998
136.896
136.8
136.708
136.622
136.539
136.461
136.387
136.315
136.248
136.183
136.121
136.061
136.004
135.949
135.897
135.847
135.799
135.755
135.712
135.678
135.634
135.632
151.925
151.552
151.173
150.79
150.405
150.02
149.634
149.248
148.861
148.475
148.09
147.706
147.322
146.938
146.556
146.174
145.793
145.413
145.035
144.659
144.285
143.914
143.548
143.186
142.83
142.481
142.14
141.807
141.483
141.169
140.865
140.572
140.291
140.02
139.761
139.514
139.278
139.054
138.84
138.638
138.446
138.264
138.092
137.93
137.776
137.631
137.494
137.365
137.244
137.129
137.02
136.918
136.821
136.729
136.643
136.56
136.482
136.408
136.337
136.269
136.204
136.143
136.083
136.026
135.972
135.919
135.869
135.821
135.775
135.733
135.691
135.659
135.616
135.616
151.833
151.428
151.02
150.611
150.204
149.801
149.401
149.005
148.611
148.221
147.832
147.446
147.062
146.679
146.297
145.915
145.534
145.153
144.774
144.397
144.022
143.651
143.284
142.923
142.568
142.221
141.882
141.553
141.233
140.925
140.627
140.341
140.067
139.805
139.554
139.316
139.089
138.873
138.669
138.475
138.292
138.118
137.955
137.8
137.654
137.517
137.387
137.265
137.149
137.04
136.938
136.841
136.749
136.662
136.58
136.502
136.427
136.357
136.289
136.225
136.163
136.104
136.048
135.993
135.941
135.891
135.843
135.797
135.753
135.712
135.672
135.641
135.599
135.6
151.438
151.017
150.598
150.181
149.772
149.371
148.978
148.591
148.209
147.832
147.458
147.086
146.714
146.342
145.97
145.596
145.222
144.847
144.472
144.098
143.726
143.357
142.993
142.634
142.283
141.94
141.607
141.284
140.971
140.67
140.381
140.104
139.839
139.586
139.345
139.117
138.9
138.694
138.499
138.315
138.14
137.976
137.821
137.674
137.536
137.406
137.283
137.168
137.059
136.956
136.859
136.767
136.68
136.598
136.52
136.446
136.376
136.308
136.244
136.183
136.124
136.068
136.014
135.962
135.912
135.864
135.818
135.774
135.731
135.692
135.653
135.624
135.583
135.585
150.702
150.292
149.889
149.491
149.106
148.736
148.376
148.024
147.677
147.335
146.993
146.649
146.303
145.953
145.598
145.239
144.876
144.509
144.14
143.772
143.404
143.04
142.68
142.327
141.982
141.645
141.319
141.004
140.7
140.409
140.129
139.863
139.609
139.367
139.137
138.919
138.713
138.517
138.332
138.158
137.993
137.838
137.691
137.553
137.422
137.3
137.184
137.075
136.972
136.875
136.783
136.697
136.615
136.537
136.463
136.393
136.326
136.263
136.202
136.143
136.088
136.034
135.982
135.932
135.884
135.838
135.794
135.752
135.711
135.673
135.635
135.608
135.567
135.571
149.615
149.25
148.901
148.558
148.233
147.927
147.633
147.345
147.06
146.773
146.48
146.178
145.867
145.544
145.211
144.867
144.516
144.158
143.796
143.433
143.07
142.711
142.357
142.01
141.672
141.343
141.026
140.72
140.427
140.146
139.879
139.623
139.381
139.151
138.933
138.726
138.531
138.346
138.172
138.007
137.851
137.705
137.567
137.437
137.314
137.198
137.09
136.987
136.89
136.798
136.712
136.63
136.553
136.479
136.41
136.343
136.28
136.219
136.162
136.106
136.053
136.002
135.952
135.905
135.859
135.814
135.771
135.731
135.691
135.655
135.619
135.592
135.553
135.557
148.262
147.98
147.725
147.476
147.25
147.045
146.849
146.653
146.449
146.231
145.996
145.741
145.464
145.168
144.852
144.521
144.178
143.826
143.468
143.108
142.749
142.394
142.045
141.705
141.374
141.054
140.746
140.451
140.169
139.899
139.643
139.4
139.169
138.95
138.743
138.548
138.363
138.189
138.024
137.868
137.722
137.584
137.454
137.331
137.215
137.106
137.004
136.907
136.815
136.729
136.647
136.57
136.496
136.427
136.361
136.298
136.237
136.18
136.125
136.072
136.021
135.972
135.924
135.879
135.834
135.792
135.751
135.711
135.673
135.638
135.603
135.578
135.538
135.544
146.801
146.634
146.508
146.389
146.294
146.218
146.143
146.051
145.935
145.788
145.607
145.391
145.141
144.861
144.555
144.229
143.887
143.535
143.177
142.818
142.461
142.109
141.765
141.43
141.107
140.795
140.496
140.211
139.939
139.68
139.435
139.202
138.982
138.774
138.577
138.392
138.216
138.051
137.895
137.747
137.609
137.478
137.355
137.238
137.129
137.026
136.928
136.836
136.75
136.668
136.59
136.516
136.447
136.38
136.317
136.257
136.2
136.145
136.092
136.041
135.992
135.945
135.899
135.855
135.812
135.771
135.731
135.693
135.656
135.623
135.588
135.564
135.525
135.532
145.309
145.284
145.321
145.366
145.431
145.507
145.563
145.58
145.548
145.463
145.324
145.133
144.896
144.621
144.315
143.986
143.64
143.284
142.923
142.563
142.206
141.856
141.516
141.187
140.87
140.566
140.275
139.999
139.736
139.487
139.252
139.029
138.818
138.62
138.432
138.255
138.088
137.931
137.782
137.642
137.51
137.385
137.268
137.157
137.053
136.955
136.862
136.775
136.692
136.614
136.539
136.469
136.403
136.339
136.279
136.221
136.166
136.113
136.062
136.013
135.966
135.92
135.876
135.834
135.792
135.752
135.714
135.677
135.641
135.608
135.574
135.551
135.513
135.52
143.827
143.971
144.206
144.447
144.699
144.94
145.132
145.251
145.291
145.251
145.137
144.956
144.72
144.439
144.125
143.786
143.431
143.068
142.702
142.339
141.982
141.634
141.297
140.972
140.661
140.364
140.082
139.814
139.559
139.319
139.092
138.878
138.676
138.485
138.306
138.136
137.977
137.826
137.684
137.55
137.424
137.305
137.192
137.087
136.987
136.893
136.804
136.72
136.641
136.566
136.495
136.427
136.363
136.302
136.244
136.188
136.135
136.084
136.035
135.988
135.942
135.898
135.855
135.814
135.774
135.735
135.697
135.661
135.626
135.594
135.561
135.539
135.501
135.509
142.372
142.711
143.184
143.657
144.117
144.528
144.848
145.056
145.149
145.136
145.029
144.844
144.597
144.301
143.972
143.619
143.253
142.882
142.511
142.144
141.786
141.439
141.105
140.785
140.48
140.189
139.913
139.652
139.406
139.173
138.954
138.747
138.552
138.369
138.196
138.033
137.88
137.735
137.598
137.47
137.348
137.234
137.126
137.024
136.928
136.838
136.753
136.672
136.596
136.523
136.455
136.39
136.328
136.269
136.213
136.159
136.108
136.058
136.011
135.965
135.921
135.878
135.836
135.796
135.757
135.719
135.682
135.647
135.612
135.581
135.549
135.527
135.49
135.499
140.951
141.513
142.267
143.008
143.689
144.265
144.699
144.974
145.099
145.094
144.98
144.779
144.511
144.196
143.848
143.48
143.102
142.722
142.344
141.975
141.616
141.27
140.939
140.622
140.321
140.036
139.767
139.512
139.272
139.046
138.833
138.633
138.445
138.268
138.101
137.943
137.795
137.655
137.524
137.399
137.282
137.172
137.068
136.97
136.877
136.79
136.707
136.629
136.556
136.486
136.419
136.357
136.297
136.24
136.185
136.133
136.083
136.035
135.989
135.944
135.901
135.859
135.819
135.779
135.741
135.704
135.668
135.633
135.6
135.569
135.537
135.516
135.479
135.489
139.562
140.377
141.462
142.506
143.409
144.134
144.661
144.981
145.117
145.103
144.97
144.744
144.452
144.114
143.747
143.363
142.973
142.583
142.201
141.828
141.468
141.123
140.794
140.481
140.184
139.904
139.64
139.391
139.156
138.936
138.729
138.534
138.351
138.179
138.018
137.865
137.721
137.586
137.458
137.338
137.224
137.117
137.016
136.921
136.832
136.747
136.667
136.591
136.52
136.452
136.388
136.327
136.268
136.213
136.16
136.109
136.06
136.014
135.968
135.925
135.883
135.842
135.802
135.764
135.726
135.69
135.655
135.621
135.588
135.558
135.526
135.506
135.469
135.479
138.209
139.302
140.771
142.147
143.258
144.11
144.707
145.05
145.18
145.145
144.984
144.73
144.411
144.049
143.663
143.263
142.862
142.464
142.076
141.701
141.34
140.996
140.669
140.359
140.066
139.79
139.53
139.285
139.056
138.84
138.638
138.449
138.27
138.103
137.945
137.797
137.657
137.525
137.401
137.284
137.173
137.069
136.971
136.879
136.791
136.709
136.631
136.557
136.488
136.422
136.359
136.3
136.243
136.189
136.137
136.087
136.04
135.994
135.95
135.907
135.866
135.826
135.787
135.749
135.713
135.677
135.642
135.609
135.577
135.547
135.516
135.497
135.46
135.47
136.906
138.285
140.197
141.921
143.214
144.167
144.811
145.157
145.268
145.204
145.011
144.727
144.381
143.997
143.592
143.178
142.766
142.361
141.969
141.591
141.229
140.886
140.56
140.253
139.963
139.69
139.434
139.194
138.969
138.758
138.56
138.374
138.2
138.036
137.882
137.737
137.6
137.472
137.351
137.236
137.128
137.027
136.931
136.841
136.755
136.675
136.599
136.527
136.459
136.395
136.333
136.275
136.22
136.167
136.116
136.068
136.021
135.976
135.933
135.891
135.851
135.811
135.773
135.736
135.7
135.665
135.631
135.598
135.566
135.537
135.507
135.487
135.451
135.462
135.671
137.321
139.74
141.81
143.249
144.28
144.95
145.284
145.367
145.271
145.045
144.73
144.359
143.953
143.531
143.105
142.684
142.273
141.876
141.496
141.134
140.791
140.467
140.161
139.874
139.605
139.352
139.115
138.893
138.685
138.491
138.309
138.138
137.977
137.826
137.684
137.551
137.425
137.306
137.194
137.088
136.989
136.895
136.807
136.723
136.644
136.57
136.5
136.433
136.37
136.31
136.253
136.198
136.147
136.097
136.049
136.004
135.96
135.917
135.876
135.836
135.798
135.76
135.724
135.688
135.654
135.62
135.588
135.556
135.528
135.498
135.479
135.443
135.454
134.528
136.404
139.4
141.789
143.34
144.429
145.107
145.418
145.47
145.339
145.08
144.737
144.341
143.917
143.48
143.043
142.613
142.196
141.796
141.414
141.051
140.708
140.386
140.082
139.797
139.53
139.28
139.046
138.827
138.622
138.431
138.252
138.084
137.926
137.778
137.638
137.507
137.383
137.266
137.156
137.053
136.955
136.863
136.776
136.694
136.617
136.544
136.475
136.41
136.348
136.289
136.233
136.179
136.128
136.079
136.033
135.988
135.945
135.903
135.862
135.823
135.785
135.748
135.712
135.677
135.643
135.61
135.578
135.547
135.519
135.489
135.471
135.435
135.446
133.48
135.54
139.174
141.834
143.466
144.596
145.268
145.55
145.568
145.404
145.114
144.745
144.328
143.886
143.436
142.988
142.551
142.13
141.726
141.343
140.98
140.637
140.315
140.013
139.73
139.465
139.217
138.986
138.77
138.567
138.378
138.202
138.036
137.88
137.734
137.597
137.468
137.346
137.231
137.123
137.021
136.925
136.834
136.749
136.668
136.592
136.52
136.453
136.388
136.327
136.269
136.214
136.162
136.111
136.063
136.017
135.973
135.931
135.889
135.85
135.811
135.774
135.737
135.702
135.667
135.633
135.6
135.569
135.538
135.511
135.481
135.463
135.427
135.439
132.51
134.736
139.038
141.916
143.613
144.768
145.423
145.675
145.66
145.463
145.146
144.753
144.316
143.859
143.398
142.942
142.499
142.073
141.666
141.281
140.918
140.575
140.254
139.953
139.672
139.409
139.163
138.933
138.719
138.519
138.332
138.157
137.994
137.84
137.696
137.561
137.433
137.313
137.2
137.093
136.992
136.898
136.808
136.724
136.645
136.57
136.499
136.432
136.369
136.309
136.251
136.197
136.145
136.096
136.049
136.003
135.96
135.918
135.877
135.838
135.8
135.763
135.727
135.691
135.657
135.624
135.592
135.561
135.53
135.503
135.473
135.455
135.42
135.432
131.57
134.082
138.998
142.021
143.768
144.935
145.568
145.789
145.742
145.517
145.174
144.76
144.307
143.837
143.365
142.901
142.453
142.023
141.614
141.228
140.864
140.522
140.201
139.901
139.621
139.359
139.115
138.887
138.675
138.477
138.291
138.118
137.956
137.805
137.662
137.528
137.402
137.283
137.172
137.066
136.967
136.873
136.785
136.702
136.623
136.549
136.48
136.413
136.351
136.292
136.235
136.182
136.13
136.082
136.035
135.99
135.947
135.905
135.865
135.827
135.789
135.752
135.717
135.682
135.648
135.615
135.583
135.553
135.522
135.495
135.466
135.449
135.413
135.425
130.432
133.505
138.991
142.142
143.925
145.091
145.7
145.892
145.816
145.564
145.199
144.767
144.299
143.817
143.337
142.867
142.413
141.98
141.569
141.182
140.817
140.475
140.155
139.856
139.576
139.316
139.073
138.847
138.636
138.439
138.255
138.084
137.923
137.773
137.632
137.499
137.374
137.257
137.146
137.042
136.943
136.851
136.764
136.681
136.604
136.531
136.462
136.396
136.334
136.276
136.22
136.167
136.117
136.068
136.022
135.978
135.935
135.894
135.855
135.816
135.779
135.743
135.708
135.673
135.64
135.607
135.575
135.545
135.515
135.488
135.459
135.442
135.407
135.419
129.436
133.38
139.008
142.248
144.074
145.233
145.817
145.982
145.88
145.605
145.22
144.772
144.291
143.8
143.312
142.836
142.379
141.943
141.53
141.141
140.776
140.434
140.114
139.816
139.537
139.278
139.036
138.811
138.601
138.405
138.223
138.053
137.894
137.744
137.605
137.473
137.349
137.233
137.123
137.02
136.922
136.83
136.744
136.663
136.586
136.514
136.445
136.381
136.319
136.261
136.206
136.154
136.104
136.056
136.01
135.967
135.924
135.884
135.845
135.807
135.77
135.734
135.699
135.665
135.632
135.6
135.568
135.538
135.508
135.482
135.453
135.436
135.401
135.413
)
;

boundaryField
{
    inlet
    {
        type            freestreamPressure;
        value           nonuniform List<scalar> 
230
(
130.998
131.002
131.008
131.016
131.024
131.032
131.04
131.049
131.059
131.069
131.079
131.09
131.102
131.114
131.127
131.141
131.156
131.171
131.187
131.204
131.222
131.241
131.261
131.282
131.305
131.329
131.354
131.38
131.409
131.438
131.47
131.503
131.538
131.576
131.615
131.657
131.7
131.747
131.796
131.847
131.901
131.958
132.018
132.08
132.146
132.214
132.285
132.359
132.436
132.515
132.597
132.681
132.767
132.854
132.943
133.033
133.123
133.213
133.302
133.39
133.477
133.56
133.641
133.718
133.79
133.857
133.917
133.971
134.018
134.056
134.085
134.107
134.111
134.138
134.002
133.247
132.596
132.045
131.591
131.224
130.932
130.706
130.535
130.41
130.324
130.271
130.244
130.238
130.249
130.273
130.306
130.345
130.386
130.428
130.469
130.51
130.549
130.586
130.622
130.657
130.69
130.72
130.749
130.777
130.803
130.827
130.849
130.871
130.891
130.909
130.927
130.943
130.959
130.974
130.988
134.832
135.614
136.313
136.923
137.447
137.893
138.27
138.584
138.846
139.063
139.242
139.389
139.508
139.605
139.684
139.747
139.796
139.836
139.866
139.889
139.907
139.919
139.928
139.934
139.937
139.938
139.938
139.936
139.934
139.931
139.927
139.923
139.919
139.915
139.911
139.907
139.902
139.898
139.894
139.89
139.886
139.883
139.881
139.879
139.877
139.874
139.872
139.869
139.866
139.863
139.859
139.856
139.852
139.847
139.843
139.837
139.832
139.826
139.819
139.812
139.804
139.796
139.787
139.777
139.766
139.755
139.742
139.728
139.713
139.697
139.679
139.659
139.638
139.615
139.59
139.563
139.533
139.501
139.466
139.428
139.387
139.342
139.294
139.243
139.187
139.127
139.063
138.995
138.921
138.844
138.761
138.674
138.582
138.485
138.384
138.279
138.17
138.058
137.942
137.824
137.703
137.582
137.459
137.336
137.213
137.091
136.971
136.854
136.739
136.628
136.521
136.42
136.324
136.24
136.15
)
;
    }
    outlet
    {
        type            freestreamPressure;
        value           nonuniform List<scalar> 
96
(
135.407
135.402
135.395
135.389
135.382
135.374
135.366
135.358
135.349
135.339
135.329
135.319
135.307
135.296
135.283
135.27
135.256
135.241
135.226
135.21
135.194
135.177
135.159
135.142
135.124
135.107
135.091
135.077
135.067
135.065
135.075
135.093
135.093
135.029
134.87
134.642
134.429
134.31
134.292
134.321
134.34
134.332
134.303
134.269
134.237
134.204
134.18
134.138
136.15
136.136
136.108
136.076
136.044
136.015
135.99
135.97
135.955
135.941
135.929
135.916
135.901
135.885
135.867
135.848
135.827
135.807
135.786
135.765
135.744
135.724
135.704
135.685
135.667
135.649
135.632
135.616
135.6
135.585
135.571
135.557
135.544
135.532
135.52
135.509
135.499
135.489
135.479
135.47
135.462
135.454
135.446
135.439
135.432
135.425
135.419
135.413
)
;
    }
    walls
    {
        type            zeroGradient;
    }
    frontAndBack
    {
        type            empty;
    }
}


// ************************************************************************* //
