# Wall shear stress
# Time       	patch        	min          	max          
0.000000e+00	walls	(-7.407940e+00 -1.035145e+00 -3.346127e-18)	(-4.838983e+00 8.333770e-01 3.706002e-18)
5.000000e+01	walls	(-2.656738e+03 -1.277733e+03 -1.179509e-14)	(3.083814e+01 1.412188e+03 9.742130e-15)
1.000000e+02	walls	(-2.952824e+03 -1.508790e+03 -1.610410e-14)	(2.816020e+01 1.057597e+03 1.298702e-14)
1.500000e+02	walls	(-3.062434e+03 -1.594849e+03 -1.698775e-14)	(2.502104e+01 9.668214e+02 1.377482e-14)
2.000000e+02	walls	(-3.094356e+03 -1.621718e+03 -1.725016e-14)	(2.389151e+01 9.406630e+02 1.401151e-14)
2.500000e+02	walls	(-3.105321e+03 -1.630525e+03 -1.733142e-14)	(2.353814e+01 9.322605e+02 1.408416e-14)
3.000000e+02	walls	(-3.108810e+03 -1.633414e+03 -1.735802e-14)	(2.342804e+01 9.294866e+02 1.410796e-14)
3.500000e+02	walls	(-3.109960e+03 -1.634345e+03 -1.736670e-14)	(2.339019e+01 9.285968e+02 1.411560e-14)
3.870000e+02	walls	(-3.110265e+03 -1.634604e+03 -1.736894e-14)	(2.338034e+01 9.283541e+02 1.411773e-14)
