/*--------------------------------*- C++ -*----------------------------------*\
| =========                 |                                                 |
| \\      /  F ield         | OpenFOAM: The Open Source CFD Toolbox           |
|  \\    /   O peration     | Version:  5.x                                   |
|   \\  /    A nd           | Web:      www.OpenFOAM.org                      |
|    \\/     M anipulation  |                                                 |
\*---------------------------------------------------------------------------*/
FoamFile
{
    version     2.0;
    format      ascii;
    class       volScalarField;
    location    "1300";
    object      p;
}
// * * * * * * * * * * * * * * * * * * * * * * * * * * * * * * * * * * * * * //

dimensions      [0 2 -2 0 0 0 0];

internalField   nonuniform List<scalar> 
11040
(
-0.00266935
-99.7357
-337.069
-401.18
-422.365
-435.341
-436.795
-426.497
-407.828
-381.897
-348.213
-296.468
-246.656
-211.178
-186.386
-159.956
-133.112
-107.756
-83.7523
-60.5847
-38.1656
-18.7999
-2.61711
12.528
26.7146
39.9667
52.2795
63.6415
73.9909
83.2281
91.2405
97.9081
103.175
107.11
109.912
111.838
112.628
112.048
111.722
115.21
115.271
36.5752
-59.9119
-212.48
-290.475
-331.384
-361.457
-379.289
-383.471
-376.489
-360.051
-334.366
-291.476
-246.301
-211.468
-186.13
-160.01
-133.474
-108.251
-84.3258
-61.2221
-38.844
-19.5262
-3.31302
11.8617
26.0804
39.3701
51.7281
63.1415
73.5512
82.8598
90.9489
97.6969
103.043
107.038
109.876
111.851
112.709
112.113
111.373
113.836
113.374
61.2535
-32.5014
-142.361
-234.016
-288.796
-325.029
-347.62
-356.287
-353.3
-340.638
-319.324
-283.74
-242.967
-208.959
-183.518
-158.391
-132.62
-107.791
-84.138
-61.2541
-39.0353
-19.7966
-3.62617
11.5179
25.7175
39.0001
51.3631
62.7917
73.2282
82.5768
90.7188
97.5316
102.945
106.998
109.875
111.889
112.812
112.27
111.386
113.05
112.237
78.6336
-5.13991
-87.38
-171.035
-229.425
-270.859
-300.451
-317.07
-321.365
-315.172
-300.014
-272.176
-236.924
-204.866
-179.75
-155.735
-130.951
-106.719
-83.492
-60.9519
-38.9886
-19.9164
-3.84449
11.2327
25.386
38.6397
50.9912
62.4233
72.8788
82.2635
90.4593
97.3411
102.831
106.958
109.888
111.925
112.886
112.404
111.474
112.653
112.01
92.3268
20.5647
-43.3261
-114.928
-173.764
-218.797
-253.05
-275.642
-286.311
-286.344
-277.337
-257.133
-228.283
-199.19
-174.821
-151.955
-128.392
-104.992
-82.3595
-60.3062
-38.7269
-19.9196
-4.01017
10.9459
25.0071
38.1937
50.503
61.9152
72.3738
81.787
90.0376
97.0008
102.592
106.828
109.844
111.918
112.916
112.523
111.59
112.593
112.453
102.745
42.9564
-8.03498
-67.4291
-121.971
-167.094
-203.665
-230.74
-247.186
-253.452
-250.816
-238.178
-216.31
-191.238
-168.36
-146.853
-124.762
-102.458
-80.6066
-59.192
-38.1344
-19.692
-4.02695
10.7351
24.6407
37.7048
49.9238
61.2759
71.7057
81.1244
89.4187
96.4664
102.178
106.555
109.7
111.846
112.911
112.672
111.828
112.816
113.224
110.634
61.6494
20.2369
-28.3123
-76.0022
-118.362
-154.812
-184.213
-204.947
-216.69
-220.158
-214.757
-200.173
-180.215
-159.877
-140.155
-119.821
-98.9177
-78.0895
-57.4986
-37.1199
-19.1618
-3.83911
10.6452
24.3215
37.1954
49.2627
60.5001
70.8546
80.2428
88.5575
95.6828
101.527
106.075
109.397
111.671
112.865
112.872
112.25
113.294
114.24
116.575
76.7331
42.7947
3.3576
-36.8077
-74.5042
-108.737
-138.274
-161.392
-177.227
-185.909
-186.967
-179.463
-165.369
-148.667
-131.376
-113.183
-94.0566
-74.5703
-55.0446
-35.5467
-18.2276
-3.36648
10.7389
24.096
36.6974
48.5355
59.5866
69.8011
79.1036
87.3972
94.5762
100.551
105.295
108.845
111.328
112.75
113.119
112.873
114.09
115.463
120.994
88.6134
60.6672
28.6888
-4.39462
-36.6122
-67.1724
-94.9807
-118.509
-136.681
-149.186
-155.485
-154.302
-146.254
-134.053
-119.942
-104.371
-87.4591
-69.7123
-51.5632
-33.2003
-16.7115
-2.45834
11.1387
24.0638
36.2923
47.808
58.585
68.5769
77.7174
85.9239
93.106
99.184
104.124
107.944
110.725
112.503
113.38
113.68
115.238
116.859
124.207
97.8139
74.7292
48.793
21.8745
-4.90528
-31.1127
-55.9539
-78.2383
-96.965
-111.61
-121.576
-125.453
-122.98
-115.659
-105.363
-92.9204
-78.6741
-63.1107
-46.7199
-29.8055
-14.3802
-0.912343
12.0167
24.3713
36.1076
47.1947
57.5997
67.2773
76.1692
84.2065
91.3174
97.4381
102.54
106.634
109.779
112.028
113.551
114.56
116.614
118.413
126.476
104.863
85.7413
64.6764
42.9005
21.023
-0.807263
-22.1137
-42.0545
-59.867
-75.026
-86.9565
-94.3072
-96.3487
-93.6481
-87.4309
-78.4954
-67.3086
-54.3552
-40.1358
-25.0364
-10.9548
1.51516
13.5861
25.204
36.3069
46.8441
56.7713
66.0406
74.5982
82.3864
89.3487
95.4388
100.64
104.968
108.48
111.243
113.461
115.262
117.892
119.983
128.024
110.234
94.3556
77.2097
59.6261
41.9247
24.0867
6.35082
-10.7456
-26.6919
-41.0863
-53.454
-62.6435
-67.7813
-68.8466
-66.4402
-61.0743
-53.1596
-43.1328
-31.4557
-18.5421
-6.11305
5.11549
16.1109
26.7993
37.1023
46.9475
56.2759
65.0343
73.1704
80.6333
87.3777
93.3703
98.6044
103.106
106.932
110.157
112.989
115.513
118.645
121.204
129.045
114.333
101.118
87.1245
72.9179
58.6574
44.246
29.7752
15.5577
1.91292
-10.9162
-22.5934
-32.2268
-39.009
-42.6433
-43.2879
-41.1246
-36.3814
-29.3718
-20.4624
-10.0295
0.458928
10.1989
19.8925
29.4444
38.762
47.7533
56.3435
64.472
72.0856
79.1371
85.5884
91.4143
96.6136
101.216
105.273
108.852
112.132
115.188
118.613
121.653
129.701
117.485
106.469
95.0172
83.5178
72.0415
60.4658
48.8033
37.224
25.9118
14.9905
4.66143
-4.43405
-11.6536
-16.6388
-19.3136
-19.6224
-17.5968
-13.3866
-7.22254
0.611414
8.96666
17.0176
25.2117
33.4364
41.588
49.5588
57.2608
64.6263
71.5997
78.1345
84.1958
89.7621
94.8329
99.4348
103.607
107.4
110.942
114.303
117.804
121.077
130.116
119.944
110.751
101.356
92.0261
82.7839
73.5069
64.171
54.8628
45.6794
36.6775
27.9539
19.9419
13.1072
7.76088
4.05671
2.16101
2.17414
4.08864
7.81165
13.1756
19.3769
25.648
32.2249
38.9891
45.8337
52.6434
59.3211
65.7933
72.0021
77.901
83.4553
88.6427
93.4589
97.9224
102.057
105.891
109.506
112.951
116.377
119.614
130.397
121.915
114.24
106.512
98.9219
91.465
84.0297
76.578
69.1508
61.7958
54.5314
47.3947
40.6647
34.6593
29.6083
25.6592
22.9946
21.7659
22.0494
23.8543
27.1177
31.3515
35.9086
40.8776
46.1488
51.6223
57.187
62.7459
68.2237
73.561
78.7101
83.6352
88.3117
92.7295
96.8967
100.821
104.511
108.013
111.356
114.599
117.659
130.659
123.583
117.174
110.805
104.615
98.5841
92.6144
86.6663
80.7567
74.9071
69.1162
63.3943
57.9138
52.884
48.4619
44.7593
41.9289
40.1165
39.4258
39.9177
41.5985
44.2218
47.2898
50.8066
54.6824
58.8329
63.1613
67.5803
72.0196
76.4225
80.7423
84.9419
88.9939
92.882
96.6047
100.158
103.537
106.764
109.852
112.819
115.625
130.896
124.933
119.525
114.209
109.092
104.145
99.2823
94.4687
89.7098
85.0144
80.3749
75.7919
71.3741
67.2559
63.5408
60.3066
57.6669
55.739
54.6192
54.3805
55.0595
56.559
58.5172
60.9017
63.6463
66.6852
69.9408
73.3407
76.8249
80.343
83.8524
87.3178
90.7112
94.013
97.2149
100.305
103.273
106.125
108.866
111.495
113.995
131.091
125.99
121.357
116.844
112.539
108.407
104.372
100.404
96.5025
92.6699
88.8968
85.1792
81.5907
78.2205
75.1364
72.3923
70.0692
68.2548
67.027
66.4517
66.5721
67.3695
68.5827
70.1708
72.088
74.285
76.702
79.2821
81.9766
84.7434
87.5456
90.3518
93.1357
95.8772
98.565
101.184
103.721
106.175
108.545
110.822
113
131.274
126.854
122.834
118.95
115.274
111.767
108.364
105.038
101.786
98.6063
95.4909
92.4343
89.4876
86.7128
84.1548
81.8509
79.8586
78.2419
77.0599
76.3662
76.2001
76.5791
77.3121
78.3611
79.6958
81.2795
83.067
85.0146
87.0843
89.2419
91.457
93.7029
95.9562
98.1984
100.417
102.598
104.726
106.798
108.81
110.75
112.616
131.45
127.582
124.06
120.68
117.504
114.491
111.583
108.758
106.011
103.339
100.734
98.1913
95.7467
93.4451
91.3169
89.3875
87.6988
86.2969
85.2255
84.5259
84.2301
84.3694
84.8001
85.4909
86.4225
87.5674
88.8912
90.3611
91.9476
93.6239
95.3652
97.1497
98.9577
100.773
102.584
104.376
106.138
107.864
109.549
111.182
112.76
131.625
128.212
125.1
122.133
119.362
116.747
114.237
111.811
109.465
107.195
104.993
102.856
100.809
98.8847
97.1056
95.4883
94.0634
92.8645
91.9234
91.2711
90.9321
90.9403
91.1842
91.6399
92.2953
93.1292
94.1155
95.2292
96.4478
97.7504
99.1173
100.531
101.975
103.435
104.903
106.365
107.81
109.235
110.632
111.993
113.316
131.797
128.764
125.997
123.373
120.936
118.647
116.461
114.36
112.338
110.392
108.514
106.702
104.973
103.354
101.858
100.499
99.2977
98.2793
97.4669
96.8832
96.5463
96.4878
96.6186
96.9209
97.3876
98.0019
98.7436
99.5935
100.534
101.55
102.625
103.745
104.896
106.069
107.254
108.441
109.621
110.79
111.942
113.069
114.169
131.966
129.256
126.78
124.444
122.287
120.269
118.352
116.518
114.762
113.081
111.467
109.918
108.448
107.076
105.813
104.666
103.652
102.79
102.095
101.585
101.273
101.185
101.248
101.451
101.788
102.247
102.812
103.467
104.199
104.995
105.844
106.733
107.653
108.595
109.551
110.514
111.475
112.431
113.377
114.308
115.219
132.132
129.696
127.47
125.38
123.458
121.669
119.976
118.365
116.831
115.369
113.973
112.641
111.383
110.214
109.141
108.17
107.313
106.583
105.993
105.553
105.274
105.178
105.202
105.34
105.589
105.937
106.372
106.882
107.457
108.086
108.761
109.471
110.208
110.967
111.739
112.52
113.303
114.085
114.862
115.628
116.381
132.292
130.093
128.082
126.202
124.483
122.887
121.385
119.962
118.613
117.334
116.12
114.968
113.886
112.885
111.97
111.145
110.419
109.801
109.3
108.925
108.681
108.588
108.591
108.687
108.874
109.143
109.483
109.885
110.341
110.842
111.381
111.952
112.546
113.159
113.786
114.421
115.059
115.7
116.337
116.969
117.591
132.447
130.452
128.628
126.93
125.384
123.955
122.615
121.352
120.16
119.037
117.976
116.974
116.039
115.178
114.394
113.691
113.074
112.551
112.127
111.809
111.599
111.514
111.506
111.575
111.719
111.93
112.2
112.52
112.885
113.289
113.723
114.184
114.666
115.164
115.675
116.193
116.716
117.241
117.766
118.287
118.801
132.595
130.778
129.117
127.578
126.181
124.895
123.695
122.569
121.512
120.521
119.589
118.715
117.904
117.16
116.487
115.886
115.361
114.917
114.558
114.289
114.112
114.037
114.025
114.075
114.188
114.357
114.574
114.833
115.129
115.455
115.809
116.184
116.577
116.984
117.402
117.827
118.257
118.689
119.122
119.554
119.979
132.736
131.075
129.557
128.155
126.889
125.728
124.648
123.641
122.7
121.821
121.001
120.235
119.529
118.884
118.304
117.789
117.341
116.965
116.662
116.435
116.285
116.222
116.209
116.248
116.339
116.476
116.653
116.864
117.105
117.373
117.663
117.97
118.293
118.627
118.971
119.322
119.676
120.034
120.392
120.75
121.103
132.869
131.346
129.953
128.672
127.52
126.467
125.493
124.588
123.747
122.966
122.241
121.569
120.951
120.392
119.891
119.448
119.066
118.746
118.49
118.3
118.175
118.122
118.11
118.141
118.216
118.329
118.475
118.65
118.849
119.07
119.309
119.563
119.829
120.106
120.39
120.68
120.974
121.271
121.569
121.867
122.161
132.995
131.592
130.31
129.136
128.083
127.125
126.243
125.427
124.674
123.978
123.335
122.743
122.202
121.715
121.281
120.901
120.574
120.303
120.087
119.927
119.824
119.78
119.771
119.797
119.86
119.955
120.076
120.222
120.388
120.572
120.77
120.981
121.203
121.433
121.669
121.911
122.156
122.403
122.652
122.901
123.146
133.114
131.816
130.632
129.551
128.586
127.712
126.91
126.173
125.496
124.874
124.303
123.78
123.306
122.881
122.505
122.178
121.898
121.668
121.486
121.353
121.267
121.233
121.226
121.249
121.303
121.383
121.486
121.609
121.748
121.902
122.068
122.245
122.43
122.622
122.82
123.021
123.226
123.433
123.641
123.85
124.056
133.225
132.02
130.922
129.924
129.036
128.235
127.505
126.837
126.226
125.669
125.161
124.698
124.282
123.911
123.585
123.303
123.064
122.869
122.716
122.605
122.536
122.509
122.505
122.526
122.573
122.642
122.729
122.833
122.951
123.081
123.221
123.369
123.525
123.686
123.852
124.021
124.193
124.367
124.542
124.717
124.89
133.328
132.206
131.184
130.259
129.439
128.703
128.034
127.427
126.876
126.375
125.922
125.513
125.146
124.823
124.54
124.297
124.093
123.928
123.8
123.708
123.652
123.633
123.631
123.651
123.692
123.752
123.828
123.916
124.017
124.127
124.246
124.371
124.502
124.638
124.778
124.921
125.066
125.212
125.359
125.507
125.652
133.423
132.373
131.419
130.558
129.798
129.119
128.506
127.953
127.453
127.003
126.598
126.236
125.913
125.631
125.386
125.177
125.003
124.864
124.757
124.682
124.637
124.624
124.625
124.644
124.681
124.733
124.799
124.875
124.961
125.055
125.156
125.263
125.374
125.489
125.607
125.728
125.85
125.974
126.098
126.223
126.345
133.511
132.524
131.629
130.825
130.118
129.49
128.926
128.42
127.967
127.561
127.199
126.877
126.594
126.347
126.135
125.956
125.808
125.691
125.603
125.542
125.507
125.499
125.503
125.521
125.555
125.602
125.659
125.725
125.799
125.88
125.967
126.057
126.152
126.25
126.35
126.452
126.556
126.66
126.765
126.871
126.974
133.592
132.66
131.816
131.063
130.402
129.818
129.298
128.834
128.422
128.056
127.732
127.446
127.197
126.982
126.799
126.646
126.521
126.423
126.351
126.302
126.276
126.273
126.278
126.296
126.328
126.37
126.42
126.478
126.542
126.612
126.686
126.764
126.844
126.928
127.013
127.1
127.187
127.276
127.365
127.455
127.542
133.665
132.781
131.982
131.272
130.653
130.108
129.626
129.199
128.824
128.493
128.203
127.95
127.731
127.544
127.386
127.256
127.152
127.071
127.012
126.975
126.956
126.957
126.965
126.983
127.012
127.05
127.095
127.146
127.202
127.263
127.327
127.394
127.463
127.534
127.607
127.68
127.755
127.83
127.905
127.981
128.055
133.731
132.887
132.128
131.456
130.872
130.361
129.913
129.52
129.177
128.878
128.618
128.394
128.202
128.04
127.905
127.795
127.708
127.643
127.596
127.568
127.556
127.56
127.57
127.588
127.615
127.65
127.69
127.736
127.785
127.837
127.893
127.95
128.01
128.071
128.133
128.196
128.259
128.323
128.387
128.451
128.514
133.79
132.98
132.254
131.614
131.061
130.581
130.163
129.799
129.485
129.214
128.981
128.783
128.615
128.476
128.362
128.27
128.199
128.147
128.111
128.092
128.086
128.093
128.105
128.125
128.151
128.184
128.22
128.261
128.305
128.351
128.399
128.449
128.501
128.553
128.606
128.66
128.714
128.768
128.822
128.877
128.929
133.841
133.06
132.362
131.749
131.223
130.769
130.376
130.039
129.751
129.505
129.297
129.122
128.976
128.857
128.761
128.686
128.629
128.588
128.562
128.55
128.549
128.559
128.572
128.592
128.617
128.647
128.681
128.717
128.756
128.797
128.839
128.883
128.927
128.973
129.018
129.064
129.11
129.156
129.202
129.249
129.293
133.886
133.127
132.452
131.862
131.357
130.925
130.556
130.242
129.977
129.754
129.568
129.414
129.288
129.187
129.108
129.048
129.004
128.975
128.958
128.953
128.958
128.972
128.989
129.01
129.035
129.065
129.097
129.13
129.166
129.202
129.24
129.278
129.317
129.356
129.395
129.435
129.474
129.513
129.552
129.591
129.629
133.923
133.18
132.523
131.951
131.465
131.052
130.703
130.409
130.165
129.962
129.796
129.661
129.554
129.469
129.405
129.358
129.326
129.306
129.297
129.297
129.306
129.321
129.339
129.361
129.386
129.413
129.443
129.474
129.506
129.539
129.572
129.606
129.64
129.674
129.709
129.743
129.777
129.81
129.844
129.877
129.908
133.953
133.222
132.576
132.018
131.546
131.149
130.816
130.541
130.314
130.13
129.983
129.866
129.775
129.707
129.657
129.624
129.604
129.595
129.596
129.605
129.62
129.641
129.663
129.687
129.714
129.742
129.772
129.802
129.832
129.863
129.894
129.924
129.955
129.985
130.014
130.043
130.072
130.101
130.129
130.156
130.183
133.977
133.252
132.615
132.067
131.605
131.219
130.9
130.64
130.429
130.261
130.13
130.029
129.954
129.899
129.862
129.839
129.828
129.826
129.832
129.844
129.862
129.884
129.907
129.932
129.958
129.986
130.014
130.042
130.07
130.099
130.127
130.154
130.182
130.208
130.235
130.261
130.286
130.311
130.336
130.36
130.383
133.995
133.269
132.636
132.094
131.639
131.263
130.956
130.707
130.51
130.356
130.239
130.153
130.093
130.053
130.032
130.025
130.028
130.041
130.06
130.083
130.11
130.139
130.168
130.198
130.228
130.258
130.288
130.317
130.345
130.373
130.4
130.426
130.451
130.475
130.498
130.521
130.543
130.564
130.584
130.603
130.622
134.002
133.266
132.628
132.084
131.633
131.264
130.966
130.73
130.547
130.407
130.305
130.232
130.184
130.155
130.141
130.14
130.148
130.163
130.184
130.211
130.24
130.27
130.3
130.33
130.361
130.391
130.42
130.448
130.476
130.502
130.528
130.552
130.576
130.598
130.62
130.64
130.66
130.679
130.697
130.714
130.731
134
133.246
132.594
132.044
131.59
131.223
130.931
130.705
130.533
130.409
130.323
130.27
130.242
130.237
130.248
130.272
130.305
130.343
130.385
130.427
130.468
130.508
130.547
130.585
130.621
130.656
130.688
130.719
130.748
130.775
130.801
130.825
130.848
130.869
130.889
130.908
130.925
130.942
130.958
130.972
130.986
125.736
133.171
139.071
142.364
144.22
145.368
145.928
146.066
145.939
145.642
145.239
144.776
144.283
143.783
143.287
142.806
142.345
141.907
141.492
141.102
140.737
140.395
140.075
139.777
139.499
139.241
139
138.776
138.567
138.373
138.191
138.022
137.864
137.716
137.577
137.447
137.324
137.209
137.1
136.997
136.901
136.81
136.724
136.644
136.568
136.496
136.428
136.364
136.304
136.246
136.192
136.14
136.09
136.043
135.998
135.954
135.912
135.872
135.833
135.796
135.759
135.724
135.689
135.656
135.623
135.591
135.559
135.53
135.5
135.474
135.445
135.428
135.394
135.406
124.726
132.722
138.888
142.414
144.367
145.519
146.053
146.162
146.007
145.684
145.261
144.781
144.275
143.765
143.262
142.775
142.31
141.868
141.452
141.061
140.695
140.353
140.034
139.737
139.46
139.202
138.962
138.739
138.532
138.339
138.159
137.991
137.834
137.688
137.55
137.421
137.299
137.185
137.077
136.975
136.879
136.789
136.705
136.625
136.55
136.479
136.412
136.348
136.288
136.232
136.178
136.126
136.077
136.031
135.986
135.943
135.902
135.862
135.823
135.786
135.75
135.715
135.681
135.647
135.615
135.583
135.552
135.522
135.493
135.467
135.439
135.422
135.388
135.4
123.974
131.532
138.35
142.328
144.462
145.662
146.192
146.274
146.087
145.734
145.286
144.786
144.265
143.743
143.231
142.738
142.268
141.823
141.405
141.013
140.647
140.305
139.986
139.69
139.414
139.158
138.919
138.698
138.492
138.301
138.122
137.956
137.801
137.655
137.519
137.391
137.271
137.158
137.051
136.951
136.856
136.767
136.683
136.604
136.53
136.46
136.394
136.331
136.272
136.216
136.162
136.112
136.063
136.017
135.973
135.931
135.89
135.85
135.812
135.776
135.74
135.705
135.671
135.638
135.606
135.575
135.544
135.515
135.486
135.46
135.432
135.416
135.382
135.394
123.577
130.508
137.649
142.059
144.457
145.752
146.303
146.379
146.169
145.788
145.313
144.791
144.251
143.715
143.193
142.693
142.217
141.77
141.349
140.956
140.59
140.248
139.931
139.635
139.361
139.106
138.87
138.65
138.446
138.257
138.08
137.916
137.763
137.619
137.485
137.358
137.239
137.128
137.022
136.923
136.83
136.742
136.659
136.582
136.508
136.439
136.374
136.312
136.254
136.199
136.146
136.096
136.048
136.003
135.959
135.917
135.877
135.838
135.801
135.765
135.729
135.695
135.662
135.629
135.597
135.566
135.536
135.507
135.478
135.453
135.425
135.409
135.375
135.387
123.694
130.121
137.073
141.656
144.314
145.754
146.356
146.441
146.223
145.826
145.331
144.788
144.23
143.679
143.146
142.637
142.156
141.705
141.283
140.889
140.522
140.182
139.865
139.572
139.3
139.047
138.813
138.596
138.394
138.207
138.033
137.871
137.719
137.578
137.445
137.321
137.204
137.094
136.99
136.893
136.801
136.714
136.633
136.556
136.484
136.416
136.352
136.292
136.234
136.18
136.128
136.079
136.032
135.987
135.944
135.903
135.863
135.825
135.788
135.752
135.718
135.684
135.651
135.619
135.587
135.557
135.527
135.498
135.47
135.445
135.417
135.401
135.368
135.38
124.07
130.226
136.788
141.308
144.081
145.643
146.326
146.442
146.223
145.816
145.312
144.76
144.191
143.628
143.084
142.568
142.081
141.626
141.203
140.808
140.442
140.103
139.789
139.497
139.228
138.978
138.746
138.532
138.333
138.149
137.978
137.818
137.67
137.531
137.401
137.279
137.164
137.056
136.954
136.858
136.768
136.683
136.604
136.528
136.458
136.391
136.328
136.269
136.212
136.159
136.108
136.06
136.014
135.97
135.928
135.887
135.849
135.811
135.775
135.74
135.705
135.672
135.64
135.608
135.577
135.547
135.517
135.489
135.461
135.436
135.409
135.393
135.36
135.373
124.568
130.59
136.741
141.137
143.873
145.454
146.197
146.364
146.162
145.75
145.236
144.677
144.105
143.541
142.996
142.476
141.986
141.529
141.105
140.711
140.346
140.009
139.697
139.409
139.143
138.896
138.669
138.458
138.263
138.082
137.914
137.758
137.613
137.477
137.35
137.23
137.118
137.013
136.913
136.82
136.731
136.649
136.571
136.497
136.428
136.363
136.301
136.243
136.188
136.136
136.087
136.039
135.994
135.951
135.91
135.871
135.832
135.796
135.76
135.726
135.692
135.659
135.627
135.596
135.566
135.536
135.507
135.479
135.452
135.427
135.4
135.385
135.352
135.365
125.246
131.017
136.746
141.053
143.734
145.264
146.006
146.202
146.027
145.627
145.11
144.54
143.959
143.395
142.854
142.341
141.857
141.405
140.982
140.591
140.229
139.896
139.588
139.304
139.042
138.8
138.577
138.371
138.18
138.004
137.84
137.689
137.547
137.415
137.291
137.175
137.066
136.963
136.867
136.776
136.69
136.609
136.533
136.462
136.395
136.332
136.272
136.215
136.162
136.111
136.063
136.017
135.973
135.931
135.891
135.852
135.815
135.779
135.744
135.71
135.678
135.646
135.614
135.584
135.554
135.525
135.496
135.469
135.442
135.418
135.391
135.376
135.344
135.356
126.219
131.449
136.607
140.849
143.546
145.062
145.791
145.987
145.825
145.438
144.93
144.359
143.771
143.198
142.653
142.144
141.67
141.23
140.82
140.439
140.085
139.758
139.456
139.178
138.922
138.686
138.469
138.268
138.084
137.913
137.754
137.607
137.471
137.343
137.224
137.112
137.006
136.907
136.814
136.726
136.643
136.565
136.491
136.422
136.358
136.296
136.238
136.184
136.132
136.083
136.036
135.992
135.949
135.908
135.869
135.832
135.796
135.761
135.727
135.694
135.662
135.631
135.6
135.57
135.541
135.512
135.484
135.458
135.431
135.407
135.381
135.366
135.335
135.347
127.37
131.814
136.241
140.355
143.105
144.671
145.462
145.709
145.572
145.194
144.688
144.122
143.538
142.965
142.416
141.902
141.427
140.994
140.597
140.232
139.895
139.583
139.293
139.024
138.777
138.549
138.34
138.147
137.969
137.805
137.653
137.513
137.382
137.26
137.145
137.038
136.937
136.842
136.753
136.668
136.589
136.514
136.444
136.378
136.315
136.257
136.201
136.149
136.099
136.052
136.007
135.964
135.923
135.883
135.846
135.809
135.774
135.741
135.708
135.676
135.645
135.614
135.585
135.556
135.527
135.499
135.472
135.445
135.419
135.396
135.371
135.356
135.325
135.338
128.185
131.857
135.5
139.362
142.198
143.882
144.798
145.182
145.162
144.863
144.397
143.848
143.268
142.693
142.144
141.628
141.153
140.72
140.325
139.967
139.645
139.35
139.08
138.83
138.598
138.383
138.184
138.001
137.833
137.677
137.534
137.401
137.277
137.162
137.054
136.953
136.857
136.767
136.682
136.602
136.527
136.456
136.389
136.326
136.267
136.211
136.159
136.109
136.061
136.016
135.973
135.932
135.893
135.856
135.82
135.785
135.751
135.719
135.687
135.656
135.626
135.597
135.568
135.54
135.512
135.485
135.458
135.433
135.407
135.385
135.36
135.345
135.315
135.328
128.098
131.229
134.223
137.672
140.504
142.359
143.494
144.119
144.328
144.223
143.908
143.465
142.95
142.405
141.863
141.344
140.862
140.423
140.025
139.669
139.351
139.065
138.809
138.578
138.367
138.172
137.991
137.824
137.669
137.525
137.392
137.269
137.154
137.047
136.947
136.853
136.764
136.68
136.601
136.526
136.455
136.389
136.327
136.268
136.212
136.16
136.111
136.064
136.019
135.977
135.936
135.898
135.861
135.825
135.791
135.758
135.725
135.694
135.664
135.635
135.606
135.578
135.55
135.523
135.496
135.47
135.444
135.419
135.394
135.372
135.348
135.334
135.304
135.317
127.068
129.837
132.402
135.349
137.982
139.92
141.275
142.192
142.728
142.939
142.9
142.685
142.353
141.947
141.502
141.043
140.587
140.15
139.743
139.374
139.044
138.754
138.499
138.276
138.08
137.905
137.746
137.6
137.465
137.339
137.221
137.111
137.008
136.912
136.821
136.735
136.655
136.578
136.506
136.437
136.373
136.312
136.254
136.201
136.15
136.101
136.056
136.012
135.971
135.932
135.894
135.858
135.824
135.79
135.758
135.727
135.697
135.668
135.639
135.611
135.584
135.557
135.53
135.504
135.478
135.453
135.428
135.404
135.38
135.358
135.335
135.321
135.293
135.306
125.301
127.776
130.074
132.597
134.958
136.876
138.366
139.505
140.323
140.851
141.135
141.23
141.178
141.014
140.77
140.474
140.145
139.802
139.456
139.116
138.79
138.488
138.214
137.975
137.769
137.594
137.446
137.319
137.206
137.104
137.009
136.919
136.833
136.75
136.672
136.597
136.526
136.458
136.394
136.334
136.276
136.222
136.171
136.123
136.077
136.034
135.993
135.954
135.917
135.881
135.847
135.814
135.782
135.752
135.722
135.693
135.665
135.638
135.611
135.585
135.559
135.534
135.508
135.484
135.459
135.435
135.411
135.388
135.365
135.344
135.321
135.308
135.281
135.294
123.044
125.274
127.385
129.606
131.722
133.562
135.109
136.388
137.411
138.19
138.751
139.127
139.354
139.459
139.467
139.399
139.273
139.103
138.901
138.678
138.445
138.207
137.971
137.742
137.526
137.33
137.16
137.019
136.904
136.812
136.737
136.671
136.611
136.552
136.493
136.433
136.375
136.318
136.264
136.212
136.163
136.117
136.074
136.032
135.993
135.956
135.921
135.887
135.854
135.823
135.793
135.763
135.735
135.708
135.681
135.655
135.629
135.604
135.58
135.556
135.532
135.508
135.485
135.461
135.438
135.415
135.392
135.37
135.348
135.328
135.307
135.294
135.268
135.282
120.555
122.58
124.529
126.523
128.439
130.18
131.727
133.083
134.245
135.212
135.994
136.609
137.078
137.421
137.66
137.814
137.899
137.927
137.911
137.857
137.772
137.663
137.536
137.396
137.25
137.099
136.949
136.804
136.67
136.553
136.458
136.385
136.33
136.288
136.254
136.221
136.187
136.15
136.111
136.072
136.033
135.996
135.961
135.927
135.896
135.866
135.837
135.809
135.782
135.756
135.731
135.706
135.682
135.658
135.635
135.612
135.589
135.567
135.545
135.523
135.502
135.48
135.458
135.437
135.415
135.394
135.372
135.351
135.33
135.312
135.291
135.279
135.254
135.269
118.103
119.938
121.724
123.524
125.265
126.896
128.403
129.779
131.016
132.106
133.05
133.854
134.527
135.081
135.528
135.882
136.158
136.367
136.521
136.629
136.701
136.74
136.752
136.741
136.709
136.66
136.598
136.526
136.448
136.364
136.278
136.193
136.115
136.05
136
135.964
135.94
135.923
135.907
135.89
135.871
135.85
135.828
135.806
135.783
135.761
135.74
135.719
135.699
135.679
135.659
135.64
135.62
135.601
135.582
135.563
135.544
135.525
135.506
135.487
135.468
135.449
135.429
135.41
135.39
135.37
135.35
135.331
135.311
135.294
135.274
135.263
135.239
135.255
116.116
117.756
119.37
120.983
122.557
124.063
125.492
126.834
128.08
129.222
130.255
131.178
131.994
132.705
133.32
133.844
134.287
134.657
134.965
135.217
135.424
135.592
135.726
135.832
135.913
135.971
136.007
136.024
136.024
136.01
135.984
135.951
135.911
135.867
135.822
135.778
135.74
135.712
135.693
135.684
135.679
135.676
135.671
135.664
135.655
135.644
135.632
135.619
135.606
135.593
135.58
135.566
135.553
135.538
135.524
135.509
135.494
135.479
135.463
135.447
135.431
135.414
135.397
135.38
135.362
135.345
135.327
135.309
135.29
135.274
135.256
135.246
135.223
135.24
114.806
116.247
117.678
119.106
120.512
121.881
123.203
124.471
125.675
126.809
127.865
128.841
129.732
130.54
131.266
131.912
132.482
132.982
133.418
133.796
134.121
134.399
134.637
134.839
135.01
135.154
135.273
135.37
135.447
135.505
135.546
135.573
135.587
135.592
135.59
135.581
135.568
135.551
135.533
135.517
135.506
135.502
135.504
135.508
135.512
135.515
135.514
135.512
135.507
135.502
135.495
135.488
135.48
135.471
135.462
135.451
135.441
135.429
135.417
135.405
135.392
135.378
135.364
135.349
135.333
135.317
135.301
135.285
135.268
135.253
135.237
135.228
135.206
135.225
114.145
115.387
116.631
117.876
119.113
120.333
121.529
122.695
123.821
124.903
125.933
126.906
127.818
128.667
129.451
130.169
130.823
131.414
131.944
132.419
132.84
133.213
133.541
133.83
134.082
134.301
134.492
134.657
134.8
134.922
135.025
135.111
135.181
135.237
135.281
135.313
135.336
135.352
135.362
135.365
135.365
135.362
135.359
135.36
135.366
135.375
135.385
135.394
135.4
135.404
135.405
135.404
135.402
135.399
135.395
135.39
135.384
135.377
135.369
135.36
135.35
135.339
135.328
135.315
135.302
135.289
135.274
135.26
135.245
135.232
135.216
135.209
135.189
135.209
114.045
115.093
116.153
117.22
118.289
119.355
120.414
121.459
122.484
123.484
124.452
125.384
126.275
127.121
127.919
128.666
129.362
130.005
130.597
131.139
131.631
132.077
132.479
132.839
133.162
133.449
133.704
133.929
134.129
134.304
134.459
134.595
134.714
134.818
134.908
134.984
135.048
135.099
135.141
135.173
135.198
135.217
135.229
135.236
135.242
135.248
135.257
135.269
135.282
135.296
135.307
135.315
135.32
135.323
135.325
135.325
135.323
135.321
135.317
135.312
135.305
135.298
135.289
135.28
135.269
135.258
135.246
135.234
135.22
135.208
135.194
135.188
135.169
135.192
114.387
115.257
116.143
117.041
117.949
118.865
119.783
120.7
121.611
122.511
123.395
124.259
125.097
125.908
126.685
127.426
128.129
128.792
129.413
129.993
130.53
131.025
131.48
131.896
132.275
132.618
132.928
133.207
133.458
133.682
133.883
134.062
134.222
134.365
134.493
134.607
134.708
134.796
134.873
134.937
134.991
135.035
135.071
135.099
135.12
135.136
135.149
135.159
135.171
135.185
135.201
135.217
135.231
135.242
135.25
135.256
135.26
135.261
135.262
135.261
135.258
135.254
135.249
135.242
135.234
135.226
135.216
135.205
135.194
135.184
135.171
135.167
135.149
135.175
115.057
115.768
116.497
117.242
118.002
118.775
119.557
120.346
121.138
121.93
122.717
123.497
124.264
125.015
125.747
126.456
127.139
127.793
128.416
129.006
129.563
130.085
130.572
131.025
131.444
131.83
132.184
132.507
132.802
133.069
133.311
133.53
133.728
133.906
134.066
134.211
134.342
134.46
134.566
134.661
134.744
134.816
134.878
134.93
134.972
135.007
135.035
135.057
135.074
135.089
135.103
135.118
135.135
135.152
135.168
135.181
135.191
135.199
135.204
135.207
135.208
135.208
135.206
135.202
135.197
135.191
135.184
135.176
135.166
135.158
135.146
135.144
135.127
135.158
115.951
116.526
117.118
117.727
118.355
118.998
119.654
120.321
120.998
121.681
122.368
123.055
123.74
124.419
125.088
125.746
126.388
127.012
127.615
128.194
128.749
129.277
129.777
130.248
130.691
131.104
131.488
131.844
132.173
132.476
132.753
133.007
133.238
133.449
133.64
133.814
133.972
134.115
134.245
134.363
134.47
134.566
134.652
134.728
134.794
134.85
134.897
134.937
134.969
134.995
135.016
135.033
135.049
135.065
135.083
135.1
135.117
135.131
135.142
135.15
135.155
135.159
135.16
135.16
135.158
135.155
135.15
135.144
135.137
135.13
135.12
135.119
135.104
135.14
116.983
117.443
117.918
118.413
118.925
119.454
119.997
120.554
121.123
121.703
122.291
122.886
123.485
124.085
124.683
125.278
125.866
126.444
127.01
127.562
128.096
128.612
129.108
129.581
130.031
130.457
130.858
131.235
131.587
131.915
132.219
132.501
132.761
132.999
133.218
133.419
133.602
133.769
133.922
134.061
134.187
134.303
134.408
134.503
134.589
134.666
134.734
134.792
134.842
134.883
134.918
134.946
134.969
134.989
135.006
135.022
135.04
135.058
135.074
135.088
135.099
135.107
135.112
135.116
135.117
135.116
135.114
135.111
135.105
135.101
135.093
135.094
135.078
135.123
118.086
118.452
118.83
119.228
119.643
120.073
120.518
120.977
121.45
121.936
122.432
122.938
123.453
123.973
124.498
125.024
125.55
126.074
126.592
127.104
127.605
128.095
128.571
129.032
129.475
129.9
130.306
130.691
131.056
131.399
131.722
132.023
132.304
132.565
132.807
133.031
133.237
133.426
133.6
133.759
133.905
134.038
134.159
134.27
134.372
134.464
134.549
134.624
134.692
134.75
134.801
134.844
134.879
134.909
134.933
134.953
134.971
134.988
135.005
135.022
135.038
135.051
135.061
135.069
135.073
135.076
135.076
135.075
135.072
135.07
135.063
135.066
135.051
135.106
119.209
119.498
119.797
120.115
120.449
120.797
121.158
121.533
121.922
122.324
122.739
123.164
123.6
124.044
124.496
124.954
125.416
125.881
126.345
126.809
127.268
127.722
128.168
128.605
129.03
129.443
129.841
130.224
130.59
130.939
131.27
131.584
131.879
132.155
132.414
132.656
132.88
133.089
133.281
133.459
133.622
133.773
133.911
134.037
134.152
134.258
134.355
134.444
134.525
134.598
134.664
134.722
134.772
134.815
134.85
134.88
134.904
134.925
134.942
134.959
134.975
134.991
135.006
135.018
135.027
135.033
135.037
135.038
135.037
135.037
135.032
135.038
135.02
135.09
120.316
120.543
120.779
121.032
121.3
121.579
121.871
122.176
122.493
122.823
123.165
123.519
123.883
124.258
124.642
125.035
125.434
125.839
126.248
126.66
127.072
127.484
127.893
128.298
128.696
129.087
129.468
129.839
130.197
130.543
130.874
131.191
131.492
131.778
132.048
132.301
132.54
132.763
132.971
133.164
133.343
133.509
133.662
133.803
133.933
134.052
134.161
134.261
134.353
134.437
134.514
134.584
134.648
134.704
134.752
134.794
134.829
134.858
134.882
134.901
134.918
134.934
134.949
134.963
134.976
134.987
134.994
134.999
135.001
135.002
134.998
135.007
134.986
135.076
121.382
121.561
121.746
121.947
122.161
122.385
122.619
122.865
123.123
123.392
123.672
123.963
124.266
124.579
124.901
125.233
125.574
125.922
126.277
126.637
127.001
127.367
127.735
128.103
128.468
128.83
129.188
129.538
129.881
130.215
130.539
130.852
131.152
131.44
131.714
131.975
132.221
132.454
132.673
132.879
133.071
133.25
133.416
133.571
133.713
133.845
133.967
134.078
134.18
134.274
134.361
134.44
134.513
134.58
134.64
134.693
134.74
134.78
134.813
134.841
134.863
134.882
134.897
134.911
134.925
134.937
134.948
134.957
134.962
134.966
134.963
134.975
134.947
135.066
122.393
122.533
122.678
122.838
123.009
123.188
123.375
123.573
123.781
123.999
124.228
124.466
124.715
124.974
125.243
125.521
125.809
126.104
126.408
126.718
127.035
127.356
127.682
128.01
128.339
128.668
128.996
129.322
129.643
129.959
130.269
130.57
130.863
131.146
131.419
131.681
131.931
132.169
132.395
132.608
132.81
132.999
133.176
133.342
133.496
133.639
133.772
133.894
134.007
134.112
134.207
134.295
134.376
134.45
134.519
134.581
134.638
134.688
134.732
134.77
134.801
134.826
134.847
134.864
134.877
134.889
134.901
134.911
134.919
134.927
134.926
134.941
134.902
135.064
123.339
123.449
123.563
123.69
123.826
123.969
124.119
124.278
124.446
124.622
124.807
125.002
125.205
125.418
125.641
125.872
126.112
126.361
126.618
126.882
127.154
127.432
127.716
128.005
128.297
128.591
128.888
129.184
129.48
129.773
130.063
130.349
130.629
130.902
131.168
131.425
131.673
131.912
132.14
132.358
132.565
132.76
132.945
133.119
133.283
133.436
133.578
133.711
133.834
133.948
134.053
134.15
134.239
134.321
134.396
134.466
134.529
134.587
134.64
134.687
134.728
134.762
134.791
134.813
134.831
134.846
134.857
134.867
134.875
134.885
134.885
134.905
134.849
135.074
124.217
124.303
124.393
124.494
124.603
124.717
124.837
124.964
125.099
125.241
125.391
125.549
125.715
125.89
126.072
126.263
126.463
126.67
126.886
127.11
127.341
127.579
127.823
128.074
128.329
128.589
128.852
129.118
129.386
129.654
129.921
130.186
130.449
130.708
130.962
131.211
131.452
131.687
131.913
132.131
132.339
132.539
132.728
132.908
133.078
133.238
133.389
133.529
133.661
133.784
133.898
134.004
134.101
134.191
134.274
134.35
134.42
134.484
134.543
134.596
134.645
134.688
134.725
134.756
134.781
134.8
134.815
134.826
134.834
134.843
134.842
134.867
134.794
135.091
125.026
125.094
125.164
125.244
125.331
125.422
125.519
125.621
125.729
125.844
125.965
126.093
126.228
126.371
126.52
126.677
126.842
127.014
127.194
127.382
127.576
127.778
127.987
128.202
128.423
128.649
128.881
129.116
129.354
129.595
129.838
130.081
130.323
130.564
130.803
131.039
131.27
131.496
131.717
131.931
132.138
132.337
132.528
132.71
132.884
133.049
133.206
133.353
133.492
133.622
133.743
133.857
133.962
134.06
134.15
134.234
134.31
134.38
134.445
134.504
134.558
134.607
134.651
134.689
134.722
134.748
134.769
134.784
134.794
134.804
134.802
134.827
134.75
135.091
125.767
125.82
125.875
125.94
126.01
126.083
126.16
126.242
126.329
126.422
126.52
126.623
126.733
126.849
126.971
127.1
127.235
127.378
127.527
127.683
127.846
128.016
128.193
128.376
128.565
128.761
128.961
129.167
129.377
129.591
129.808
130.027
130.248
130.469
130.69
130.91
131.127
131.342
131.554
131.76
131.962
132.158
132.347
132.529
132.705
132.872
133.032
133.184
133.328
133.464
133.591
133.711
133.824
133.928
134.026
134.116
134.199
134.276
134.346
134.411
134.47
134.523
134.572
134.616
134.655
134.688
134.715
134.737
134.752
134.764
134.765
134.789
134.732
135.028
126.442
126.484
126.528
126.58
126.636
126.694
126.757
126.823
126.893
126.968
127.047
127.131
127.22
127.314
127.414
127.52
127.631
127.748
127.871
128.001
128.137
128.279
128.428
128.583
128.744
128.911
129.084
129.262
129.445
129.632
129.824
130.019
130.218
130.418
130.619
130.821
131.024
131.225
131.424
131.621
131.814
132.004
132.188
132.368
132.542
132.709
132.87
133.025
133.172
133.312
133.444
133.569
133.687
133.798
133.901
133.998
134.088
134.171
134.247
134.318
134.382
134.44
134.493
134.541
134.584
134.622
134.655
134.682
134.703
134.72
134.727
134.746
134.738
134.869
127.056
127.09
127.124
127.166
127.211
127.259
127.309
127.362
127.419
127.48
127.544
127.612
127.684
127.761
127.843
127.929
128.02
128.117
128.218
128.326
128.439
128.557
128.682
128.812
128.948
129.09
129.237
129.39
129.549
129.712
129.88
130.052
130.227
130.406
130.588
130.772
130.957
131.142
131.328
131.512
131.695
131.876
132.054
132.228
132.398
132.563
132.723
132.877
133.026
133.168
133.303
133.432
133.555
133.67
133.779
133.881
133.976
134.065
134.147
134.223
134.293
134.357
134.415
134.467
134.513
134.555
134.591
134.622
134.648
134.668
134.684
134.694
134.74
134.64
127.611
127.638
127.666
127.699
127.736
127.775
127.815
127.858
127.905
127.954
128.006
128.062
128.121
128.183
128.25
128.321
128.396
128.475
128.559
128.648
128.741
128.84
128.944
129.053
129.168
129.287
129.413
129.543
129.679
129.82
129.966
130.116
130.271
130.429
130.591
130.756
130.923
131.092
131.263
131.434
131.604
131.775
131.943
132.11
132.274
132.434
132.591
132.744
132.891
133.034
133.171
133.302
133.427
133.546
133.659
133.766
133.866
133.96
134.047
134.128
134.203
134.272
134.335
134.392
134.443
134.488
134.527
134.561
134.589
134.612
134.633
134.633
134.706
134.427
128.114
128.135
128.158
128.185
128.215
128.246
128.28
128.315
128.352
128.393
128.435
128.481
128.529
128.58
128.635
128.693
128.754
128.82
128.889
128.962
129.04
129.122
129.209
129.3
129.396
129.497
129.603
129.714
129.83
129.951
130.077
130.207
130.342
130.481
130.624
130.77
130.92
131.073
131.227
131.384
131.542
131.7
131.858
132.015
132.171
132.325
132.477
132.626
132.771
132.912
133.049
133.18
133.307
133.429
133.544
133.654
133.758
133.856
133.948
134.034
134.114
134.188
134.255
134.316
134.372
134.42
134.463
134.499
134.53
134.553
134.576
134.568
134.627
134.309
128.564
128.581
128.599
128.621
128.646
128.672
128.699
128.728
128.759
128.792
128.827
128.864
128.904
128.946
128.991
129.039
129.09
129.144
129.201
129.262
129.327
129.395
129.467
129.544
129.625
129.71
129.799
129.893
129.992
130.095
130.203
130.316
130.433
130.554
130.679
130.809
130.942
131.078
131.218
131.36
131.503
131.649
131.796
131.943
132.09
132.236
132.381
132.524
132.665
132.803
132.938
133.069
133.196
133.318
133.435
133.548
133.654
133.756
133.851
133.941
134.025
134.103
134.175
134.241
134.3
134.353
134.399
134.438
134.471
134.494
134.515
134.504
134.53
134.291
128.972
128.986
129
129.019
129.04
129.061
129.083
129.107
129.133
129.16
129.189
129.22
129.253
129.288
129.325
129.364
129.406
129.451
129.499
129.549
129.603
129.66
129.721
129.785
129.852
129.924
129.999
130.079
130.163
130.251
130.343
130.44
130.541
130.646
130.756
130.869
130.986
131.107
131.232
131.359
131.49
131.622
131.757
131.893
132.029
132.167
132.304
132.44
132.576
132.709
132.84
132.969
133.094
133.216
133.334
133.447
133.556
133.66
133.758
133.852
133.939
134.02
134.096
134.165
134.229
134.285
134.335
134.377
134.412
134.437
134.455
134.447
134.444
134.319
129.33
129.341
129.353
129.369
129.386
129.404
129.423
129.443
129.464
129.487
129.511
129.537
129.564
129.594
129.625
129.658
129.693
129.731
129.77
129.813
129.858
129.906
129.957
130.01
130.068
130.128
130.192
130.26
130.331
130.406
130.486
130.569
130.656
130.747
130.842
130.942
131.045
131.152
131.263
131.377
131.494
131.614
131.736
131.861
131.987
132.115
132.244
132.373
132.501
132.629
132.756
132.881
133.004
133.124
133.241
133.355
133.464
133.569
133.67
133.765
133.856
133.94
134.019
134.092
134.158
134.218
134.271
134.316
134.353
134.38
134.398
134.396
134.381
134.339
129.66
129.669
129.679
129.692
129.707
129.722
129.737
129.754
129.772
129.792
129.812
129.834
129.857
129.881
129.907
129.935
129.965
129.996
130.03
130.066
130.104
130.144
130.187
130.232
130.28
130.332
130.386
130.443
130.504
130.568
130.636
130.708
130.783
130.861
130.944
131.031
131.121
131.215
131.313
131.414
131.519
131.626
131.737
131.851
131.967
132.084
132.204
132.324
132.445
132.567
132.688
132.808
132.927
133.045
133.16
133.272
133.381
133.487
133.588
133.685
133.777
133.864
133.945
134.021
134.09
134.153
134.208
134.256
134.295
134.325
134.344
134.349
134.335
134.33
129.935
129.942
129.951
129.963
129.975
129.988
130.002
130.017
130.032
130.049
130.066
130.085
130.105
130.126
130.148
130.172
130.198
130.225
130.253
130.284
130.316
130.351
130.388
130.427
130.468
130.512
130.559
130.608
130.661
130.716
130.775
130.836
130.902
130.97
131.043
131.118
131.198
131.281
131.367
131.457
131.551
131.648
131.748
131.851
131.957
132.065
132.176
132.288
132.402
132.516
132.631
132.746
132.861
132.975
133.087
133.198
133.306
133.411
133.512
133.61
133.703
133.792
133.875
133.953
134.025
134.09
134.148
134.198
134.239
134.272
134.293
134.303
134.295
134.302
130.205
130.211
130.219
130.229
130.24
130.251
130.263
130.275
130.289
130.303
130.318
130.334
130.351
130.37
130.389
130.409
130.431
130.454
130.479
130.505
130.533
130.562
130.594
130.627
130.663
130.701
130.741
130.783
130.828
130.876
130.926
130.98
131.036
131.096
131.158
131.224
131.294
131.367
131.443
131.523
131.606
131.692
131.782
131.875
131.971
132.07
132.171
132.274
132.38
132.487
132.595
132.704
132.813
132.922
133.03
133.138
133.243
133.347
133.447
133.545
133.638
133.728
133.812
133.891
133.964
134.031
134.091
134.143
134.187
134.221
134.245
134.259
134.256
134.268
130.401
130.406
130.413
130.422
130.432
130.443
130.453
130.465
130.477
130.49
130.503
130.518
130.533
130.549
130.567
130.585
130.604
130.625
130.647
130.67
130.695
130.721
130.749
130.779
130.81
130.844
130.879
130.917
130.957
130.999
131.044
131.091
131.141
131.194
131.25
131.308
131.37
131.435
131.504
131.575
131.65
131.728
131.81
131.895
131.982
132.073
132.166
132.262
132.361
132.461
132.563
132.667
132.771
132.876
132.98
133.085
133.188
133.289
133.389
133.486
133.579
133.669
133.754
133.834
133.909
133.977
134.039
134.092
134.138
134.175
134.201
134.218
134.218
134.236
130.637
130.641
130.648
130.656
130.665
130.674
130.684
130.694
130.705
130.716
130.728
130.741
130.755
130.769
130.784
130.8
130.817
130.836
130.855
130.875
130.897
130.92
130.944
130.97
130.998
131.027
131.058
131.09
131.125
131.162
131.201
131.242
131.286
131.332
131.381
131.432
131.487
131.544
131.604
131.668
131.734
131.804
131.876
131.952
132.031
132.113
132.198
132.285
132.376
132.468
132.563
132.659
132.757
132.856
132.955
133.054
133.153
133.251
133.348
133.442
133.534
133.622
133.707
133.787
133.861
133.93
133.992
134.046
134.093
134.131
134.158
134.178
134.181
134.203
130.743
130.746
130.752
130.761
130.769
130.778
130.787
130.797
130.808
130.819
130.83
130.842
130.855
130.869
130.883
130.899
130.915
130.932
130.95
130.97
130.99
131.011
131.034
131.059
131.084
131.111
131.14
131.17
131.203
131.237
131.273
131.311
131.351
131.394
131.439
131.487
131.537
131.59
131.646
131.705
131.766
131.831
131.899
131.969
132.043
132.12
132.2
132.283
132.368
132.456
132.546
132.639
132.733
132.828
132.924
133.021
133.118
133.214
133.31
133.403
133.494
133.582
133.667
133.747
133.822
133.892
133.955
134.01
134.058
134.097
134.127
134.148
134.153
134.178
130.997
131.001
131.007
131.015
131.023
131.031
131.039
131.048
131.057
131.067
131.078
131.089
131.101
131.113
131.126
131.14
131.154
131.169
131.186
131.203
131.221
131.24
131.26
131.281
131.304
131.327
131.352
131.379
131.407
131.437
131.469
131.502
131.537
131.574
131.614
131.655
131.699
131.745
131.794
131.846
131.9
131.957
132.016
132.079
132.144
132.213
132.284
132.358
132.435
132.514
132.596
132.68
132.766
132.853
132.942
133.031
133.122
133.211
133.301
133.389
133.475
133.559
133.64
133.716
133.788
133.855
133.916
133.97
134.016
134.055
134.084
134.105
134.11
134.137
134.831
135.612
136.311
136.921
137.446
137.892
138.268
138.583
138.845
139.062
139.241
139.387
139.507
139.604
139.682
139.745
139.795
139.834
139.865
139.888
139.905
139.918
139.927
139.932
139.935
139.937
139.936
139.935
139.932
139.929
139.926
139.922
139.918
139.914
139.909
139.905
139.901
139.897
139.893
139.889
139.885
134.822
135.583
136.267
136.865
137.382
137.824
138.201
138.518
138.786
139.01
139.196
139.351
139.48
139.585
139.672
139.743
139.801
139.847
139.884
139.914
139.937
139.954
139.967
139.976
139.983
139.987
139.989
139.989
139.988
139.986
139.984
139.98
139.977
139.972
139.968
139.963
139.958
139.953
139.948
139.943
139.938
134.811
135.56
136.237
136.828
137.342
137.786
138.166
138.491
138.766
138.999
139.195
139.36
139.498
139.613
139.709
139.788
139.852
139.905
139.948
139.982
140.009
140.029
140.045
140.057
140.065
140.07
140.073
140.074
140.073
140.072
140.069
140.065
140.061
140.056
140.051
140.045
140.039
140.033
140.027
140.02
140.014
134.804
135.553
136.232
136.824
137.342
137.791
138.177
138.509
138.793
139.035
139.241
139.415
139.562
139.686
139.79
139.877
139.949
140.008
140.057
140.096
140.127
140.151
140.17
140.185
140.195
140.203
140.207
140.209
140.209
140.208
140.205
140.201
140.196
140.19
140.184
140.177
140.17
140.162
140.154
140.146
140.138
134.796
135.552
136.239
136.837
137.361
137.817
138.212
138.553
138.847
139.1
139.316
139.501
139.658
139.792
139.906
140.001
140.081
140.148
140.203
140.248
140.284
140.312
140.334
140.351
140.364
140.372
140.378
140.38
140.38
140.379
140.375
140.37
140.364
140.357
140.349
140.341
140.332
140.322
140.312
140.301
140.291
134.787
135.555
136.254
136.861
137.395
137.861
138.267
138.62
138.926
139.191
139.42
139.618
139.788
139.933
140.057
140.163
140.252
140.327
140.389
140.441
140.482
140.514
140.54
140.56
140.574
140.584
140.59
140.593
140.594
140.591
140.587
140.581
140.574
140.565
140.555
140.545
140.533
140.521
140.508
140.495
140.482
134.778
135.563
136.278
136.898
137.445
137.925
138.345
138.713
139.034
139.314
139.558
139.769
139.953
140.111
140.248
140.364
140.463
140.547
140.617
140.675
140.722
140.758
140.787
140.81
140.827
140.838
140.845
140.848
140.848
140.845
140.839
140.831
140.822
140.811
140.799
140.786
140.771
140.756
140.74
140.723
140.707
134.768
135.576
136.313
136.951
137.515
138.012
138.449
138.834
139.172
139.469
139.729
139.956
140.155
140.327
140.477
140.605
140.716
140.809
140.888
140.953
141.006
141.046
141.079
141.105
141.123
141.135
141.143
141.146
141.145
141.14
141.133
141.123
141.112
141.098
141.083
141.066
141.048
141.029
141.01
140.989
140.968
134.759
135.596
136.36
137.019
137.604
138.122
138.579
138.983
139.34
139.656
139.934
140.179
140.394
140.583
140.747
140.889
141.011
141.115
141.203
141.276
141.335
141.38
141.417
141.445
141.465
141.479
141.486
141.488
141.486
141.48
141.471
141.459
141.444
141.427
141.408
141.387
141.365
141.342
141.318
141.292
141.267
134.75
135.622
136.417
137.103
137.714
138.255
138.734
139.161
139.54
139.877
140.176
140.44
140.674
140.88
141.06
141.216
141.352
141.467
141.565
141.647
141.713
141.763
141.803
141.835
141.857
141.87
141.878
141.879
141.875
141.867
141.855
141.839
141.821
141.799
141.776
141.751
141.724
141.696
141.666
141.635
141.605
134.741
135.654
136.487
137.204
137.844
138.413
138.919
139.371
139.774
140.135
140.456
140.743
140.997
141.222
141.419
141.592
141.742
141.87
141.979
142.069
142.143
142.198
142.243
142.277
142.3
142.314
142.32
142.32
142.314
142.303
142.287
142.268
142.245
142.219
142.19
142.159
142.126
142.092
142.056
142.019
141.982
134.733
135.694
136.57
137.323
137.997
138.597
139.133
139.614
140.045
140.433
140.779
141.09
141.366
141.612
141.829
142.02
142.185
142.327
142.448
142.548
142.629
142.69
142.738
142.775
142.799
142.813
142.819
142.816
142.807
142.792
142.772
142.747
142.719
142.687
142.652
142.614
142.575
142.533
142.49
142.445
142.401
134.727
135.743
136.668
137.462
138.175
138.811
139.381
139.894
140.357
140.773
141.148
141.485
141.787
142.056
142.294
142.504
142.687
142.844
142.978
143.088
143.178
143.244
143.296
143.335
143.36
143.373
143.376
143.371
143.358
143.338
143.313
143.282
143.246
143.207
143.165
143.119
143.071
143.021
142.969
142.916
142.863
134.723
135.801
136.782
137.624
138.381
139.057
139.665
140.215
140.712
141.162
141.568
141.934
142.264
142.558
142.82
143.051
143.253
143.427
143.574
143.696
143.794
143.865
143.921
143.962
143.987
143.999
143.999
143.99
143.971
143.945
143.913
143.874
143.831
143.783
143.731
143.676
143.618
143.558
143.496
143.432
143.369
134.722
135.87
136.915
137.81
138.617
139.339
139.99
140.58
141.116
141.603
142.043
142.442
142.803
143.126
143.414
143.669
143.891
144.083
144.245
144.379
144.486
144.562
144.622
144.663
144.687
144.696
144.692
144.677
144.652
144.619
144.577
144.529
144.476
144.417
144.354
144.288
144.219
144.147
144.073
143.997
143.921
134.725
135.952
137.069
138.025
138.888
139.661
140.36
140.996
141.576
142.103
142.583
143.018
143.413
143.768
144.084
144.364
144.609
144.82
144.999
145.145
145.261
145.343
145.405
145.446
145.468
145.473
145.463
145.44
145.406
145.363
145.31
145.251
145.185
145.113
145.037
144.957
144.874
144.788
144.699
144.609
144.519
134.734
136.05
137.247
138.272
139.197
140.029
140.782
141.469
142.097
142.671
143.194
143.67
144.102
144.492
144.841
145.149
145.419
145.651
145.846
146.006
146.131
146.217
146.28
146.32
146.338
146.336
146.318
146.285
146.24
146.183
146.117
146.043
145.962
145.874
145.782
145.685
145.585
145.482
145.377
145.269
145.163
134.749
136.166
137.453
138.555
139.552
140.449
141.263
142.008
142.691
143.316
143.886
144.408
144.883
145.312
145.695
146.035
146.332
146.587
146.8
146.973
147.106
147.195
147.258
147.295
147.306
147.295
147.265
147.219
147.159
147.086
147.002
146.91
146.809
146.702
146.59
146.474
146.353
146.23
146.104
145.977
145.851
134.774
136.303
137.692
138.882
139.958
140.929
141.812
142.622
143.366
144.049
144.674
145.246
145.769
146.241
146.664
147.038
147.364
147.643
147.876
148.061
148.202
148.292
148.352
148.382
148.382
148.358
148.313
148.249
148.169
148.076
147.97
147.854
147.73
147.599
147.463
147.322
147.177
147.029
146.88
146.729
146.579
134.81
136.466
137.969
139.258
140.425
141.478
142.439
143.323
144.136
144.885
145.571
146.2
146.776
147.297
147.763
148.175
148.533
148.838
149.09
149.288
149.434
149.522
149.575
149.594
149.579
149.537
149.47
149.383
149.278
149.157
149.023
148.879
148.725
148.565
148.398
148.228
148.053
147.877
147.698
147.519
147.341
134.861
136.66
138.292
139.693
140.963
142.11
143.159
144.126
145.018
145.841
146.596
147.29
147.926
148.501
149.015
149.469
149.862
150.194
150.464
150.673
150.821
150.902
150.943
150.945
150.909
150.841
150.745
150.627
150.488
150.333
150.164
149.983
149.793
149.595
149.392
149.185
148.975
148.764
148.552
148.339
148.129
134.93
136.891
138.67
140.198
141.584
142.839
143.989
145.051
146.033
146.94
147.773
148.541
149.244
149.88
150.448
150.947
151.377
151.737
152.025
152.241
152.385
152.453
152.474
152.45
152.383
152.28
152.146
151.986
151.804
151.604
151.389
151.163
150.927
150.684
150.436
150.186
149.933
149.68
149.427
149.175
148.927
135.022
137.168
139.113
140.787
142.306
143.684
144.949
146.12
147.205
148.209
149.132
149.983
150.763
151.468
152.095
152.643
153.112
153.498
153.801
154.018
154.151
154.195
154.185
154.124
154.013
153.862
153.676
153.462
153.223
152.966
152.694
152.409
152.117
151.818
151.516
151.213
150.909
150.607
150.307
150.009
149.718
135.144
137.501
139.636
141.478
143.15
144.669
146.067
147.364
148.568
149.684
150.71
151.656
152.523
153.305
153.997
154.599
155.106
155.517
155.828
156.038
156.145
156.151
156.095
155.98
155.809
155.591
155.336
155.05
154.739
154.409
154.063
153.707
153.345
152.978
152.61
152.243
151.879
151.519
151.164
150.815
150.474
135.303
137.903
140.258
142.293
144.142
145.825
147.379
148.822
150.165
151.41
152.554
153.61
154.576
155.444
156.208
156.865
157.41
157.839
158.148
158.335
158.399
158.344
158.22
158.028
157.773
157.467
157.12
156.74
156.335
155.911
155.475
155.03
154.581
154.132
153.686
153.245
152.81
152.384
151.967
151.559
151.164
135.509
138.391
141.002
143.262
145.318
147.194
148.929
150.544
152.05
153.446
154.729
155.91
156.989
157.953
158.794
159.506
160.083
160.519
160.808
160.949
160.939
160.794
160.571
160.27
159.9
159.475
159.007
158.506
157.981
157.441
156.891
156.338
155.785
155.238
154.7
154.173
153.657
153.156
152.67
152.199
151.744
135.776
138.989
141.899
144.425
146.724
148.829
150.779
152.599
154.298
155.873
157.316
158.644
159.851
160.92
161.839
162.601
163.198
163.619
163.86
163.917
163.791
163.509
163.145
162.694
162.168
161.585
160.959
160.304
159.628
158.943
158.256
157.573
156.898
156.238
155.593
154.969
154.365
153.782
153.223
152.684
152.169
136.122
139.726
142.993
145.836
148.426
150.804
153.014
155.08
157.01
158.798
160.43
161.925
163.275
164.456
165.451
166.249
166.839
167.21
167.355
167.272
166.964
166.483
165.92
165.263
164.529
163.74
162.913
162.063
161.203
160.344
159.493
158.658
157.844
157.054
156.294
155.564
154.864
154.197
153.562
152.957
152.384
136.568
140.645
144.34
147.568
150.512
153.224
155.751
158.117
160.327
162.37
164.223
165.91
167.417
168.709
169.765
170.568
171.104
171.361
171.334
171.025
170.442
169.674
168.835
167.902
166.897
165.845
164.767
163.681
162.601
161.538
160.5
159.495
158.526
157.598
156.714
155.875
155.08
154.33
153.623
152.958
152.334
137.145
141.802
146.024
149.726
153.109
156.237
159.157
161.895
164.449
166.799
168.912
170.813
172.481
173.868
174.943
175.689
176.086
176.126
175.808
175.143
174.154
172.983
171.773
170.48
169.131
167.755
166.377
165.015
163.684
162.394
161.152
159.965
158.836
157.767
156.76
155.816
154.932
154.107
153.34
152.626
151.967
137.897
143.282
148.166
152.469
156.409
160.065
163.486
166.693
169.676
172.396
174.805
176.931
178.741
180.171
181.18
181.747
181.858
181.511
180.721
179.517
177.943
176.225
174.534
172.789
171.024
169.269
167.55
165.884
164.284
162.757
161.309
159.942
158.658
157.457
156.339
155.304
154.345
153.463
152.654
151.912
151.24
138.868
145.181
150.916
155.996
160.658
164.998
169.065
172.869
176.381
179.536
182.26
184.586
186.465
187.812
188.579
188.753
188.333
187.342
185.823
183.841
181.472
179.055
176.782
174.512
172.28
170.118
168.046
166.077
164.217
162.469
160.835
159.311
157.897
156.588
155.384
154.281
153.273
152.358
151.533
150.79
150.133
140.123
147.579
154.38
160.435
166.01
171.208
176.078
180.606
184.731
188.339
191.326
193.737
195.5
196.514
196.741
196.194
194.911
192.962
190.439
187.458
184.136
180.938
178.054
175.259
172.584
170.053
167.677
165.459
163.396
161.484
159.716
158.086
156.586
155.211
153.956
152.818
151.79
150.87
150.055
149.339
148.728
141.64
150.457
158.525
165.741
172.403
178.618
184.419
189.754
194.504
198.487
201.571
203.818
205.15
205.467
204.774
203.141
200.678
197.522
193.832
189.771
185.492
181.572
178.163
174.943
171.929
169.135
166.558
164.186
162.007
160.007
158.173
156.493
154.957
153.556
152.283
151.137
150.11
149.202
148.413
147.74
147.192
143.348
153.794
163.375
171.978
179.937
187.342
194.189
200.363
205.661
209.809
212.67
214.358
214.814
213.986
211.961
208.913
205.042
200.564
195.692
190.625
185.524
181.041
177.26
173.76
170.543
167.609
164.938
162.506
160.29
158.269
156.425
154.741
153.204
151.803
150.534
149.392
148.373
147.48
146.718
146.089
145.61
145.195
157.597
168.986
179.243
188.729
197.496
205.456
212.401
218.019
221.941
224.095
224.7
223.765
221.344
217.661
213.009
207.68
201.945
196.043
190.172
184.476
179.636
175.651
172.017
168.722
165.753
163.076
160.655
158.46
156.465
154.647
152.987
151.47
150.085
148.826
147.691
146.677
145.792
145.046
144.45
144.034
147.131
161.888
175.44
187.658
198.912
209.171
218.205
225.672
231.165
234.266
235.096
234.046
231.251
226.924
221.449
215.221
208.584
201.819
195.15
188.744
182.702
177.698
173.651
170.002
166.725
163.796
161.172
158.808
156.67
154.728
152.957
151.336
149.848
148.483
147.235
146.103
145.086
144.194
143.446
142.863
142.491
149.083
166.691
182.824
197.349
210.591
222.367
232.233
239.712
244.385
245.922
244.804
241.634
236.698
230.394
223.24
215.677
208.032
200.55
193.407
186.721
180.545
175.528
171.522
167.936
164.737
161.894
159.356
157.074
155.01
153.134
151.418
149.841
148.386
147.041
145.801
144.666
143.636
142.723
141.951
141.353
140.996
150.969
172.032
191.239
208.429
223.798
236.899
247.049
253.73
256.71
255.968
252.468
246.971
239.89
231.801
223.295
214.764
206.459
198.564
191.202
184.436
178.278
173.343
169.439
165.962
162.873
160.137
157.699
155.509
153.525
151.717
150.058
148.524
147.1
145.773
144.538
143.395
142.343
141.398
140.579
139.94
139.556
152.708
177.963
200.803
220.984
238.42
252.31
261.831
266.687
267.132
263.668
257.7
249.976
241.002
231.515
222.083
212.959
204.299
196.235
188.836
182.123
176.074
171.277
167.506
164.157
161.189
158.566
156.231
154.132
152.227
150.484
148.878
147.385
145.988
144.677
143.444
142.289
141.21
140.224
139.341
138.638
138.17
154.23
184.566
211.653
235.015
254.098
267.787
275.479
277.526
274.916
268.742
260.578
250.946
240.475
230.054
220.104
210.689
201.897
193.829
186.51
179.924
174.033
169.397
165.768
162.552
159.705
157.193
154.956
152.941
151.109
149.427
147.868
146.411
145.039
143.74
142.507
141.34
140.232
139.202
138.242
137.458
136.838
155.5
191.967
223.899
250.317
270.098
282.2
286.876
285.518
279.866
271.427
261.528
250.364
238.835
227.921
217.766
208.259
199.481
191.511
184.335
177.916
172.202
167.731
164.242
161.153
158.42
156.009
153.862
151.924
150.157
148.528
147.013
145.587
144.235
142.945
141.711
140.532
139.396
138.323
137.281
136.408
135.558
156.512
200.329
237.549
266.354
285.346
294.407
295.291
290.524
282.334
272.289
261.086
248.718
236.548
225.501
215.34
205.864
197.19
189.374
182.37
176.129
170.595
166.284
162.925
159.951
157.321
155.001
152.934
151.064
149.353
147.772
146.292
144.894
143.559
142.277
141.041
139.85
138.689
137.576
136.454
135.49
134.333
157.329
209.833
252.39
282.213
298.649
303.607
300.588
292.932
282.956
271.938
259.705
246.404
233.984
223.061
212.998
203.619
195.099
187.463
180.637
174.572
169.206
165.042
161.801
158.929
156.389
154.149
152.151
150.34
148.678
147.136
145.689
144.312
142.992
141.717
140.479
139.277
138.094
136.946
135.752
134.699
133.169
158.008
220.401
267.642
296.573
308.967
309.521
303.125
293.412
282.406
270.886
257.743
243.765
231.421
220.765
210.837
201.59
193.244
185.788
179.134
173.231
168.019
163.988
160.85
158.069
155.609
153.439
151.5
149.739
148.12
146.612
145.191
143.833
142.525
141.255
140.016
138.805
137.603
136.425
135.171
134.035
132.087
158.535
231.563
282.223
308.369
315.965
312.538
303.638
292.727
281.279
269.524
255.482
241.108
229.079
218.707
208.902
199.801
191.63
184.341
177.842
172.086
167.011
163.092
160.037
157.33
154.939
152.829
150.943
149.226
147.644
146.165
144.767
143.427
142.13
140.866
139.626
138.409
137.193
135.991
134.694
133.483
131.091
157.376
243.241
295.936
317.6
320.173
313.446
302.888
291.453
279.968
268.102
253.063
238.616
227.162
217.068
207.34
198.371
190.358
183.212
176.843
171.206
166.24
162.444
159.464
156.811
154.468
152.403
150.555
148.868
147.311
145.853
144.47
143.14
141.849
140.588
139.347
138.125
136.898
135.678
134.352
133.096
130.271
159.603
256.587
307.472
323.007
321.639
312.498
300.679
288.965
277.635
265.735
249.485
234.893
224.144
214.53
205.044
196.322
188.558
181.639
175.475
170.023
165.217
161.509
158.654
156.091
153.825
151.828
150.037
148.398
146.881
145.455
144.097
142.785
141.508
140.255
139.017
137.793
136.56
135.324
133.979
132.685
129.713
139.881
139.88
139.878
139.875
139.873
139.87
139.868
139.865
139.862
139.858
139.854
139.85
139.846
139.841
139.836
139.83
139.824
139.818
139.811
139.803
139.795
139.786
139.776
139.765
139.753
139.741
139.727
139.712
139.695
139.677
139.658
139.637
139.614
139.589
139.561
139.532
139.499
139.464
139.426
139.385
139.341
139.293
139.241
139.186
139.126
139.062
138.993
138.92
138.842
138.76
138.672
138.58
138.484
138.383
138.278
138.169
138.056
137.941
137.822
137.702
137.58
137.457
137.334
137.212
137.09
136.97
136.852
136.738
136.627
136.52
136.419
136.323
136.239
136.148
139.934
139.933
139.932
139.929
139.926
139.923
139.92
139.917
139.914
139.91
139.906
139.901
139.896
139.891
139.885
139.879
139.872
139.865
139.857
139.848
139.839
139.829
139.818
139.806
139.793
139.779
139.764
139.747
139.729
139.71
139.688
139.665
139.64
139.613
139.584
139.552
139.517
139.48
139.44
139.396
139.349
139.299
139.245
139.187
139.125
139.059
138.988
138.914
138.834
138.75
138.662
138.569
138.472
138.371
138.265
138.156
138.044
137.929
137.811
137.691
137.57
137.448
137.326
137.204
137.083
136.963
136.846
136.731
136.621
136.514
136.414
136.317
136.236
136.134
140.008
140.008
140.006
140.003
140
139.997
139.994
139.991
139.987
139.983
139.979
139.974
139.969
139.963
139.957
139.95
139.943
139.935
139.927
139.918
139.908
139.897
139.885
139.872
139.858
139.843
139.826
139.809
139.789
139.768
139.745
139.72
139.693
139.664
139.633
139.599
139.562
139.522
139.479
139.433
139.383
139.33
139.273
139.212
139.147
139.078
139.004
138.926
138.844
138.757
138.665
138.57
138.47
138.366
138.258
138.147
138.033
137.916
137.797
137.676
137.554
137.431
137.308
137.185
137.064
136.945
136.828
136.714
136.604
136.498
136.399
136.301
136.223
136.107
140.131
140.13
140.129
140.126
140.122
140.119
140.116
140.112
140.108
140.103
140.098
140.093
140.087
140.081
140.074
140.067
140.059
140.05
140.04
140.03
140.019
140.006
139.993
139.979
139.963
139.946
139.927
139.907
139.885
139.861
139.835
139.807
139.777
139.744
139.709
139.671
139.63
139.586
139.538
139.487
139.433
139.374
139.312
139.246
139.176
139.101
139.022
138.939
138.852
138.76
138.664
138.564
138.46
138.353
138.242
138.128
138.012
137.893
137.772
137.65
137.527
137.404
137.281
137.159
137.038
136.92
136.804
136.691
136.582
136.477
136.378
136.28
136.204
136.075
140.282
140.281
140.279
140.276
140.272
140.269
140.265
140.26
140.256
140.251
140.245
140.239
140.233
140.225
140.218
140.209
140.2
140.19
140.179
140.167
140.154
140.14
140.125
140.108
140.09
140.07
140.049
140.025
140
139.973
139.944
139.912
139.877
139.84
139.8
139.757
139.711
139.661
139.608
139.551
139.491
139.426
139.358
139.285
139.208
139.127
139.042
138.953
138.859
138.762
138.66
138.555
138.447
138.335
138.22
138.103
137.984
137.863
137.74
137.617
137.494
137.37
137.247
137.126
137.006
136.889
136.774
136.663
136.555
136.451
136.354
136.256
136.182
136.043
140.47
140.469
140.467
140.463
140.459
140.455
140.45
140.445
140.44
140.434
140.427
140.42
140.413
140.404
140.395
140.385
140.374
140.362
140.349
140.335
140.32
140.303
140.285
140.266
140.244
140.221
140.196
140.169
140.14
140.108
140.074
140.036
139.997
139.954
139.908
139.858
139.805
139.749
139.689
139.624
139.556
139.484
139.408
139.327
139.243
139.154
139.061
138.965
138.864
138.76
138.652
138.541
138.428
138.311
138.192
138.072
137.95
137.826
137.702
137.578
137.454
137.33
137.208
137.088
136.969
136.853
136.74
136.63
136.525
136.423
136.327
136.229
136.157
136.014
140.692
140.69
140.688
140.684
140.679
140.674
140.668
140.662
140.656
140.649
140.641
140.632
140.623
140.613
140.602
140.59
140.577
140.563
140.547
140.53
140.512
140.492
140.471
140.447
140.422
140.394
140.365
140.332
140.298
140.26
140.22
140.176
140.13
140.08
140.026
139.969
139.908
139.844
139.775
139.702
139.625
139.544
139.459
139.37
139.276
139.179
139.078
138.973
138.865
138.753
138.639
138.522
138.402
138.281
138.158
138.034
137.909
137.783
137.658
137.533
137.408
137.285
137.164
137.044
136.927
136.813
136.702
136.595
136.491
136.391
136.298
136.202
136.13
135.989
140.951
140.948
140.945
140.94
140.934
140.928
140.921
140.914
140.906
140.897
140.887
140.877
140.866
140.853
140.84
140.825
140.809
140.792
140.773
140.753
140.73
140.706
140.68
140.652
140.621
140.588
140.553
140.514
140.473
140.428
140.381
140.33
140.275
140.216
140.154
140.088
140.017
139.943
139.864
139.782
139.695
139.603
139.508
139.409
139.306
139.199
139.089
138.975
138.859
138.74
138.618
138.495
138.37
138.244
138.116
137.989
137.861
137.734
137.607
137.482
137.358
137.235
137.115
136.997
136.882
136.77
136.661
136.556
136.456
136.358
136.267
136.173
136.103
135.969
141.246
141.242
141.239
141.232
141.224
141.217
141.208
141.199
141.189
141.178
141.166
141.153
141.139
141.124
141.107
141.089
141.07
141.048
141.025
141
140.973
140.944
140.912
140.878
140.841
140.801
140.758
140.712
140.662
140.609
140.553
140.492
140.428
140.359
140.287
140.21
140.128
140.043
139.953
139.859
139.761
139.658
139.552
139.442
139.329
139.212
139.092
138.97
138.845
138.718
138.59
138.46
138.33
138.199
138.068
137.938
137.808
137.679
137.552
137.426
137.303
137.181
137.063
136.947
136.834
136.724
136.618
136.516
136.418
136.323
136.235
136.145
136.075
135.953
141.579
141.574
141.569
141.561
141.551
141.541
141.531
141.519
141.507
141.493
141.478
141.462
141.444
141.425
141.405
141.382
141.358
141.331
141.303
141.272
141.239
141.203
141.164
141.122
141.077
141.029
140.977
140.922
140.863
140.8
140.732
140.661
140.585
140.505
140.42
140.331
140.238
140.14
140.038
139.931
139.821
139.706
139.588
139.467
139.343
139.216
139.086
138.955
138.822
138.688
138.553
138.418
138.282
138.148
138.014
137.881
137.75
137.62
137.492
137.367
137.244
137.125
137.008
136.894
136.783
136.676
136.573
136.474
136.379
136.288
136.202
136.116
136.047
135.94
141.951
141.944
141.938
141.927
141.915
141.903
141.889
141.875
141.859
141.841
141.823
141.802
141.78
141.756
141.731
141.703
141.672
141.64
141.604
141.566
141.525
141.481
141.434
141.383
141.328
141.27
141.208
141.141
141.071
140.996
140.916
140.832
140.743
140.65
140.552
140.449
140.342
140.23
140.115
139.995
139.871
139.744
139.614
139.481
139.346
139.209
139.07
138.93
138.789
138.648
138.507
138.367
138.227
138.089
137.953
137.818
137.686
137.556
137.429
137.305
137.184
137.065
136.951
136.839
136.732
136.628
136.528
136.431
136.34
136.251
136.169
136.086
136.019
135.927
142.364
142.355
142.346
142.333
142.317
142.301
142.284
142.266
142.245
142.224
142.2
142.174
142.147
142.117
142.084
142.049
142.012
141.971
141.927
141.881
141.83
141.776
141.718
141.657
141.591
141.52
141.445
141.366
141.282
141.193
141.099
141.001
140.897
140.789
140.676
140.559
140.437
140.31
140.18
140.047
139.91
139.77
139.627
139.483
139.337
139.19
139.042
138.894
138.746
138.599
138.453
138.308
138.165
138.025
137.886
137.751
137.618
137.489
137.363
137.24
137.121
137.005
136.892
136.784
136.679
136.578
136.481
136.388
136.3
136.215
136.135
136.057
135.991
135.914
142.819
142.807
142.795
142.778
142.758
142.738
142.716
142.692
142.667
142.639
142.609
142.577
142.542
142.504
142.464
142.42
142.374
142.323
142.269
142.212
142.15
142.084
142.014
141.939
141.859
141.775
141.686
141.591
141.492
141.387
141.278
141.163
141.043
140.919
140.79
140.656
140.518
140.377
140.232
140.084
139.933
139.781
139.626
139.47
139.314
139.158
139.002
138.846
138.692
138.54
138.389
138.241
138.096
137.954
137.815
137.679
137.547
137.419
137.294
137.173
137.056
136.943
136.833
136.728
136.626
136.529
136.435
136.345
136.26
136.178
136.102
136.028
135.963
135.9
143.318
143.302
143.285
143.263
143.238
143.212
143.184
143.154
143.122
143.086
143.049
143.008
142.964
142.917
142.867
142.813
142.755
142.693
142.627
142.556
142.481
142.401
142.315
142.225
142.13
142.029
141.923
141.812
141.695
141.573
141.446
141.313
141.176
141.034
140.888
140.738
140.584
140.426
140.266
140.104
139.94
139.775
139.609
139.443
139.277
139.112
138.949
138.788
138.628
138.472
138.318
138.168
138.021
137.878
137.739
137.604
137.473
137.347
137.224
137.105
136.991
136.881
136.774
136.672
136.574
136.479
136.389
136.302
136.22
136.142
136.069
135.999
135.936
135.883
143.86
143.839
143.817
143.788
143.757
143.724
143.688
143.65
143.609
143.564
143.517
143.466
143.411
143.352
143.29
143.223
143.151
143.075
142.994
142.908
142.817
142.72
142.618
142.51
142.397
142.278
142.153
142.022
141.886
141.745
141.599
141.447
141.292
141.131
140.967
140.8
140.629
140.456
140.282
140.106
139.929
139.752
139.576
139.4
139.226
139.054
138.885
138.718
138.555
138.395
138.24
138.088
137.941
137.798
137.66
137.527
137.397
137.273
137.153
137.037
136.926
136.818
136.715
136.616
136.521
136.43
136.343
136.26
136.181
136.106
136.036
135.97
135.909
135.865
144.448
144.419
144.39
144.353
144.313
144.271
144.226
144.177
144.125
144.07
144.01
143.946
143.878
143.805
143.728
143.645
143.558
143.465
143.366
143.262
143.152
143.036
142.915
142.787
142.653
142.513
142.368
142.217
142.06
141.898
141.731
141.56
141.385
141.206
141.024
140.839
140.653
140.465
140.276
140.087
139.899
139.711
139.525
139.342
139.161
138.983
138.809
138.639
138.473
138.312
138.155
138.004
137.857
137.715
137.579
137.447
137.32
137.198
137.081
136.969
136.861
136.757
136.657
136.562
136.47
136.382
136.299
136.219
136.143
136.071
136.004
135.942
135.882
135.846
145.078
145.041
145.002
144.956
144.905
144.851
144.794
144.733
144.668
144.598
144.523
144.444
144.36
144.27
144.175
144.074
143.967
143.855
143.736
143.611
143.48
143.342
143.198
143.048
142.892
142.73
142.562
142.388
142.21
142.026
141.839
141.647
141.453
141.255
141.056
140.854
140.653
140.45
140.249
140.048
139.849
139.653
139.459
139.269
139.083
138.901
138.723
138.551
138.384
138.222
138.065
137.915
137.769
137.63
137.495
137.366
137.242
137.124
137.01
136.901
136.796
136.696
136.6
136.508
136.42
136.335
136.255
136.178
136.106
136.037
135.972
135.914
135.856
135.826
145.751
145.702
145.652
145.592
145.528
145.46
145.388
145.312
145.23
145.143
145.05
144.952
144.849
144.739
144.623
144.5
144.372
144.236
144.094
143.946
143.791
143.629
143.461
143.286
143.106
142.92
142.728
142.531
142.33
142.125
141.917
141.705
141.491
141.276
141.06
140.843
140.627
140.412
140.199
139.989
139.781
139.577
139.377
139.182
138.992
138.807
138.628
138.455
138.288
138.127
137.972
137.822
137.679
137.542
137.411
137.285
137.165
137.05
136.939
136.834
136.733
136.636
136.544
136.455
136.371
136.29
136.212
136.139
136.069
136.004
135.942
135.886
135.831
135.805
146.461
146.398
146.332
146.257
146.176
146.091
146.001
145.905
145.804
145.696
145.582
145.462
145.336
145.202
145.062
144.915
144.761
144.6
144.432
144.257
144.076
143.888
143.694
143.494
143.288
143.077
142.861
142.641
142.417
142.19
141.961
141.731
141.499
141.267
141.035
140.805
140.576
140.351
140.128
139.909
139.695
139.486
139.282
139.083
138.891
138.705
138.526
138.353
138.187
138.028
137.875
137.728
137.588
137.454
137.326
137.204
137.088
136.976
136.87
136.768
136.671
136.578
136.489
136.404
136.323
136.245
136.171
136.101
136.034
135.971
135.912
135.86
135.806
135.784
147.202
147.121
147.037
146.942
146.841
146.735
146.622
146.504
146.379
146.247
146.108
145.962
145.809
145.648
145.481
145.306
145.124
144.935
144.739
144.536
144.326
144.111
143.889
143.662
143.431
143.195
142.955
142.712
142.466
142.219
141.971
141.722
141.474
141.227
140.982
140.74
140.501
140.267
140.037
139.812
139.593
139.38
139.174
138.974
138.781
138.596
138.417
138.246
138.083
137.926
137.776
137.633
137.497
137.367
137.243
137.124
137.012
136.904
136.802
136.704
136.611
136.521
136.436
136.355
136.277
136.202
136.132
136.064
136
135.94
135.883
135.834
135.781
135.763
147.964
147.861
147.754
147.635
147.51
147.378
147.24
147.094
146.941
146.781
146.613
146.438
146.255
146.064
145.866
145.661
145.449
145.229
145.003
144.771
144.532
144.288
144.04
143.786
143.529
143.268
143.005
142.741
142.475
142.209
141.943
141.679
141.416
141.157
140.901
140.65
140.403
140.162
139.927
139.698
139.476
139.262
139.055
138.856
138.664
138.48
138.304
138.136
137.976
137.822
137.676
137.538
137.405
137.279
137.16
137.046
136.937
136.834
136.735
136.642
136.552
136.467
136.385
136.307
136.232
136.161
136.093
136.029
135.967
135.91
135.855
135.808
135.758
135.743
148.732
148.603
148.468
148.321
148.166
148.005
147.836
147.659
147.475
147.282
147.082
146.874
146.658
146.435
146.204
145.967
145.722
145.472
145.215
144.953
144.685
144.414
144.138
143.859
143.578
143.295
143.01
142.726
142.442
142.159
141.879
141.601
141.328
141.058
140.794
140.536
140.283
140.038
139.8
139.57
139.348
139.134
138.928
138.73
138.541
138.361
138.188
138.024
137.867
137.719
137.577
137.443
137.315
137.194
137.078
136.969
136.865
136.766
136.671
136.581
136.496
136.414
136.336
136.261
136.19
136.122
136.056
135.995
135.936
135.881
135.829
135.784
135.735
135.722
149.488
149.326
149.158
148.979
148.79
148.594
148.391
148.179
147.959
147.731
147.495
147.252
147.002
146.744
146.48
146.21
145.933
145.651
145.365
145.074
144.779
144.481
144.18
143.878
143.575
143.271
142.968
142.667
142.368
142.072
141.779
141.492
141.209
140.933
140.663
140.4
140.145
139.898
139.66
139.43
139.209
138.997
138.794
138.6
138.415
138.238
138.07
137.911
137.759
137.615
137.478
137.349
137.226
137.109
136.999
136.894
136.794
136.699
136.609
136.523
136.441
136.363
136.288
136.217
136.149
136.083
136.021
135.962
135.906
135.853
135.803
135.761
135.713
135.703
150.204
150.006
149.8
149.582
149.356
149.122
148.88
148.63
148.372
148.107
147.834
147.555
147.27
146.978
146.68
146.378
146.071
145.759
145.445
145.127
144.807
144.486
144.163
143.841
143.519
143.199
142.881
142.566
142.254
141.948
141.647
141.352
141.064
140.783
140.511
140.247
139.991
139.745
139.508
139.281
139.063
138.855
138.656
138.466
138.286
138.115
137.952
137.798
137.651
137.513
137.381
137.257
137.139
137.028
136.922
136.822
136.726
136.636
136.55
136.467
136.389
136.314
136.243
136.175
136.11
136.047
135.988
135.931
135.877
135.827
135.778
135.738
135.692
135.684
150.849
150.609
150.36
150.101
149.833
149.558
149.276
148.986
148.69
148.387
148.079
147.764
147.445
147.121
146.793
146.461
146.127
145.79
145.451
145.11
144.769
144.428
144.088
143.749
143.412
143.079
142.749
142.424
142.105
141.791
141.485
141.186
140.896
140.614
140.341
140.078
139.825
139.581
139.348
139.125
138.911
138.708
138.515
138.331
138.156
137.991
137.834
137.686
137.545
137.412
137.286
137.168
137.055
136.948
136.847
136.752
136.661
136.574
136.492
136.414
136.339
136.268
136.2
136.135
136.072
136.012
135.955
135.901
135.849
135.801
135.755
135.717
135.671
135.665
151.382
151.097
150.803
150.5
150.19
149.873
149.551
149.223
148.89
148.552
148.21
147.865
147.516
147.164
146.81
146.455
146.098
145.74
145.381
145.023
144.666
144.31
143.956
143.605
143.258
142.916
142.578
142.247
141.923
141.606
141.298
140.998
140.708
140.428
140.157
139.897
139.648
139.409
139.181
138.964
138.757
138.56
138.373
138.195
138.027
137.868
137.718
137.576
137.441
137.314
137.194
137.081
136.973
136.872
136.776
136.685
136.598
136.516
136.437
136.363
136.292
136.224
136.159
136.096
136.036
135.979
135.925
135.873
135.823
135.777
135.732
135.696
135.652
135.648
151.757
151.426
151.087
150.741
150.391
150.036
149.678
149.316
148.952
148.585
148.216
147.846
147.475
147.102
146.73
146.357
145.984
145.611
145.24
144.87
144.501
144.136
143.773
143.415
143.062
142.714
142.373
142.039
141.713
141.397
141.089
140.792
140.504
140.228
139.962
139.708
139.465
139.232
139.011
138.8
138.6
138.411
138.231
138.061
137.9
137.748
137.604
137.468
137.34
137.219
137.105
136.997
136.895
136.798
136.707
136.62
136.538
136.46
136.385
136.314
136.246
136.181
136.119
136.06
136.003
135.948
135.895
135.846
135.798
135.754
135.711
135.676
135.633
135.631
151.924
151.551
151.172
150.789
150.404
150.019
149.633
149.246
148.86
148.474
148.089
147.704
147.32
146.937
146.555
146.173
145.792
145.412
145.034
144.657
144.284
143.913
143.546
143.185
142.829
142.48
142.138
141.805
141.481
141.167
140.864
140.571
140.289
140.019
139.76
139.513
139.277
139.052
138.839
138.637
138.445
138.263
138.091
137.928
137.775
137.63
137.493
137.364
137.242
137.127
137.019
136.916
136.82
136.728
136.641
136.559
136.481
136.406
136.335
136.268
136.203
136.141
136.082
136.025
135.97
135.918
135.868
135.82
135.774
135.732
135.69
135.658
135.615
135.614
151.832
151.427
151.019
150.609
150.203
149.8
149.4
149.003
148.61
148.219
147.831
147.445
147.061
146.678
146.295
145.913
145.532
145.152
144.773
144.396
144.021
143.65
143.283
142.922
142.567
142.22
141.881
141.551
141.232
140.923
140.626
140.34
140.066
139.803
139.553
139.314
139.087
138.872
138.667
138.474
138.29
138.117
137.953
137.799
137.653
137.515
137.386
137.263
137.148
137.039
136.936
136.839
136.747
136.661
136.578
136.5
136.426
136.355
136.288
136.224
136.162
136.103
136.046
135.992
135.94
135.889
135.841
135.795
135.751
135.711
135.67
135.64
135.598
135.599
151.436
151.016
150.597
150.18
149.771
149.37
148.977
148.59
148.208
147.831
147.457
147.084
146.713
146.341
145.969
145.595
145.221
144.845
144.47
144.096
143.724
143.356
142.991
142.633
142.282
141.939
141.606
141.282
140.97
140.669
140.379
140.102
139.837
139.585
139.344
139.115
138.898
138.693
138.498
138.313
138.139
137.975
137.819
137.673
137.535
137.405
137.282
137.166
137.057
136.954
136.857
136.766
136.679
136.596
136.519
136.445
136.374
136.307
136.243
136.182
136.123
136.067
136.013
135.961
135.911
135.863
135.816
135.772
135.73
135.691
135.652
135.623
135.582
135.584
150.7
150.29
149.888
149.49
149.105
148.734
148.374
148.022
147.676
147.333
146.991
146.648
146.302
145.952
145.597
145.238
144.874
144.508
144.139
143.77
143.403
143.039
142.679
142.326
141.98
141.644
141.318
141.002
140.699
140.407
140.128
139.861
139.607
139.365
139.136
138.918
138.711
138.516
138.331
138.157
137.992
137.836
137.69
137.551
137.421
137.298
137.183
137.074
136.971
136.874
136.782
136.695
136.613
136.536
136.462
136.392
136.325
136.261
136.2
136.142
136.086
136.033
135.981
135.931
135.883
135.837
135.793
135.75
135.709
135.672
135.634
135.606
135.566
135.569
149.614
149.248
148.899
148.556
148.231
147.925
147.631
147.344
147.059
146.771
146.478
146.177
145.865
145.543
145.209
144.866
144.514
144.157
143.795
143.431
143.069
142.71
142.356
142.009
141.67
141.342
141.024
140.719
140.426
140.145
139.877
139.622
139.38
139.149
138.931
138.725
138.529
138.345
138.17
138.005
137.85
137.704
137.565
137.435
137.313
137.197
137.088
136.985
136.889
136.797
136.711
136.629
136.551
136.478
136.408
136.342
136.279
136.218
136.16
136.105
136.051
136
135.951
135.903
135.857
135.813
135.77
135.729
135.69
135.654
135.617
135.591
135.551
135.556
148.261
147.979
147.723
147.475
147.249
147.044
146.848
146.652
146.447
146.23
145.995
145.739
145.463
145.166
144.851
144.52
144.177
143.824
143.466
143.107
142.748
142.393
142.044
141.703
141.373
141.053
140.745
140.45
140.167
139.898
139.642
139.398
139.167
138.949
138.742
138.546
138.362
138.187
138.023
137.867
137.721
137.582
137.452
137.33
137.214
137.105
137.002
136.905
136.814
136.727
136.646
136.568
136.495
136.426
136.359
136.296
136.236
136.179
136.123
136.07
136.02
135.97
135.923
135.877
135.833
135.79
135.749
135.71
135.672
135.637
135.601
135.576
135.537
135.543
146.8
146.632
146.506
146.388
146.293
146.217
146.141
146.05
145.934
145.787
145.606
145.389
145.139
144.859
144.554
144.227
143.886
143.534
143.176
142.817
142.46
142.108
141.764
141.429
141.105
140.794
140.495
140.209
139.937
139.679
139.433
139.201
138.981
138.772
138.576
138.39
138.215
138.049
137.893
137.746
137.607
137.476
137.353
137.237
137.127
137.024
136.927
136.835
136.748
136.666
136.589
136.515
136.445
136.379
136.316
136.256
136.198
136.143
136.09
136.04
135.991
135.943
135.898
135.854
135.811
135.77
135.73
135.692
135.655
135.621
135.587
135.563
135.524
135.531
145.308
145.283
145.32
145.364
145.43
145.505
145.562
145.579
145.547
145.462
145.322
145.131
144.895
144.62
144.314
143.985
143.639
143.282
142.922
142.561
142.205
141.855
141.515
141.185
140.868
140.564
140.274
139.998
139.735
139.486
139.25
139.028
138.817
138.618
138.431
138.254
138.087
137.929
137.781
137.641
137.508
137.384
137.267
137.156
137.052
136.953
136.861
136.773
136.69
136.612
136.538
136.468
136.401
136.338
136.277
136.22
136.164
136.111
136.061
136.012
135.965
135.919
135.875
135.832
135.791
135.751
135.712
135.675
135.639
135.607
135.573
135.55
135.511
135.519
143.826
143.969
144.204
144.446
144.698
144.938
145.13
145.25
145.29
145.25
145.136
144.955
144.719
144.438
144.123
143.784
143.429
143.066
142.701
142.338
141.981
141.633
141.296
140.971
140.66
140.363
140.08
139.812
139.558
139.318
139.091
138.877
138.675
138.484
138.304
138.135
137.975
137.825
137.683
137.549
137.422
137.303
137.191
137.085
136.985
136.891
136.803
136.719
136.639
136.564
136.493
136.426
136.362
136.301
136.243
136.187
136.134
136.083
136.034
135.987
135.941
135.897
135.854
135.813
135.772
135.734
135.696
135.66
135.625
135.593
135.56
135.537
135.5
135.508
142.371
142.71
143.182
143.656
144.115
144.527
144.847
145.054
145.147
145.134
145.028
144.843
144.595
144.3
143.97
143.618
143.252
142.88
142.509
142.143
141.785
141.438
141.104
140.784
140.478
140.187
139.912
139.651
139.404
139.172
138.952
138.746
138.551
138.367
138.195
138.032
137.878
137.733
137.597
137.468
137.347
137.232
137.125
137.023
136.927
136.837
136.751
136.671
136.594
136.522
136.454
136.389
136.327
136.268
136.212
136.158
136.106
136.057
136.009
135.964
135.919
135.876
135.835
135.794
135.755
135.717
135.681
135.645
135.611
135.58
135.547
135.526
135.488
135.497
140.949
141.512
142.266
143.007
143.688
144.264
144.698
144.973
145.098
145.092
144.978
144.777
144.51
144.195
143.847
143.479
143.101
142.72
142.343
141.973
141.615
141.269
140.937
140.621
140.32
140.035
139.765
139.511
139.271
139.045
138.832
138.632
138.443
138.266
138.099
137.942
137.794
137.654
137.522
137.398
137.281
137.17
137.066
136.968
136.876
136.788
136.706
136.628
136.554
136.484
136.418
136.355
136.295
136.238
136.184
136.132
136.082
136.034
135.987
135.943
135.9
135.858
135.817
135.778
135.74
135.702
135.666
135.632
135.598
135.568
135.536
135.515
135.478
135.487
139.56
140.376
141.461
142.505
143.407
144.133
144.659
144.98
145.116
145.102
144.968
144.743
144.451
144.113
143.746
143.362
142.971
142.582
142.199
141.826
141.467
141.122
140.793
140.48
140.183
139.903
139.638
139.389
139.155
138.935
138.727
138.533
138.35
138.178
138.016
137.864
137.72
137.585
137.457
137.337
137.223
137.116
137.015
136.92
136.83
136.746
136.666
136.59
136.518
136.451
136.386
136.325
136.267
136.211
136.158
136.108
136.059
136.012
135.967
135.924
135.881
135.841
135.801
135.762
135.725
135.689
135.653
135.619
135.586
135.557
135.525
135.505
135.468
135.478
138.208
139.301
140.77
142.146
143.257
144.109
144.705
145.048
145.178
145.143
144.982
144.728
144.409
144.048
143.661
143.262
142.86
142.463
142.075
141.699
141.339
140.995
140.667
140.357
140.064
139.788
139.528
139.284
139.054
138.839
138.637
138.447
138.269
138.101
137.944
137.795
137.656
137.524
137.4
137.282
137.172
137.068
136.97
136.877
136.79
136.708
136.63
136.556
136.486
136.42
136.358
136.298
136.241
136.187
136.136
136.086
136.038
135.993
135.949
135.906
135.865
135.825
135.786
135.748
135.711
135.676
135.641
135.608
135.575
135.546
135.515
135.495
135.458
135.469
136.904
138.284
140.196
141.92
143.213
144.165
144.809
145.156
145.266
145.203
145.01
144.726
144.38
143.995
143.59
143.177
142.765
142.36
141.967
141.589
141.228
140.884
140.559
140.251
139.962
139.689
139.433
139.193
138.967
138.756
138.558
138.372
138.198
138.034
137.88
137.736
137.599
137.47
137.349
137.235
137.127
137.025
136.93
136.839
136.754
136.674
136.598
136.526
136.458
136.393
136.332
136.274
136.218
136.165
136.115
136.066
136.02
135.975
135.932
135.89
135.849
135.81
135.772
135.735
135.699
135.664
135.629
135.597
135.565
135.536
135.505
135.486
135.45
135.46
135.67
137.319
139.739
141.809
143.248
144.279
144.949
145.283
145.366
145.27
145.044
144.729
144.357
143.952
143.53
143.104
142.682
142.271
141.874
141.494
141.132
140.789
140.465
140.16
139.873
139.603
139.35
139.114
138.892
138.684
138.49
138.307
138.136
137.976
137.825
137.683
137.549
137.423
137.305
137.193
137.087
136.987
136.894
136.805
136.722
136.643
136.569
136.498
136.432
136.369
136.309
136.251
136.197
136.145
136.096
136.048
136.002
135.958
135.916
135.875
135.835
135.797
135.759
135.722
135.687
135.652
135.619
135.586
135.555
135.527
135.496
135.477
135.441
135.452
134.526
136.403
139.398
141.788
143.338
144.428
145.106
145.417
145.468
145.337
145.079
144.736
144.34
143.915
143.479
143.041
142.611
142.195
141.794
141.412
141.05
140.707
140.384
140.081
139.796
139.529
139.279
139.045
138.826
138.621
138.43
138.25
138.082
137.924
137.776
137.637
137.505
137.382
137.265
137.155
137.051
136.954
136.862
136.775
136.693
136.616
136.543
136.474
136.408
136.346
136.287
136.231
136.178
136.127
136.078
136.031
135.986
135.943
135.901
135.861
135.822
135.784
135.747
135.711
135.676
135.642
135.609
135.577
135.546
135.518
135.488
135.469
135.433
135.445
133.479
135.539
139.173
141.832
143.465
144.594
145.266
145.549
145.567
145.402
145.113
144.744
144.326
143.884
143.434
142.987
142.55
142.128
141.725
141.341
140.978
140.636
140.314
140.012
139.729
139.464
139.216
138.985
138.768
138.566
138.377
138.2
138.035
137.879
137.733
137.596
137.467
137.345
137.23
137.122
137.02
136.923
136.833
136.747
136.667
136.591
136.519
136.451
136.387
136.326
136.268
136.213
136.16
136.11
136.062
136.016
135.972
135.929
135.888
135.848
135.81
135.772
135.736
135.7
135.666
135.632
135.599
135.568
135.537
135.509
135.48
135.461
135.426
135.437
132.509
134.735
139.037
141.915
143.612
144.766
145.422
145.674
145.658
145.462
145.144
144.751
144.315
143.858
143.396
142.94
142.497
142.071
141.665
141.28
140.916
140.574
140.253
139.952
139.671
139.407
139.162
138.932
138.718
138.518
138.331
138.156
137.992
137.839
137.695
137.559
137.432
137.312
137.198
137.092
136.991
136.896
136.807
136.723
136.643
136.568
136.498
136.431
136.367
136.307
136.25
136.196
136.144
136.095
136.047
136.002
135.958
135.916
135.876
135.836
135.798
135.761
135.725
135.69
135.656
135.623
135.59
135.559
135.529
135.502
135.472
135.454
135.419
135.43
131.569
134.081
138.997
142.02
143.766
144.933
145.567
145.788
145.741
145.515
145.173
144.759
144.305
143.835
143.364
142.9
142.451
142.022
141.613
141.226
140.862
140.52
140.2
139.9
139.62
139.358
139.114
138.886
138.673
138.475
138.29
138.117
137.955
137.803
137.661
137.527
137.401
137.282
137.17
137.065
136.965
136.872
136.783
136.7
136.622
136.548
136.478
136.412
136.35
136.29
136.234
136.18
136.129
136.08
136.033
135.989
135.946
135.904
135.864
135.825
135.788
135.751
135.715
135.681
135.647
135.614
135.582
135.551
135.521
135.494
135.465
135.447
135.412
135.424
130.431
133.504
138.99
142.141
143.924
145.09
145.699
145.89
145.815
145.563
145.198
144.765
144.297
143.816
143.335
142.865
142.412
141.979
141.568
141.18
140.816
140.474
140.154
139.854
139.575
139.315
139.072
138.845
138.634
138.437
138.254
138.082
137.922
137.772
137.63
137.498
137.373
137.255
137.145
137.04
136.942
136.849
136.762
136.68
136.602
136.529
136.46
136.395
136.333
136.274
136.219
136.166
136.115
136.067
136.021
135.976
135.934
135.893
135.853
135.815
135.778
135.741
135.706
135.672
135.638
135.606
135.574
135.544
135.514
135.487
135.458
135.441
135.406
135.418
129.434
133.379
139.006
142.247
144.073
145.232
145.816
145.981
145.879
145.604
145.219
144.771
144.29
143.799
143.311
142.835
142.377
141.941
141.529
141.14
140.775
140.433
140.113
139.814
139.536
139.276
139.035
138.809
138.6
138.404
138.222
138.051
137.892
137.743
137.603
137.472
137.348
137.231
137.122
137.018
136.921
136.829
136.743
136.661
136.585
136.512
136.444
136.379
136.318
136.26
136.205
136.152
136.102
136.055
136.009
135.965
135.923
135.882
135.843
135.805
135.768
135.732
135.698
135.664
135.63
135.598
135.567
135.537
135.507
135.48
135.452
135.434
135.4
135.412
)
;

boundaryField
{
    inlet
    {
        type            freestreamPressure;
        value           nonuniform List<scalar> 
230
(
130.997
131.001
131.007
131.015
131.023
131.031
131.039
131.048
131.057
131.067
131.078
131.089
131.101
131.113
131.126
131.14
131.154
131.169
131.186
131.203
131.221
131.24
131.26
131.281
131.304
131.327
131.352
131.379
131.407
131.437
131.469
131.502
131.537
131.574
131.614
131.655
131.699
131.745
131.794
131.846
131.9
131.957
132.016
132.079
132.144
132.213
132.284
132.358
132.435
132.514
132.596
132.68
132.766
132.853
132.942
133.031
133.122
133.211
133.301
133.389
133.475
133.559
133.64
133.716
133.788
133.855
133.916
133.97
134.016
134.055
134.084
134.105
134.11
134.137
134
133.246
132.594
132.044
131.59
131.223
130.931
130.705
130.533
130.409
130.323
130.27
130.242
130.237
130.248
130.272
130.305
130.343
130.385
130.427
130.468
130.508
130.547
130.585
130.621
130.656
130.688
130.719
130.748
130.775
130.801
130.825
130.848
130.869
130.889
130.908
130.925
130.942
130.958
130.972
130.986
134.831
135.612
136.311
136.921
137.446
137.892
138.268
138.583
138.845
139.062
139.241
139.387
139.507
139.604
139.682
139.745
139.795
139.834
139.865
139.888
139.905
139.918
139.927
139.932
139.935
139.937
139.936
139.935
139.932
139.929
139.926
139.922
139.918
139.914
139.909
139.905
139.901
139.897
139.893
139.889
139.885
139.881
139.88
139.878
139.875
139.873
139.87
139.868
139.865
139.862
139.858
139.854
139.85
139.846
139.841
139.836
139.83
139.824
139.818
139.811
139.803
139.795
139.786
139.776
139.765
139.753
139.741
139.727
139.712
139.695
139.677
139.658
139.637
139.614
139.589
139.561
139.532
139.499
139.464
139.426
139.385
139.341
139.293
139.241
139.186
139.126
139.062
138.993
138.92
138.842
138.76
138.672
138.58
138.484
138.383
138.278
138.169
138.056
137.941
137.822
137.702
137.58
137.457
137.334
137.212
137.09
136.97
136.852
136.738
136.627
136.52
136.419
136.323
136.239
136.148
)
;
    }
    outlet
    {
        type            freestreamPressure;
        value           nonuniform List<scalar> 
96
(
135.406
135.4
135.394
135.387
135.38
135.373
135.365
135.356
135.347
135.338
135.328
135.317
135.306
135.294
135.282
135.269
135.255
135.24
135.225
135.209
135.192
135.175
135.158
135.14
135.123
135.106
135.09
135.076
135.066
135.064
135.074
135.091
135.091
135.028
134.869
134.64
134.427
134.309
134.291
134.319
134.339
134.33
134.302
134.268
134.236
134.203
134.178
134.137
136.148
136.134
136.107
136.075
136.043
136.014
135.989
135.969
135.953
135.94
135.927
135.914
135.9
135.883
135.865
135.846
135.826
135.805
135.784
135.763
135.743
135.722
135.703
135.684
135.665
135.648
135.631
135.614
135.599
135.584
135.569
135.556
135.543
135.531
135.519
135.508
135.497
135.487
135.478
135.469
135.46
135.452
135.445
135.437
135.43
135.424
135.418
135.412
)
;
    }
    walls
    {
        type            zeroGradient;
    }
    frontAndBack
    {
        type            empty;
    }
}


// ************************************************************************* //
