# Wall shear stress
# Time       	patch        	min          	max          
0.000000e+00	walls	(-5.838007e+00 -1.143931e+00 -3.994213e-18)	(-4.079743e+00 3.695120e-01 1.807155e-18)
5.000000e+01	walls	(-1.702705e+03 -1.122676e+03 -8.631047e-15)	(3.113174e+01 6.017029e+02 8.553453e-15)
1.000000e+02	walls	(-1.860775e+03 -1.349531e+03 -9.096258e-15)	(2.657437e+01 4.657657e+02 8.975792e-15)
1.500000e+02	walls	(-1.912189e+03 -1.415616e+03 -9.156635e-15)	(2.306064e+01 4.363818e+02 9.025354e-15)
2.000000e+02	walls	(-1.926053e+03 -1.434815e+03 -9.173763e-15)	(2.197810e+01 4.280434e+02 9.039043e-15)
2.500000e+02	walls	(-1.930515e+03 -1.440696e+03 -9.179309e-15)	(2.163442e+01 4.255344e+02 9.043602e-15)
3.000000e+02	walls	(-1.931881e+03 -1.442576e+03 -9.180958e-15)	(2.153957e+01 4.247302e+02 9.044908e-15)
3.440000e+02	walls	(-1.932272e+03 -1.443103e+03 -9.181461e-15)	(2.150965e+01 4.245067e+02 9.045302e-15)
