/*--------------------------------*- C++ -*----------------------------------*\
| =========                 |                                                 |
| \\      /  F ield         | OpenFOAM: The Open Source CFD Toolbox           |
|  \\    /   O peration     | Version:  5.x                                   |
|   \\  /    A nd           | Web:      www.OpenFOAM.org                      |
|    \\/     M anipulation  |                                                 |
\*---------------------------------------------------------------------------*/
FoamFile
{
    version     2.0;
    format      ascii;
    class       volScalarField;
    location    "700";
    object      p;
}
// * * * * * * * * * * * * * * * * * * * * * * * * * * * * * * * * * * * * * //

dimensions      [0 2 -2 0 0 0 0];

internalField   nonuniform List<scalar> 
11040
(
-0.00361703
-99.7388
-337.072
-401.183
-422.367
-435.343
-436.797
-426.499
-407.83
-381.899
-348.215
-296.47
-246.658
-211.18
-186.388
-159.959
-133.114
-107.758
-83.7543
-60.5868
-38.1676
-18.802
-2.61918
12.5259
26.7126
39.9646
52.2774
63.6394
73.9888
83.226
91.2384
97.906
103.173
107.108
109.91
111.836
112.625
112.046
111.719
115.208
115.269
36.5738
-59.9145
-212.482
-290.478
-331.386
-361.459
-379.291
-383.473
-376.491
-360.053
-334.368
-291.478
-246.303
-211.47
-186.132
-160.013
-133.477
-108.253
-84.3278
-61.2242
-38.8461
-19.5283
-3.31508
11.8597
26.0783
39.368
51.726
63.1394
73.5491
82.8577
90.9468
97.6948
103.041
107.036
109.874
111.849
112.707
112.111
111.371
113.834
113.372
61.2518
-32.5037
-142.363
-234.018
-288.798
-325.031
-347.622
-356.29
-353.302
-340.641
-319.326
-283.742
-242.969
-208.961
-183.52
-158.393
-132.622
-107.793
-84.1401
-61.2562
-39.0374
-19.7987
-3.62824
11.5158
25.7155
38.998
51.361
62.7896
73.2261
82.5747
90.7167
97.5295
102.943
106.996
109.873
111.887
112.81
112.268
111.384
113.047
112.235
78.6318
-5.14205
-87.3822
-171.037
-229.427
-270.861
-300.453
-317.072
-321.367
-315.174
-300.016
-272.178
-236.926
-204.868
-179.752
-155.737
-130.953
-106.721
-83.4941
-60.9539
-38.9907
-19.9184
-3.84656
11.2306
25.3839
38.6377
50.9892
62.4213
72.8767
82.2615
90.4572
97.339
102.829
106.956
109.886
111.923
112.883
112.402
111.472
112.651
112.008
92.325
20.5626
-43.3282
-114.93
-173.766
-218.799
-253.052
-275.644
-286.313
-286.346
-277.339
-257.135
-228.285
-199.192
-174.823
-151.957
-128.394
-104.994
-82.3616
-60.3082
-38.729
-19.9217
-4.01223
10.9439
25.005
38.1916
50.5009
61.9132
72.3718
81.7849
90.0355
96.9987
102.59
106.826
109.842
111.916
112.914
112.52
111.588
112.59
112.45
102.743
42.9544
-8.03708
-67.4312
-121.973
-167.096
-203.667
-230.743
-247.188
-253.454
-250.818
-238.18
-216.312
-191.24
-168.362
-146.855
-124.764
-102.46
-80.6086
-59.194
-38.1364
-19.694
-4.02901
10.733
24.6386
37.7027
49.9218
61.2739
71.7036
81.1224
89.4166
96.4643
102.176
106.553
109.698
111.843
112.909
112.67
111.826
112.814
113.222
110.632
61.6473
20.2348
-28.3144
-76.0043
-118.364
-154.814
-184.215
-204.949
-216.692
-220.16
-214.759
-200.175
-180.217
-159.879
-140.157
-119.823
-98.9198
-78.0916
-57.5007
-37.1219
-19.1639
-3.84117
10.6432
24.3194
37.1934
49.2606
60.498
70.8525
80.2407
88.5555
95.6807
101.525
106.073
109.395
111.669
112.863
112.87
112.248
113.292
114.238
116.573
76.731
42.7927
3.35554
-36.8098
-74.5063
-108.739
-138.276
-161.394
-177.229
-185.911
-186.969
-179.466
-165.371
-148.669
-131.378
-113.185
-94.0586
-74.5724
-55.0466
-35.5488
-18.2297
-3.36854
10.7368
24.0939
36.6953
48.5334
59.5845
69.7991
79.1015
87.3951
94.5741
100.549
105.293
108.843
111.326
112.748
113.117
112.871
114.088
115.461
120.992
88.6114
60.6652
28.6868
-4.39668
-36.6143
-67.1745
-94.9828
-118.511
-136.683
-149.188
-155.487
-154.304
-146.256
-134.055
-119.944
-104.373
-87.4611
-69.7144
-51.5653
-33.2023
-16.7135
-2.4604
11.1366
24.0618
36.2902
47.806
58.5829
68.5748
77.7154
85.9218
93.1039
99.1819
104.122
107.942
110.723
112.501
113.378
113.677
115.235
116.857
124.205
97.8119
74.7271
48.791
21.8724
-4.90734
-31.1148
-55.956
-78.2404
-96.967
-111.612
-121.578
-125.455
-122.982
-115.662
-105.365
-92.9224
-78.6762
-63.1128
-46.7219
-29.8076
-14.3822
-0.91441
12.0146
24.3692
36.1055
47.1926
57.5976
67.2752
76.1671
84.2045
91.3153
97.4361
102.538
106.632
109.777
112.026
113.549
114.557
116.612
118.411
126.474
104.86
85.7392
64.6743
42.8984
21.021
-0.809326
-22.1158
-42.0566
-59.8691
-75.0281
-86.9586
-94.3092
-96.3508
-93.6501
-87.433
-78.4975
-67.3107
-54.3573
-40.1379
-25.0385
-10.9569
1.51309
13.584
25.202
36.3048
46.842
56.7692
66.0385
74.5962
82.3843
89.3466
95.4367
100.637
104.966
108.478
111.24
113.459
115.26
117.89
119.98
128.022
110.232
94.3536
77.2076
59.624
41.9226
24.0847
6.34875
-10.7477
-26.6939
-41.0884
-53.4561
-62.6456
-67.7833
-68.8487
-66.4423
-61.0764
-53.1617
-43.1348
-31.4578
-18.5442
-6.11511
5.11342
16.1089
26.7973
37.1002
46.9454
56.2738
65.0322
73.1683
80.6312
87.3756
93.3682
98.6023
103.104
106.93
110.155
112.987
115.51
118.643
121.202
129.043
114.331
101.116
87.1224
72.9159
58.6553
44.244
29.7731
15.5557
1.91086
-10.9182
-22.5955
-32.2289
-39.0111
-42.6454
-43.29
-41.1266
-36.3835
-29.3739
-20.4645
-10.0315
0.456857
10.1968
19.8904
29.4423
38.7599
47.7512
56.3414
64.4699
72.0836
79.1351
85.5863
91.4122
96.6115
101.214
105.271
108.85
112.129
115.186
118.611
121.651
129.699
117.483
106.467
95.0151
83.5157
72.0394
60.4638
48.8012
37.2219
25.9098
14.9885
4.65936
-4.43612
-11.6557
-16.6408
-19.3157
-19.6245
-17.5988
-13.3887
-7.22461
0.609342
8.96459
17.0155
25.2096
33.4344
41.5859
49.5567
57.2587
64.6242
71.5976
78.1325
84.1937
89.76
94.8308
99.4327
103.605
107.398
110.94
114.301
117.802
121.075
130.113
119.942
110.749
101.354
92.024
82.7819
73.5049
64.1689
54.8607
45.6774
36.6754
27.9518
19.9399
13.1052
7.75881
4.05464
2.15894
2.17207
4.08657
7.80958
13.1736
19.3748
25.6459
32.2228
38.987
45.8316
52.6413
59.3191
65.7912
72
77.8989
83.4532
88.6406
93.4569
97.9204
102.055
105.889
109.504
112.949
116.375
119.612
130.395
121.913
114.238
106.51
98.9198
91.4629
84.0276
76.5759
69.1488
61.7938
54.5293
47.3926
40.6627
34.6572
29.6062
25.6571
22.9926
21.7638
22.0474
23.8522
27.1156
31.3494
35.9065
40.8755
46.1467
51.6203
57.1849
62.7438
68.2216
73.5589
78.708
83.6331
88.3096
92.7274
96.8946
100.819
104.509
108.011
111.354
114.597
117.657
130.657
123.58
117.172
110.803
104.613
98.582
92.6123
86.6642
80.7547
74.905
69.1142
63.3922
57.9117
52.8819
48.4598
44.7573
41.9268
40.1144
39.4237
39.9156
41.5964
44.2197
47.2877
50.8045
54.6803
58.8308
63.1592
67.5782
72.0175
76.4205
80.7402
84.9399
88.9918
92.8799
96.6026
100.155
103.535
106.762
109.85
112.817
115.622
130.894
124.931
119.523
114.207
109.09
104.143
99.2802
94.4667
89.7077
85.0123
80.3729
75.7899
71.372
67.2538
63.5387
60.3045
57.6648
55.7369
54.6172
54.3784
55.0574
56.557
58.5151
60.8996
63.6442
66.6831
69.9387
73.3386
76.8228
80.3409
83.8503
87.3157
90.7091
94.0109
97.2128
100.303
103.271
106.123
108.864
111.493
113.993
131.089
125.988
121.355
116.842
112.537
108.405
104.37
100.402
96.5004
92.6679
88.8947
85.1771
81.5886
78.2184
75.1343
72.3902
70.0671
68.2528
67.0249
66.4496
66.57
67.3674
68.5806
70.1687
72.0859
74.283
76.6999
79.2801
81.9746
84.7413
87.5435
90.3497
93.1336
95.8752
98.5629
101.182
103.719
106.173
108.543
110.82
112.998
131.272
126.852
122.832
118.948
115.272
111.765
108.362
105.036
101.783
98.6042
95.4888
92.4322
89.4855
86.7108
84.1527
81.8488
79.8565
78.2398
77.0578
76.3641
76.1981
76.577
77.31
78.359
79.6937
81.2774
83.0649
85.0126
87.0822
89.2398
91.455
93.7008
95.9541
98.1963
100.415
102.596
104.724
106.796
108.808
110.748
112.614
131.448
127.58
124.058
120.678
117.502
114.489
111.581
108.756
106.009
103.337
100.732
98.1893
95.7446
93.443
91.3148
89.3854
87.6967
86.2949
85.2234
84.5238
84.228
84.3673
84.798
85.4888
86.4204
87.5653
88.8891
90.359
91.9455
93.6218
95.3632
97.1476
98.9556
100.771
102.582
104.374
106.136
107.862
109.547
111.179
112.758
131.623
128.21
125.098
122.131
119.36
116.745
114.235
111.809
109.463
107.193
104.991
102.854
100.806
98.8826
97.1035
95.4862
94.0613
92.8624
91.9213
91.269
90.93
90.9382
91.1821
91.6379
92.2932
93.1271
94.1134
95.2271
96.4458
97.7483
99.1152
100.529
101.973
103.433
104.901
106.363
107.808
109.233
110.63
111.991
113.313
131.795
128.762
125.995
123.371
120.934
118.645
116.459
114.358
112.336
110.39
108.512
106.699
104.971
103.352
101.856
100.497
99.2956
98.2773
97.4648
96.8811
96.5442
96.4857
96.6165
96.9189
97.3855
97.9998
98.7415
99.5914
100.532
101.548
102.623
103.743
104.894
106.067
107.252
108.439
109.619
110.788
111.94
113.067
114.167
131.964
129.254
126.778
124.442
122.285
120.267
118.35
116.516
114.76
113.079
111.465
109.916
108.446
107.074
105.811
104.664
103.65
102.788
102.093
101.583
101.271
101.183
101.246
101.449
101.786
102.245
102.81
103.464
104.197
104.993
105.842
106.731
107.651
108.593
109.549
110.512
111.473
112.429
113.375
114.306
115.217
132.13
129.694
127.468
125.378
123.456
121.667
119.974
118.363
116.829
115.367
113.971
112.639
111.381
110.212
109.139
108.168
107.311
106.581
105.991
105.551
105.272
105.175
105.2
105.338
105.587
105.935
106.37
106.88
107.455
108.084
108.758
109.469
110.206
110.964
111.737
112.518
113.301
114.083
114.859
115.626
116.379
132.29
130.091
128.08
126.2
124.48
122.885
121.383
119.96
118.611
117.332
116.118
114.966
113.884
112.883
111.968
111.143
110.417
109.799
109.298
108.923
108.679
108.585
108.589
108.685
108.872
109.141
109.481
109.883
110.339
110.84
111.379
111.949
112.544
113.157
113.784
114.419
115.057
115.698
116.335
116.967
117.588
132.444
130.45
128.626
126.928
125.382
123.953
122.613
121.35
120.158
119.035
117.974
116.972
116.037
115.175
114.392
113.689
113.072
112.549
112.125
111.806
111.597
111.512
111.504
111.573
111.717
111.928
112.198
112.518
112.883
113.286
113.721
114.182
114.664
115.162
115.672
116.191
116.714
117.239
117.764
118.285
118.799
132.592
130.776
129.115
127.576
126.179
124.893
123.693
122.567
121.51
120.519
119.587
118.713
117.902
117.158
116.485
115.883
115.359
114.915
114.556
114.287
114.11
114.035
114.023
114.073
114.186
114.355
114.572
114.831
115.126
115.453
115.807
116.182
116.575
116.982
117.4
117.825
118.255
118.687
119.12
119.552
119.977
132.733
131.073
129.555
128.153
126.887
125.726
124.646
123.639
122.698
121.819
120.999
120.233
119.526
118.882
118.302
117.787
117.339
116.963
116.66
116.433
116.283
116.219
116.207
116.245
116.337
116.474
116.65
116.862
117.103
117.371
117.661
117.968
118.291
118.625
118.969
119.319
119.674
120.032
120.39
120.748
121.101
132.867
131.344
129.951
128.67
127.517
126.465
125.491
124.586
123.745
122.964
122.239
121.567
120.949
120.39
119.888
119.446
119.064
118.744
118.488
118.298
118.173
118.12
118.108
118.139
118.214
118.327
118.473
118.647
118.847
119.068
119.307
119.561
119.827
120.104
120.388
120.678
120.972
121.269
121.567
121.865
122.159
132.993
131.59
130.308
129.134
128.081
127.123
126.241
125.425
124.672
123.976
123.333
122.741
122.2
121.713
121.279
120.899
120.572
120.301
120.085
119.925
119.821
119.778
119.769
119.795
119.858
119.953
120.074
120.22
120.386
120.569
120.768
120.979
121.201
121.431
121.667
121.909
122.153
122.401
122.649
122.899
123.144
133.112
131.814
130.63
129.549
128.584
127.71
126.908
126.171
125.494
124.872
124.301
123.778
123.304
122.879
122.503
122.176
121.896
121.666
121.484
121.351
121.265
121.231
121.224
121.247
121.301
121.381
121.484
121.606
121.746
121.9
122.066
122.243
122.428
122.62
122.818
123.019
123.224
123.431
123.639
123.848
124.053
133.223
132.018
130.92
129.922
129.034
128.233
127.503
126.835
126.224
125.667
125.158
124.696
124.28
123.909
123.583
123.301
123.062
122.867
122.714
122.603
122.533
122.507
122.503
122.524
122.571
122.64
122.727
122.831
122.949
123.079
123.219
123.367
123.523
123.684
123.85
124.019
124.191
124.365
124.54
124.715
124.888
133.326
132.203
131.182
130.257
129.437
128.7
128.032
127.425
126.874
126.373
125.92
125.511
125.144
124.821
124.538
124.295
124.091
123.926
123.798
123.706
123.65
123.631
123.629
123.649
123.69
123.75
123.826
123.914
124.015
124.125
124.244
124.369
124.5
124.636
124.776
124.919
125.063
125.21
125.357
125.505
125.65
133.421
132.371
131.416
130.556
129.796
129.117
128.504
127.951
127.451
127.001
126.596
126.234
125.911
125.628
125.384
125.175
125.001
124.861
124.755
124.68
124.635
124.622
124.623
124.641
124.679
124.731
124.797
124.873
124.959
125.053
125.154
125.261
125.372
125.487
125.605
125.726
125.848
125.972
126.096
126.221
126.343
133.509
132.522
131.627
130.823
130.116
129.487
128.924
128.418
127.965
127.559
127.197
126.875
126.592
126.345
126.133
125.954
125.806
125.689
125.601
125.54
125.505
125.497
125.501
125.519
125.553
125.6
125.657
125.723
125.797
125.878
125.964
126.055
126.15
126.248
126.348
126.45
126.553
126.658
126.763
126.869
126.972
133.59
132.658
131.814
131.06
130.4
129.816
129.296
128.832
128.42
128.054
127.73
127.444
127.195
126.98
126.797
126.644
126.519
126.421
126.349
126.3
126.274
126.271
126.276
126.294
126.326
126.367
126.418
126.476
126.54
126.61
126.684
126.762
126.842
126.926
127.011
127.097
127.185
127.274
127.363
127.452
127.54
133.663
132.779
131.98
131.27
130.65
130.106
129.624
129.197
128.821
128.491
128.201
127.948
127.729
127.542
127.384
127.254
127.15
127.069
127.01
126.973
126.954
126.955
126.963
126.981
127.01
127.048
127.093
127.144
127.2
127.261
127.325
127.392
127.461
127.532
127.604
127.678
127.753
127.828
127.903
127.979
128.053
133.729
132.885
132.126
131.453
130.87
130.359
129.911
129.518
129.175
128.876
128.616
128.391
128.2
128.038
127.903
127.793
127.706
127.641
127.594
127.566
127.554
127.558
127.568
127.586
127.613
127.648
127.688
127.733
127.783
127.835
127.891
127.948
128.008
128.069
128.131
128.194
128.257
128.321
128.385
128.449
128.512
133.787
132.978
132.252
131.612
131.059
130.579
130.161
129.797
129.483
129.212
128.979
128.781
128.613
128.474
128.36
128.268
128.197
128.145
128.109
128.09
128.084
128.091
128.103
128.122
128.149
128.181
128.218
128.259
128.303
128.349
128.397
128.447
128.498
128.551
128.604
128.657
128.711
128.766
128.82
128.874
128.927
133.839
133.058
132.36
131.747
131.221
130.766
130.374
130.037
129.749
129.503
129.295
129.12
128.974
128.855
128.759
128.683
128.626
128.586
128.56
128.547
128.546
128.557
128.57
128.59
128.615
128.645
128.679
128.715
128.754
128.795
128.837
128.881
128.925
128.97
129.016
129.062
129.108
129.154
129.2
129.247
129.291
133.884
133.125
132.449
131.86
131.355
130.923
130.554
130.24
129.975
129.752
129.566
129.412
129.286
129.185
129.106
129.045
129.002
128.973
128.956
128.951
128.956
128.97
128.987
129.008
129.033
129.063
129.094
129.128
129.164
129.2
129.238
129.276
129.315
129.354
129.393
129.433
129.472
129.511
129.55
129.589
129.627
133.921
133.178
132.521
131.949
131.463
131.05
130.701
130.407
130.162
129.96
129.794
129.659
129.551
129.467
129.403
129.356
129.323
129.304
129.295
129.295
129.304
129.319
129.337
129.358
129.383
129.411
129.441
129.472
129.504
129.537
129.57
129.604
129.638
129.672
129.707
129.741
129.775
129.808
129.841
129.875
129.906
133.951
133.22
132.574
132.016
131.544
131.147
130.814
130.539
130.312
130.128
129.981
129.864
129.773
129.705
129.655
129.622
129.602
129.593
129.594
129.603
129.618
129.639
129.661
129.685
129.712
129.74
129.77
129.8
129.83
129.861
129.892
129.922
129.953
129.983
130.012
130.041
130.07
130.099
130.127
130.154
130.181
133.975
133.25
132.613
132.064
131.603
131.217
130.898
130.637
130.427
130.259
130.128
130.027
129.951
129.897
129.86
129.837
129.826
129.824
129.83
129.842
129.86
129.882
129.905
129.93
129.956
129.984
130.012
130.04
130.068
130.096
130.125
130.152
130.18
130.206
130.233
130.259
130.284
130.309
130.334
130.358
130.38
133.993
133.267
132.634
132.091
131.637
131.261
130.954
130.705
130.508
130.354
130.237
130.151
130.09
130.051
130.03
130.023
130.026
130.039
130.058
130.081
130.108
130.137
130.166
130.196
130.226
130.256
130.285
130.315
130.343
130.371
130.397
130.423
130.449
130.473
130.496
130.519
130.54
130.561
130.582
130.601
130.62
134
133.264
132.625
132.082
131.631
131.262
130.964
130.728
130.544
130.405
130.303
130.23
130.182
130.153
130.139
130.138
130.146
130.161
130.182
130.208
130.237
130.268
130.298
130.328
130.359
130.389
130.418
130.446
130.474
130.5
130.526
130.55
130.574
130.596
130.618
130.638
130.658
130.677
130.695
130.712
130.729
133.998
133.244
132.592
132.042
131.588
131.221
130.929
130.703
130.531
130.407
130.321
130.267
130.24
130.235
130.246
130.27
130.303
130.341
130.382
130.425
130.466
130.506
130.545
130.583
130.619
130.653
130.686
130.717
130.746
130.773
130.799
130.823
130.846
130.867
130.887
130.906
130.923
130.94
130.955
130.97
130.984
125.734
133.169
139.069
142.362
144.218
145.366
145.925
146.064
145.937
145.64
145.237
144.774
144.281
143.78
143.285
142.804
142.343
141.904
141.49
141.1
140.734
140.392
140.073
139.775
139.497
139.238
138.998
138.773
138.565
138.37
138.189
138.02
137.862
137.714
137.575
137.445
137.322
137.207
137.098
136.995
136.899
136.808
136.722
136.641
136.565
136.494
136.426
136.362
136.301
136.244
136.189
136.138
136.088
136.041
135.996
135.952
135.91
135.87
135.831
135.794
135.757
135.722
135.687
135.653
135.621
135.589
135.557
135.528
135.498
135.472
135.443
135.426
135.392
135.404
124.723
132.719
138.886
142.412
144.365
145.517
146.051
146.16
146.005
145.682
145.259
144.779
144.273
143.763
143.26
142.773
142.308
141.866
141.45
141.059
140.693
140.351
140.032
139.734
139.458
139.2
138.96
138.737
138.53
138.337
138.157
137.989
137.832
137.685
137.548
137.419
137.297
137.182
137.075
136.973
136.877
136.787
136.703
136.623
136.547
136.477
136.41
136.346
136.286
136.229
136.175
136.124
136.075
136.028
135.984
135.941
135.899
135.86
135.821
135.784
135.748
135.713
135.679
135.645
135.613
135.581
135.55
135.52
135.491
135.465
135.437
135.42
135.386
135.398
123.972
131.53
138.347
142.326
144.46
145.66
146.189
146.272
146.084
145.732
145.284
144.784
144.263
143.74
143.229
142.736
142.266
141.821
141.403
141.011
140.644
140.303
139.984
139.688
139.412
139.156
138.917
138.696
138.49
138.298
138.12
137.954
137.799
137.653
137.517
137.389
137.269
137.156
137.049
136.948
136.854
136.765
136.681
136.602
136.528
136.458
136.392
136.329
136.27
136.214
136.16
136.11
136.061
136.015
135.971
135.928
135.888
135.848
135.81
135.774
135.738
135.703
135.669
135.636
135.604
135.573
135.542
135.513
135.484
135.458
135.43
135.413
135.38
135.392
123.575
130.506
137.647
142.057
144.454
145.75
146.301
146.377
146.167
145.786
145.311
144.788
144.249
143.713
143.191
142.691
142.215
141.767
141.347
140.954
140.588
140.246
139.929
139.633
139.359
139.104
138.868
138.648
138.444
138.255
138.078
137.914
137.76
137.617
137.482
137.356
137.237
137.126
137.02
136.921
136.828
136.74
136.657
136.579
136.506
136.437
136.372
136.31
136.252
136.196
136.144
136.094
136.046
136.001
135.957
135.915
135.875
135.836
135.799
135.762
135.727
135.693
135.659
135.627
135.595
135.564
135.534
135.505
135.476
135.451
135.423
135.406
135.373
135.385
123.692
130.119
137.071
141.654
144.312
145.752
146.354
146.439
146.221
145.824
145.329
144.786
144.228
143.677
143.144
142.635
142.154
141.703
141.281
140.887
140.52
140.18
139.863
139.57
139.298
139.045
138.811
138.593
138.392
138.205
138.031
137.868
137.717
137.576
137.443
137.319
137.202
137.092
136.988
136.891
136.799
136.712
136.631
136.554
136.482
136.414
136.35
136.289
136.232
136.178
136.126
136.077
136.03
135.985
135.942
135.901
135.861
135.823
135.786
135.75
135.716
135.682
135.649
135.617
135.585
135.555
135.525
135.496
135.468
135.443
135.415
135.399
135.366
135.378
124.067
130.224
136.785
141.306
144.078
145.641
146.324
146.44
146.22
145.814
145.31
144.758
144.189
143.626
143.082
142.565
142.079
141.624
141.2
140.806
140.44
140.101
139.787
139.495
139.226
138.976
138.744
138.53
138.331
138.147
137.976
137.816
137.668
137.529
137.399
137.277
137.162
137.054
136.952
136.856
136.766
136.681
136.601
136.526
136.456
136.389
136.326
136.267
136.21
136.157
136.106
136.058
136.012
135.968
135.926
135.885
135.846
135.809
135.773
135.737
135.703
135.67
135.638
135.606
135.575
135.545
135.515
135.487
135.459
135.434
135.407
135.391
135.358
135.371
124.566
130.588
136.739
141.135
143.871
145.452
146.195
146.362
146.16
145.748
145.234
144.675
144.103
143.539
142.994
142.474
141.984
141.527
141.102
140.709
140.344
140.007
139.695
139.407
139.141
138.894
138.667
138.456
138.261
138.08
137.912
137.756
137.611
137.475
137.348
137.228
137.116
137.011
136.911
136.817
136.729
136.646
136.568
136.495
136.426
136.361
136.299
136.241
136.186
136.134
136.084
136.037
135.992
135.949
135.908
135.868
135.83
135.794
135.758
135.723
135.69
135.657
135.625
135.594
135.564
135.534
135.505
135.477
135.45
135.425
135.398
135.383
135.35
135.363
125.244
131.014
136.744
141.051
143.732
145.262
146.004
146.2
146.025
145.625
145.108
144.538
143.957
143.393
142.852
142.339
141.855
141.402
140.98
140.589
140.227
139.894
139.586
139.302
139.04
138.798
138.575
138.369
138.178
138.002
137.838
137.686
137.545
137.413
137.289
137.173
137.064
136.961
136.865
136.773
136.688
136.607
136.531
136.46
136.393
136.329
136.27
136.213
136.16
136.109
136.061
136.015
135.971
135.929
135.889
135.85
135.813
135.777
135.742
135.708
135.675
135.643
135.612
135.582
135.552
135.523
135.494
135.467
135.44
135.415
135.389
135.374
135.342
135.354
126.217
131.447
136.605
140.847
143.544
145.06
145.788
145.985
145.823
145.436
144.927
144.357
143.769
143.196
142.651
142.141
141.668
141.228
140.818
140.437
140.083
139.756
139.454
139.176
138.92
138.684
138.467
138.266
138.081
137.911
137.752
137.605
137.469
137.341
137.222
137.11
137.004
136.905
136.811
136.723
136.641
136.563
136.489
136.42
136.355
136.294
136.236
136.182
136.13
136.081
136.034
135.989
135.947
135.906
135.867
135.83
135.793
135.759
135.725
135.692
135.66
135.628
135.598
135.568
135.539
135.51
135.482
135.455
135.429
135.405
135.379
135.364
135.333
135.345
127.368
131.812
136.239
140.353
143.103
144.669
145.46
145.707
145.57
145.191
144.686
144.12
143.536
142.963
142.414
141.899
141.425
140.992
140.595
140.23
139.893
139.58
139.29
139.022
138.775
138.547
138.338
138.145
137.967
137.803
137.651
137.511
137.38
137.258
137.143
137.036
136.935
136.84
136.75
136.666
136.587
136.512
136.442
136.375
136.313
136.254
136.199
136.146
136.097
136.049
136.004
135.962
135.921
135.881
135.844
135.807
135.772
135.739
135.706
135.674
135.643
135.612
135.583
135.553
135.525
135.497
135.47
135.443
135.417
135.394
135.369
135.354
135.323
135.336
128.183
131.855
135.498
139.36
142.196
143.88
144.796
145.179
145.16
144.861
144.395
143.846
143.265
142.691
142.141
141.626
141.151
140.717
140.323
139.965
139.642
139.348
139.077
138.827
138.596
138.381
138.182
137.999
137.831
137.675
137.532
137.399
137.275
137.16
137.052
136.951
136.855
136.765
136.68
136.6
136.525
136.454
136.387
136.324
136.265
136.209
136.157
136.107
136.059
136.014
135.971
135.93
135.891
135.854
135.818
135.783
135.749
135.717
135.685
135.654
135.624
135.595
135.566
135.538
135.51
135.483
135.456
135.431
135.405
135.382
135.358
135.343
135.313
135.326
128.096
131.227
134.221
137.67
140.502
142.357
143.492
144.117
144.326
144.221
143.906
143.463
142.948
142.403
141.861
141.342
140.86
140.421
140.023
139.667
139.348
139.063
138.807
138.575
138.364
138.17
137.989
137.822
137.667
137.523
137.39
137.267
137.152
137.045
136.945
136.851
136.762
136.678
136.598
136.524
136.453
136.387
136.325
136.266
136.21
136.158
136.109
136.062
136.017
135.975
135.934
135.895
135.858
135.823
135.789
135.755
135.723
135.692
135.662
135.633
135.604
135.576
135.548
135.521
135.494
135.467
135.442
135.417
135.392
135.37
135.346
135.332
135.302
135.315
127.066
129.835
132.4
135.347
137.98
139.918
141.272
142.19
142.726
142.937
142.898
142.683
142.351
141.945
141.5
141.041
140.585
140.148
139.741
139.372
139.042
138.752
138.497
138.274
138.078
137.902
137.744
137.598
137.463
137.337
137.219
137.109
137.006
136.91
136.819
136.733
136.652
136.576
136.503
136.435
136.37
136.31
136.252
136.198
136.147
136.099
136.054
136.01
135.969
135.93
135.892
135.856
135.822
135.788
135.756
135.725
135.695
135.666
135.637
135.609
135.581
135.555
135.528
135.502
135.476
135.451
135.426
135.402
135.378
135.356
135.333
135.319
135.291
135.304
125.299
127.774
130.072
132.594
134.956
136.874
138.364
139.502
140.321
140.849
141.133
141.228
141.175
141.012
140.768
140.471
140.143
139.8
139.454
139.114
138.788
138.486
138.212
137.973
137.767
137.592
137.444
137.316
137.204
137.102
137.007
136.917
136.831
136.748
136.669
136.595
136.524
136.456
136.392
136.332
136.274
136.22
136.169
136.121
136.075
136.032
135.991
135.952
135.915
135.879
135.845
135.812
135.78
135.749
135.72
135.691
135.663
135.636
135.609
135.583
135.557
135.531
135.506
135.481
135.457
135.433
135.409
135.386
135.362
135.342
135.319
135.306
135.279
135.292
123.042
125.272
127.383
129.604
131.72
133.56
135.107
136.386
137.409
138.188
138.748
139.125
139.352
139.457
139.465
139.397
139.271
139.101
138.899
138.676
138.443
138.205
137.969
137.74
137.524
137.328
137.158
137.016
136.902
136.81
136.735
136.669
136.609
136.55
136.491
136.431
136.373
136.316
136.262
136.21
136.161
136.115
136.072
136.03
135.991
135.954
135.918
135.885
135.852
135.821
135.79
135.761
135.733
135.706
135.679
135.653
135.627
135.602
135.578
135.554
135.53
135.506
135.482
135.459
135.436
135.413
135.39
135.368
135.346
135.326
135.305
135.292
135.266
135.28
120.553
122.578
124.527
126.521
128.437
130.178
131.725
133.081
134.243
135.21
135.992
136.607
137.075
137.419
137.658
137.812
137.897
137.925
137.909
137.855
137.77
137.661
137.534
137.394
137.247
137.097
136.947
136.802
136.668
136.551
136.456
136.383
136.328
136.286
136.252
136.219
136.185
136.148
136.109
136.07
136.031
135.994
135.959
135.925
135.894
135.864
135.835
135.807
135.78
135.754
135.728
135.704
135.679
135.656
135.633
135.61
135.587
135.565
135.543
135.521
135.499
135.478
135.456
135.435
135.413
135.392
135.37
135.349
135.328
135.31
135.289
135.277
135.252
135.266
118.101
119.936
121.722
123.521
125.263
126.894
128.401
129.777
131.014
132.104
133.048
133.852
134.525
135.079
135.526
135.88
136.156
136.365
136.519
136.627
136.699
136.738
136.75
136.739
136.707
136.658
136.596
136.524
136.446
136.362
136.276
136.191
136.113
136.048
135.998
135.962
135.938
135.92
135.905
135.888
135.869
135.848
135.826
135.803
135.781
135.759
135.738
135.717
135.697
135.677
135.657
135.638
135.618
135.599
135.58
135.561
135.542
135.523
135.504
135.485
135.466
135.446
135.427
135.407
135.388
135.368
135.348
135.329
135.309
135.291
135.272
135.261
135.237
135.253
116.114
117.754
119.368
120.981
122.555
124.061
125.49
126.832
128.078
129.22
130.253
131.176
131.992
132.703
133.317
133.842
134.285
134.655
134.962
135.215
135.422
135.59
135.724
135.83
135.911
135.968
136.005
136.022
136.022
136.008
135.982
135.948
135.909
135.865
135.82
135.776
135.738
135.71
135.691
135.682
135.677
135.674
135.669
135.662
135.652
135.641
135.629
135.617
135.604
135.591
135.578
135.564
135.55
135.536
135.522
135.507
135.492
135.477
135.461
135.445
135.429
135.412
135.395
135.378
135.36
135.343
135.324
135.307
135.288
135.272
135.254
135.244
135.221
135.238
114.804
116.245
117.676
119.104
120.51
121.879
123.201
124.469
125.673
126.807
127.863
128.839
129.73
130.538
131.263
131.909
132.48
132.98
133.416
133.793
134.118
134.397
134.635
134.837
135.008
135.152
135.271
135.368
135.445
135.503
135.544
135.571
135.585
135.59
135.588
135.579
135.566
135.549
135.531
135.515
135.504
135.5
135.502
135.506
135.51
135.512
135.512
135.509
135.505
135.499
135.493
135.486
135.478
135.469
135.459
135.449
135.439
135.427
135.415
135.403
135.39
135.376
135.361
135.347
135.331
135.315
135.299
135.283
135.266
135.251
135.234
135.226
135.204
135.223
114.143
115.385
116.629
117.874
119.111
120.331
121.527
122.692
123.819
124.901
125.931
126.904
127.816
128.665
129.449
130.167
130.821
131.411
131.942
132.416
132.838
133.211
133.539
133.828
134.08
134.299
134.49
134.655
134.798
134.92
135.023
135.109
135.179
135.235
135.278
135.311
135.334
135.35
135.36
135.363
135.363
135.359
135.357
135.358
135.364
135.373
135.383
135.392
135.398
135.401
135.403
135.402
135.4
135.397
135.393
135.388
135.382
135.375
135.367
135.358
135.348
135.337
135.325
135.313
135.3
135.287
135.272
135.258
135.243
135.229
135.214
135.207
135.186
135.207
114.042
115.091
116.151
117.218
118.287
119.353
120.412
121.457
122.482
123.482
124.45
125.382
126.273
127.119
127.917
128.664
129.36
130.003
130.595
131.136
131.629
132.075
132.477
132.837
133.16
133.447
133.702
133.927
134.127
134.302
134.457
134.593
134.712
134.816
134.906
134.982
135.045
135.097
135.139
135.171
135.196
135.214
135.227
135.234
135.24
135.246
135.255
135.267
135.28
135.294
135.305
135.313
135.318
135.321
135.323
135.323
135.321
135.319
135.315
135.309
135.303
135.296
135.287
135.278
135.267
135.256
135.244
135.231
135.218
135.206
135.192
135.186
135.167
135.19
114.384
115.255
116.141
117.039
117.947
118.863
119.781
120.698
121.609
122.509
123.393
124.256
125.095
125.905
126.683
127.424
128.127
128.79
129.411
129.99
130.527
131.023
131.478
131.894
132.272
132.616
132.926
133.205
133.456
133.68
133.881
134.06
134.22
134.363
134.491
134.605
134.706
134.794
134.871
134.935
134.989
135.033
135.069
135.097
135.118
135.134
135.146
135.157
135.169
135.183
135.199
135.214
135.228
135.24
135.248
135.254
135.257
135.259
135.26
135.259
135.256
135.252
135.247
135.24
135.232
135.224
135.214
135.203
135.192
135.182
135.169
135.165
135.147
135.173
115.055
115.766
116.495
117.24
118
118.773
119.555
120.344
121.136
121.928
122.715
123.494
124.262
125.013
125.745
126.454
127.136
127.791
128.414
129.004
129.561
130.083
130.57
131.023
131.442
131.828
132.182
132.505
132.8
133.067
133.309
133.528
133.726
133.904
134.064
134.209
134.34
134.458
134.564
134.659
134.742
134.814
134.876
134.928
134.97
135.005
135.033
135.055
135.072
135.087
135.101
135.116
135.133
135.15
135.166
135.179
135.189
135.197
135.202
135.205
135.206
135.206
135.204
135.2
135.195
135.189
135.182
135.174
135.164
135.155
135.144
135.142
135.125
135.156
115.949
116.524
117.115
117.725
118.353
118.996
119.652
120.319
120.996
121.679
122.366
123.053
123.738
124.417
125.086
125.744
126.386
127.01
127.613
128.192
128.747
129.275
129.775
130.246
130.689
131.102
131.486
131.842
132.171
132.474
132.751
133.005
133.236
133.447
133.638
133.812
133.969
134.113
134.243
134.361
134.467
134.564
134.65
134.726
134.792
134.848
134.895
134.935
134.967
134.993
135.014
135.031
135.047
135.063
135.08
135.098
135.115
135.129
135.14
135.148
135.153
135.157
135.158
135.158
135.156
135.153
135.148
135.142
135.135
135.128
135.118
135.117
135.102
135.138
116.981
117.441
117.916
118.411
118.923
119.452
119.995
120.552
121.121
121.701
122.289
122.884
123.482
124.082
124.681
125.276
125.863
126.442
127.008
127.56
128.094
128.61
129.105
129.579
130.029
130.455
130.856
131.233
131.585
131.913
132.217
132.499
132.758
132.997
133.216
133.417
133.6
133.767
133.92
134.059
134.185
134.3
134.406
134.501
134.587
134.664
134.732
134.79
134.84
134.881
134.916
134.944
134.967
134.987
135.004
135.02
135.038
135.055
135.072
135.086
135.097
135.105
135.11
135.114
135.115
135.114
135.112
135.108
135.103
135.098
135.09
135.092
135.076
135.121
118.084
118.449
118.828
119.226
119.64
120.071
120.516
120.975
121.448
121.933
122.43
122.936
123.451
123.971
124.496
125.022
125.548
126.072
126.59
127.101
127.603
128.093
128.569
129.03
129.473
129.898
130.304
130.689
131.054
131.397
131.72
132.021
132.302
132.563
132.805
133.029
133.234
133.424
133.598
133.757
133.902
134.035
134.157
134.268
134.37
134.462
134.546
134.622
134.69
134.748
134.799
134.841
134.877
134.907
134.931
134.951
134.969
134.985
135.002
135.02
135.035
135.049
135.059
135.067
135.071
135.074
135.074
135.073
135.07
135.067
135.061
135.064
135.049
135.104
119.207
119.496
119.795
120.113
120.447
120.795
121.156
121.531
121.92
122.322
122.737
123.162
123.598
124.042
124.494
124.952
125.414
125.879
126.343
126.807
127.266
127.72
128.166
128.603
129.028
129.441
129.839
130.222
130.588
130.937
131.268
131.582
131.876
132.153
132.412
132.654
132.878
133.086
133.279
133.457
133.62
133.771
133.909
134.035
134.15
134.256
134.353
134.442
134.523
134.596
134.662
134.72
134.77
134.812
134.848
134.878
134.902
134.923
134.94
134.956
134.973
134.989
135.003
135.016
135.025
135.031
135.035
135.036
135.035
135.035
135.03
135.036
135.018
135.087
120.314
120.541
120.777
121.03
121.298
121.577
121.869
122.173
122.491
122.821
123.163
123.516
123.881
124.256
124.64
125.033
125.432
125.837
126.246
126.658
127.07
127.482
127.891
128.295
128.694
129.085
129.466
129.837
130.195
130.541
130.872
131.189
131.49
131.776
132.045
132.299
132.538
132.761
132.968
133.162
133.341
133.507
133.66
133.801
133.931
134.05
134.159
134.259
134.351
134.435
134.512
134.582
134.646
134.702
134.75
134.792
134.827
134.856
134.88
134.899
134.916
134.932
134.947
134.961
134.974
134.985
134.992
134.997
134.999
135
134.996
135.005
134.984
135.073
121.38
121.559
121.744
121.945
122.159
122.383
122.617
122.863
123.121
123.39
123.67
123.961
124.264
124.576
124.899
125.231
125.572
125.92
126.275
126.635
126.999
127.365
127.733
128.101
128.466
128.828
129.186
129.536
129.879
130.213
130.537
130.849
131.15
131.437
131.712
131.972
132.219
132.452
132.671
132.877
133.069
133.248
133.414
133.569
133.711
133.843
133.964
134.076
134.178
134.272
134.359
134.438
134.511
134.577
134.638
134.691
134.738
134.777
134.811
134.838
134.861
134.879
134.895
134.909
134.922
134.935
134.946
134.955
134.96
134.964
134.961
134.973
134.945
135.064
122.391
122.531
122.676
122.836
123.007
123.186
123.373
123.571
123.779
123.997
124.226
124.464
124.713
124.972
125.241
125.519
125.806
126.102
126.406
126.716
127.033
127.354
127.679
128.007
128.337
128.666
128.994
129.32
129.641
129.957
130.266
130.568
130.861
131.144
131.417
131.679
131.929
132.167
132.393
132.606
132.808
132.997
133.174
133.339
133.494
133.637
133.77
133.892
134.005
134.11
134.205
134.293
134.374
134.448
134.517
134.579
134.636
134.686
134.73
134.767
134.799
134.824
134.845
134.861
134.875
134.887
134.899
134.909
134.917
134.925
134.924
134.939
134.899
135.062
123.337
123.447
123.561
123.688
123.824
123.967
124.117
124.276
124.444
124.62
124.805
125
125.203
125.416
125.638
125.87
126.11
126.359
126.616
126.88
127.152
127.43
127.714
128.002
128.295
128.589
128.885
129.182
129.477
129.771
130.061
130.347
130.627
130.9
131.166
131.423
131.671
131.91
132.138
132.356
132.562
132.758
132.943
133.117
133.281
133.433
133.576
133.709
133.832
133.946
134.051
134.148
134.237
134.319
134.394
134.464
134.527
134.585
134.638
134.685
134.726
134.76
134.788
134.811
134.829
134.844
134.855
134.865
134.873
134.882
134.883
134.903
134.847
135.071
124.215
124.301
124.391
124.492
124.6
124.715
124.835
124.962
125.097
125.239
125.389
125.547
125.713
125.887
126.07
126.261
126.461
126.668
126.884
127.107
127.338
127.577
127.821
128.071
128.327
128.587
128.85
129.116
129.384
129.652
129.919
130.184
130.447
130.706
130.96
131.209
131.45
131.685
131.911
132.129
132.337
132.536
132.726
132.906
133.076
133.236
133.386
133.527
133.659
133.782
133.896
134.001
134.099
134.189
134.272
134.348
134.418
134.482
134.541
134.594
134.643
134.686
134.723
134.754
134.778
134.798
134.813
134.824
134.832
134.84
134.84
134.865
134.792
135.089
125.024
125.092
125.162
125.242
125.329
125.42
125.517
125.619
125.727
125.842
125.963
126.091
126.226
126.368
126.518
126.675
126.84
127.012
127.192
127.379
127.574
127.776
127.985
128.2
128.421
128.647
128.879
129.114
129.352
129.593
129.836
130.079
130.321
130.562
130.801
131.037
131.268
131.494
131.715
131.929
132.135
132.335
132.526
132.708
132.882
133.047
133.204
133.351
133.49
133.62
133.741
133.855
133.96
134.058
134.148
134.231
134.308
134.378
134.443
134.501
134.555
134.604
134.648
134.687
134.719
134.746
134.766
134.782
134.792
134.801
134.8
134.825
134.748
135.089
125.765
125.818
125.873
125.938
126.007
126.081
126.158
126.24
126.327
126.42
126.518
126.621
126.731
126.847
126.969
127.098
127.233
127.376
127.525
127.681
127.844
128.014
128.191
128.374
128.563
128.759
128.959
129.165
129.375
129.589
129.806
130.025
130.246
130.467
130.688
130.908
131.125
131.34
131.551
131.758
131.96
132.155
132.345
132.527
132.703
132.87
133.03
133.182
133.326
133.462
133.589
133.709
133.822
133.926
134.024
134.114
134.197
134.274
134.344
134.409
134.468
134.521
134.57
134.614
134.653
134.686
134.713
134.735
134.75
134.762
134.763
134.787
134.729
135.026
126.44
126.482
126.526
126.577
126.634
126.692
126.754
126.821
126.891
126.966
127.045
127.129
127.218
127.312
127.412
127.518
127.629
127.746
127.869
127.999
128.135
128.277
128.426
128.581
128.742
128.909
129.081
129.26
129.443
129.63
129.822
130.017
130.215
130.416
130.617
130.819
131.021
131.222
131.422
131.619
131.812
132.001
132.186
132.366
132.54
132.707
132.868
133.023
133.17
133.309
133.442
133.567
133.685
133.796
133.899
133.996
134.086
134.169
134.245
134.316
134.38
134.438
134.491
134.539
134.582
134.62
134.653
134.68
134.701
134.718
134.725
134.744
134.736
134.867
127.054
127.088
127.122
127.164
127.209
127.257
127.307
127.36
127.417
127.477
127.542
127.61
127.682
127.759
127.841
127.927
128.018
128.115
128.216
128.324
128.437
128.555
128.68
128.81
128.946
129.088
129.235
129.388
129.546
129.71
129.878
130.05
130.225
130.404
130.586
130.77
130.955
131.14
131.325
131.51
131.693
131.874
132.051
132.226
132.396
132.561
132.721
132.875
133.024
133.166
133.301
133.43
133.552
133.668
133.777
133.879
133.974
134.063
134.145
134.221
134.291
134.355
134.412
134.464
134.511
134.553
134.589
134.62
134.646
134.666
134.682
134.692
134.738
134.638
127.609
127.636
127.663
127.697
127.734
127.772
127.813
127.856
127.903
127.952
128.004
128.06
128.119
128.181
128.248
128.319
128.393
128.473
128.557
128.645
128.739
128.838
128.942
129.051
129.165
129.285
129.411
129.541
129.677
129.818
129.964
130.114
130.268
130.427
130.589
130.754
130.921
131.09
131.261
131.431
131.602
131.772
131.941
132.108
132.272
132.432
132.589
132.742
132.889
133.032
133.169
133.3
133.425
133.544
133.657
133.764
133.864
133.958
134.045
134.126
134.201
134.27
134.333
134.39
134.441
134.485
134.525
134.559
134.587
134.61
134.631
134.631
134.704
134.425
128.112
128.133
128.155
128.183
128.213
128.244
128.277
128.313
128.35
128.391
128.433
128.479
128.527
128.578
128.633
128.691
128.752
128.818
128.887
128.96
129.038
129.12
129.207
129.298
129.394
129.495
129.601
129.712
129.828
129.949
130.074
130.205
130.34
130.479
130.622
130.768
130.918
131.071
131.225
131.382
131.539
131.698
131.856
132.013
132.169
132.323
132.475
132.624
132.769
132.91
133.047
133.178
133.305
133.426
133.542
133.652
133.756
133.854
133.946
134.032
134.112
134.185
134.253
134.314
134.369
134.418
134.461
134.497
134.528
134.551
134.573
134.566
134.625
134.306
128.562
128.579
128.597
128.619
128.644
128.67
128.697
128.726
128.757
128.79
128.825
128.862
128.902
128.944
128.989
129.037
129.088
129.142
129.199
129.26
129.325
129.393
129.465
129.542
129.622
129.708
129.797
129.891
129.99
130.093
130.201
130.314
130.431
130.552
130.677
130.807
130.94
131.076
131.216
131.357
131.501
131.647
131.793
131.94
132.087
132.234
132.379
132.522
132.663
132.801
132.936
133.067
133.193
133.316
133.433
133.545
133.652
133.754
133.849
133.939
134.023
134.101
134.173
134.239
134.298
134.351
134.397
134.436
134.469
134.492
134.513
134.502
134.528
134.289
128.97
128.984
128.998
129.017
129.037
129.059
129.081
129.105
129.131
129.158
129.187
129.218
129.251
129.285
129.323
129.362
129.404
129.449
129.497
129.547
129.601
129.658
129.719
129.782
129.85
129.922
129.997
130.077
130.161
130.249
130.341
130.438
130.539
130.644
130.754
130.867
130.984
131.105
131.23
131.357
131.488
131.62
131.755
131.89
132.027
132.165
132.302
132.438
132.574
132.707
132.838
132.967
133.092
133.214
133.332
133.445
133.554
133.658
133.756
133.849
133.937
134.018
134.094
134.163
134.226
134.283
134.333
134.375
134.41
134.435
134.453
134.445
134.442
134.317
129.328
129.339
129.351
129.367
129.384
129.402
129.42
129.44
129.462
129.485
129.509
129.535
129.562
129.591
129.623
129.656
129.691
129.728
129.768
129.811
129.856
129.904
129.954
130.008
130.066
130.126
130.19
130.258
130.329
130.404
130.484
130.567
130.654
130.745
130.84
130.94
131.043
131.15
131.26
131.374
131.492
131.612
131.734
131.859
131.985
132.113
132.242
132.371
132.499
132.627
132.754
132.879
133.002
133.122
133.239
133.353
133.462
133.567
133.668
133.763
133.853
133.938
134.017
134.09
134.156
134.216
134.268
134.314
134.351
134.378
134.396
134.394
134.379
134.337
129.657
129.666
129.676
129.69
129.705
129.72
129.735
129.752
129.77
129.789
129.81
129.832
129.855
129.879
129.905
129.933
129.963
129.994
130.028
130.064
130.101
130.142
130.185
130.23
130.278
130.33
130.384
130.441
130.502
130.566
130.634
130.705
130.781
130.859
130.942
131.029
131.119
131.213
131.311
131.412
131.517
131.624
131.735
131.849
131.964
132.082
132.202
132.322
132.443
132.565
132.686
132.806
132.925
133.042
133.158
133.27
133.379
133.484
133.586
133.683
133.775
133.862
133.943
134.019
134.088
134.15
134.206
134.254
134.293
134.323
134.342
134.347
134.333
134.328
129.933
129.94
129.949
129.96
129.973
129.986
130
130.014
130.03
130.047
130.064
130.083
130.103
130.124
130.146
130.17
130.196
130.223
130.251
130.282
130.314
130.349
130.386
130.425
130.466
130.51
130.557
130.606
130.659
130.714
130.773
130.834
130.9
130.968
131.04
131.116
131.196
131.279
131.365
131.455
131.549
131.646
131.746
131.849
131.955
132.063
132.174
132.286
132.399
132.514
132.629
132.744
132.859
132.973
133.085
133.196
133.304
133.409
133.51
133.608
133.701
133.79
133.873
133.951
134.023
134.088
134.145
134.196
134.237
134.27
134.291
134.301
134.293
134.3
130.203
130.209
130.216
130.227
130.238
130.249
130.261
130.273
130.287
130.301
130.316
130.332
130.349
130.367
130.387
130.407
130.429
130.452
130.477
130.503
130.531
130.56
130.592
130.625
130.661
130.698
130.738
130.781
130.826
130.874
130.924
130.978
131.034
131.094
131.156
131.222
131.292
131.365
131.441
131.521
131.604
131.69
131.78
131.873
131.969
132.067
132.169
132.272
132.378
132.484
132.593
132.702
132.811
132.92
133.028
133.136
133.241
133.345
133.445
133.543
133.636
133.725
133.81
133.889
133.962
134.029
134.089
134.141
134.184
134.219
134.243
134.257
134.253
134.266
130.399
130.404
130.411
130.42
130.43
130.441
130.451
130.463
130.475
130.488
130.501
130.516
130.531
130.547
130.565
130.583
130.602
130.623
130.645
130.668
130.693
130.719
130.747
130.777
130.808
130.842
130.877
130.915
130.955
130.997
131.041
131.089
131.139
131.192
131.247
131.306
131.368
131.433
131.502
131.573
131.648
131.726
131.808
131.892
131.98
132.071
132.164
132.26
132.359
132.459
132.561
132.664
132.769
132.873
132.978
133.082
133.186
133.287
133.387
133.484
133.577
133.667
133.752
133.832
133.907
133.975
134.036
134.09
134.136
134.172
134.198
134.216
134.216
134.233
130.635
130.639
130.645
130.654
130.663
130.672
130.682
130.692
130.703
130.714
130.726
130.739
130.752
130.767
130.782
130.798
130.815
130.833
130.853
130.873
130.895
130.918
130.942
130.968
130.995
131.025
131.055
131.088
131.123
131.16
131.199
131.24
131.284
131.33
131.379
131.43
131.485
131.542
131.602
131.666
131.732
131.802
131.874
131.95
132.029
132.111
132.196
132.283
132.374
132.466
132.561
132.657
132.755
132.853
132.953
133.052
133.151
133.249
133.346
133.44
133.532
133.62
133.705
133.784
133.859
133.928
133.989
134.044
134.091
134.129
134.156
134.176
134.179
134.201
130.741
130.744
130.75
130.759
130.767
130.776
130.785
130.795
130.805
130.816
130.828
130.84
130.853
130.867
130.881
130.897
130.913
130.93
130.948
130.967
130.988
131.009
131.032
131.056
131.082
131.109
131.138
131.168
131.201
131.235
131.271
131.309
131.349
131.392
131.437
131.485
131.535
131.588
131.644
131.703
131.764
131.829
131.897
131.967
132.041
132.118
132.198
132.281
132.366
132.454
132.544
132.636
132.73
132.826
132.922
133.019
133.116
133.212
133.307
133.401
133.492
133.58
133.665
133.745
133.82
133.89
133.952
134.008
134.056
134.095
134.125
134.146
134.151
134.176
130.995
130.999
131.005
131.013
131.02
131.029
131.037
131.046
131.055
131.065
131.076
131.087
131.099
131.111
131.124
131.138
131.152
131.167
131.183
131.201
131.219
131.238
131.258
131.279
131.301
131.325
131.35
131.377
131.405
131.435
131.466
131.5
131.535
131.572
131.612
131.653
131.697
131.743
131.792
131.844
131.898
131.955
132.014
132.077
132.142
132.211
132.282
132.356
132.433
132.512
132.594
132.678
132.763
132.851
132.94
133.029
133.119
133.209
133.299
133.387
133.473
133.557
133.637
133.714
133.786
133.853
133.914
133.968
134.014
134.053
134.081
134.103
134.108
134.135
134.829
135.61
136.309
136.919
137.444
137.89
138.266
138.581
138.843
139.06
139.238
139.385
139.505
139.602
139.68
139.743
139.793
139.832
139.863
139.886
139.903
139.916
139.924
139.93
139.933
139.934
139.934
139.933
139.93
139.927
139.924
139.92
139.916
139.912
139.907
139.903
139.899
139.895
139.89
139.886
139.883
134.819
135.581
136.265
136.863
137.379
137.822
138.198
138.516
138.784
139.008
139.194
139.349
139.478
139.583
139.67
139.741
139.799
139.845
139.882
139.912
139.934
139.952
139.965
139.974
139.981
139.985
139.987
139.987
139.986
139.984
139.982
139.978
139.974
139.97
139.966
139.961
139.956
139.951
139.946
139.941
139.936
134.809
135.558
136.235
136.826
137.34
137.784
138.164
138.489
138.764
138.997
139.193
139.358
139.496
139.611
139.707
139.786
139.85
139.903
139.946
139.98
140.007
140.027
140.043
140.055
140.063
140.068
140.071
140.072
140.071
140.07
140.067
140.063
140.059
140.054
140.048
140.043
140.037
140.031
140.024
140.018
140.012
134.802
135.55
136.23
136.822
137.34
137.788
138.175
138.507
138.791
139.033
139.239
139.413
139.56
139.684
139.788
139.875
139.947
140.006
140.054
140.094
140.125
140.149
140.168
140.183
140.193
140.2
140.205
140.207
140.207
140.205
140.203
140.199
140.194
140.188
140.182
140.175
140.168
140.16
140.152
140.144
140.136
134.794
135.55
136.237
136.835
137.359
137.815
138.21
138.551
138.845
139.098
139.314
139.499
139.656
139.79
139.904
139.999
140.079
140.146
140.201
140.246
140.282
140.31
140.332
140.349
140.362
140.37
140.375
140.378
140.378
140.376
140.373
140.368
140.362
140.355
140.347
140.339
140.33
140.32
140.31
140.299
140.289
134.785
135.553
136.252
136.859
137.393
137.859
138.265
138.618
138.924
139.189
139.418
139.616
139.786
139.931
140.055
140.161
140.25
140.325
140.387
140.439
140.48
140.512
140.538
140.558
140.572
140.582
140.588
140.591
140.591
140.589
140.585
140.579
140.572
140.563
140.553
140.542
140.531
140.519
140.506
140.493
140.48
134.776
135.561
136.276
136.896
137.443
137.923
138.343
138.711
139.032
139.312
139.556
139.767
139.951
140.109
140.245
140.362
140.461
140.545
140.615
140.673
140.72
140.756
140.785
140.808
140.825
140.836
140.843
140.846
140.845
140.842
140.837
140.829
140.82
140.809
140.797
140.783
140.769
140.754
140.738
140.721
140.705
134.766
135.574
136.311
136.949
137.513
138.01
138.447
138.832
139.17
139.467
139.727
139.954
140.153
140.325
140.475
140.603
140.713
140.807
140.886
140.951
141.004
141.044
141.077
141.103
141.121
141.133
141.141
141.143
141.142
141.138
141.131
141.121
141.11
141.096
141.081
141.064
141.046
141.027
141.007
140.987
140.966
134.757
135.594
136.357
137.017
137.602
138.12
138.577
138.981
139.338
139.654
139.932
140.177
140.392
140.58
140.744
140.886
141.009
141.113
141.201
141.273
141.333
141.378
141.415
141.443
141.463
141.477
141.484
141.486
141.484
141.478
141.469
141.456
141.442
141.425
141.406
141.385
141.363
141.34
141.316
141.29
141.265
134.747
135.62
136.415
137.101
137.712
138.253
138.732
139.159
139.538
139.875
140.174
140.438
140.672
140.878
141.058
141.214
141.35
141.465
141.563
141.644
141.711
141.761
141.801
141.833
141.854
141.868
141.875
141.877
141.873
141.865
141.853
141.837
141.818
141.797
141.774
141.749
141.722
141.693
141.664
141.633
141.602
134.739
135.652
136.485
137.201
137.842
138.41
138.916
139.368
139.772
140.133
140.454
140.741
140.995
141.22
141.417
141.59
141.74
141.868
141.977
142.067
142.141
142.196
142.241
142.275
142.298
142.312
142.318
142.318
142.312
142.301
142.285
142.266
142.243
142.217
142.188
142.157
142.124
142.09
142.054
142.017
141.98
134.731
135.692
136.568
137.321
137.995
138.595
139.131
139.612
140.043
140.431
140.777
141.087
141.364
141.61
141.827
142.018
142.183
142.325
142.446
142.546
142.627
142.688
142.736
142.773
142.797
142.811
142.817
142.814
142.805
142.79
142.77
142.745
142.717
142.685
142.65
142.612
142.573
142.531
142.488
142.443
142.399
134.725
135.74
136.666
137.46
138.173
138.809
139.379
139.892
140.354
140.771
141.146
141.483
141.785
142.054
142.292
142.502
142.685
142.842
142.975
143.086
143.176
143.241
143.294
143.333
143.358
143.371
143.374
143.369
143.356
143.336
143.311
143.28
143.244
143.205
143.163
143.117
143.069
143.019
142.967
142.914
142.861
134.721
135.799
136.78
137.622
138.379
139.055
139.663
140.213
140.71
141.16
141.565
141.932
142.262
142.556
142.818
143.049
143.251
143.425
143.572
143.694
143.792
143.863
143.919
143.96
143.985
143.997
143.997
143.988
143.969
143.943
143.911
143.872
143.829
143.781
143.729
143.674
143.616
143.556
143.494
143.43
143.367
134.72
135.868
136.913
137.808
138.615
139.337
139.988
140.578
141.114
141.601
142.041
142.44
142.801
143.124
143.412
143.667
143.889
144.08
144.243
144.376
144.484
144.56
144.619
144.661
144.685
144.694
144.69
144.675
144.65
144.616
144.575
144.527
144.474
144.415
144.352
144.286
144.216
144.145
144.071
143.994
143.919
134.723
135.95
137.066
138.023
138.885
139.659
140.358
140.994
141.574
142.101
142.58
143.016
143.411
143.766
144.082
144.362
144.607
144.818
144.997
145.143
145.259
145.341
145.402
145.444
145.466
145.471
145.461
145.438
145.404
145.361
145.308
145.249
145.183
145.111
145.035
144.955
144.872
144.786
144.697
144.607
144.517
134.732
136.048
137.244
138.27
139.195
140.027
140.78
141.467
142.095
142.669
143.191
143.668
144.1
144.49
144.839
145.147
145.417
145.649
145.844
146.004
146.129
146.214
146.278
146.318
146.336
146.334
146.316
146.283
146.238
146.181
146.115
146.041
145.959
145.872
145.78
145.683
145.583
145.48
145.375
145.267
145.161
134.747
136.164
137.451
138.553
139.55
140.447
141.261
142.006
142.688
143.314
143.884
144.406
144.881
145.31
145.693
146.033
146.33
146.585
146.798
146.971
147.104
147.193
147.256
147.293
147.304
147.293
147.263
147.217
147.157
147.084
147
146.908
146.807
146.7
146.588
146.471
146.351
146.228
146.102
145.975
145.848
134.772
136.301
137.689
138.879
139.956
140.927
141.81
142.62
143.364
144.047
144.672
145.244
145.767
146.239
146.661
147.036
147.362
147.641
147.873
148.059
148.2
148.29
148.349
148.38
148.38
148.356
148.311
148.247
148.167
148.073
147.968
147.852
147.728
147.597
147.461
147.32
147.175
147.027
146.878
146.727
146.577
134.808
136.464
137.967
139.256
140.423
141.476
142.437
143.321
144.134
144.883
145.569
146.198
146.774
147.295
147.761
148.173
148.531
148.836
149.088
149.286
149.432
149.52
149.573
149.592
149.577
149.535
149.468
149.381
149.276
149.155
149.021
148.877
148.723
148.563
148.396
148.225
148.051
147.875
147.696
147.517
147.339
134.859
136.658
138.29
139.691
140.961
142.108
143.157
144.124
145.016
145.839
146.594
147.288
147.924
148.499
149.013
149.467
149.86
150.192
150.462
150.671
150.819
150.9
150.941
150.943
150.907
150.839
150.743
150.625
150.486
150.331
150.161
149.981
149.791
149.593
149.39
149.183
148.973
148.762
148.55
148.337
148.127
134.928
136.889
138.668
140.196
141.582
142.837
143.987
145.049
146.031
146.938
147.771
148.539
149.242
149.878
150.446
150.945
151.375
151.735
152.023
152.238
152.383
152.45
152.471
152.448
152.381
152.278
152.144
151.984
151.802
151.602
151.387
151.16
150.925
150.682
150.434
150.184
149.931
149.678
149.425
149.173
148.925
135.02
137.166
139.111
140.785
142.304
143.682
144.947
146.118
147.203
148.207
149.13
149.981
150.761
151.466
152.093
152.641
153.11
153.496
153.799
154.016
154.148
154.193
154.183
154.121
154.011
153.86
153.674
153.459
153.221
152.964
152.691
152.407
152.115
151.816
151.514
151.211
150.907
150.604
150.304
150.007
149.716
135.142
137.499
139.634
141.476
143.148
144.667
146.065
147.362
148.566
149.682
150.708
151.654
152.521
153.302
153.995
154.597
155.104
155.515
155.826
156.035
156.143
156.149
156.093
155.977
155.807
155.589
155.334
155.048
154.737
154.407
154.061
153.705
153.343
152.976
152.608
152.241
151.877
151.517
151.162
150.813
150.472
135.301
137.901
140.256
142.291
144.14
145.823
147.376
148.82
150.163
151.408
152.552
153.608
154.574
155.442
156.206
156.863
157.408
157.837
158.146
158.333
158.397
158.342
158.218
158.026
157.771
157.465
157.118
156.738
156.333
155.909
155.473
155.028
154.579
154.13
153.684
153.243
152.808
152.382
151.965
151.557
151.161
135.507
138.389
141
143.26
145.316
147.192
148.927
150.542
152.048
153.444
154.726
155.908
156.987
157.951
158.792
159.504
160.081
160.517
160.806
160.947
160.937
160.792
160.569
160.268
159.898
159.473
159.005
158.504
157.979
157.438
156.889
156.335
155.783
155.236
154.698
154.171
153.655
153.154
152.668
152.197
151.742
135.774
138.986
141.897
144.423
146.722
148.827
150.777
152.597
154.296
155.871
157.314
158.642
159.849
160.918
161.837
162.599
163.196
163.617
163.858
163.915
163.789
163.507
163.143
162.692
162.166
161.583
160.957
160.301
159.626
158.941
158.254
157.571
156.896
156.235
155.591
154.967
154.363
153.78
153.221
152.682
152.167
136.12
139.724
142.99
145.834
148.424
150.802
153.012
155.078
157.008
158.796
160.428
161.923
163.273
164.454
165.449
166.247
166.837
167.208
167.353
167.27
166.962
166.481
165.918
165.26
164.527
163.738
162.911
162.061
161.201
160.342
159.491
158.656
157.842
157.052
156.291
155.562
154.862
154.195
153.56
152.955
152.382
136.566
140.643
144.338
147.566
150.51
153.222
155.749
158.115
160.325
162.368
164.221
165.908
167.415
168.707
169.762
170.566
171.102
171.359
171.332
171.023
170.44
169.672
168.833
167.9
166.895
165.843
164.765
163.679
162.599
161.536
160.498
159.493
158.524
157.596
156.712
155.873
155.078
154.328
153.621
152.955
152.332
137.143
141.8
146.022
149.724
153.107
156.234
159.155
161.893
164.447
166.797
168.91
170.811
172.478
173.866
174.941
175.687
176.084
176.124
175.806
175.141
174.152
172.981
171.771
170.477
169.129
167.753
166.375
165.013
163.682
162.392
161.15
159.963
158.834
157.765
156.758
155.814
154.93
154.105
153.338
152.624
151.965
137.895
143.28
148.164
152.467
156.407
160.063
163.484
166.691
169.674
172.394
174.803
176.929
178.739
180.169
181.178
181.745
181.856
181.509
180.718
179.514
177.941
176.222
174.532
172.787
171.022
169.267
167.548
165.882
164.282
162.755
161.307
159.94
158.656
157.455
156.337
155.301
154.343
153.461
152.652
151.91
151.237
138.866
145.179
150.913
155.994
160.656
164.995
169.063
172.867
176.379
179.534
182.257
184.584
186.463
187.81
188.577
188.751
188.331
187.34
185.821
183.839
181.47
179.053
176.78
174.51
172.278
170.116
168.044
166.075
164.215
162.467
160.833
159.309
157.895
156.586
155.382
154.279
153.271
152.356
151.531
150.788
150.131
140.121
147.577
154.378
160.433
166.008
171.206
176.076
180.604
184.728
188.336
191.324
193.735
195.498
196.512
196.739
196.192
194.909
192.96
190.437
187.456
184.134
180.936
178.052
175.257
172.582
170.051
167.675
165.457
163.394
161.482
159.714
158.083
156.584
155.209
153.954
152.816
151.788
150.867
150.053
149.337
148.726
141.638
150.455
158.522
165.739
172.401
178.616
184.417
189.752
194.502
198.485
201.568
203.816
205.148
205.465
204.772
203.139
200.676
197.52
193.83
189.769
185.49
181.57
178.161
174.94
171.926
169.133
166.556
164.184
162.005
160.005
158.171
156.491
154.955
153.554
152.281
151.135
150.108
149.2
148.411
147.737
147.19
143.346
153.792
163.373
171.976
179.935
187.34
194.187
200.361
205.659
209.807
212.668
214.356
214.812
213.984
211.959
208.911
205.04
200.562
195.69
190.623
185.522
181.039
177.258
173.758
170.541
167.607
164.936
162.504
160.288
158.267
156.422
154.739
153.201
151.801
150.531
149.39
148.371
147.478
146.716
146.087
145.608
145.193
157.595
168.984
179.241
188.727
197.494
205.454
212.399
218.016
221.939
224.093
224.698
223.763
221.342
217.659
213.007
207.678
201.943
196.04
190.17
184.474
179.634
175.649
172.015
168.72
165.751
163.074
160.653
158.458
156.463
154.645
152.985
151.468
150.083
148.824
147.689
146.675
145.789
145.044
144.448
144.032
147.129
161.886
175.438
187.656
198.91
209.169
218.203
225.67
231.162
234.264
235.094
234.044
231.249
226.922
221.446
215.219
208.582
201.817
195.148
188.742
182.699
177.696
173.649
170
166.722
163.794
161.17
158.806
156.668
154.726
152.955
151.334
149.846
148.481
147.233
146.101
145.084
144.192
143.444
142.861
142.489
149.081
166.688
182.822
197.347
210.589
222.365
232.231
239.71
244.383
245.919
244.802
241.632
236.696
230.392
223.238
215.675
208.03
200.547
193.405
186.719
180.543
175.525
171.519
167.934
164.735
161.892
159.354
157.072
155.008
153.132
151.416
149.839
148.384
147.039
145.799
144.664
143.633
142.721
141.949
141.351
140.994
150.967
172.03
191.237
208.427
223.796
236.897
247.047
253.728
256.707
255.966
252.466
246.969
239.888
231.799
223.293
214.762
206.457
198.562
191.2
184.434
178.275
173.341
169.437
165.96
162.87
160.135
157.697
155.506
153.523
151.715
150.056
148.522
147.098
145.771
144.536
143.393
142.341
141.395
140.577
139.938
139.553
152.706
177.961
200.801
220.982
238.418
252.308
261.829
266.685
267.13
263.666
257.698
249.974
241
231.512
222.081
212.957
204.297
196.233
188.834
182.121
176.072
171.275
167.504
164.155
161.187
158.564
156.229
154.129
152.224
150.482
148.876
147.383
145.986
144.675
143.442
142.287
141.208
140.222
139.339
138.636
138.168
154.228
184.564
211.651
235.013
254.096
267.784
275.477
277.524
274.914
268.74
260.575
250.943
240.473
230.052
220.102
210.687
201.895
193.827
186.508
179.922
174.031
169.395
165.766
162.55
159.703
157.191
154.954
152.939
151.106
149.425
147.866
146.409
145.037
143.737
142.504
141.338
140.23
139.2
138.24
137.456
136.836
155.498
191.965
223.897
250.315
270.096
282.198
286.874
285.516
279.864
271.425
261.526
250.362
238.832
227.919
217.763
208.257
199.479
191.509
184.333
177.914
172.2
167.729
164.24
161.15
158.418
156.007
153.86
151.922
150.155
148.526
147.01
145.585
144.233
142.943
141.709
140.53
139.394
138.321
137.279
136.406
135.556
156.51
200.327
237.547
266.352
285.344
294.405
295.289
290.522
282.332
272.287
261.084
248.716
236.546
225.499
215.338
205.862
197.188
189.372
182.368
176.127
170.593
166.282
162.923
159.948
157.318
154.999
152.931
151.062
149.351
147.77
146.29
144.891
143.557
142.275
141.039
139.848
138.687
137.573
136.452
135.488
134.331
157.327
209.831
252.388
282.211
298.647
303.604
300.586
292.93
282.954
271.936
259.702
246.401
233.982
223.059
212.996
203.616
195.097
187.461
180.635
174.569
169.204
165.04
161.799
158.927
156.387
154.147
152.149
150.338
148.676
147.134
145.686
144.31
142.99
141.715
140.477
139.275
138.092
136.944
135.75
134.697
133.167
158.006
220.399
267.64
296.571
308.965
309.519
303.123
293.41
282.404
270.884
257.741
243.763
231.419
220.763
210.835
201.587
193.242
185.786
179.132
173.229
168.017
163.985
160.848
158.067
155.607
153.436
151.498
149.737
148.118
146.61
145.189
143.831
142.523
141.253
140.013
138.803
137.601
136.423
135.169
134.033
132.085
158.533
231.562
282.221
308.367
315.962
312.535
303.636
292.725
281.277
269.522
255.48
241.106
229.077
218.705
208.9
199.799
191.628
184.339
177.84
172.084
167.009
163.09
160.035
157.328
154.936
152.827
150.941
149.224
147.641
146.163
144.765
143.425
142.127
140.864
139.623
138.406
137.191
135.989
134.692
133.481
131.088
157.375
243.239
295.934
317.598
320.171
313.444
302.886
291.451
279.966
268.1
253.061
238.614
227.16
217.066
207.338
198.369
190.356
183.21
176.841
171.204
166.237
162.442
159.462
156.808
154.466
152.401
150.553
148.866
147.309
145.851
144.468
143.138
141.847
140.586
139.345
138.122
136.896
135.676
134.35
133.094
130.269
159.601
256.585
307.47
323.005
321.637
312.496
300.677
288.963
277.633
265.733
249.483
234.891
224.142
214.528
205.042
196.32
188.556
181.637
175.473
170.021
165.214
161.507
158.652
156.089
153.823
151.826
150.035
148.396
146.879
145.452
144.095
142.783
141.506
140.253
139.015
137.791
136.558
135.322
133.976
132.683
129.711
139.879
139.878
139.876
139.873
139.871
139.868
139.866
139.863
139.859
139.856
139.852
139.848
139.844
139.839
139.834
139.828
139.822
139.816
139.809
139.801
139.793
139.784
139.774
139.763
139.751
139.739
139.725
139.71
139.693
139.675
139.656
139.635
139.612
139.586
139.559
139.529
139.497
139.462
139.424
139.383
139.339
139.291
139.239
139.184
139.124
139.06
138.991
138.918
138.84
138.758
138.67
138.578
138.482
138.381
138.276
138.167
138.054
137.939
137.82
137.7
137.578
137.455
137.332
137.209
137.088
136.968
136.85
136.735
136.624
136.518
136.417
136.321
136.236
136.146
139.932
139.931
139.929
139.927
139.924
139.921
139.918
139.915
139.911
139.908
139.903
139.899
139.894
139.889
139.883
139.877
139.87
139.863
139.855
139.846
139.837
139.827
139.816
139.804
139.791
139.777
139.762
139.745
139.727
139.707
139.686
139.663
139.638
139.611
139.581
139.55
139.515
139.478
139.437
139.394
139.347
139.297
139.243
139.185
139.123
139.057
138.986
138.911
138.832
138.748
138.66
138.567
138.47
138.369
138.263
138.154
138.042
137.927
137.809
137.689
137.568
137.446
137.324
137.202
137.08
136.961
136.844
136.729
136.619
136.512
136.412
136.315
136.234
136.132
140.006
140.006
140.004
140.001
139.998
139.995
139.992
139.989
139.985
139.981
139.976
139.972
139.967
139.961
139.955
139.948
139.941
139.933
139.925
139.916
139.905
139.895
139.883
139.87
139.856
139.841
139.824
139.806
139.787
139.766
139.743
139.718
139.691
139.662
139.631
139.597
139.56
139.52
139.477
139.431
139.381
139.328
139.271
139.21
139.145
139.076
139.002
138.924
138.842
138.755
138.663
138.568
138.468
138.364
138.256
138.145
138.031
137.914
137.795
137.674
137.551
137.429
137.306
137.183
137.062
136.943
136.826
136.712
136.602
136.496
136.397
136.299
136.221
136.105
140.129
140.128
140.126
140.124
140.12
140.117
140.114
140.11
140.106
140.101
140.096
140.091
140.085
140.079
140.072
140.065
140.057
140.048
140.038
140.028
140.017
140.004
139.991
139.976
139.961
139.943
139.925
139.905
139.883
139.859
139.833
139.805
139.775
139.742
139.707
139.669
139.628
139.583
139.536
139.485
139.431
139.372
139.31
139.244
139.174
139.099
139.02
138.937
138.85
138.758
138.662
138.562
138.458
138.351
138.24
138.126
138.01
137.891
137.77
137.648
137.525
137.402
137.279
137.157
137.036
136.917
136.802
136.689
136.58
136.475
136.376
136.278
136.202
136.073
140.279
140.279
140.277
140.274
140.27
140.267
140.263
140.258
140.254
140.249
140.243
140.237
140.23
140.223
140.216
140.207
140.198
140.188
140.177
140.165
140.152
140.138
140.122
140.106
140.088
140.068
140.047
140.023
139.998
139.971
139.941
139.91
139.875
139.838
139.798
139.755
139.709
139.659
139.606
139.549
139.489
139.424
139.355
139.283
139.206
139.125
139.04
138.95
138.857
138.76
138.658
138.553
138.445
138.333
138.218
138.101
137.982
137.861
137.738
137.615
137.492
137.368
137.245
137.124
137.004
136.887
136.772
136.661
136.553
136.449
136.352
136.254
136.179
136.041
140.468
140.467
140.465
140.461
140.457
140.453
140.448
140.443
140.438
140.432
140.425
140.418
140.411
140.402
140.393
140.383
140.372
140.36
140.347
140.333
140.318
140.301
140.283
140.264
140.242
140.219
140.194
140.167
140.138
140.106
140.071
140.034
139.995
139.952
139.906
139.856
139.803
139.747
139.686
139.622
139.554
139.482
139.406
139.325
139.241
139.152
139.059
138.963
138.862
138.758
138.65
138.539
138.426
138.309
138.19
138.07
137.947
137.824
137.7
137.576
137.452
137.328
137.206
137.085
136.967
136.851
136.738
136.628
136.523
136.421
136.325
136.227
136.155
136.012
140.69
140.688
140.686
140.682
140.677
140.672
140.666
140.66
140.654
140.647
140.639
140.63
140.621
140.611
140.6
140.588
140.575
140.561
140.545
140.528
140.51
140.49
140.469
140.445
140.42
140.392
140.362
140.33
140.296
140.258
140.218
140.174
140.128
140.078
140.024
139.967
139.906
139.842
139.773
139.7
139.623
139.542
139.457
139.367
139.274
139.177
139.076
138.971
138.862
138.751
138.637
138.519
138.4
138.279
138.156
138.032
137.906
137.781
137.656
137.53
137.406
137.283
137.162
137.042
136.925
136.811
136.7
136.593
136.489
136.389
136.296
136.2
136.128
135.987
140.948
140.946
140.943
140.938
140.932
140.926
140.919
140.912
140.904
140.895
140.885
140.875
140.864
140.851
140.838
140.823
140.807
140.79
140.771
140.751
140.728
140.704
140.678
140.65
140.619
140.586
140.551
140.512
140.471
140.426
140.379
140.327
140.273
140.214
140.152
140.086
140.015
139.941
139.862
139.779
139.692
139.601
139.506
139.407
139.304
139.197
139.086
138.973
138.857
138.737
138.616
138.493
138.368
138.241
138.114
137.987
137.859
137.732
137.605
137.48
137.355
137.233
137.113
136.995
136.88
136.768
136.659
136.554
136.453
136.356
136.265
136.171
136.101
135.967
141.243
141.24
141.237
141.23
141.222
141.215
141.206
141.197
141.187
141.176
141.164
141.151
141.137
141.122
141.105
141.087
141.068
141.046
141.023
140.998
140.971
140.942
140.91
140.876
140.839
140.799
140.756
140.71
140.66
140.607
140.551
140.49
140.426
140.357
140.284
140.208
140.126
140.041
139.951
139.857
139.759
139.656
139.55
139.44
139.326
139.21
139.09
138.967
138.843
138.716
138.588
138.458
138.328
138.197
138.066
137.936
137.806
137.677
137.55
137.424
137.301
137.179
137.06
136.944
136.832
136.722
136.616
136.514
136.416
136.321
136.233
136.142
136.073
135.951
141.576
141.572
141.567
141.559
141.549
141.539
141.529
141.517
141.505
141.491
141.476
141.46
141.442
141.423
141.403
141.38
141.356
141.329
141.301
141.27
141.237
141.201
141.162
141.12
141.075
141.027
140.975
140.92
140.861
140.798
140.73
140.659
140.583
140.503
140.418
140.329
140.236
140.138
140.036
139.929
139.819
139.704
139.586
139.465
139.341
139.213
139.084
138.953
138.82
138.686
138.551
138.416
138.28
138.146
138.012
137.879
137.747
137.618
137.49
137.365
137.242
137.122
137.005
136.892
136.781
136.674
136.571
136.472
136.377
136.286
136.2
136.113
136.045
135.938
141.949
141.942
141.936
141.925
141.913
141.901
141.887
141.873
141.857
141.839
141.821
141.8
141.778
141.754
141.729
141.701
141.67
141.638
141.602
141.564
141.523
141.479
141.432
141.381
141.326
141.268
141.206
141.139
141.069
140.994
140.914
140.83
140.741
140.648
140.55
140.447
140.34
140.228
140.112
139.993
139.869
139.742
139.612
139.479
139.344
139.207
139.068
138.928
138.787
138.646
138.505
138.365
138.225
138.087
137.951
137.816
137.684
137.554
137.427
137.303
137.181
137.063
136.949
136.837
136.73
136.626
136.525
136.429
136.337
136.249
136.167
136.084
136.017
135.925
142.362
142.353
142.344
142.331
142.315
142.299
142.282
142.264
142.243
142.221
142.198
142.172
142.144
142.115
142.082
142.047
142.01
141.969
141.925
141.878
141.828
141.774
141.716
141.654
141.588
141.518
141.443
141.364
141.28
141.191
141.097
140.999
140.895
140.787
140.674
140.556
140.434
140.308
140.178
140.045
139.908
139.768
139.625
139.481
139.335
139.187
139.04
138.892
138.744
138.596
138.45
138.306
138.163
138.023
137.884
137.749
137.616
137.487
137.361
137.238
137.118
137.003
136.89
136.782
136.677
136.576
136.479
136.386
136.298
136.213
136.133
136.055
135.989
135.912
142.817
142.805
142.793
142.776
142.756
142.736
142.714
142.69
142.665
142.637
142.607
142.575
142.54
142.502
142.462
142.418
142.371
142.321
142.267
142.21
142.148
142.082
142.012
141.937
141.857
141.773
141.684
141.589
141.49
141.385
141.276
141.161
141.041
140.917
140.787
140.654
140.516
140.375
140.23
140.082
139.931
139.778
139.624
139.468
139.312
139.156
138.999
138.844
138.69
138.538
138.387
138.239
138.094
137.952
137.813
137.677
137.545
137.417
137.292
137.171
137.054
136.941
136.831
136.726
136.624
136.526
136.433
136.343
136.258
136.176
136.1
136.026
135.961
135.897
143.316
143.3
143.283
143.261
143.236
143.21
143.182
143.152
143.119
143.084
143.047
143.006
142.962
142.915
142.865
142.811
142.753
142.691
142.625
142.554
142.479
142.398
142.313
142.223
142.128
142.027
141.921
141.81
141.693
141.571
141.444
141.311
141.174
141.032
140.886
140.736
140.582
140.424
140.264
140.102
139.938
139.773
139.607
139.441
139.275
139.11
138.947
138.785
138.626
138.47
138.316
138.166
138.019
137.876
137.737
137.602
137.471
137.345
137.222
137.103
136.989
136.879
136.772
136.67
136.571
136.477
136.387
136.3
136.218
136.14
136.067
135.997
135.933
135.881
143.858
143.837
143.815
143.786
143.755
143.721
143.686
143.648
143.607
143.562
143.515
143.464
143.409
143.35
143.288
143.221
143.149
143.073
142.992
142.906
142.815
142.718
142.616
142.508
142.395
142.275
142.151
142.02
141.884
141.743
141.597
141.445
141.289
141.129
140.965
140.798
140.627
140.454
140.28
140.104
139.927
139.75
139.573
139.398
139.224
139.052
138.883
138.716
138.553
138.393
138.238
138.086
137.939
137.796
137.658
137.524
137.395
137.271
137.151
137.035
136.924
136.816
136.713
136.614
136.519
136.428
136.341
136.258
136.179
136.104
136.034
135.968
135.906
135.863
144.445
144.417
144.388
144.351
144.311
144.269
144.224
144.175
144.123
144.067
144.008
143.944
143.876
143.803
143.726
143.643
143.556
143.463
143.364
143.26
143.15
143.034
142.912
142.785
142.651
142.511
142.366
142.214
142.058
141.896
141.729
141.558
141.383
141.204
141.022
140.837
140.651
140.463
140.274
140.085
139.897
139.709
139.523
139.34
139.159
138.981
138.807
138.637
138.471
138.31
138.153
138.001
137.855
137.713
137.576
137.445
137.318
137.196
137.079
136.967
136.858
136.755
136.655
136.559
136.468
136.38
136.296
136.217
136.141
136.069
136.002
135.94
135.88
135.844
145.076
145.039
145
144.954
144.903
144.849
144.792
144.731
144.666
144.596
144.521
144.442
144.358
144.268
144.173
144.072
143.965
143.853
143.734
143.609
143.477
143.34
143.196
143.046
142.89
142.727
142.56
142.386
142.208
142.024
141.837
141.645
141.451
141.253
141.053
140.852
140.65
140.448
140.247
140.046
139.847
139.651
139.457
139.267
139.08
138.898
138.721
138.549
138.382
138.22
138.063
137.912
137.767
137.627
137.493
137.364
137.24
137.122
137.008
136.899
136.794
136.694
136.598
136.506
136.418
136.333
136.253
136.176
136.104
136.035
135.97
135.912
135.854
135.824
145.749
145.7
145.649
145.59
145.526
145.458
145.386
145.309
145.228
145.141
145.048
144.95
144.847
144.737
144.621
144.498
144.37
144.234
144.092
143.944
143.788
143.627
143.458
143.284
143.104
142.917
142.726
142.529
142.328
142.123
141.915
141.703
141.489
141.274
141.058
140.841
140.625
140.41
140.197
139.986
139.779
139.575
139.375
139.18
138.99
138.805
138.626
138.453
138.286
138.125
137.969
137.82
137.677
137.54
137.409
137.283
137.163
137.047
136.937
136.832
136.731
136.634
136.542
136.453
136.368
136.288
136.21
136.137
136.067
136.002
135.94
135.884
135.828
135.803
146.458
146.396
146.33
146.255
146.174
146.089
145.999
145.903
145.802
145.694
145.58
145.46
145.333
145.2
145.06
144.913
144.759
144.598
144.43
144.255
144.074
143.886
143.692
143.491
143.286
143.075
142.859
142.639
142.415
142.188
141.959
141.728
141.497
141.265
141.033
140.803
140.574
140.349
140.126
139.907
139.693
139.484
139.28
139.081
138.889
138.703
138.524
138.351
138.185
138.025
137.873
137.726
137.586
137.452
137.324
137.202
137.086
136.974
136.868
136.766
136.669
136.576
136.487
136.402
136.321
136.243
136.169
136.099
136.032
135.969
135.91
135.858
135.804
135.782
147.199
147.119
147.035
146.94
146.839
146.733
146.62
146.502
146.377
146.245
146.106
145.96
145.807
145.646
145.479
145.304
145.122
144.933
144.737
144.534
144.324
144.109
143.887
143.66
143.429
143.193
142.953
142.71
142.464
142.217
141.968
141.72
141.472
141.225
140.98
140.738
140.499
140.265
140.035
139.81
139.591
139.378
139.171
138.972
138.779
138.594
138.415
138.244
138.08
137.924
137.774
137.631
137.495
137.364
137.24
137.122
137.01
136.902
136.8
136.702
136.608
136.519
136.434
136.353
136.275
136.2
136.129
136.062
135.998
135.938
135.881
135.832
135.779
135.761
147.961
147.859
147.751
147.633
147.508
147.376
147.238
147.092
146.939
146.779
146.611
146.436
146.253
146.062
145.864
145.659
145.447
145.227
145.001
144.769
144.53
144.286
144.037
143.784
143.527
143.266
143.003
142.739
142.473
142.207
141.941
141.677
141.414
141.155
140.899
140.648
140.401
140.16
139.925
139.696
139.474
139.26
139.053
138.854
138.662
138.478
138.302
138.134
137.974
137.82
137.674
137.535
137.403
137.277
137.158
137.044
136.935
136.832
136.733
136.64
136.55
136.465
136.383
136.305
136.23
136.159
136.091
136.027
135.965
135.908
135.853
135.806
135.756
135.741
148.73
148.601
148.465
148.319
148.164
148.003
147.834
147.657
147.472
147.28
147.08
146.872
146.656
146.433
146.202
145.965
145.72
145.47
145.213
144.951
144.683
144.412
144.136
143.857
143.576
143.293
143.008
142.724
142.44
142.157
141.877
141.599
141.325
141.056
140.792
140.533
140.281
140.036
139.798
139.568
139.346
139.131
138.926
138.728
138.539
138.359
138.186
138.022
137.865
137.716
137.575
137.44
137.313
137.191
137.076
136.967
136.863
136.763
136.669
136.579
136.494
136.412
136.334
136.259
136.188
136.119
136.054
135.993
135.934
135.879
135.827
135.782
135.733
135.72
149.486
149.324
149.156
148.976
148.788
148.592
148.388
148.177
147.957
147.729
147.493
147.25
147
146.742
146.478
146.208
145.931
145.649
145.363
145.071
144.777
144.479
144.178
143.876
143.573
143.269
142.966
142.665
142.366
142.07
141.777
141.49
141.207
140.931
140.661
140.398
140.143
139.896
139.658
139.428
139.207
138.995
138.792
138.598
138.413
138.236
138.068
137.909
137.757
137.613
137.476
137.347
137.224
137.107
136.997
136.892
136.792
136.697
136.607
136.521
136.439
136.361
136.286
136.215
136.147
136.081
136.019
135.96
135.904
135.851
135.801
135.759
135.711
135.701
150.202
150.004
149.797
149.58
149.353
149.119
148.877
148.628
148.37
148.105
147.832
147.553
147.267
146.976
146.678
146.376
146.069
145.757
145.443
145.125
144.805
144.484
144.161
143.839
143.517
143.197
142.879
142.564
142.252
141.946
141.645
141.35
141.062
140.781
140.509
140.245
139.989
139.743
139.506
139.279
139.061
138.853
138.654
138.464
138.284
138.113
137.95
137.796
137.649
137.511
137.379
137.255
137.137
137.026
136.92
136.819
136.724
136.634
136.547
136.465
136.387
136.312
136.241
136.173
136.107
136.045
135.985
135.929
135.875
135.825
135.776
135.736
135.69
135.682
150.847
150.607
150.358
150.099
149.831
149.556
149.274
148.984
148.688
148.385
148.077
147.762
147.443
147.119
146.791
146.459
146.125
145.788
145.448
145.108
144.767
144.426
144.086
143.747
143.41
143.077
142.747
142.422
142.103
141.789
141.483
141.184
140.894
140.612
140.339
140.076
139.823
139.579
139.346
139.123
138.909
138.706
138.513
138.329
138.154
137.989
137.832
137.684
137.543
137.41
137.284
137.165
137.053
136.946
136.845
136.75
136.659
136.572
136.49
136.412
136.337
136.266
136.198
136.132
136.07
136.01
135.953
135.899
135.847
135.799
135.753
135.715
135.669
135.663
151.38
151.094
150.8
150.497
150.187
149.871
149.549
149.221
148.888
148.55
148.208
147.863
147.514
147.162
146.808
146.453
146.095
145.737
145.379
145.021
144.664
144.308
143.954
143.603
143.256
142.914
142.576
142.245
141.921
141.604
141.296
140.996
140.706
140.425
140.155
139.895
139.646
139.407
139.179
138.962
138.755
138.558
138.371
138.193
138.025
137.866
137.716
137.574
137.439
137.312
137.192
137.079
136.971
136.87
136.774
136.682
136.596
136.514
136.435
136.361
136.29
136.222
136.156
136.094
136.034
135.977
135.923
135.871
135.821
135.775
135.73
135.694
135.65
135.645
151.755
151.424
151.085
150.739
150.389
150.034
149.676
149.314
148.949
148.583
148.214
147.844
147.473
147.1
146.728
146.355
145.982
145.609
145.238
144.868
144.499
144.134
143.771
143.413
143.06
142.712
142.371
142.037
141.711
141.394
141.087
140.789
140.502
140.226
139.96
139.706
139.463
139.23
139.009
138.798
138.598
138.409
138.229
138.059
137.898
137.746
137.602
137.466
137.338
137.217
137.103
136.995
136.893
136.796
136.705
136.618
136.536
136.458
136.383
136.312
136.244
136.179
136.117
136.058
136
135.946
135.893
135.844
135.796
135.752
135.709
135.674
135.631
135.628
151.922
151.549
151.17
150.787
150.402
150.017
149.63
149.244
148.858
148.472
148.087
147.702
147.318
146.935
146.552
146.171
145.79
145.41
145.032
144.655
144.281
143.911
143.544
143.183
142.827
142.478
142.136
141.803
141.479
141.165
140.862
140.569
140.287
140.017
139.758
139.511
139.275
139.05
138.837
138.634
138.442
138.261
138.089
137.926
137.773
137.628
137.491
137.362
137.24
137.125
137.017
136.914
136.817
136.726
136.639
136.557
136.479
136.404
136.333
136.266
136.201
136.139
136.08
136.023
135.968
135.916
135.866
135.818
135.772
135.73
135.688
135.655
135.613
135.612
151.83
151.425
151.017
150.607
150.201
149.798
149.398
149.001
148.608
148.217
147.829
147.443
147.059
146.675
146.293
145.911
145.53
145.15
144.771
144.394
144.019
143.648
143.281
142.92
142.565
142.218
141.879
141.549
141.23
140.921
140.624
140.338
140.064
139.801
139.551
139.312
139.085
138.87
138.665
138.472
138.288
138.115
137.951
137.797
137.651
137.513
137.384
137.261
137.146
137.037
136.934
136.837
136.745
136.659
136.576
136.498
136.424
136.353
136.286
136.222
136.16
136.101
136.044
135.99
135.938
135.887
135.839
135.793
135.749
135.709
135.668
135.638
135.596
135.596
151.434
151.014
150.595
150.178
149.769
149.368
148.975
148.588
148.206
147.829
147.454
147.082
146.711
146.339
145.967
145.593
145.219
144.843
144.468
144.094
143.722
143.353
142.989
142.631
142.28
141.937
141.603
141.28
140.968
140.666
140.377
140.1
139.835
139.583
139.342
139.113
138.896
138.69
138.496
138.311
138.137
137.973
137.817
137.671
137.533
137.403
137.28
137.164
137.055
136.952
136.855
136.763
136.677
136.594
136.516
136.442
136.372
136.305
136.241
136.18
136.121
136.065
136.011
135.959
135.909
135.86
135.814
135.77
135.728
135.689
135.65
135.62
135.579
135.582
150.698
150.288
149.886
149.488
149.103
148.732
148.372
148.02
147.674
147.331
146.989
146.646
146.3
145.95
145.595
145.236
144.872
144.505
144.137
143.768
143.401
143.036
142.677
142.324
141.978
141.642
141.316
141
140.697
140.405
140.126
139.859
139.605
139.363
139.134
138.916
138.709
138.514
138.329
138.154
137.99
137.834
137.687
137.549
137.419
137.296
137.181
137.071
136.969
136.872
136.78
136.693
136.611
136.533
136.46
136.39
136.323
136.259
136.198
136.14
136.084
136.03
135.979
135.929
135.881
135.835
135.79
135.748
135.707
135.67
135.632
135.604
135.564
135.567
149.611
149.246
148.897
148.554
148.229
147.923
147.629
147.342
147.056
146.769
146.476
146.175
145.863
145.541
145.207
144.864
144.512
144.155
143.793
143.429
143.067
142.708
142.353
142.006
141.668
141.34
141.022
140.717
140.424
140.143
139.875
139.62
139.377
139.147
138.929
138.723
138.527
138.343
138.168
138.003
137.848
137.701
137.563
137.433
137.311
137.195
137.086
136.983
136.886
136.795
136.709
136.627
136.549
136.476
136.406
136.34
136.276
136.216
136.158
136.103
136.049
135.998
135.949
135.901
135.855
135.811
135.768
135.727
135.688
135.652
135.615
135.589
135.549
135.554
148.259
147.976
147.721
147.473
147.246
147.041
146.846
146.65
146.445
146.228
145.993
145.737
145.461
145.164
144.849
144.518
144.175
143.822
143.464
143.104
142.746
142.391
142.042
141.701
141.37
141.051
140.743
140.447
140.165
139.896
139.64
139.396
139.165
138.947
138.74
138.544
138.36
138.185
138.02
137.865
137.718
137.58
137.45
137.327
137.212
137.103
137
136.903
136.812
136.725
136.644
136.566
136.493
136.423
136.357
136.294
136.234
136.176
136.121
136.068
136.017
135.968
135.921
135.875
135.831
135.788
135.747
135.708
135.67
135.635
135.599
135.574
135.535
135.541
146.798
146.63
146.504
146.386
146.291
146.215
146.139
146.048
145.932
145.785
145.604
145.387
145.137
144.857
144.551
144.225
143.883
143.531
143.174
142.815
142.458
142.106
141.762
141.427
141.103
140.792
140.493
140.207
139.935
139.677
139.431
139.199
138.978
138.77
138.574
138.388
138.213
138.047
137.891
137.744
137.605
137.474
137.351
137.235
137.125
137.022
136.925
136.833
136.746
136.664
136.587
136.513
136.443
136.377
136.314
136.254
136.196
136.141
136.088
136.037
135.989
135.941
135.896
135.852
135.809
135.768
135.728
135.69
135.653
135.619
135.585
135.56
135.522
135.528
145.306
145.281
145.318
145.362
145.428
145.503
145.56
145.577
145.545
145.46
145.32
145.129
144.893
144.618
144.312
143.982
143.636
143.28
142.92
142.559
142.203
141.853
141.513
141.183
140.866
140.562
140.272
139.995
139.733
139.484
139.248
139.025
138.815
138.616
138.429
138.252
138.085
137.927
137.779
137.638
137.506
137.382
137.265
137.154
137.05
136.951
136.859
136.771
136.688
136.61
136.536
136.466
136.399
136.336
136.275
136.217
136.162
136.109
136.059
136.01
135.963
135.917
135.873
135.83
135.789
135.749
135.71
135.673
135.637
135.605
135.571
135.547
135.509
135.517
143.823
143.967
144.202
144.444
144.696
144.936
145.128
145.248
145.287
145.248
145.133
144.953
144.717
144.436
144.121
143.782
143.427
143.064
142.699
142.336
141.979
141.631
141.293
140.969
140.658
140.361
140.078
139.81
139.556
139.316
139.089
138.875
138.673
138.482
138.302
138.133
137.973
137.823
137.68
137.546
137.42
137.301
137.189
137.083
136.983
136.889
136.8
136.717
136.637
136.562
136.491
136.424
136.36
136.299
136.241
136.185
136.132
136.081
136.032
135.984
135.939
135.895
135.852
135.811
135.77
135.731
135.694
135.658
135.623
135.591
135.558
135.535
135.497
135.506
142.369
142.708
143.18
143.653
144.113
144.525
144.845
145.052
145.145
145.132
145.026
144.841
144.593
144.298
143.968
143.616
143.25
142.878
142.507
142.141
141.783
141.436
141.102
140.782
140.476
140.185
139.91
139.649
139.402
139.169
138.95
138.743
138.549
138.365
138.193
138.03
137.876
137.731
137.595
137.466
137.345
137.23
137.123
137.021
136.925
136.835
136.749
136.668
136.592
136.52
136.451
136.386
136.325
136.266
136.21
136.156
136.104
136.055
136.007
135.962
135.917
135.874
135.833
135.792
135.753
135.715
135.678
135.643
135.609
135.578
135.545
135.524
135.486
135.495
140.947
141.51
142.264
143.005
143.686
144.262
144.696
144.971
145.096
145.09
144.976
144.775
144.508
144.193
143.845
143.477
143.099
142.718
142.341
141.971
141.613
141.267
140.935
140.619
140.318
140.033
139.763
139.509
139.269
139.042
138.83
138.63
138.441
138.264
138.097
137.94
137.792
137.652
137.52
137.396
137.279
137.168
137.064
136.966
136.874
136.786
136.704
136.626
136.552
136.482
136.416
136.353
136.293
136.236
136.182
136.129
136.079
136.031
135.985
135.941
135.897
135.856
135.815
135.776
135.737
135.7
135.664
135.63
135.596
135.566
135.534
135.513
135.476
135.485
139.558
140.374
141.458
142.503
143.405
144.131
144.657
144.978
145.114
145.1
144.966
144.741
144.449
144.111
143.743
143.36
142.969
142.58
142.197
141.824
141.465
141.12
140.79
140.477
140.181
139.901
139.636
139.387
139.153
138.932
138.725
138.531
138.348
138.176
138.014
137.862
137.718
137.583
137.455
137.334
137.221
137.114
137.013
136.918
136.828
136.743
136.663
136.588
136.516
136.449
136.384
136.323
136.265
136.209
136.156
136.106
136.057
136.01
135.965
135.921
135.879
135.838
135.799
135.76
135.723
135.686
135.651
135.617
135.584
135.555
135.523
135.503
135.466
135.476
138.206
139.299
140.768
142.144
143.255
144.107
144.703
145.046
145.176
145.141
144.98
144.726
144.407
144.046
143.659
143.26
142.858
142.461
142.073
141.697
141.337
140.992
140.665
140.355
140.062
139.786
139.526
139.282
139.052
138.837
138.635
138.445
138.267
138.099
137.942
137.793
137.653
137.522
137.397
137.28
137.17
137.066
136.968
136.875
136.788
136.705
136.628
136.554
136.484
136.418
136.356
136.296
136.239
136.185
136.133
136.084
136.036
135.991
135.947
135.904
135.863
135.823
135.784
135.746
135.709
135.674
135.639
135.606
135.573
135.544
135.513
135.493
135.456
135.467
136.902
138.282
140.194
141.918
143.211
144.163
144.807
145.154
145.264
145.201
145.008
144.723
144.377
143.993
143.588
143.175
142.763
142.358
141.965
141.587
141.226
140.882
140.557
140.249
139.96
139.687
139.431
139.191
138.965
138.754
138.556
138.37
138.196
138.032
137.878
137.733
137.597
137.468
137.347
137.233
137.125
137.023
136.927
136.837
136.752
136.671
136.595
136.524
136.456
136.391
136.33
136.272
136.216
136.163
136.113
136.064
136.018
135.973
135.929
135.888
135.847
135.808
135.77
135.733
135.697
135.661
135.627
135.595
135.563
135.534
135.503
135.484
135.447
135.458
135.668
137.317
139.737
141.807
143.246
144.277
144.947
145.281
145.364
145.268
145.042
144.727
144.355
143.95
143.528
143.102
142.68
142.269
141.872
141.492
141.13
140.787
140.463
140.158
139.871
139.601
139.348
139.111
138.89
138.682
138.487
138.305
138.134
137.974
137.823
137.681
137.547
137.421
137.302
137.19
137.085
136.985
136.892
136.803
136.72
136.641
136.567
136.496
136.43
136.366
136.306
136.249
136.195
136.143
136.094
136.046
136
135.956
135.914
135.873
135.833
135.794
135.757
135.72
135.685
135.65
135.617
135.584
135.553
135.525
135.494
135.475
135.439
135.45
134.524
136.4
139.396
141.786
143.336
144.426
145.104
145.415
145.466
145.335
145.077
144.734
144.338
143.913
143.476
143.039
142.609
142.192
141.792
141.41
141.048
140.705
140.382
140.079
139.794
139.527
139.277
139.043
138.824
138.619
138.427
138.248
138.08
137.922
137.774
137.635
137.503
137.38
137.263
137.153
137.049
136.952
136.86
136.773
136.691
136.614
136.541
136.472
136.406
136.344
136.285
136.229
136.176
136.125
136.076
136.029
135.984
135.941
135.899
135.859
135.82
135.782
135.745
135.709
135.674
135.64
135.606
135.575
135.543
135.516
135.486
135.467
135.431
135.443
133.477
135.537
139.17
141.83
143.462
144.592
145.264
145.547
145.565
145.4
145.111
144.741
144.324
143.882
143.432
142.985
142.548
142.126
141.723
141.339
140.976
140.634
140.312
140.01
139.727
139.462
139.214
138.982
138.766
138.564
138.375
138.198
138.032
137.877
137.731
137.594
137.464
137.343
137.228
137.12
137.018
136.921
136.831
136.745
136.665
136.589
136.517
136.449
136.385
136.324
136.266
136.211
136.158
136.108
136.06
136.014
135.97
135.927
135.886
135.846
135.808
135.77
135.734
135.698
135.663
135.63
135.597
135.566
135.535
135.507
135.477
135.459
135.424
135.435
132.506
134.733
139.035
141.913
143.61
144.764
145.42
145.672
145.656
145.46
145.142
144.749
144.313
143.856
143.394
142.938
142.495
142.069
141.663
141.278
140.914
140.572
140.251
139.95
139.668
139.405
139.159
138.93
138.716
138.516
138.329
138.154
137.99
137.837
137.693
137.557
137.43
137.31
137.196
137.09
136.989
136.894
136.805
136.721
136.641
136.566
136.496
136.429
136.365
136.305
136.248
136.194
136.142
136.092
136.045
136
135.956
135.914
135.873
135.834
135.796
135.759
135.723
135.688
135.654
135.621
135.588
135.557
135.527
135.499
135.47
135.452
135.417
135.428
131.567
134.079
138.995
142.018
143.764
144.931
145.565
145.786
145.739
145.513
145.171
144.757
144.303
143.833
143.361
142.898
142.449
142.02
141.611
141.224
140.86
140.518
140.198
139.898
139.618
139.356
139.112
138.884
138.671
138.473
138.288
138.115
137.953
137.801
137.659
137.525
137.399
137.28
137.168
137.063
136.963
136.87
136.781
136.698
136.62
136.546
136.476
136.41
136.347
136.288
136.232
136.178
136.127
136.078
136.031
135.987
135.944
135.902
135.862
135.823
135.785
135.749
135.713
135.679
135.645
135.612
135.58
135.549
135.519
135.492
135.463
135.445
135.41
135.422
130.429
133.501
138.988
142.139
143.921
145.088
145.697
145.888
145.813
145.56
145.195
144.763
144.295
143.814
143.333
142.863
142.41
141.977
141.566
141.178
140.813
140.472
140.151
139.852
139.573
139.313
139.07
138.843
138.632
138.435
138.252
138.08
137.92
137.769
137.628
137.496
137.371
137.253
137.143
137.038
136.94
136.847
136.76
136.678
136.6
136.527
136.458
136.393
136.331
136.272
136.217
136.164
136.113
136.065
136.019
135.974
135.932
135.891
135.851
135.813
135.776
135.739
135.704
135.67
135.636
135.604
135.572
135.542
135.512
135.485
135.456
135.439
135.404
135.416
129.432
133.377
139.004
142.245
144.071
145.23
145.814
145.979
145.877
145.601
145.217
144.769
144.288
143.796
143.308
142.833
142.375
141.939
141.527
141.138
140.773
140.431
140.111
139.812
139.534
139.274
139.032
138.807
138.597
138.402
138.22
138.049
137.89
137.741
137.601
137.47
137.346
137.229
137.12
137.016
136.919
136.827
136.741
136.659
136.582
136.51
136.442
136.377
136.316
136.258
136.203
136.15
136.1
136.053
136.007
135.963
135.921
135.88
135.841
135.803
135.766
135.73
135.695
135.661
135.628
135.596
135.565
135.534
135.505
135.478
135.45
135.432
135.398
135.41
)
;

boundaryField
{
    inlet
    {
        type            freestreamPressure;
        value           nonuniform List<scalar> 
230
(
130.995
130.999
131.005
131.013
131.02
131.029
131.037
131.046
131.055
131.065
131.076
131.087
131.099
131.111
131.124
131.138
131.152
131.167
131.183
131.201
131.219
131.238
131.258
131.279
131.301
131.325
131.35
131.377
131.405
131.435
131.466
131.5
131.535
131.572
131.612
131.653
131.697
131.743
131.792
131.844
131.898
131.955
132.014
132.077
132.142
132.211
132.282
132.356
132.433
132.512
132.594
132.678
132.763
132.851
132.94
133.029
133.119
133.209
133.299
133.387
133.473
133.557
133.637
133.714
133.786
133.853
133.914
133.968
134.014
134.053
134.081
134.103
134.108
134.135
133.998
133.244
132.592
132.042
131.588
131.221
130.929
130.703
130.531
130.407
130.321
130.267
130.24
130.235
130.246
130.27
130.303
130.341
130.382
130.425
130.466
130.506
130.545
130.583
130.619
130.653
130.686
130.717
130.746
130.773
130.799
130.823
130.846
130.867
130.887
130.906
130.923
130.94
130.955
130.97
130.984
134.829
135.61
136.309
136.919
137.444
137.89
138.266
138.581
138.843
139.06
139.238
139.385
139.505
139.602
139.68
139.743
139.793
139.832
139.863
139.886
139.903
139.916
139.924
139.93
139.933
139.934
139.934
139.933
139.93
139.927
139.924
139.92
139.916
139.912
139.907
139.903
139.899
139.895
139.89
139.886
139.883
139.879
139.878
139.876
139.873
139.871
139.868
139.866
139.863
139.859
139.856
139.852
139.848
139.844
139.839
139.834
139.828
139.822
139.816
139.809
139.801
139.793
139.784
139.774
139.763
139.751
139.739
139.725
139.71
139.693
139.675
139.656
139.635
139.612
139.586
139.559
139.529
139.497
139.462
139.424
139.383
139.339
139.291
139.239
139.184
139.124
139.06
138.991
138.918
138.84
138.758
138.67
138.578
138.482
138.381
138.276
138.167
138.054
137.939
137.82
137.7
137.578
137.455
137.332
137.209
137.088
136.968
136.85
136.735
136.624
136.518
136.417
136.321
136.236
136.146
)
;
    }
    outlet
    {
        type            freestreamPressure;
        value           nonuniform List<scalar> 
96
(
135.404
135.398
135.392
135.385
135.378
135.371
135.363
135.354
135.345
135.336
135.326
135.315
135.304
135.292
135.28
135.266
135.253
135.238
135.223
135.207
135.19
135.173
135.156
135.138
135.121
135.104
135.087
135.073
135.064
135.062
135.071
135.089
135.089
135.026
134.867
134.638
134.425
134.306
134.289
134.317
134.337
134.328
134.3
134.266
134.233
134.201
134.176
134.135
136.146
136.132
136.105
136.073
136.041
136.012
135.987
135.967
135.951
135.938
135.925
135.912
135.897
135.881
135.863
135.844
135.824
135.803
135.782
135.761
135.741
135.72
135.701
135.682
135.663
135.645
135.628
135.612
135.596
135.582
135.567
135.554
135.541
135.528
135.517
135.506
135.495
135.485
135.476
135.467
135.458
135.45
135.443
135.435
135.428
135.422
135.416
135.41
)
;
    }
    walls
    {
        type            zeroGradient;
    }
    frontAndBack
    {
        type            empty;
    }
}


// ************************************************************************* //
