/*--------------------------------*- C++ -*----------------------------------*\
| =========                 |                                                 |
| \\      /  F ield         | OpenFOAM: The Open Source CFD Toolbox           |
|  \\    /   O peration     | Version:  5.x                                   |
|   \\  /    A nd           | Web:      www.OpenFOAM.org                      |
|    \\/     M anipulation  |                                                 |
\*---------------------------------------------------------------------------*/
FoamFile
{
    version     2.0;
    format      ascii;
    class       volVectorField;
    location    "700";
    object      wallShearStress;
}
// * * * * * * * * * * * * * * * * * * * * * * * * * * * * * * * * * * * * * //

dimensions      [0 2 -2 0 0 0 0];

internalField   uniform (0 0 0);

boundaryField
{
    inlet
    {
        type            calculated;
        value           uniform (0 0 0);
    }
    outlet
    {
        type            calculated;
        value           uniform (0 0 0);
    }
    walls
    {
        type            calculated;
        value           nonuniform List<vector> 
164
(
(-630.661 -975.703 4.81482e-35)
(-1114.22 -858.518 -2.01845e-15)
(-1623.3 -659.922 -8.41704e-16)
(-1453.88 -487.557 2.2344e-15)
(-1360.39 -381.523 5.49502e-21)
(-1236.92 -299.43 1.51568e-15)
(-1113.8 -237.435 1.76662e-15)
(-1006.72 -191.789 -1.99908e-15)
(-914.657 -157.372 -2.92501e-32)
(-835.63 -130.722 2.39663e-15)
(-766.829 -109.755 -2.6134e-15)
(-707.736 -92.955 -2.70174e-15)
(-654.729 -79.1951 2.26806e-20)
(-612.837 -68.3705 -2.91548e-15)
(-574.152 -59.1519 3.23037e-15)
(-547.301 -52.1715 3.13426e-15)
(-521.234 -45.8931 -3.25885e-15)
(-499.397 -40.6459 3.30202e-15)
(-480.72 -36.0858 3.26273e-15)
(-460.961 -31.8807 -3.42702e-15)
(-447.084 -28.4296 3.30195e-15)
(-430.903 -25.0951 6.53933e-21)
(-418.548 -22.2745 1.85018e-20)
(-407.046 -19.6887 -1.26376e-20)
(-395.256 -17.2916 -6.71678e-15)
(-386.891 -15.2049 3.22144e-15)
(-376.835 -13.1878 -7.52316e-36)
(-368.237 -11.3725 1.5874e-15)
(-360.736 -9.70098 -1.57744e-15)
(-353.67 -8.14391 -9.78011e-36)
(-346.58 -6.68747 -1.15414e-20)
(-338.982 -5.30513 1.13514e-20)
(-332.95 -4.0479 1.02435e-20)
(-328.025 -2.85644 -2.1608e-20)
(-321.885 -1.74155 -6.90886e-16)
(-317.522 -0.685488 -9.30992e-36)
(-312.294 0.299913 8.17166e-17)
(-307.707 1.24184 -6.40563e-16)
(-304.083 2.12188 6.14739e-16)
(-300.859 2.97831 -1.18806e-15)
(-297.241 3.76872 2.55788e-35)
(-293.92 4.53315 4.42874e-15)
(-276.586 4.92575 1.05324e-35)
(-273.935 5.46694 -1.19609e-20)
(-269.497 5.90781 -2.96195e-15)
(-267.277 6.37629 5.6168e-21)
(-264.055 6.78489 -5.58157e-21)
(-260.858 7.16139 -2.94048e-15)
(-257.827 7.52236 5.87396e-15)
(-254.889 7.84683 2.93678e-15)
(-252.061 8.16784 5.60824e-21)
(-249.332 8.44992 -2.93124e-15)
(-246.694 8.73447 2.92711e-15)
(-244.136 8.98449 -5.58683e-21)
(-241.677 9.23959 -1.93827e-23)
(-238.223 9.42134 -1.93354e-23)
(-235.981 9.64703 5.58316e-21)
(-234.539 9.88298 0)
(-231.535 10.0486 5.82447e-15)
(-230.085 10.2671 5.5244e-21)
(-228.138 10.459 -5.71888e-15)
(-225.85 10.6518 5.74914e-15)
(-223.041 10.8338 -5.7433e-15)
(-221.371 11.0509 1.14249e-14)
(-218.471 11.2121 -5.71921e-15)
(-216.714 11.411 5.6704e-15)
(-213.589 11.5446 -1.20371e-35)
(-211.193 11.6959 -2.71134e-21)
(-208.966 11.861 -9.77244e-24)
(-206.709 12.0185 5.56844e-15)
(-202.954 12.0792 1.04004e-23)
(-200.513 12.2192 -2.69279e-21)
(-197.653 12.326 -1.11561e-14)
(-193.488 12.3452 1.3527e-21)
(-189.744 12.386 -1.14751e-14)
(-186.413 12.4507 3.82056e-31)
(-181.794 12.4218 2.28611e-14)
(-176.654 12.349 6.87502e-22)
(-171.657 12.2749 -1.17322e-14)
(-164.269 12.0242 1.16507e-14)
(-165.403 12.3443 -1.19013e-14)
(-0.428164 0.827908 1.91465e-14)
(542.642 -1019.03 -3.85186e-34)
(-263.947 170.519 -1.2487e-14)
(-489.786 213.42 -1.92593e-34)
(-590.386 198.769 3.36797e-32)
(-608.832 169.388 -4.19371e-32)
(-615.18 147.07 5.84156e-15)
(-621.275 130.211 2.20565e-20)
(-612.583 114.311 2.93874e-39)
(-594.108 99.7873 -3.46541e-20)
(-573.258 87.2689 -5.63019e-15)
(-551.25 76.5377 -2.1886e-20)
(-535.844 68.0439 -5.50414e-15)
(-517.981 60.3803 2.17507e-20)
(-507.53 54.3723 -2.02201e-20)
(-491.779 48.4855 -5.56961e-15)
(-481.657 43.7593 5.22672e-15)
(-468.714 39.1806 -2.009e-20)
(-456.956 35.1561 5.19056e-15)
(-446.968 31.565 -1.89823e-20)
(-434.118 28.1032 6.11065e-21)
(-426.494 25.2402 4.83961e-15)
(-415.357 22.3851 -2.0463e-34)
(-408.341 19.9701 -4.72783e-15)
(-400.08 17.6423 -4.64213e-15)
(-392.431 15.5097 -2.04497e-20)
(-387.479 13.6083 -4.32828e-15)
(-379.359 11.7175 -3.04056e-32)
(-374.409 10.0514 2.07519e-15)
(-369.389 8.46921 -4.06579e-15)
(-364.521 6.97389 -1.414e-20)
(-358.546 5.55473 -1.91261e-15)
(-353.879 4.22554 -9.27098e-16)
(-350.542 2.99332 -1.34962e-20)
(-346.242 1.79631 4.30347e-16)
(-342.685 0.683278 2.05581e-16)
(-337.914 -0.388928 -2.46579e-20)
(-334.5 -1.387 1.17862e-20)
(-331.009 -2.3513 7.50333e-16)
(-329.241 -3.26662 -1.41897e-15)
(-326.311 -4.1458 -1.04703e-20)
(-324.673 -4.98168 2.59664e-15)
(-322.237 -5.7849 -2.48994e-15)
(-305.64 -6.16874 2.30397e-32)
(-303.878 -6.74612 -3.24975e-15)
(-301.493 -7.2482 -3.22241e-15)
(-298.945 -7.72826 -3.21653e-15)
(-296.536 -8.17262 6.37804e-15)
(-294.115 -8.58507 -3.17801e-15)
(-291.844 -8.98413 -3.15525e-15)
(-289.653 -9.34444 3.13641e-15)
(-287.545 -9.70404 3.40893e-37)
(-285.569 -10.0244 3.09464e-15)
(-283.349 -10.3384 5.87146e-21)
(-281.335 -10.6191 6.12281e-15)
(-279.497 -10.9094 6.07248e-15)
(-277.633 -11.1649 -4.21297e-35)
(-275.938 -11.4283 -3.72923e-32)
(-274.143 -11.6607 -5.69342e-21)
(-272.587 -11.904 1.17804e-14)
(-270.81 -12.1111 5.69737e-21)
(-268.622 -12.3041 -1.17276e-14)
(-266.701 -12.4495 -5.87872e-15)
(-266.248 -12.6459 0)
(-263.982 -12.7446 -2.75422e-21)
(-263.47 -12.9271 -5.62925e-15)
(-263.034 -13.1072 -5.57098e-15)
(-261.52 -13.2393 -5.53924e-15)
(-258.934 -13.301 5.54687e-15)
(-257.94 -13.4508 5.52328e-15)
(-257.754 -13.6431 2.54893e-21)
(-256.061 -13.753 -7.24116e-32)
(-254.526 -13.8759 -1.2832e-21)
(-253.029 -14.0001 -5.24885e-15)
(-251.313 -14.1156 2.5096e-21)
(-249.155 -14.2083 5.28323e-15)
(-247.671 -14.3447 -2.48353e-21)
(-245.855 -14.4649 1.22333e-21)
(-243.37 -14.5512 6.12215e-22)
(-240.84 -14.6385 -1.02803e-14)
(-236.643 -14.6298 1.01571e-14)
(-239.696 -15.0043 4.55934e-22)
(-26.3282 -2.08 -1.94283e-14)
)
;
    }
    frontAndBack
    {
        type            empty;
    }
}


// ************************************************************************* //
