/*--------------------------------*- C++ -*----------------------------------*\
| =========                 |                                                 |
| \\      /  F ield         | OpenFOAM: The Open Source CFD Toolbox           |
|  \\    /   O peration     | Version:  5.x                                   |
|   \\  /    A nd           | Web:      www.OpenFOAM.org                      |
|    \\/     M anipulation  |                                                 |
\*---------------------------------------------------------------------------*/
FoamFile
{
    version     2.0;
    format      ascii;
    class       volScalarField;
    location    "800";
    object      p;
}
// * * * * * * * * * * * * * * * * * * * * * * * * * * * * * * * * * * * * * //

dimensions      [0 2 -2 0 0 0 0];

internalField   nonuniform List<scalar> 
11040
(
-0.00344009
-99.7382
-337.072
-401.182
-422.367
-435.343
-436.796
-426.499
-407.83
-381.898
-348.215
-296.47
-246.658
-211.18
-186.388
-159.958
-133.114
-107.758
-83.7539
-60.5864
-38.1672
-18.8015
-2.61876
12.5263
26.713
39.965
52.2779
63.6398
73.9892
83.2264
91.2388
97.9064
103.174
107.108
109.91
111.836
112.626
112.047
111.72
115.209
115.269
36.574
-59.9141
-212.482
-290.477
-331.386
-361.458
-379.291
-383.473
-376.491
-360.053
-334.368
-291.477
-246.303
-211.47
-186.132
-160.012
-133.476
-108.252
-84.3274
-61.2238
-38.8457
-19.5278
-3.31466
11.8601
26.0788
39.3685
51.7264
63.1398
73.5496
82.8581
90.9472
97.6952
103.042
107.037
109.875
111.85
112.708
112.111
111.371
113.834
113.372
61.2522
-32.5032
-142.363
-234.018
-288.798
-325.03
-347.622
-356.289
-353.301
-340.64
-319.326
-283.741
-242.968
-208.961
-183.52
-158.393
-132.621
-107.792
-84.1397
-61.2557
-39.037
-19.7982
-3.62782
11.5162
25.7159
38.9985
51.3615
62.79
73.2265
82.5751
90.7172
97.5299
102.943
106.996
109.874
111.887
112.81
112.268
111.385
113.048
112.236
78.6321
-5.14164
-87.3818
-171.037
-229.427
-270.86
-300.453
-317.071
-321.367
-315.174
-300.016
-272.177
-236.926
-204.867
-179.752
-155.737
-130.953
-106.72
-83.4937
-60.9535
-38.9902
-19.918
-3.84614
11.231
25.3843
38.6381
50.9896
62.4217
72.8771
82.2619
90.4576
97.3394
102.829
106.956
109.886
111.923
112.884
112.402
111.472
112.652
112.008
92.3253
20.563
-43.3278
-114.93
-173.765
-218.798
-253.052
-275.643
-286.312
-286.345
-277.339
-257.135
-228.284
-199.192
-174.823
-151.957
-128.394
-104.994
-82.3612
-60.3078
-38.7285
-19.9213
-4.01181
10.9443
25.0054
38.192
50.5014
61.9136
72.3722
81.7853
90.0359
96.9991
102.59
106.826
109.843
111.916
112.914
112.521
111.589
112.591
112.451
102.744
42.9548
-8.03667
-67.4308
-121.972
-167.095
-203.667
-230.742
-247.188
-253.453
-250.818
-238.179
-216.311
-191.24
-168.362
-146.855
-124.763
-102.459
-80.6082
-59.1936
-38.136
-19.6936
-4.02859
10.7334
24.6391
37.7031
49.9222
61.2743
71.704
81.1228
89.417
96.4647
102.177
106.553
109.699
111.844
112.909
112.67
111.826
112.814
113.223
110.633
61.6477
20.2352
-28.314
-76.0039
-118.363
-154.814
-184.215
-204.949
-216.692
-220.159
-214.758
-200.175
-180.216
-159.879
-140.156
-119.823
-98.9194
-78.0912
-57.5003
-37.1215
-19.1635
-3.84075
10.6436
24.3198
37.1938
49.261
60.4985
70.853
80.2411
88.5559
95.6811
101.525
106.073
109.395
111.669
112.863
112.87
112.248
113.292
114.239
116.574
76.7314
42.7931
3.35595
-36.8094
-74.5059
-108.739
-138.276
-161.394
-177.229
-185.911
-186.968
-179.465
-165.371
-148.669
-131.377
-113.185
-94.0582
-74.572
-55.0462
-35.5484
-18.2293
-3.36812
10.7372
24.0944
36.6958
48.5338
59.5849
69.7995
79.1019
87.3956
94.5746
100.55
105.293
108.843
111.326
112.748
113.117
112.871
114.089
115.461
120.993
88.6118
60.6656
28.6872
-4.39628
-36.6139
-67.1741
-94.9824
-118.511
-136.683
-149.188
-155.487
-154.304
-146.256
-134.055
-119.943
-104.373
-87.4607
-69.7139
-51.5649
-33.2019
-16.7131
-2.45998
11.137
24.0622
36.2906
47.8064
58.5833
68.5752
77.7158
85.9222
93.1043
99.1823
104.123
107.942
110.723
112.501
113.379
113.678
115.236
116.858
124.206
97.8123
74.7275
48.7914
21.8728
-4.90693
-31.1144
-55.9556
-78.24
-96.9666
-111.612
-121.577
-125.454
-122.981
-115.661
-105.365
-92.922
-78.6758
-63.1124
-46.7215
-29.8072
-14.3818
-0.913992
12.015
24.3696
36.1059
47.193
57.598
67.2757
76.1675
84.2049
91.3157
97.4365
102.539
106.632
109.777
112.027
113.549
114.558
116.612
118.411
126.474
104.861
85.7396
64.6747
42.8988
21.0214
-0.808916
-22.1154
-42.0562
-59.8687
-75.0277
-86.9582
-94.3088
-96.3504
-93.6497
-87.4326
-78.4971
-67.3103
-54.3569
-40.1375
-25.0381
-10.9565
1.5135
13.5844
25.2024
36.3053
46.8425
56.7696
66.0389
74.5966
82.3847
89.3471
95.4371
100.638
104.966
108.478
111.241
113.459
115.26
117.891
119.981
128.022
110.232
94.354
77.208
59.6244
41.923
24.0851
6.34916
-10.7473
-26.6935
-41.088
-53.4557
-62.6452
-67.7829
-68.8483
-66.4419
-61.076
-53.1613
-43.1344
-31.4574
-18.5437
-6.1147
5.11384
16.1093
26.7977
37.1006
46.9458
56.2742
65.0326
73.1688
80.6316
87.376
93.3686
98.6027
103.104
106.931
110.155
112.987
115.511
118.644
121.202
129.044
114.331
101.116
87.1229
72.9163
58.6557
44.2444
29.7735
15.5561
1.91127
-10.9178
-22.5951
-32.2285
-39.0106
-42.645
-43.2896
-41.1262
-36.3831
-29.3735
-20.4641
-10.0311
0.457274
10.1973
19.8909
29.4428
38.7604
47.7517
56.3418
64.4704
72.084
79.1355
85.5867
91.4126
96.6119
101.214
105.271
108.85
112.13
115.186
118.611
121.651
129.7
117.484
106.467
95.0155
83.5161
72.0399
60.4642
48.8016
37.2224
25.9102
14.9889
4.65978
-4.43571
-11.6552
-16.6404
-19.3153
-19.6241
-17.5984
-13.3883
-7.2242
0.609758
8.965
17.0159
25.21
33.4348
41.5864
49.5571
57.2591
64.6246
71.598
78.1329
84.1942
89.7604
94.8313
99.4331
103.606
107.399
110.94
114.301
117.802
121.075
130.114
119.943
110.75
101.354
92.0245
82.7823
73.5053
64.1693
54.8611
45.6778
36.6758
27.9523
19.9403
13.1056
7.75922
4.05505
2.15935
2.17248
4.08698
7.81
13.174
19.3752
25.6463
32.2233
38.9875
45.832
52.6417
59.3195
65.7916
72.0004
77.8993
83.4536
88.641
93.4573
97.9208
102.055
105.89
109.504
112.95
116.375
119.612
130.396
121.914
114.238
106.511
98.9203
91.4633
84.028
76.5763
69.1492
61.7942
54.5297
47.393
40.6631
34.6576
29.6066
25.6575
22.993
21.7642
22.0478
23.8526
27.1161
31.3498
35.9069
40.8759
46.1471
51.6207
57.1854
62.7442
68.222
73.5593
78.7084
83.6335
88.31
92.7279
96.895
100.819
104.51
108.012
111.354
114.597
117.657
130.658
123.581
117.172
110.804
104.613
98.5824
92.6127
86.6646
80.7551
74.9054
69.1146
63.3926
57.9121
52.8823
48.4602
44.7577
41.9272
40.1148
39.4241
39.916
41.5968
44.2201
47.2881
50.8049
54.6807
58.8312
63.1596
67.5786
72.018
76.4209
80.7406
84.9403
88.9922
92.8804
96.603
100.156
103.535
106.763
109.851
112.817
115.623
130.894
124.931
119.524
114.207
109.09
104.143
99.2806
94.4671
89.7081
85.0127
80.3733
75.7903
71.3725
67.2542
63.5391
60.305
57.6653
55.7373
54.6176
54.3788
55.0578
56.5574
58.5156
60.9
63.6446
66.6835
69.9391
73.339
76.8232
80.3413
83.8507
87.3161
90.7095
94.0113
97.2132
100.304
103.271
106.124
108.865
111.493
113.993
131.09
125.988
121.355
116.842
112.538
108.405
104.371
100.402
96.5009
92.6683
88.8951
85.1776
81.589
78.2189
75.1347
72.3906
70.0675
68.2532
67.0254
66.45
66.5705
67.3678
68.581
70.1691
72.0863
74.2834
76.7004
79.2805
81.975
84.7417
87.5439
90.3501
93.134
95.8756
98.5634
101.183
103.719
106.174
108.544
110.821
112.998
131.272
126.852
122.833
118.948
115.273
111.766
108.363
105.036
101.784
98.6047
95.4893
92.4327
89.4859
86.7112
84.1532
81.8492
79.857
78.2403
77.0583
76.3646
76.1985
76.5774
77.3104
78.3594
79.6941
81.2779
83.0653
85.013
87.0826
89.2403
91.4554
93.7012
95.9545
98.1967
100.416
102.596
104.724
106.796
108.808
110.749
112.614
131.449
127.581
124.058
120.679
117.502
114.489
111.582
108.756
106.009
103.338
100.733
98.1897
95.745
93.4434
91.3153
89.3859
87.6972
86.2953
85.2238
84.5242
84.2284
84.3677
84.7984
85.4893
86.4209
87.5657
88.8895
90.3594
91.9459
93.6222
95.3636
97.148
98.956
100.771
102.582
104.375
106.136
107.862
109.547
111.18
112.758
131.623
128.21
125.099
122.131
119.36
116.745
114.235
111.809
109.463
107.193
104.992
102.854
100.807
98.883
97.1039
95.4866
94.0618
92.8629
91.9218
91.2694
90.9304
90.9386
91.1826
91.6383
92.2936
93.1275
94.1138
95.2275
96.4462
97.7487
99.1156
100.529
101.973
103.434
104.901
106.363
107.808
109.233
110.63
111.992
113.314
131.795
128.763
125.995
123.371
120.935
118.645
116.459
114.358
112.336
110.39
108.513
106.7
104.972
103.352
101.857
100.497
99.2961
98.2777
97.4652
96.8815
96.5447
96.4862
96.6169
96.9193
97.3859
98.0003
98.7419
99.5919
100.533
101.548
102.623
103.743
104.895
106.067
107.252
108.439
109.619
110.788
111.94
113.068
114.168
131.965
129.254
126.778
124.443
122.285
120.268
118.35
116.516
114.76
113.079
111.466
109.917
108.447
107.075
105.811
104.665
103.651
102.788
102.094
101.584
101.271
101.183
101.247
101.449
101.787
102.246
102.81
103.465
104.197
104.993
105.842
106.732
107.652
108.594
109.55
110.512
111.473
112.429
113.376
114.306
115.217
132.13
129.694
127.468
125.378
123.457
121.668
119.975
118.364
116.829
115.367
113.971
112.639
111.381
110.212
109.139
108.169
107.312
106.582
105.991
105.552
105.272
105.176
105.201
105.339
105.587
105.936
106.371
106.881
107.456
108.085
108.759
109.469
110.207
110.965
111.738
112.519
113.301
114.083
114.86
115.627
116.379
132.29
130.091
128.08
126.201
124.481
122.886
121.383
119.96
118.611
117.333
116.119
114.967
113.884
112.883
111.968
111.143
110.417
109.799
109.298
108.923
108.68
108.586
108.589
108.685
108.872
109.141
109.481
109.883
110.339
110.84
111.38
111.95
112.544
113.157
113.784
114.419
115.058
115.698
116.336
116.968
117.589
132.445
130.45
128.626
126.929
125.382
123.953
122.613
121.35
120.159
119.035
117.974
116.973
116.037
115.176
114.392
113.689
113.073
112.549
112.125
111.807
111.598
111.512
111.505
111.573
111.717
111.928
112.198
112.519
112.884
113.287
113.722
114.183
114.664
115.162
115.673
116.191
116.714
117.24
117.764
118.286
118.799
132.593
130.777
129.116
127.576
126.179
124.894
123.693
122.567
121.511
120.519
119.588
118.714
117.902
117.158
116.485
115.884
115.359
114.915
114.557
114.288
114.11
114.035
114.023
114.074
114.187
114.356
114.572
114.831
115.127
115.454
115.807
116.183
116.575
116.982
117.4
117.825
118.255
118.688
119.121
119.552
119.977
132.734
131.074
129.555
128.154
126.887
125.726
124.647
123.639
122.698
121.82
120.999
120.234
119.527
118.882
118.302
117.787
117.34
116.963
116.66
116.433
116.284
116.22
116.207
116.246
116.337
116.474
116.651
116.862
117.104
117.371
117.661
117.969
118.291
118.626
118.97
119.32
119.674
120.032
120.391
120.749
121.102
132.868
131.344
129.951
128.671
127.518
126.465
125.491
124.586
123.745
122.965
122.239
121.567
120.95
120.39
119.889
119.446
119.064
118.745
118.489
118.298
118.173
118.12
118.108
118.139
118.214
118.328
118.473
118.648
118.847
119.068
119.307
119.561
119.828
120.104
120.389
120.679
120.973
121.27
121.568
121.866
122.16
132.994
131.59
130.308
129.134
128.081
127.123
126.241
125.426
124.672
123.976
123.333
122.741
122.201
121.713
121.28
120.899
120.573
120.301
120.085
119.926
119.822
119.779
119.769
119.795
119.858
119.953
120.075
120.22
120.386
120.57
120.769
120.98
121.201
121.431
121.668
121.909
122.154
122.401
122.65
122.899
123.144
133.112
131.815
130.63
129.55
128.584
127.71
126.908
126.171
125.494
124.872
124.301
123.778
123.304
122.879
122.504
122.176
121.897
121.666
121.484
121.351
121.266
121.231
121.225
121.248
121.301
121.382
121.485
121.607
121.746
121.9
122.066
122.243
122.428
122.62
122.818
123.02
123.224
123.431
123.64
123.848
124.054
133.223
132.019
130.92
129.923
129.035
128.234
127.503
126.835
126.225
125.667
125.159
124.697
124.28
123.909
123.584
123.301
123.063
122.867
122.714
122.603
122.534
122.507
122.503
122.524
122.571
122.64
122.728
122.832
122.949
123.079
123.219
123.368
123.523
123.685
123.85
124.02
124.192
124.365
124.54
124.716
124.888
133.326
132.204
131.182
130.257
129.437
128.701
128.033
127.426
126.874
126.374
125.92
125.511
125.145
124.821
124.538
124.296
124.092
123.926
123.798
123.707
123.651
123.631
123.63
123.649
123.691
123.751
123.826
123.915
124.015
124.125
124.244
124.369
124.501
124.637
124.777
124.919
125.064
125.21
125.357
125.505
125.651
133.422
132.371
131.417
130.556
129.797
129.117
128.505
127.951
127.452
127.002
126.597
126.234
125.912
125.629
125.384
125.175
125.002
124.862
124.755
124.68
124.636
124.622
124.623
124.642
124.679
124.732
124.797
124.874
124.96
125.054
125.155
125.261
125.372
125.487
125.606
125.726
125.848
125.972
126.096
126.221
126.344
133.51
132.523
131.627
130.824
130.117
129.488
128.924
128.418
127.965
127.559
127.197
126.876
126.592
126.345
126.133
125.954
125.807
125.689
125.601
125.54
125.506
125.498
125.501
125.519
125.553
125.6
125.657
125.724
125.798
125.879
125.965
126.056
126.15
126.248
126.348
126.45
126.554
126.658
126.764
126.869
126.973
133.59
132.658
131.815
131.061
130.4
129.816
129.296
128.832
128.42
128.054
127.73
127.445
127.195
126.98
126.797
126.644
126.519
126.422
126.349
126.301
126.275
126.271
126.277
126.295
126.326
126.368
126.418
126.476
126.54
126.61
126.684
126.762
126.843
126.926
127.011
127.098
127.186
127.274
127.363
127.453
127.54
133.663
132.779
131.981
131.27
130.651
130.106
129.624
129.198
128.822
128.491
128.201
127.948
127.729
127.542
127.385
127.255
127.15
127.069
127.011
126.973
126.955
126.955
126.963
126.981
127.011
127.049
127.094
127.145
127.201
127.261
127.325
127.392
127.461
127.532
127.605
127.679
127.753
127.828
127.904
127.98
128.054
133.729
132.886
132.126
131.454
130.87
130.36
129.911
129.519
129.175
128.876
128.616
128.392
128.2
128.038
127.903
127.794
127.707
127.641
127.595
127.566
127.554
127.558
127.568
127.586
127.614
127.648
127.689
127.734
127.783
127.836
127.891
127.949
128.008
128.069
128.131
128.194
128.257
128.321
128.385
128.45
128.512
133.788
132.978
132.253
131.613
131.059
130.579
130.161
129.798
129.483
129.212
128.98
128.781
128.614
128.474
128.36
128.268
128.197
128.145
128.11
128.09
128.084
128.092
128.104
128.123
128.149
128.182
128.219
128.259
128.303
128.349
128.398
128.448
128.499
128.551
128.604
128.658
128.712
128.766
128.82
128.875
128.928
133.84
133.058
132.36
131.748
131.221
130.767
130.375
130.038
129.749
129.503
129.295
129.12
128.975
128.855
128.759
128.684
128.627
128.586
128.56
128.548
128.547
128.557
128.571
128.59
128.616
128.646
128.679
128.716
128.755
128.795
128.838
128.881
128.926
128.971
129.017
129.062
129.109
129.155
129.201
129.247
129.292
133.884
133.125
132.45
131.86
131.356
130.924
130.555
130.241
129.975
129.752
129.566
129.412
129.286
129.185
129.106
129.046
129.002
128.973
128.957
128.952
128.957
128.971
128.987
129.008
129.034
129.063
129.095
129.129
129.164
129.201
129.238
129.277
129.315
129.354
129.394
129.433
129.472
129.511
129.55
129.59
129.627
133.921
133.179
132.521
131.949
131.463
131.05
130.701
130.408
130.163
129.96
129.794
129.659
129.552
129.468
129.403
129.356
129.324
129.304
129.295
129.295
129.304
129.32
129.338
129.359
129.384
129.412
129.441
129.472
129.504
129.537
129.571
129.605
129.639
129.673
129.707
129.741
129.775
129.809
129.842
129.875
129.907
133.952
133.22
132.575
132.017
131.544
131.147
130.815
130.539
130.313
130.129
129.981
129.864
129.773
129.705
129.656
129.622
129.602
129.594
129.595
129.603
129.619
129.639
129.661
129.686
129.712
129.741
129.77
129.8
129.831
129.861
129.892
129.923
129.953
129.983
130.013
130.042
130.071
130.099
130.127
130.155
130.181
133.976
133.25
132.613
132.065
131.603
131.218
130.899
130.638
130.427
130.259
130.128
130.027
129.952
129.898
129.861
129.838
129.826
129.824
129.83
129.843
129.86
129.882
129.905
129.93
129.956
129.984
130.012
130.04
130.069
130.097
130.125
130.153
130.18
130.207
130.233
130.259
130.285
130.31
130.334
130.358
130.381
133.993
133.268
132.634
132.092
131.638
131.262
130.954
130.706
130.508
130.354
130.237
130.151
130.091
130.052
130.03
130.023
130.027
130.039
130.058
130.081
130.108
130.137
130.166
130.196
130.226
130.256
130.286
130.315
130.343
130.371
130.398
130.424
130.449
130.473
130.497
130.519
130.541
130.562
130.582
130.602
130.62
134.001
133.265
132.626
132.083
131.631
131.262
130.964
130.728
130.545
130.406
130.303
130.23
130.182
130.153
130.14
130.138
130.146
130.161
130.183
130.209
130.238
130.268
130.298
130.329
130.359
130.389
130.418
130.447
130.474
130.501
130.526
130.551
130.574
130.597
130.618
130.639
130.658
130.677
130.695
130.712
130.729
133.998
133.244
132.593
132.042
131.588
131.221
130.929
130.703
130.532
130.407
130.321
130.268
130.241
130.235
130.246
130.27
130.303
130.342
130.383
130.425
130.466
130.507
130.546
130.583
130.619
130.654
130.686
130.717
130.746
130.774
130.8
130.824
130.846
130.868
130.887
130.906
130.924
130.94
130.956
130.971
130.985
125.734
133.169
139.07
142.362
144.218
145.366
145.926
146.064
145.938
145.64
145.237
144.774
144.282
143.781
143.286
142.805
142.343
141.905
141.49
141.101
140.735
140.393
140.073
139.775
139.498
139.239
138.998
138.774
138.565
138.371
138.19
138.021
137.863
137.715
137.576
137.445
137.323
137.207
137.098
136.996
136.899
136.808
136.722
136.642
136.566
136.494
136.426
136.362
136.302
136.244
136.19
136.138
136.088
136.041
135.996
135.953
135.911
135.871
135.832
135.794
135.758
135.722
135.688
135.654
135.621
135.589
135.558
135.528
135.498
135.472
135.444
135.427
135.392
135.404
124.724
132.72
138.886
142.412
144.365
145.518
146.052
146.16
146.005
145.683
145.259
144.779
144.274
143.763
143.26
142.774
142.308
141.867
141.45
141.059
140.693
140.351
140.032
139.735
139.458
139.2
138.961
138.738
138.53
138.337
138.157
137.989
137.833
137.686
137.548
137.419
137.297
137.183
137.075
136.973
136.878
136.788
136.703
136.623
136.548
136.477
136.41
136.347
136.287
136.23
136.176
136.125
136.076
136.029
135.984
135.941
135.9
135.86
135.822
135.784
135.748
135.713
135.679
135.646
135.613
135.581
135.55
135.521
135.492
135.466
135.437
135.421
135.386
135.399
123.973
131.53
138.348
142.327
144.461
145.661
146.19
146.272
146.085
145.732
145.284
144.785
144.264
143.741
143.229
142.736
142.266
141.822
141.403
141.011
140.645
140.303
139.985
139.688
139.412
139.156
138.918
138.696
138.49
138.299
138.121
137.954
137.799
137.654
137.517
137.39
137.269
137.156
137.049
136.949
136.854
136.765
136.681
136.603
136.528
136.458
136.392
136.329
136.27
136.214
136.161
136.11
136.062
136.016
135.971
135.929
135.888
135.849
135.811
135.774
135.738
135.704
135.67
135.637
135.604
135.573
135.542
135.513
135.484
135.459
135.431
135.414
135.38
135.392
123.575
130.507
137.647
142.058
144.455
145.75
146.301
146.378
146.168
145.787
145.311
144.789
144.25
143.713
143.192
142.691
142.216
141.768
141.348
140.955
140.588
140.247
139.929
139.634
139.359
139.105
138.868
138.649
138.445
138.255
138.079
137.914
137.761
137.617
137.483
137.357
137.238
137.126
137.021
136.922
136.828
136.74
136.658
136.58
136.507
136.437
136.372
136.311
136.252
136.197
136.144
136.094
136.047
136.001
135.957
135.916
135.875
135.837
135.799
135.763
135.728
135.693
135.66
135.627
135.595
135.564
135.534
135.505
135.476
135.451
135.423
135.407
135.373
135.386
123.692
130.119
137.071
141.654
144.312
145.752
146.354
146.439
146.221
145.825
145.33
144.787
144.228
143.677
143.144
142.635
142.155
141.703
141.281
140.887
140.521
140.18
139.864
139.57
139.298
139.045
138.811
138.594
138.392
138.205
138.031
137.869
137.718
137.576
137.444
137.319
137.202
137.092
136.989
136.891
136.799
136.713
136.631
136.555
136.483
136.415
136.35
136.29
136.232
136.178
136.126
136.077
136.03
135.985
135.943
135.901
135.862
135.824
135.787
135.751
135.716
135.682
135.649
135.617
135.586
135.555
135.525
135.497
135.468
135.443
135.416
135.399
135.366
135.378
124.068
130.225
136.786
141.307
144.079
145.641
146.324
146.44
146.221
145.815
145.311
144.758
144.189
143.626
143.083
142.566
142.08
141.625
141.201
140.807
140.441
140.101
139.787
139.496
139.226
138.976
138.745
138.53
138.332
138.147
137.976
137.817
137.668
137.529
137.399
137.277
137.162
137.054
136.952
136.857
136.766
136.682
136.602
136.527
136.456
136.389
136.326
136.267
136.211
136.157
136.107
136.058
136.012
135.968
135.926
135.886
135.847
135.809
135.773
135.738
135.704
135.67
135.638
135.606
135.575
135.545
135.516
135.487
135.459
135.435
135.407
135.391
135.359
135.371
124.566
130.589
136.74
141.135
143.871
145.453
146.195
146.362
146.16
145.749
145.234
144.675
144.103
143.54
142.994
142.474
141.985
141.528
141.103
140.709
140.345
140.007
139.696
139.407
139.141
138.895
138.667
138.456
138.261
138.08
137.913
137.757
137.611
137.475
137.348
137.229
137.117
137.011
136.911
136.818
136.73
136.647
136.569
136.495
136.426
136.361
136.3
136.242
136.187
136.134
136.085
136.038
135.993
135.95
135.908
135.869
135.831
135.794
135.758
135.724
135.69
135.658
135.626
135.595
135.564
135.534
135.505
135.478
135.45
135.426
135.399
135.383
135.351
135.363
125.245
131.015
136.744
141.051
143.732
145.262
146.004
146.2
146.026
145.626
145.108
144.538
143.958
143.393
142.853
142.34
141.856
141.403
140.981
140.589
140.228
139.894
139.586
139.302
139.041
138.799
138.575
138.369
138.179
138.002
137.839
137.687
137.545
137.413
137.29
137.174
137.064
136.962
136.865
136.774
136.688
136.608
136.532
136.46
136.393
136.33
136.27
136.214
136.16
136.109
136.061
136.015
135.971
135.929
135.889
135.85
135.813
135.777
135.742
135.709
135.676
135.644
135.613
135.582
135.552
135.523
135.494
135.467
135.44
135.416
135.39
135.374
135.342
135.355
126.217
131.447
136.605
140.848
143.544
145.06
145.789
145.986
145.823
145.436
144.928
144.357
143.769
143.196
142.652
142.142
141.668
141.229
140.819
140.437
140.083
139.756
139.454
139.176
138.92
138.685
138.467
138.267
138.082
137.911
137.753
137.606
137.469
137.342
137.222
137.11
137.005
136.905
136.812
136.724
136.641
136.563
136.49
136.421
136.356
136.295
136.237
136.182
136.13
136.081
136.034
135.99
135.947
135.907
135.868
135.83
135.794
135.759
135.725
135.692
135.66
135.629
135.598
135.569
135.539
135.511
135.483
135.456
135.429
135.406
135.38
135.365
135.333
135.346
127.369
131.813
136.24
140.354
143.103
144.669
145.461
145.707
145.571
145.192
144.686
144.121
143.537
142.963
142.415
141.9
141.426
140.992
140.595
140.23
139.893
139.581
139.291
139.023
138.775
138.548
138.338
138.145
137.967
137.803
137.652
137.511
137.38
137.258
137.144
137.036
136.936
136.84
136.751
136.666
136.587
136.512
136.442
136.376
136.314
136.255
136.199
136.147
136.097
136.05
136.005
135.962
135.921
135.882
135.844
135.808
135.773
135.739
135.706
135.674
135.643
135.613
135.583
135.554
135.525
135.497
135.47
135.444
135.418
135.395
135.369
135.354
135.324
135.336
128.183
131.856
135.498
139.361
142.196
143.88
144.797
145.18
145.16
144.861
144.395
143.846
143.266
142.692
142.142
141.627
141.152
140.718
140.323
139.966
139.643
139.349
139.078
138.828
138.596
138.381
138.183
138
137.831
137.676
137.532
137.399
137.276
137.16
137.052
136.951
136.855
136.765
136.68
136.6
136.525
136.454
136.388
136.325
136.266
136.21
136.157
136.107
136.06
136.015
135.972
135.931
135.892
135.854
135.818
135.783
135.75
135.717
135.685
135.655
135.625
135.595
135.566
135.538
135.51
135.483
135.457
135.431
135.405
135.383
135.358
135.344
135.314
135.326
128.096
131.227
134.221
137.67
140.502
142.357
143.492
144.117
144.326
144.221
143.906
143.463
142.949
142.404
141.861
141.342
140.861
140.421
140.024
139.667
139.349
139.064
138.807
138.576
138.365
138.17
137.99
137.822
137.667
137.523
137.39
137.267
137.153
137.046
136.945
136.851
136.762
136.678
136.599
136.524
136.454
136.387
136.325
136.266
136.211
136.158
136.109
136.062
136.018
135.975
135.935
135.896
135.859
135.823
135.789
135.756
135.724
135.693
135.663
135.633
135.604
135.576
135.548
135.521
135.494
135.468
135.442
135.417
135.392
135.37
135.346
135.332
135.303
135.316
127.067
129.835
132.4
135.348
137.981
139.918
141.273
142.19
142.727
142.937
142.898
142.683
142.351
141.946
141.501
141.042
140.586
140.149
139.742
139.372
139.043
138.752
138.497
138.275
138.078
137.903
137.744
137.599
137.464
137.338
137.22
137.109
137.006
136.91
136.819
136.734
136.653
136.576
136.504
136.435
136.371
136.31
136.253
136.199
136.148
136.1
136.054
136.011
135.97
135.93
135.893
135.857
135.822
135.789
135.757
135.725
135.695
135.666
135.637
135.609
135.582
135.555
135.528
135.502
135.477
135.451
135.426
135.402
135.378
135.357
135.333
135.32
135.291
135.304
125.3
127.775
130.073
132.595
134.956
136.875
138.365
139.503
140.322
140.849
141.134
141.228
141.176
141.012
140.769
140.472
140.143
139.8
139.454
139.114
138.789
138.486
138.213
137.973
137.767
137.592
137.444
137.317
137.205
137.102
137.007
136.917
136.831
136.748
136.67
136.595
136.524
136.457
136.393
136.332
136.275
136.22
136.169
136.121
136.075
136.032
135.991
135.952
135.915
135.879
135.845
135.812
135.78
135.75
135.72
135.691
135.663
135.636
135.609
135.583
135.557
135.532
135.507
135.482
135.457
135.433
135.409
135.386
135.363
135.342
135.32
135.307
135.279
135.293
123.043
125.272
127.384
129.604
131.72
133.561
135.107
136.386
137.41
138.188
138.749
139.126
139.352
139.457
139.465
139.398
139.272
139.101
138.899
138.677
138.443
138.205
137.97
137.74
137.524
137.328
137.158
137.017
136.902
136.81
136.735
136.67
136.609
136.55
136.491
136.432
136.373
136.316
136.262
136.21
136.162
136.116
136.072
136.031
135.992
135.954
135.919
135.885
135.852
135.821
135.791
135.762
135.733
135.706
135.679
135.653
135.628
135.603
135.578
135.554
135.53
135.506
135.483
135.46
135.436
135.413
135.391
135.369
135.346
135.327
135.305
135.293
135.266
135.28
120.553
122.578
124.527
126.522
128.437
130.178
131.726
133.082
134.243
135.21
135.992
136.607
137.076
137.42
137.659
137.812
137.897
137.926
137.909
137.855
137.771
137.662
137.534
137.395
137.248
137.098
136.948
136.803
136.668
136.552
136.456
136.383
136.328
136.287
136.252
136.22
136.185
136.148
136.11
136.07
136.031
135.994
135.959
135.926
135.894
135.864
135.835
135.807
135.78
135.754
135.729
135.704
135.68
135.656
135.633
135.61
135.588
135.566
135.543
135.522
135.5
135.478
135.457
135.435
135.413
135.392
135.371
135.35
135.329
135.31
135.289
135.278
135.252
135.267
118.102
119.936
121.722
123.522
125.264
126.895
128.402
129.778
131.014
132.105
133.049
133.853
134.526
135.079
135.526
135.881
136.156
136.365
136.519
136.628
136.699
136.738
136.751
136.739
136.707
136.658
136.596
136.525
136.446
136.362
136.276
136.191
136.113
136.048
135.998
135.963
135.939
135.921
135.905
135.889
135.87
135.849
135.826
135.804
135.782
135.76
135.738
135.718
135.697
135.677
135.658
135.638
135.619
135.6
135.58
135.561
135.542
135.523
135.504
135.485
135.466
135.447
135.427
135.408
135.388
135.368
135.349
135.329
135.31
135.292
135.272
135.262
135.237
135.253
116.114
117.754
119.368
120.981
122.555
124.062
125.49
126.832
128.078
129.22
130.253
131.177
131.992
132.704
133.318
133.842
134.285
134.655
134.963
135.216
135.422
135.59
135.724
135.83
135.911
135.969
136.005
136.023
136.022
136.008
135.982
135.949
135.909
135.866
135.82
135.776
135.738
135.71
135.692
135.682
135.677
135.674
135.669
135.662
135.653
135.642
135.63
135.617
135.605
135.592
135.578
135.565
135.551
135.537
135.522
135.508
135.493
135.477
135.462
135.446
135.429
135.413
135.396
135.378
135.361
135.343
135.325
135.307
135.289
135.272
135.254
135.244
135.222
135.238
114.804
116.245
117.676
119.105
120.511
121.879
123.201
124.469
125.674
126.807
127.864
128.839
129.731
130.538
131.264
131.91
132.48
132.981
133.417
133.794
134.119
134.398
134.635
134.838
135.009
135.152
135.272
135.369
135.445
135.503
135.545
135.571
135.586
135.591
135.588
135.58
135.566
135.549
135.531
135.515
135.505
135.501
135.502
135.506
135.511
135.513
135.513
135.51
135.505
135.5
135.493
135.486
135.478
135.469
135.46
135.45
135.439
135.428
135.416
135.403
135.39
135.376
135.362
135.347
135.332
135.316
135.3
135.283
135.267
135.252
135.235
135.226
135.205
135.223
114.144
115.385
116.63
117.875
119.112
120.332
121.528
122.693
123.82
124.901
125.931
126.904
127.817
128.666
129.449
130.168
130.821
131.412
131.943
132.417
132.838
133.211
133.54
133.828
134.08
134.3
134.491
134.656
134.798
134.92
135.023
135.109
135.18
135.236
135.279
135.311
135.335
135.351
135.36
135.364
135.363
135.36
135.357
135.359
135.364
135.373
135.383
135.392
135.398
135.402
135.403
135.403
135.401
135.398
135.394
135.388
135.382
135.375
135.367
135.358
135.348
135.337
135.326
135.314
135.301
135.287
135.273
135.258
135.243
135.23
135.214
135.207
135.187
135.207
114.043
115.092
116.152
117.218
118.287
119.354
120.413
121.458
122.483
123.482
124.451
125.383
126.274
127.119
127.917
128.664
129.36
130.004
130.596
131.137
131.629
132.075
132.477
132.838
133.16
133.447
133.702
133.928
134.127
134.303
134.457
134.593
134.712
134.816
134.906
134.982
135.046
135.098
135.139
135.172
135.197
135.215
135.227
135.235
135.24
135.246
135.255
135.267
135.281
135.294
135.305
135.313
135.319
135.322
135.323
135.323
135.322
135.319
135.315
135.31
135.304
135.296
135.288
135.278
135.268
135.256
135.244
135.232
135.219
135.207
135.193
135.187
135.168
135.191
114.385
115.255
116.141
117.039
117.948
118.863
119.782
120.699
121.609
122.509
123.393
124.257
125.096
125.906
126.683
127.425
128.128
128.791
129.412
129.991
130.528
131.023
131.478
131.894
132.273
132.616
132.926
133.206
133.456
133.681
133.881
134.061
134.22
134.363
134.491
134.605
134.706
134.794
134.871
134.936
134.99
135.034
135.069
135.097
135.119
135.135
135.147
135.158
135.169
135.183
135.199
135.215
135.229
135.24
135.248
135.254
135.258
135.26
135.26
135.259
135.256
135.252
135.247
135.241
135.233
135.224
135.214
135.204
135.192
135.182
135.169
135.165
135.147
135.174
115.055
115.767
116.496
117.24
118
118.773
119.555
120.344
121.137
121.928
122.716
123.495
124.262
125.013
125.745
126.454
127.137
127.791
128.414
129.005
129.561
130.083
130.571
131.024
131.442
131.828
132.182
132.505
132.8
133.068
133.31
133.529
133.726
133.904
134.065
134.21
134.34
134.458
134.564
134.659
134.742
134.815
134.876
134.928
134.971
135.006
135.034
135.056
135.073
135.087
135.101
135.117
135.134
135.151
135.167
135.18
135.19
135.197
135.202
135.205
135.206
135.206
135.204
135.201
135.196
135.19
135.182
135.174
135.165
135.156
135.145
135.142
135.126
135.156
115.949
116.524
117.116
117.726
118.353
118.996
119.652
120.32
120.996
121.68
122.366
123.054
123.738
124.417
125.087
125.744
126.386
127.01
127.613
128.193
128.747
129.275
129.775
130.247
130.689
131.102
131.487
131.843
132.172
132.474
132.751
133.005
133.236
133.447
133.638
133.812
133.97
134.113
134.243
134.361
134.468
134.564
134.651
134.727
134.793
134.849
134.896
134.935
134.967
134.993
135.014
135.031
135.047
135.063
135.081
135.099
135.115
135.129
135.14
135.148
135.154
135.157
135.159
135.158
135.157
135.153
135.148
135.142
135.135
135.128
135.119
135.118
135.102
135.139
116.982
117.442
117.917
118.411
118.924
119.452
119.995
120.552
121.122
121.701
122.29
122.884
123.483
124.083
124.681
125.276
125.864
126.442
127.008
127.56
128.095
128.611
129.106
129.579
130.029
130.455
130.856
131.233
131.585
131.913
132.218
132.499
132.759
132.998
133.217
133.417
133.6
133.768
133.92
134.059
134.186
134.301
134.406
134.501
134.588
134.664
134.732
134.79
134.84
134.882
134.916
134.945
134.968
134.987
135.004
135.021
135.038
135.056
135.072
135.086
135.097
135.105
135.111
135.114
135.115
135.115
135.112
135.109
135.104
135.099
135.091
135.092
135.077
135.121
118.085
118.45
118.828
119.226
119.641
120.071
120.516
120.975
121.448
121.934
122.43
122.937
123.451
123.972
124.496
125.023
125.549
126.072
126.591
127.102
127.603
128.093
128.569
129.03
129.474
129.899
130.304
130.69
131.054
131.398
131.72
132.022
132.303
132.564
132.805
133.029
133.235
133.424
133.598
133.757
133.903
134.036
134.157
134.269
134.37
134.463
134.547
134.623
134.69
134.749
134.799
134.842
134.878
134.907
134.931
134.952
134.969
134.986
135.003
135.02
135.036
135.049
135.06
135.067
135.072
135.074
135.075
135.074
135.071
135.068
135.061
135.065
135.049
135.104
119.208
119.496
119.795
120.114
120.447
120.795
121.156
121.532
121.921
122.323
122.737
123.162
123.598
124.043
124.495
124.953
125.415
125.879
126.344
126.807
127.266
127.72
128.166
128.603
129.029
129.441
129.839
130.222
130.589
130.938
131.269
131.582
131.877
132.154
132.413
132.654
132.879
133.087
133.279
133.457
133.621
133.771
133.909
134.035
134.151
134.257
134.353
134.442
134.523
134.597
134.662
134.72
134.77
134.813
134.849
134.878
134.903
134.923
134.941
134.957
134.973
134.989
135.004
135.016
135.025
135.031
135.035
135.036
135.036
135.035
135.03
135.036
135.019
135.088
120.314
120.541
120.777
121.031
121.298
121.578
121.869
122.174
122.491
122.821
123.163
123.517
123.882
124.256
124.641
125.033
125.432
125.837
126.246
126.658
127.071
127.482
127.891
128.296
128.694
129.085
129.466
129.837
130.196
130.541
130.873
131.189
131.49
131.776
132.046
132.3
132.538
132.761
132.969
133.162
133.342
133.507
133.661
133.802
133.931
134.05
134.159
134.259
134.351
134.435
134.513
134.583
134.646
134.702
134.751
134.792
134.827
134.856
134.88
134.9
134.917
134.932
134.947
134.962
134.975
134.985
134.993
134.997
134.999
135.001
134.997
135.006
134.985
135.074
121.381
121.559
121.744
121.946
122.159
122.383
122.618
122.864
123.121
123.39
123.67
123.962
124.264
124.577
124.9
125.232
125.572
125.921
126.275
126.635
126.999
127.366
127.734
128.101
128.467
128.829
129.186
129.537
129.88
130.214
130.537
130.85
131.15
131.438
131.712
131.973
132.22
132.453
132.672
132.877
133.069
133.248
133.415
133.569
133.712
133.844
133.965
134.076
134.179
134.273
134.359
134.439
134.511
134.578
134.638
134.692
134.738
134.778
134.811
134.839
134.861
134.88
134.895
134.909
134.923
134.936
134.947
134.955
134.96
134.964
134.962
134.973
134.945
135.064
122.391
122.531
122.677
122.837
123.007
123.186
123.374
123.572
123.78
123.998
124.226
124.465
124.714
124.973
125.241
125.52
125.807
126.103
126.406
126.717
127.033
127.354
127.68
128.008
128.337
128.667
128.995
129.32
129.641
129.957
130.267
130.569
130.861
131.145
131.418
131.679
131.929
132.167
132.393
132.607
132.808
132.997
133.174
133.34
133.494
133.637
133.77
133.893
134.006
134.11
134.206
134.294
134.374
134.449
134.517
134.58
134.636
134.687
134.731
134.768
134.799
134.825
134.845
134.862
134.876
134.888
134.899
134.91
134.918
134.925
134.924
134.94
134.9
135.062
123.337
123.447
123.561
123.688
123.824
123.967
124.118
124.276
124.444
124.62
124.806
125
125.204
125.417
125.639
125.87
126.11
126.359
126.616
126.881
127.153
127.431
127.714
128.003
128.295
128.59
128.886
129.182
129.478
129.771
130.061
130.347
130.627
130.9
131.166
131.423
131.672
131.91
132.138
132.356
132.563
132.759
132.944
133.118
133.281
133.434
133.576
133.709
133.832
133.946
134.051
134.148
134.237
134.319
134.395
134.464
134.528
134.586
134.639
134.685
134.726
134.761
134.789
134.812
134.83
134.844
134.855
134.865
134.874
134.883
134.883
134.904
134.848
135.072
124.215
124.302
124.391
124.492
124.601
124.715
124.835
124.963
125.097
125.24
125.39
125.547
125.714
125.888
126.071
126.262
126.461
126.669
126.884
127.108
127.339
127.577
127.821
128.072
128.327
128.587
128.851
129.117
129.384
129.652
129.919
130.185
130.448
130.706
130.961
131.209
131.451
131.685
131.911
132.129
132.338
132.537
132.726
132.906
133.076
133.236
133.387
133.528
133.66
133.782
133.896
134.002
134.099
134.189
134.272
134.348
134.418
134.482
134.541
134.595
134.643
134.686
134.723
134.754
134.779
134.798
134.813
134.824
134.832
134.841
134.841
134.865
134.793
135.09
125.024
125.092
125.162
125.243
125.33
125.421
125.517
125.619
125.728
125.842
125.964
126.092
126.227
126.369
126.519
126.676
126.84
127.013
127.192
127.38
127.575
127.776
127.985
128.2
128.421
128.648
128.879
129.114
129.353
129.594
129.836
130.079
130.322
130.563
130.802
131.037
131.268
131.495
131.715
131.929
132.136
132.335
132.526
132.709
132.883
133.048
133.204
133.351
133.49
133.62
133.742
133.855
133.961
134.058
134.149
134.232
134.308
134.379
134.443
134.502
134.556
134.605
134.649
134.687
134.72
134.746
134.767
134.782
134.793
134.802
134.801
134.826
134.748
135.09
125.765
125.819
125.874
125.938
126.008
126.081
126.158
126.24
126.328
126.42
126.518
126.622
126.731
126.847
126.969
127.098
127.234
127.376
127.525
127.681
127.845
128.014
128.191
128.374
128.564
128.759
128.96
129.165
129.376
129.589
129.806
130.025
130.246
130.467
130.688
130.908
131.126
131.341
131.552
131.759
131.96
132.156
132.345
132.528
132.703
132.871
133.03
133.182
133.326
133.462
133.59
133.71
133.822
133.927
134.024
134.114
134.198
134.274
134.345
134.409
134.468
134.522
134.57
134.614
134.653
134.686
134.714
134.735
134.75
134.762
134.763
134.787
134.73
135.026
126.44
126.483
126.526
126.578
126.634
126.693
126.755
126.821
126.891
126.966
127.045
127.129
127.218
127.313
127.413
127.518
127.629
127.746
127.87
127.999
128.135
128.278
128.426
128.581
128.742
128.909
129.082
129.26
129.443
129.631
129.823
130.018
130.216
130.416
130.618
130.82
131.022
131.223
131.422
131.619
131.812
132.002
132.187
132.366
132.54
132.708
132.869
133.023
133.17
133.31
133.442
133.568
133.686
133.796
133.9
133.996
134.086
134.169
134.246
134.316
134.38
134.439
134.492
134.539
134.582
134.621
134.653
134.681
134.702
134.718
134.725
134.744
134.736
134.867
127.055
127.088
127.123
127.164
127.21
127.257
127.307
127.36
127.417
127.478
127.542
127.61
127.683
127.76
127.841
127.927
128.019
128.115
128.217
128.324
128.437
128.556
128.68
128.81
128.946
129.088
129.236
129.389
129.547
129.71
129.878
130.05
130.226
130.405
130.586
130.77
130.955
131.14
131.326
131.51
131.693
131.874
132.052
132.226
132.396
132.561
132.721
132.876
133.024
133.166
133.302
133.431
133.553
133.668
133.777
133.879
133.974
134.063
134.146
134.222
134.291
134.355
134.413
134.465
134.512
134.553
134.589
134.621
134.647
134.667
134.682
134.693
134.739
134.639
127.61
127.636
127.664
127.698
127.734
127.773
127.813
127.857
127.903
127.952
128.004
128.06
128.119
128.182
128.248
128.319
128.394
128.473
128.557
128.646
128.74
128.838
128.942
129.051
129.166
129.286
129.411
129.542
129.677
129.818
129.964
130.114
130.269
130.427
130.589
130.754
130.921
131.091
131.261
131.432
131.603
131.773
131.942
132.108
132.272
132.433
132.59
132.742
132.89
133.032
133.169
133.3
133.426
133.545
133.657
133.764
133.864
133.958
134.045
134.127
134.202
134.271
134.333
134.39
134.441
134.486
134.525
134.559
134.588
134.61
134.631
134.632
134.704
134.426
128.113
128.134
128.156
128.183
128.213
128.245
128.278
128.313
128.351
128.391
128.434
128.479
128.527
128.579
128.633
128.691
128.753
128.818
128.887
128.961
129.038
129.12
129.207
129.298
129.395
129.496
129.602
129.712
129.828
129.949
130.075
130.205
130.34
130.479
130.622
130.769
130.918
131.071
131.226
131.382
131.54
131.698
131.856
132.014
132.17
132.324
132.475
132.624
132.769
132.91
133.047
133.179
133.306
133.427
133.543
133.652
133.757
133.855
133.947
134.032
134.112
134.186
134.253
134.315
134.37
134.419
134.461
134.498
134.528
134.551
134.574
134.566
134.626
134.307
128.562
128.579
128.597
128.62
128.645
128.67
128.697
128.726
128.757
128.79
128.825
128.863
128.902
128.945
128.99
129.038
129.088
129.142
129.2
129.261
129.325
129.393
129.466
129.542
129.623
129.708
129.797
129.892
129.99
130.094
130.201
130.314
130.431
130.552
130.678
130.807
130.94
131.077
131.216
131.358
131.502
131.647
131.794
131.941
132.088
132.234
132.379
132.522
132.663
132.801
132.936
133.067
133.194
133.316
133.434
133.546
133.653
133.754
133.85
133.94
134.024
134.102
134.173
134.239
134.298
134.351
134.397
134.437
134.469
134.493
134.513
134.503
134.528
134.289
128.97
128.984
128.999
129.017
129.038
129.059
129.082
129.106
129.131
129.158
129.187
129.218
129.251
129.286
129.323
129.363
129.405
129.45
129.497
129.548
129.602
129.659
129.719
129.783
129.851
129.922
129.998
130.077
130.161
130.249
130.342
130.438
130.539
130.645
130.754
130.867
130.985
131.106
131.23
131.358
131.488
131.621
131.755
131.891
132.028
132.165
132.302
132.439
132.574
132.707
132.839
132.967
133.093
133.215
133.332
133.446
133.555
133.658
133.757
133.85
133.937
134.019
134.094
134.164
134.227
134.283
134.333
134.375
134.41
134.435
134.454
134.446
134.442
134.318
129.328
129.339
129.351
129.367
129.384
129.402
129.421
129.441
129.462
129.485
129.509
129.535
129.563
129.592
129.623
129.656
129.691
129.729
129.769
129.811
129.856
129.904
129.955
130.009
130.066
130.126
130.191
130.258
130.33
130.405
130.484
130.567
130.654
130.746
130.841
130.94
131.043
131.15
131.261
131.375
131.492
131.612
131.735
131.859
131.986
132.113
132.242
132.371
132.5
132.628
132.754
132.88
133.002
133.123
133.24
133.353
133.463
133.568
133.668
133.764
133.854
133.939
134.017
134.09
134.156
134.216
134.269
134.314
134.351
134.379
134.396
134.395
134.379
134.337
129.658
129.667
129.677
129.69
129.705
129.72
129.736
129.753
129.771
129.79
129.81
129.832
129.855
129.88
129.906
129.934
129.963
129.995
130.028
130.064
130.102
130.142
130.185
130.231
130.279
130.33
130.384
130.442
130.503
130.567
130.634
130.706
130.781
130.86
130.942
131.029
131.119
131.213
131.311
131.412
131.517
131.625
131.736
131.849
131.965
132.083
132.202
132.322
132.444
132.565
132.686
132.806
132.926
133.043
133.158
133.27
133.379
133.485
133.586
133.683
133.775
133.862
133.944
134.019
134.088
134.151
134.206
134.254
134.294
134.323
134.342
134.347
134.333
134.328
129.933
129.941
129.949
129.961
129.974
129.987
130
130.015
130.03
130.047
130.065
130.083
130.103
130.124
130.147
130.171
130.196
130.223
130.252
130.282
130.315
130.349
130.386
130.425
130.467
130.51
130.557
130.607
130.659
130.714
130.773
130.835
130.9
130.969
131.041
131.117
131.196
131.279
131.366
131.456
131.549
131.646
131.746
131.85
131.955
132.064
132.174
132.286
132.4
132.514
132.63
132.745
132.859
132.973
133.086
133.196
133.304
133.409
133.511
133.608
133.702
133.79
133.874
133.951
134.023
134.088
134.146
134.196
134.238
134.27
134.291
134.301
134.293
134.3
130.203
130.209
130.217
130.227
130.238
130.249
130.261
130.274
130.287
130.301
130.317
130.333
130.35
130.368
130.387
130.408
130.429
130.453
130.477
130.503
130.531
130.561
130.592
130.626
130.661
130.699
130.739
130.781
130.826
130.874
130.925
130.978
131.034
131.094
131.157
131.223
131.292
131.365
131.441
131.521
131.604
131.691
131.78
131.873
131.969
132.068
132.169
132.273
132.378
132.485
132.593
132.702
132.811
132.92
133.029
133.136
133.242
133.345
133.446
133.543
133.637
133.726
133.81
133.889
133.963
134.029
134.089
134.141
134.185
134.219
134.243
134.257
134.254
134.266
130.399
130.405
130.411
130.421
130.431
130.441
130.452
130.463
130.475
130.488
130.502
130.516
130.531
130.548
130.565
130.583
130.603
130.623
130.645
130.669
130.693
130.72
130.748
130.777
130.809
130.842
130.878
130.915
130.955
130.997
131.042
131.089
131.139
131.192
131.248
131.307
131.369
131.434
131.502
131.574
131.649
131.727
131.808
131.893
131.981
132.071
132.165
132.261
132.359
132.459
132.561
132.665
132.769
132.874
132.979
133.083
133.186
133.288
133.387
133.484
133.578
133.667
133.752
133.833
133.907
133.975
134.037
134.091
134.136
134.173
134.199
134.216
134.217
134.234
130.635
130.64
130.646
130.654
130.663
130.672
130.682
130.692
130.703
130.714
130.726
130.739
130.753
130.767
130.782
130.799
130.816
130.834
130.853
130.874
130.895
130.918
130.943
130.968
130.996
131.025
131.056
131.089
131.123
131.16
131.199
131.24
131.284
131.33
131.379
131.431
131.485
131.542
131.603
131.666
131.732
131.802
131.875
131.95
132.029
132.111
132.196
132.284
132.374
132.466
132.561
132.657
132.755
132.854
132.953
133.053
133.152
133.25
133.346
133.441
133.532
133.621
133.705
133.785
133.859
133.928
133.99
134.045
134.091
134.129
134.157
134.176
134.179
134.201
130.741
130.744
130.751
130.759
130.768
130.776
130.786
130.795
130.806
130.817
130.828
130.841
130.854
130.867
130.882
130.897
130.913
130.931
130.949
130.968
130.988
131.01
131.033
131.057
131.082
131.11
131.138
131.169
131.201
131.235
131.271
131.309
131.35
131.392
131.438
131.485
131.536
131.589
131.644
131.703
131.765
131.829
131.897
131.968
132.042
132.118
132.198
132.281
132.366
132.454
132.545
132.637
132.731
132.826
132.923
133.019
133.116
133.213
133.308
133.401
133.493
133.581
133.665
133.745
133.821
133.89
133.953
134.009
134.056
134.096
134.125
134.147
134.151
134.177
130.995
130.999
131.005
131.013
131.021
131.029
131.037
131.046
131.056
131.066
131.076
131.087
131.099
131.111
131.124
131.138
131.152
131.168
131.184
131.201
131.219
131.238
131.258
131.279
131.302
131.326
131.351
131.377
131.406
131.435
131.467
131.5
131.535
131.573
131.612
131.654
131.697
131.744
131.793
131.844
131.898
131.955
132.015
132.077
132.143
132.211
132.282
132.356
132.433
132.512
132.594
132.678
132.764
132.851
132.94
133.03
133.12
133.21
133.299
133.387
133.474
133.557
133.638
133.715
133.787
133.854
133.914
133.968
134.015
134.053
134.082
134.104
134.108
134.135
134.829
135.611
136.31
136.92
137.444
137.89
138.267
138.581
138.843
139.06
139.239
139.385
139.505
139.602
139.681
139.743
139.793
139.833
139.863
139.886
139.904
139.916
139.925
139.931
139.934
139.935
139.935
139.933
139.931
139.928
139.924
139.92
139.916
139.912
139.908
139.903
139.899
139.895
139.891
139.887
139.883
134.82
135.581
136.265
136.863
137.38
137.823
138.199
138.517
138.784
139.008
139.195
139.35
139.478
139.584
139.671
139.742
139.799
139.846
139.883
139.912
139.935
139.952
139.965
139.975
139.981
139.985
139.987
139.988
139.987
139.985
139.982
139.979
139.975
139.971
139.966
139.961
139.957
139.952
139.947
139.942
139.937
134.81
135.558
136.235
136.826
137.341
137.784
138.165
138.489
138.764
138.997
139.194
139.359
139.497
139.612
139.707
139.786
139.851
139.904
139.946
139.98
140.007
140.027
140.043
140.055
140.063
140.068
140.071
140.072
140.072
140.07
140.067
140.063
140.059
140.054
140.049
140.043
140.037
140.031
140.025
140.019
140.012
134.802
135.551
136.23
136.823
137.34
137.789
138.176
138.508
138.792
139.034
139.239
139.414
139.561
139.685
139.788
139.875
139.947
140.006
140.055
140.094
140.126
140.15
140.169
140.183
140.194
140.201
140.205
140.207
140.207
140.206
140.203
140.199
140.194
140.189
140.182
140.175
140.168
140.161
140.153
140.144
140.136
134.794
135.55
136.238
136.836
137.36
137.816
138.211
138.552
138.846
139.098
139.314
139.499
139.657
139.791
139.904
139.999
140.08
140.146
140.201
140.246
140.283
140.31
140.333
140.35
140.362
140.371
140.376
140.378
140.379
140.377
140.373
140.369
140.363
140.356
140.348
140.339
140.33
140.32
140.31
140.3
140.289
134.786
135.554
136.252
136.859
137.393
137.859
138.265
138.618
138.925
139.19
139.419
139.616
139.786
139.932
140.056
140.161
140.251
140.326
140.388
140.439
140.481
140.512
140.538
140.558
140.573
140.582
140.589
140.592
140.592
140.59
140.585
140.58
140.572
140.563
140.554
140.543
140.531
140.519
140.506
140.493
140.48
134.776
135.561
136.277
136.897
137.444
137.924
138.344
138.711
139.032
139.312
139.556
139.768
139.951
140.11
140.246
140.362
140.462
140.546
140.616
140.673
140.721
140.756
140.786
140.809
140.825
140.836
140.843
140.846
140.846
140.843
140.837
140.83
140.82
140.81
140.797
140.784
140.769
140.754
140.738
140.721
140.705
134.767
135.575
136.312
136.949
137.513
138.011
138.448
138.832
139.17
139.467
139.727
139.954
140.153
140.326
140.475
140.604
140.714
140.807
140.886
140.951
141.004
141.044
141.077
141.103
141.121
141.134
141.141
141.144
141.143
141.139
141.131
141.122
141.11
141.096
141.081
141.064
141.047
141.028
141.008
140.987
140.967
134.757
135.594
136.358
137.017
137.603
138.12
138.577
138.981
139.338
139.654
139.932
140.177
140.393
140.581
140.745
140.887
141.009
141.113
141.201
141.274
141.333
141.378
141.415
141.444
141.464
141.477
141.484
141.487
141.485
141.479
141.469
141.457
141.442
141.425
141.406
141.386
141.363
141.34
141.316
141.29
141.266
134.748
135.62
136.415
137.101
137.712
138.253
138.733
139.159
139.538
139.875
140.174
140.439
140.672
140.878
141.058
141.215
141.35
141.466
141.564
141.645
141.711
141.761
141.802
141.833
141.855
141.869
141.876
141.877
141.873
141.865
141.853
141.837
141.819
141.798
141.774
141.749
141.722
141.694
141.664
141.633
141.603
134.739
135.652
136.485
137.202
137.842
138.411
138.917
139.369
139.773
140.133
140.455
140.741
140.995
141.22
141.418
141.59
141.74
141.869
141.977
142.068
142.141
142.196
142.241
142.275
142.298
142.312
142.319
142.319
142.313
142.301
142.286
142.266
142.243
142.217
142.188
142.157
142.125
142.09
142.054
142.017
141.98
134.731
135.692
136.568
137.321
137.995
138.596
139.132
139.612
140.044
140.431
140.778
141.088
141.365
141.611
141.828
142.018
142.184
142.326
142.446
142.546
142.628
142.688
142.737
142.773
142.798
142.812
142.817
142.815
142.806
142.791
142.77
142.746
142.717
142.685
142.65
142.613
142.573
142.531
142.488
142.443
142.399
134.725
135.741
136.666
137.46
138.173
138.809
139.379
139.892
140.355
140.772
141.146
141.483
141.785
142.054
142.293
142.502
142.685
142.843
142.976
143.087
143.176
143.242
143.294
143.333
143.358
143.371
143.375
143.37
143.356
143.337
143.311
143.28
143.245
143.206
143.163
143.118
143.07
143.02
142.968
142.914
142.861
134.721
135.799
136.78
137.622
138.379
139.056
139.664
140.213
140.71
141.16
141.566
141.932
142.262
142.557
142.819
143.05
143.251
143.425
143.572
143.694
143.792
143.864
143.92
143.96
143.985
143.997
143.997
143.988
143.97
143.944
143.911
143.873
143.829
143.781
143.729
143.675
143.617
143.557
143.495
143.431
143.367
134.72
135.868
136.913
137.809
138.615
139.337
139.988
140.579
141.115
141.601
142.042
142.441
142.801
143.125
143.413
143.667
143.889
144.081
144.243
144.377
144.484
144.561
144.62
144.662
144.686
144.695
144.691
144.676
144.651
144.617
144.576
144.528
144.474
144.415
144.353
144.286
144.217
144.145
144.071
143.995
143.919
134.723
135.951
137.067
138.023
138.886
139.66
140.359
140.995
141.574
142.102
142.581
143.016
143.411
143.766
144.083
144.363
144.608
144.819
144.997
145.143
145.259
145.341
145.403
145.445
145.466
145.471
145.461
145.439
145.405
145.361
145.309
145.249
145.183
145.111
145.035
144.955
144.872
144.786
144.698
144.607
144.517
134.732
136.048
137.245
138.27
139.196
140.027
140.781
141.468
142.096
142.67
143.192
143.668
144.101
144.491
144.839
145.147
145.417
145.649
145.845
146.004
146.129
146.215
146.278
146.318
146.336
146.334
146.316
146.283
146.238
146.182
146.116
146.041
145.96
145.873
145.78
145.684
145.583
145.48
145.375
145.268
145.161
134.748
136.164
137.451
138.554
139.55
140.447
141.261
142.006
142.689
143.314
143.885
144.406
144.881
145.31
145.694
146.034
146.33
146.585
146.799
146.971
147.105
147.194
147.256
147.293
147.304
147.293
147.263
147.217
147.157
147.084
147.001
146.908
146.808
146.701
146.589
146.472
146.351
146.228
146.103
145.975
145.849
134.772
136.301
137.69
138.88
139.957
140.927
141.81
142.62
143.364
144.047
144.672
145.245
145.767
146.239
146.662
147.036
147.363
147.642
147.874
148.06
148.2
148.29
148.35
148.38
148.381
148.357
148.311
148.248
148.168
148.074
147.968
147.853
147.729
147.598
147.461
147.32
147.175
147.028
146.878
146.727
146.577
134.809
136.464
137.967
139.256
140.423
141.477
142.438
143.321
144.135
144.883
145.569
146.199
146.774
147.295
147.761
148.173
148.532
148.837
149.088
149.286
149.432
149.52
149.573
149.592
149.578
149.535
149.469
149.381
149.276
149.155
149.022
148.877
148.724
148.563
148.397
148.226
148.051
147.875
147.697
147.517
147.34
134.859
136.658
138.29
139.691
140.961
142.109
143.158
144.124
145.017
145.84
146.594
147.289
147.924
148.499
149.014
149.467
149.861
150.192
150.463
150.671
150.819
150.9
150.941
150.943
150.907
150.839
150.744
150.625
150.487
150.331
150.162
149.981
149.791
149.594
149.391
149.184
148.974
148.762
148.55
148.337
148.127
134.928
136.889
138.668
140.196
141.583
142.837
143.987
145.049
146.031
146.939
147.772
148.539
149.243
149.879
150.446
150.946
151.376
151.735
152.023
152.239
152.383
152.451
152.472
152.448
152.381
152.278
152.144
151.984
151.802
151.602
151.387
151.161
150.925
150.682
150.435
150.184
149.931
149.678
149.425
149.174
148.926
135.021
137.166
139.111
140.785
142.305
143.682
144.948
146.118
147.204
148.208
149.13
149.981
150.761
151.466
152.093
152.642
153.11
153.497
153.799
154.016
154.149
154.193
154.183
154.122
154.012
153.86
153.674
153.46
153.222
152.964
152.692
152.408
152.115
151.817
151.515
151.211
150.907
150.605
150.305
150.008
149.716
135.142
137.499
139.635
141.476
143.148
144.667
146.066
147.362
148.567
149.682
150.708
151.654
152.521
153.303
153.995
154.597
155.105
155.515
155.826
156.036
156.144
156.149
156.093
155.978
155.807
155.59
155.335
155.049
154.738
154.407
154.062
153.706
153.343
152.976
152.608
152.242
151.877
151.517
151.163
150.814
150.473
135.301
137.901
140.256
142.291
144.14
145.824
147.377
148.82
150.163
151.408
152.552
153.608
154.574
155.442
156.206
156.863
157.408
157.837
158.146
158.333
158.397
158.343
158.219
158.026
157.771
157.465
157.118
156.738
156.333
155.91
155.473
155.028
154.58
154.131
153.684
153.243
152.808
152.382
151.965
151.558
151.162
135.508
138.389
141
143.26
145.316
147.192
148.927
150.543
152.048
153.445
154.727
155.909
156.988
157.952
158.792
159.504
160.081
160.517
160.807
160.947
160.938
160.792
160.569
160.268
159.899
159.473
159.005
158.504
157.979
157.439
156.889
156.336
155.784
155.237
154.698
154.171
153.656
153.155
152.669
152.197
151.743
135.775
138.987
141.898
144.424
146.723
148.827
150.778
152.598
154.296
155.872
157.315
158.642
159.849
160.918
161.837
162.6
163.196
163.618
163.859
163.916
163.789
163.508
163.143
162.692
162.167
161.584
160.958
160.302
159.627
158.942
158.254
157.571
156.897
156.236
155.592
154.967
154.363
153.781
153.221
152.682
152.167
136.12
139.724
142.991
145.834
148.424
150.803
153.013
155.079
157.008
158.796
160.428
161.923
163.273
164.454
165.449
166.248
166.838
167.208
167.353
167.27
166.963
166.482
165.918
165.261
164.528
163.738
162.911
162.061
161.202
160.342
159.491
158.656
157.842
157.053
156.292
155.562
154.863
154.196
153.561
152.956
152.382
136.566
140.643
144.339
147.566
150.51
153.223
155.749
158.115
160.325
162.368
164.222
165.909
167.415
168.708
169.763
170.566
171.102
171.36
171.333
171.023
170.44
169.673
168.834
167.9
166.895
165.843
164.765
163.68
162.599
161.536
160.499
159.493
158.524
157.597
156.712
155.873
155.078
154.328
153.622
152.956
152.332
137.144
141.8
146.023
149.725
153.107
156.235
159.156
161.893
164.448
166.798
168.91
170.811
172.479
173.866
174.942
175.687
176.085
176.124
175.807
175.142
174.152
172.982
171.772
170.478
169.129
167.753
166.375
165.014
163.682
162.392
161.151
159.963
158.834
157.765
156.758
155.814
154.93
154.105
153.339
152.625
151.965
137.896
143.28
148.165
152.468
156.408
160.063
163.484
166.691
169.674
172.394
174.803
176.93
178.74
180.169
181.178
181.745
181.856
181.509
180.719
179.515
177.941
176.223
174.532
172.787
171.022
169.268
167.549
165.883
164.282
162.755
161.307
159.94
158.656
157.456
156.337
155.302
154.344
153.461
152.653
151.911
151.238
138.866
145.179
150.914
155.994
160.657
164.996
169.063
172.867
176.38
179.534
182.258
184.584
186.464
187.81
188.577
188.751
188.331
187.34
185.821
183.839
181.471
179.053
176.78
174.51
172.279
170.116
168.044
166.075
164.215
162.468
160.833
159.31
157.895
156.587
155.382
154.279
153.271
152.356
151.531
150.788
150.131
140.121
147.577
154.378
160.434
166.008
171.206
176.077
180.604
184.729
188.337
191.325
193.735
195.498
196.512
196.74
196.192
194.91
192.96
190.438
187.457
184.135
180.937
178.053
175.258
172.582
170.051
167.676
165.458
163.395
161.482
159.714
158.084
156.584
155.209
153.954
152.816
151.788
150.868
150.053
149.338
148.726
141.639
150.456
158.523
165.739
172.401
178.616
184.418
189.752
194.503
198.486
201.569
203.816
205.148
205.466
204.772
203.139
200.676
197.521
193.83
189.769
185.49
181.57
178.162
174.941
171.927
169.133
166.556
164.184
162.005
160.005
158.171
156.492
154.955
153.554
152.282
151.136
150.108
149.2
148.411
147.738
147.19
143.347
153.793
163.373
171.976
179.935
187.34
194.187
200.361
205.659
209.807
212.668
214.357
214.813
213.984
211.96
208.911
205.041
200.562
195.691
190.623
185.522
181.04
177.259
173.758
170.541
167.607
164.936
162.504
160.288
158.267
156.423
154.739
153.202
151.802
150.532
149.39
148.371
147.478
146.716
146.087
145.609
145.194
157.595
168.985
179.241
188.728
197.494
205.455
212.399
218.017
221.939
224.093
224.698
223.763
221.343
217.66
213.007
207.678
201.943
196.041
190.171
184.475
179.635
175.649
172.016
168.721
165.752
163.075
160.654
158.459
156.463
154.646
152.986
151.469
150.083
148.824
147.689
146.675
145.79
145.044
144.448
144.032
147.129
161.887
175.438
187.657
198.91
209.169
218.203
225.67
231.163
234.264
235.094
234.044
231.249
226.923
221.447
215.219
208.582
201.817
195.148
188.742
182.7
177.696
173.649
170
166.723
163.794
161.17
158.807
156.668
154.726
152.955
151.334
149.847
148.482
147.233
146.101
145.084
144.193
143.445
142.861
142.49
149.082
166.689
182.822
197.347
210.589
222.365
232.231
239.71
244.383
245.92
244.802
241.632
236.696
230.392
223.238
215.675
208.03
200.548
193.405
186.72
180.544
175.526
171.52
167.934
164.735
161.892
159.354
157.072
155.009
153.132
151.417
149.839
148.384
147.04
145.8
144.665
143.634
142.722
141.949
141.351
140.995
150.968
172.03
191.237
208.428
223.796
236.897
247.048
253.728
256.708
255.966
252.467
246.969
239.888
231.799
223.293
214.762
206.457
198.562
191.2
184.434
178.276
173.342
169.438
165.96
162.871
160.135
157.698
155.507
153.524
151.716
150.056
148.523
147.098
145.772
144.537
143.393
142.341
141.396
140.577
139.938
139.554
152.706
177.961
200.801
220.982
238.418
252.309
261.829
266.686
267.13
263.667
257.698
249.975
241
231.513
222.081
212.958
204.298
196.233
188.835
182.121
176.073
171.276
167.504
164.155
161.187
158.565
156.23
154.13
152.225
150.483
148.876
147.383
145.987
144.675
143.442
142.288
141.209
140.222
139.34
138.636
138.168
154.229
184.565
211.651
235.013
254.097
267.785
275.477
277.524
274.914
268.741
260.576
250.944
240.474
230.053
220.103
210.687
201.896
193.827
186.508
179.923
174.032
169.396
165.767
162.55
159.704
157.191
154.954
152.939
151.107
149.425
147.867
146.41
145.037
143.738
142.505
141.338
140.23
139.2
138.241
137.456
136.836
155.498
191.965
223.897
250.316
270.096
282.198
286.874
285.516
279.865
271.425
261.526
250.363
238.833
227.919
217.764
208.257
199.48
191.509
184.333
177.914
172.2
167.73
164.241
161.151
158.418
156.007
153.86
151.922
150.155
148.527
147.011
145.585
144.233
142.944
141.709
140.53
139.394
138.321
137.279
136.406
135.557
156.51
200.327
237.548
266.353
285.344
294.405
295.29
290.522
282.332
272.288
261.085
248.716
236.546
225.5
215.338
205.862
197.188
189.372
182.368
176.128
170.593
166.282
162.923
159.949
157.319
154.999
152.932
151.062
149.352
147.77
146.291
144.892
143.557
142.276
141.04
139.848
138.687
137.574
136.452
135.488
134.332
157.328
209.832
252.388
282.211
298.647
303.605
300.587
292.93
282.954
271.937
259.703
246.402
233.982
223.06
212.996
203.617
195.097
187.461
180.635
174.57
169.204
165.041
161.799
158.927
156.387
154.147
152.149
150.338
148.677
147.135
145.687
144.311
142.99
141.715
140.477
139.276
138.092
136.944
135.75
134.698
133.168
158.006
220.399
267.64
296.572
308.966
309.519
303.124
293.411
282.404
270.885
257.741
243.763
231.419
220.764
210.836
201.588
193.243
185.787
179.132
173.23
168.017
163.986
160.849
158.068
155.607
153.437
151.499
149.738
148.118
146.61
145.189
143.832
142.523
141.254
140.014
138.803
137.601
136.423
135.17
134.033
132.086
158.533
231.562
282.221
308.367
315.963
312.536
303.637
292.726
281.277
269.523
255.481
241.106
229.077
218.705
208.9
199.799
191.628
184.339
177.841
172.085
167.01
163.09
160.035
157.328
154.937
152.828
150.942
149.225
147.642
146.164
144.766
143.425
142.128
140.864
139.624
138.407
137.191
135.989
134.692
133.482
131.089
157.375
243.239
295.934
317.598
320.171
313.444
302.887
291.451
279.966
268.101
253.061
238.614
227.161
217.067
207.338
198.37
190.356
183.21
176.841
171.204
166.238
162.443
159.462
156.809
154.467
152.402
150.553
148.867
147.309
145.851
144.468
143.138
141.848
140.587
139.345
138.123
136.897
135.676
134.35
133.094
130.27
159.602
256.586
307.47
323.005
321.637
312.496
300.677
288.964
277.633
265.733
249.483
234.891
224.143
214.528
205.043
196.32
188.556
181.638
175.473
170.021
165.215
161.507
158.652
156.089
153.824
151.826
150.035
148.397
146.879
145.453
144.095
142.784
141.506
140.253
139.015
137.791
136.558
135.322
133.977
132.683
129.712
139.88
139.878
139.876
139.874
139.871
139.869
139.866
139.863
139.86
139.856
139.853
139.849
139.844
139.839
139.834
139.829
139.823
139.816
139.809
139.801
139.793
139.784
139.774
139.763
139.752
139.739
139.725
139.71
139.694
139.676
139.656
139.635
139.612
139.587
139.56
139.53
139.498
139.463
139.425
139.384
139.339
139.291
139.24
139.184
139.124
139.06
138.991
138.918
138.84
138.758
138.671
138.579
138.482
138.381
138.276
138.167
138.055
137.939
137.821
137.7
137.578
137.456
137.333
137.21
137.088
136.968
136.851
136.736
136.625
136.518
136.417
136.321
136.237
136.147
139.933
139.932
139.93
139.927
139.925
139.922
139.919
139.915
139.912
139.908
139.904
139.899
139.894
139.889
139.883
139.877
139.871
139.863
139.855
139.847
139.837
139.827
139.816
139.804
139.792
139.777
139.762
139.746
139.727
139.708
139.687
139.664
139.638
139.611
139.582
139.55
139.515
139.478
139.438
139.394
139.348
139.297
139.243
139.185
139.123
139.057
138.987
138.912
138.833
138.749
138.66
138.567
138.47
138.369
138.264
138.155
138.042
137.927
137.809
137.69
137.569
137.446
137.324
137.202
137.081
136.961
136.844
136.73
136.619
136.513
136.412
136.315
136.235
136.132
140.007
140.006
140.004
140.002
139.999
139.996
139.993
139.989
139.985
139.981
139.977
139.972
139.967
139.961
139.955
139.949
139.941
139.934
139.925
139.916
139.906
139.895
139.883
139.87
139.856
139.841
139.825
139.807
139.787
139.766
139.743
139.719
139.692
139.663
139.631
139.597
139.56
139.52
139.478
139.431
139.382
139.329
139.272
139.211
139.145
139.076
139.003
138.925
138.842
138.755
138.664
138.568
138.468
138.364
138.257
138.146
138.031
137.914
137.795
137.674
137.552
137.429
137.306
137.184
137.063
136.943
136.827
136.713
136.603
136.497
136.397
136.299
136.221
136.105
140.129
140.128
140.127
140.124
140.121
140.118
140.114
140.11
140.106
140.102
140.097
140.091
140.086
140.079
140.073
140.065
140.057
140.048
140.039
140.028
140.017
140.005
139.991
139.977
139.961
139.944
139.925
139.905
139.883
139.859
139.833
139.805
139.775
139.742
139.707
139.669
139.628
139.584
139.536
139.486
139.431
139.373
139.311
139.244
139.174
139.099
139.021
138.938
138.85
138.758
138.663
138.563
138.459
138.351
138.241
138.127
138.01
137.891
137.77
137.648
137.525
137.402
137.279
137.157
137.036
136.918
136.802
136.689
136.58
136.475
136.377
136.278
136.202
136.073
140.28
140.279
140.277
140.274
140.271
140.267
140.263
140.259
140.254
140.249
140.243
140.237
140.231
140.224
140.216
140.207
140.198
140.188
140.177
140.165
140.152
140.138
140.123
140.106
140.088
140.068
140.047
140.024
139.999
139.971
139.942
139.91
139.876
139.838
139.798
139.755
139.709
139.659
139.606
139.55
139.489
139.424
139.356
139.283
139.206
139.125
139.04
138.951
138.857
138.76
138.659
138.554
138.445
138.333
138.219
138.102
137.982
137.861
137.739
137.616
137.492
137.369
137.246
137.124
137.005
136.887
136.772
136.661
136.554
136.45
136.353
136.254
136.18
136.041
140.468
140.467
140.465
140.462
140.457
140.453
140.449
140.444
140.438
140.432
140.426
140.419
140.411
140.403
140.393
140.383
140.373
140.361
140.348
140.334
140.318
140.302
140.284
140.264
140.243
140.22
140.195
140.167
140.138
140.106
140.072
140.035
139.995
139.952
139.906
139.857
139.804
139.747
139.687
139.623
139.555
139.482
139.406
139.326
139.241
139.152
139.06
138.963
138.863
138.758
138.651
138.54
138.426
138.31
138.191
138.07
137.948
137.825
137.701
137.576
137.452
137.329
137.207
137.086
136.967
136.851
136.738
136.629
136.523
136.421
136.326
136.228
136.155
136.012
140.69
140.689
140.687
140.682
140.677
140.672
140.667
140.661
140.654
140.647
140.639
140.631
140.621
140.611
140.6
140.588
140.575
140.561
140.546
140.529
140.51
140.491
140.469
140.446
140.42
140.393
140.363
140.331
140.296
140.258
140.218
140.175
140.128
140.078
140.025
139.968
139.907
139.842
139.773
139.7
139.624
139.542
139.457
139.368
139.275
139.177
139.076
138.971
138.863
138.751
138.637
138.52
138.401
138.279
138.156
138.032
137.907
137.781
137.656
137.531
137.407
137.283
137.162
137.043
136.926
136.811
136.7
136.593
136.49
136.39
136.296
136.2
136.129
135.987
140.949
140.946
140.944
140.939
140.932
140.926
140.919
140.912
140.904
140.895
140.886
140.875
140.864
140.852
140.838
140.824
140.808
140.79
140.771
140.751
140.729
140.705
140.679
140.65
140.62
140.587
140.551
140.513
140.471
140.427
140.379
140.328
140.273
140.215
140.152
140.086
140.016
139.941
139.863
139.78
139.693
139.602
139.506
139.407
139.304
139.197
139.087
138.973
138.857
138.738
138.616
138.493
138.368
138.242
138.115
137.987
137.86
137.732
137.606
137.48
137.356
137.233
137.113
136.995
136.88
136.768
136.66
136.555
136.454
136.356
136.265
136.172
136.101
135.967
141.244
141.241
141.237
141.23
141.223
141.215
141.207
141.197
141.187
141.177
141.165
141.152
141.138
141.122
141.106
141.088
141.068
141.047
141.024
140.999
140.971
140.942
140.91
140.876
140.839
140.799
140.756
140.71
140.661
140.608
140.551
140.49
140.426
140.358
140.285
140.208
140.127
140.041
139.951
139.857
139.759
139.657
139.55
139.44
139.327
139.21
139.09
138.968
138.843
138.716
138.588
138.459
138.328
138.197
138.067
137.936
137.806
137.678
137.55
137.425
137.301
137.18
137.061
136.945
136.832
136.722
136.616
136.514
136.416
136.322
136.233
136.143
136.073
135.952
141.577
141.572
141.567
141.559
141.55
141.54
141.529
141.518
141.505
141.491
141.476
141.46
141.443
141.424
141.403
141.381
141.356
141.33
141.301
141.27
141.237
141.201
141.162
141.121
141.076
141.027
140.976
140.92
140.861
140.798
140.731
140.659
140.583
140.503
140.419
140.33
140.236
140.138
140.036
139.93
139.819
139.705
139.587
139.465
139.341
139.214
139.084
138.953
138.82
138.686
138.551
138.416
138.281
138.146
138.012
137.879
137.748
137.618
137.491
137.366
137.243
137.123
137.006
136.892
136.782
136.675
136.572
136.472
136.377
136.286
136.201
136.114
136.045
135.938
141.949
141.943
141.936
141.926
141.914
141.901
141.888
141.873
141.857
141.84
141.821
141.801
141.779
141.755
141.729
141.701
141.671
141.638
141.603
141.565
141.524
141.48
141.432
141.381
141.327
141.268
141.206
141.14
141.069
140.994
140.914
140.83
140.741
140.648
140.55
140.447
140.34
140.229
140.113
139.993
139.87
139.743
139.612
139.48
139.344
139.207
139.068
138.928
138.787
138.646
138.505
138.365
138.226
138.088
137.951
137.817
137.684
137.555
137.427
137.303
137.182
137.064
136.949
136.838
136.73
136.626
136.526
136.43
136.338
136.25
136.167
136.085
136.017
135.926
142.362
142.354
142.344
142.331
142.316
142.3
142.283
142.264
142.244
142.222
142.198
142.173
142.145
142.115
142.083
142.048
142.01
141.969
141.926
141.879
141.829
141.775
141.717
141.655
141.589
141.519
141.444
141.364
141.28
141.191
141.098
140.999
140.896
140.787
140.674
140.557
140.435
140.309
140.179
140.045
139.908
139.768
139.626
139.481
139.335
139.188
139.04
138.892
138.744
138.597
138.451
138.306
138.164
138.023
137.885
137.749
137.617
137.487
137.361
137.238
137.119
137.003
136.891
136.782
136.677
136.577
136.48
136.387
136.298
136.213
136.134
136.056
135.989
135.913
142.818
142.806
142.793
142.776
142.757
142.736
142.714
142.691
142.665
142.637
142.607
142.575
142.54
142.503
142.462
142.419
142.372
142.322
142.268
142.21
142.148
142.082
142.012
141.937
141.858
141.773
141.684
141.59
141.49
141.386
141.276
141.161
141.042
140.917
140.788
140.654
140.517
140.375
140.23
140.082
139.932
139.779
139.624
139.469
139.312
139.156
139
138.844
138.69
138.538
138.388
138.24
138.095
137.952
137.813
137.678
137.546
137.417
137.293
137.172
137.054
136.941
136.832
136.726
136.625
136.527
136.433
136.344
136.258
136.177
136.1
136.026
135.961
135.898
143.316
143.3
143.283
143.261
143.236
143.21
143.183
143.152
143.12
143.085
143.047
143.006
142.963
142.916
142.865
142.811
142.753
142.691
142.625
142.554
142.479
142.399
142.314
142.224
142.128
142.028
141.922
141.81
141.694
141.571
141.444
141.312
141.174
141.033
140.886
140.736
140.582
140.425
140.265
140.103
139.939
139.773
139.607
139.441
139.276
139.111
138.947
138.786
138.627
138.47
138.317
138.166
138.02
137.877
137.738
137.603
137.472
137.345
137.222
137.104
136.989
136.879
136.773
136.67
136.572
136.478
136.387
136.301
136.219
136.14
136.067
135.997
135.934
135.882
143.859
143.837
143.815
143.787
143.755
143.722
143.686
143.648
143.607
143.563
143.515
143.464
143.409
143.351
143.288
143.221
143.15
143.074
142.993
142.906
142.815
142.718
142.616
142.508
142.395
142.276
142.151
142.021
141.885
141.744
141.597
141.446
141.29
141.13
140.966
140.798
140.628
140.455
140.28
140.104
139.927
139.75
139.574
139.398
139.224
139.052
138.883
138.717
138.553
138.394
138.238
138.087
137.939
137.797
137.659
137.525
137.396
137.271
137.151
137.035
136.924
136.817
136.714
136.615
136.52
136.429
136.342
136.259
136.18
136.105
136.034
135.969
135.907
135.864
144.446
144.417
144.388
144.352
144.312
144.269
144.224
144.176
144.124
144.068
144.008
143.945
143.876
143.804
143.726
143.644
143.556
143.463
143.365
143.261
143.151
143.035
142.913
142.785
142.651
142.512
142.366
142.215
142.058
141.896
141.73
141.559
141.383
141.204
141.022
140.838
140.651
140.463
140.274
140.086
139.897
139.71
139.524
139.34
139.159
138.982
138.807
138.637
138.471
138.31
138.154
138.002
137.855
137.714
137.577
137.445
137.319
137.197
137.08
136.967
136.859
136.755
136.655
136.56
136.468
136.381
136.297
136.217
136.141
136.07
136.002
135.94
135.88
135.844
145.077
145.039
145.001
144.954
144.903
144.85
144.793
144.731
144.666
144.596
144.522
144.442
144.358
144.268
144.173
144.072
143.966
143.853
143.734
143.609
143.478
143.34
143.196
143.046
142.89
142.728
142.56
142.387
142.208
142.025
141.837
141.646
141.451
141.254
141.054
140.853
140.651
140.449
140.247
140.046
139.848
139.651
139.457
139.267
139.081
138.899
138.722
138.549
138.382
138.22
138.064
137.913
137.768
137.628
137.494
137.365
137.241
137.122
137.008
136.899
136.794
136.694
136.598
136.506
136.418
136.334
136.253
136.177
136.104
136.035
135.971
135.912
135.854
135.824
145.749
145.7
145.65
145.591
145.526
145.459
145.387
145.31
145.228
145.141
145.049
144.951
144.847
144.737
144.621
144.499
144.37
144.235
144.093
143.944
143.789
143.627
143.459
143.284
143.104
142.918
142.726
142.53
142.329
142.124
141.915
141.703
141.49
141.274
141.058
140.841
140.625
140.411
140.197
139.987
139.779
139.575
139.376
139.181
138.991
138.806
138.627
138.453
138.286
138.125
137.97
137.821
137.678
137.541
137.409
137.283
137.163
137.048
136.938
136.832
136.731
136.634
136.542
136.453
136.369
136.288
136.211
136.137
136.068
136.002
135.94
135.885
135.829
135.804
146.459
146.396
146.331
146.256
146.175
146.089
145.999
145.904
145.802
145.694
145.581
145.461
145.334
145.2
145.06
144.913
144.759
144.598
144.43
144.256
144.074
143.886
143.692
143.492
143.286
143.075
142.859
142.639
142.415
142.189
141.96
141.729
141.497
141.265
141.034
140.803
140.575
140.349
140.126
139.908
139.693
139.484
139.28
139.082
138.89
138.704
138.524
138.352
138.185
138.026
137.873
137.727
137.587
137.453
137.325
137.203
137.086
136.975
136.868
136.766
136.669
136.576
136.487
136.402
136.321
136.244
136.17
136.099
136.032
135.97
135.91
135.858
135.804
135.783
147.2
147.119
147.035
146.941
146.839
146.733
146.621
146.502
146.377
146.245
146.106
145.96
145.807
145.647
145.479
145.304
145.122
144.933
144.737
144.534
144.325
144.109
143.888
143.661
143.429
143.193
142.953
142.71
142.464
142.217
141.969
141.72
141.472
141.225
140.98
140.738
140.5
140.265
140.035
139.81
139.591
139.378
139.172
138.972
138.78
138.594
138.416
138.245
138.081
137.924
137.774
137.631
137.495
137.365
137.241
137.123
137.01
136.903
136.8
136.702
136.609
136.52
136.434
136.353
136.275
136.201
136.13
136.062
135.999
135.939
135.882
135.832
135.78
135.762
147.962
147.859
147.752
147.634
147.508
147.376
147.238
147.092
146.94
146.779
146.611
146.436
146.253
146.063
145.865
145.659
145.447
145.228
145.001
144.769
144.531
144.287
144.038
143.784
143.527
143.267
143.004
142.739
142.473
142.207
141.941
141.677
141.415
141.155
140.9
140.648
140.401
140.16
139.925
139.696
139.475
139.26
139.053
138.854
138.662
138.479
138.303
138.135
137.974
137.821
137.675
137.536
137.404
137.278
137.158
137.044
136.936
136.832
136.734
136.64
136.55
136.465
136.383
136.305
136.231
136.16
136.092
136.027
135.966
135.908
135.854
135.807
135.756
135.741
148.731
148.601
148.466
148.319
148.165
148.003
147.834
147.657
147.473
147.28
147.08
146.872
146.656
146.433
146.203
145.965
145.721
145.47
145.213
144.951
144.684
144.412
144.136
143.858
143.576
143.293
143.009
142.724
142.44
142.158
141.877
141.6
141.326
141.057
140.792
140.534
140.282
140.037
139.799
139.568
139.346
139.132
138.926
138.729
138.54
138.359
138.187
138.022
137.866
137.717
137.575
137.441
137.313
137.192
137.077
136.967
136.863
136.764
136.67
136.58
136.494
136.412
136.334
136.259
136.188
136.12
136.055
135.993
135.934
135.879
135.827
135.783
135.733
135.721
149.486
149.325
149.157
148.977
148.788
148.593
148.389
148.177
147.957
147.729
147.494
147.251
147
146.743
146.479
146.208
145.932
145.65
145.363
145.072
144.777
144.479
144.178
143.876
143.573
143.27
142.967
142.665
142.366
142.07
141.778
141.49
141.207
140.931
140.661
140.399
140.144
139.897
139.658
139.428
139.207
138.995
138.792
138.598
138.413
138.237
138.069
137.909
137.757
137.613
137.477
137.347
137.224
137.108
136.997
136.892
136.793
136.698
136.608
136.522
136.44
136.361
136.287
136.215
136.147
136.082
136.02
135.96
135.904
135.852
135.801
135.759
135.711
135.701
150.203
150.004
149.798
149.58
149.354
149.12
148.878
148.628
148.37
148.105
147.833
147.554
147.268
146.976
146.679
146.376
146.069
145.758
145.443
145.125
144.805
144.484
144.162
143.839
143.517
143.197
142.879
142.564
142.253
141.946
141.645
141.35
141.062
140.782
140.509
140.245
139.99
139.743
139.507
139.279
139.061
138.853
138.654
138.465
138.284
138.113
137.95
137.796
137.65
137.511
137.38
137.255
137.138
137.026
136.92
136.82
136.725
136.634
136.548
136.466
136.388
136.313
136.241
136.173
136.108
136.045
135.986
135.929
135.875
135.825
135.777
135.737
135.69
135.682
150.848
150.607
150.358
150.099
149.831
149.556
149.274
148.985
148.688
148.386
148.077
147.763
147.443
147.119
146.791
146.46
146.125
145.788
145.449
145.108
144.767
144.426
144.086
143.747
143.411
143.077
142.748
142.423
142.103
141.79
141.483
141.185
140.894
140.612
140.34
140.076
139.823
139.58
139.346
139.123
138.91
138.707
138.513
138.329
138.155
137.989
137.832
137.684
137.543
137.411
137.285
137.166
137.053
136.947
136.846
136.75
136.659
136.573
136.491
136.412
136.338
136.266
136.198
136.133
136.07
136.011
135.954
135.899
135.848
135.8
135.753
135.715
135.67
135.664
151.38
151.095
150.801
150.498
150.188
149.872
149.549
149.221
148.888
148.551
148.209
147.863
147.514
147.163
146.809
146.453
146.096
145.738
145.38
145.021
144.664
144.308
143.954
143.604
143.257
142.914
142.577
142.246
141.921
141.604
141.296
140.996
140.706
140.426
140.156
139.896
139.646
139.408
139.18
138.962
138.755
138.558
138.371
138.194
138.026
137.867
137.716
137.574
137.44
137.313
137.193
137.079
136.972
136.87
136.774
136.683
136.596
136.514
136.436
136.361
136.29
136.222
136.157
136.095
136.035
135.978
135.923
135.871
135.821
135.775
135.731
135.694
135.65
135.646
151.755
151.424
151.085
150.74
150.389
150.034
149.676
149.314
148.95
148.583
148.214
147.844
147.473
147.101
146.728
146.355
145.982
145.61
145.238
144.868
144.5
144.134
143.772
143.413
143.06
142.712
142.371
142.037
141.712
141.395
141.087
140.79
140.503
140.226
139.961
139.706
139.463
139.231
139.009
138.799
138.599
138.409
138.229
138.059
137.898
137.746
137.602
137.467
137.338
137.218
137.103
136.995
136.893
136.797
136.705
136.619
136.536
136.458
136.384
136.312
136.245
136.18
136.118
136.058
136.001
135.946
135.894
135.844
135.796
135.752
135.709
135.675
135.631
135.629
151.922
151.549
151.17
150.787
150.402
150.017
149.631
149.244
148.858
148.472
148.087
147.703
147.319
146.935
146.553
146.171
145.79
145.41
145.032
144.656
144.282
143.911
143.545
143.183
142.827
142.478
142.137
141.804
141.48
141.166
140.862
140.569
140.287
140.017
139.758
139.511
139.275
139.051
138.837
138.635
138.443
138.261
138.089
137.927
137.773
137.628
137.491
137.362
137.241
137.126
137.017
136.915
136.818
136.726
136.639
136.557
136.479
136.405
136.334
136.266
136.201
136.139
136.08
136.023
135.969
135.916
135.866
135.818
135.772
135.73
135.688
135.656
135.613
135.613
151.83
151.425
151.017
150.608
150.201
149.798
149.398
149.002
148.608
148.217
147.829
147.443
147.059
146.676
146.293
145.912
145.531
145.15
144.771
144.394
144.019
143.648
143.281
142.92
142.565
142.218
141.879
141.55
141.23
140.922
140.624
140.338
140.064
139.802
139.551
139.313
139.086
138.87
138.666
138.472
138.289
138.115
137.952
137.797
137.651
137.514
137.384
137.262
137.146
137.037
136.935
136.838
136.746
136.659
136.577
136.499
136.424
136.354
136.286
136.222
136.16
136.101
136.045
135.99
135.938
135.888
135.84
135.794
135.75
135.709
135.669
135.638
135.596
135.597
151.434
151.014
150.595
150.178
149.769
149.368
148.975
148.588
148.206
147.829
147.455
147.083
146.711
146.339
145.967
145.593
145.219
144.844
144.469
144.095
143.723
143.354
142.99
142.631
142.28
141.937
141.604
141.28
140.968
140.667
140.378
140.101
139.836
139.583
139.342
139.114
138.897
138.691
138.496
138.312
138.137
137.973
137.818
137.671
137.533
137.403
137.28
137.165
137.056
136.953
136.856
136.764
136.677
136.595
136.517
136.443
136.372
136.305
136.241
136.18
136.121
136.065
136.011
135.959
135.909
135.861
135.815
135.771
135.728
135.689
135.65
135.621
135.58
135.582
150.699
150.289
149.886
149.488
149.103
148.733
148.373
148.021
147.674
147.331
146.989
146.646
146.3
145.95
145.595
145.236
144.872
144.506
144.137
143.769
143.401
143.037
142.677
142.324
141.979
141.642
141.316
141.001
140.697
140.406
140.126
139.86
139.605
139.364
139.134
138.916
138.71
138.514
138.329
138.155
137.99
137.835
137.688
137.55
137.419
137.297
137.181
137.072
136.969
136.872
136.78
136.694
136.612
136.534
136.46
136.39
136.323
136.26
136.199
136.14
136.085
136.031
135.979
135.929
135.881
135.835
135.791
135.748
135.708
135.67
135.632
135.605
135.564
135.568
149.612
149.247
148.898
148.555
148.23
147.923
147.63
147.342
147.057
146.77
146.477
146.175
145.864
145.541
145.208
144.864
144.513
144.155
143.793
143.43
143.067
142.708
142.354
142.007
141.669
141.34
141.023
140.717
140.424
140.143
139.875
139.62
139.378
139.148
138.93
138.723
138.528
138.343
138.168
138.004
137.848
137.702
137.564
137.434
137.311
137.195
137.087
136.984
136.887
136.795
136.709
136.627
136.55
136.476
136.407
136.34
136.277
136.216
136.159
136.103
136.05
135.999
135.949
135.901
135.855
135.811
135.768
135.728
135.688
135.652
135.616
135.589
135.549
135.554
148.259
147.977
147.722
147.473
147.247
147.042
146.846
146.65
146.446
146.228
145.993
145.738
145.461
145.165
144.849
144.518
144.175
143.823
143.465
143.105
142.746
142.391
142.042
141.702
141.371
141.051
140.743
140.448
140.166
139.896
139.64
139.397
139.166
138.947
138.74
138.545
138.36
138.186
138.021
137.865
137.719
137.581
137.451
137.328
137.212
137.103
137.001
136.904
136.812
136.726
136.644
136.567
136.493
136.424
136.358
136.295
136.234
136.177
136.122
136.069
136.018
135.969
135.921
135.876
135.831
135.789
135.748
135.708
135.67
135.635
135.6
135.575
135.535
135.541
146.798
146.63
146.505
146.386
146.291
146.215
146.14
146.048
145.932
145.785
145.604
145.388
145.138
144.858
144.552
144.226
143.884
143.532
143.174
142.815
142.458
142.106
141.762
141.427
141.104
140.792
140.493
140.208
139.936
139.677
139.432
139.199
138.979
138.771
138.574
138.389
138.213
138.048
137.892
137.744
137.606
137.475
137.351
137.235
137.126
137.023
136.925
136.833
136.747
136.665
136.587
136.513
136.444
136.377
136.314
136.254
136.197
136.142
136.089
136.038
135.989
135.942
135.896
135.852
135.809
135.768
135.728
135.69
135.653
135.62
135.585
135.561
135.522
135.529
145.306
145.281
145.318
145.363
145.428
145.504
145.56
145.577
145.545
145.46
145.321
145.13
144.893
144.618
144.312
143.983
143.637
143.281
142.92
142.56
142.203
141.853
141.513
141.184
140.867
140.563
140.272
139.996
139.733
139.484
139.249
139.026
138.815
138.617
138.429
138.252
138.085
137.928
137.779
137.639
137.507
137.382
137.265
137.154
137.05
136.952
136.859
136.772
136.689
136.611
136.536
136.466
136.399
136.336
136.276
136.218
136.163
136.11
136.059
136.01
135.963
135.917
135.873
135.831
135.789
135.749
135.711
135.674
135.638
135.605
135.571
135.548
135.51
135.517
143.824
143.968
144.203
144.444
144.696
144.937
145.129
145.248
145.288
145.248
145.134
144.953
144.717
144.436
144.121
143.782
143.428
143.065
142.699
142.336
141.979
141.631
141.294
140.969
140.658
140.361
140.079
139.811
139.556
139.316
139.089
138.875
138.673
138.482
138.303
138.133
137.974
137.823
137.681
137.547
137.421
137.301
137.189
137.083
136.984
136.89
136.801
136.717
136.638
136.563
136.492
136.424
136.36
136.299
136.241
136.185
136.132
136.081
136.032
135.985
135.939
135.895
135.852
135.811
135.771
135.732
135.694
135.658
135.623
135.591
135.558
135.536
135.498
135.506
142.369
142.708
143.181
143.654
144.114
144.525
144.845
145.053
145.146
145.133
145.026
144.841
144.594
144.298
143.969
143.616
143.25
142.879
142.508
142.141
141.783
141.436
141.102
140.782
140.476
140.186
139.91
139.649
139.403
139.17
138.951
138.744
138.549
138.366
138.193
138.03
137.877
137.732
137.595
137.467
137.345
137.231
137.123
137.021
136.925
136.835
136.75
136.669
136.593
136.52
136.452
136.387
136.325
136.266
136.21
136.156
136.105
136.055
136.008
135.962
135.918
135.875
135.833
135.793
135.754
135.716
135.679
135.644
135.609
135.578
135.546
135.524
135.487
135.496
140.948
141.51
142.264
143.005
143.686
144.262
144.696
144.971
145.096
145.091
144.977
144.776
144.508
144.193
143.845
143.477
143.099
142.719
142.341
141.972
141.613
141.267
140.936
140.619
140.318
140.033
139.764
139.509
139.269
139.043
138.83
138.63
138.442
138.264
138.098
137.94
137.792
137.652
137.521
137.396
137.279
137.169
137.065
136.967
136.874
136.787
136.704
136.626
136.553
136.483
136.416
136.353
136.294
136.237
136.182
136.13
136.08
136.032
135.986
135.941
135.898
135.856
135.815
135.776
135.738
135.701
135.665
135.63
135.597
135.566
135.534
135.513
135.476
135.486
139.559
140.374
141.459
142.503
143.406
144.131
144.658
144.978
145.114
145.1
144.967
144.741
144.449
144.111
143.744
143.36
142.97
142.58
142.197
141.825
141.465
141.12
140.791
140.478
140.181
139.901
139.637
139.387
139.153
138.933
138.726
138.531
138.348
138.176
138.014
137.862
137.718
137.583
137.455
137.335
137.221
137.114
137.013
136.918
136.829
136.744
136.664
136.588
136.517
136.449
136.385
136.323
136.265
136.21
136.157
136.106
136.057
136.011
135.965
135.922
135.88
135.839
135.799
135.761
135.723
135.687
135.652
135.618
135.585
135.555
135.523
135.503
135.466
135.476
138.206
139.299
140.768
142.144
143.255
144.107
144.704
145.047
145.177
145.142
144.981
144.727
144.408
144.046
143.66
143.26
142.859
142.461
142.073
141.698
141.337
140.993
140.666
140.356
140.063
139.786
139.527
139.282
139.053
138.837
138.635
138.445
138.267
138.1
137.942
137.794
137.654
137.522
137.398
137.281
137.17
137.066
136.968
136.876
136.788
136.706
136.628
136.554
136.485
136.419
136.356
136.296
136.24
136.186
136.134
136.084
136.037
135.991
135.947
135.904
135.863
135.823
135.784
135.746
135.71
135.674
135.639
135.606
135.573
135.544
135.513
135.493
135.457
135.467
136.903
138.282
140.194
141.918
143.211
144.164
144.808
145.154
145.265
145.201
145.008
144.724
144.378
143.994
143.589
143.175
142.763
142.358
141.966
141.588
141.226
140.883
140.557
140.25
139.96
139.687
139.431
139.191
138.966
138.754
138.556
138.371
138.196
138.033
137.879
137.734
137.597
137.469
137.347
137.233
137.125
137.024
136.928
136.837
136.752
136.672
136.596
136.524
136.456
136.391
136.33
136.272
136.217
136.164
136.113
136.065
136.018
135.973
135.93
135.888
135.848
135.808
135.77
135.733
135.697
135.662
135.628
135.595
135.563
135.534
135.504
135.484
135.448
135.459
135.668
137.318
139.737
141.807
143.246
144.277
144.947
145.281
145.364
145.268
145.042
144.727
144.356
143.95
143.528
143.102
142.681
142.27
141.873
141.493
141.131
140.788
140.464
140.158
139.871
139.601
139.349
139.112
138.89
138.682
138.488
138.306
138.135
137.974
137.823
137.681
137.548
137.422
137.303
137.191
137.085
136.986
136.892
136.804
136.72
136.641
136.567
136.497
136.43
136.367
136.307
136.25
136.195
136.144
136.094
136.046
136.001
135.957
135.914
135.873
135.833
135.795
135.757
135.721
135.685
135.651
135.617
135.585
135.553
135.525
135.494
135.476
135.439
135.451
134.525
136.401
139.397
141.786
143.337
144.426
145.104
145.415
145.466
145.336
145.077
144.734
144.338
143.914
143.477
143.039
142.61
142.193
141.792
141.41
141.048
140.705
140.383
140.079
139.794
139.527
139.277
139.043
138.824
138.619
138.428
138.249
138.08
137.923
137.775
137.635
137.504
137.38
137.263
137.153
137.05
136.952
136.86
136.773
136.691
136.614
136.541
136.472
136.407
136.345
136.286
136.23
136.176
136.125
136.076
136.03
135.985
135.942
135.9
135.859
135.82
135.782
135.745
135.709
135.674
135.64
135.607
135.575
135.544
135.516
135.486
135.467
135.432
135.443
133.477
135.537
139.171
141.831
143.463
144.593
145.265
145.547
145.565
145.401
145.111
144.742
144.325
143.883
143.433
142.985
142.548
142.127
141.723
141.34
140.976
140.634
140.312
140.01
139.727
139.462
139.214
138.983
138.767
138.564
138.375
138.199
138.033
137.877
137.731
137.594
137.465
137.343
137.228
137.12
137.018
136.922
136.831
136.746
136.665
136.589
136.517
136.449
136.385
136.324
136.266
136.211
136.159
136.108
136.06
136.014
135.97
135.927
135.886
135.847
135.808
135.77
135.734
135.698
135.664
135.63
135.597
135.566
135.535
135.508
135.478
135.46
135.424
135.436
132.507
134.733
139.035
141.913
143.61
144.765
145.42
145.672
145.657
145.46
145.143
144.75
144.313
143.856
143.395
142.939
142.495
142.07
141.663
141.278
140.915
140.572
140.251
139.95
139.669
139.406
139.16
138.93
138.716
138.516
138.329
138.154
137.991
137.837
137.693
137.558
137.43
137.31
137.197
137.09
136.989
136.895
136.805
136.721
136.642
136.567
136.496
136.429
136.366
136.306
136.248
136.194
136.142
136.093
136.046
136
135.957
135.914
135.874
135.835
135.797
135.76
135.724
135.688
135.654
135.621
135.589
135.558
135.527
135.5
135.47
135.452
135.417
135.429
131.567
134.079
138.995
142.018
143.765
144.932
145.565
145.786
145.739
145.514
145.171
144.757
144.304
143.834
143.362
142.898
142.45
142.02
141.611
141.225
140.861
140.519
140.198
139.898
139.618
139.356
139.112
138.884
138.672
138.473
138.288
138.115
137.953
137.802
137.659
137.525
137.399
137.28
137.169
137.063
136.964
136.87
136.782
136.699
136.62
136.546
136.476
136.41
136.348
136.288
136.232
136.178
136.127
136.079
136.032
135.987
135.944
135.902
135.862
135.824
135.786
135.749
135.714
135.679
135.645
135.612
135.58
135.55
135.519
135.492
135.463
135.446
135.41
135.422
130.429
133.502
138.988
142.139
143.922
145.088
145.697
145.889
145.813
145.561
145.196
144.764
144.295
143.814
143.334
142.863
142.41
141.977
141.566
141.179
140.814
140.472
140.152
139.853
139.573
139.313
139.07
138.844
138.633
138.436
138.252
138.081
137.92
137.77
137.629
137.496
137.371
137.254
137.143
137.039
136.94
136.848
136.76
136.678
136.601
136.528
136.459
136.393
136.331
136.273
136.217
136.164
136.114
136.065
136.019
135.975
135.932
135.891
135.852
135.813
135.776
135.74
135.705
135.67
135.637
135.604
135.572
135.542
135.512
135.485
135.456
135.439
135.404
135.416
129.432
133.377
139.005
142.245
144.071
145.23
145.814
145.979
145.877
145.602
145.217
144.769
144.288
143.797
143.309
142.833
142.376
141.94
141.527
141.138
140.773
140.431
140.111
139.813
139.534
139.275
139.033
138.808
138.598
138.402
138.22
138.05
137.891
137.741
137.602
137.47
137.346
137.23
137.12
137.017
136.919
136.827
136.741
136.66
136.583
136.511
136.442
136.378
136.316
136.258
136.203
136.151
136.101
136.053
136.007
135.963
135.921
135.881
135.841
135.804
135.767
135.731
135.696
135.662
135.629
135.596
135.565
135.535
135.505
135.479
135.45
135.433
135.398
135.41
)
;

boundaryField
{
    inlet
    {
        type            freestreamPressure;
        value           nonuniform List<scalar> 
230
(
130.995
130.999
131.005
131.013
131.021
131.029
131.037
131.046
131.056
131.066
131.076
131.087
131.099
131.111
131.124
131.138
131.152
131.168
131.184
131.201
131.219
131.238
131.258
131.279
131.302
131.326
131.351
131.377
131.406
131.435
131.467
131.5
131.535
131.573
131.612
131.654
131.697
131.744
131.793
131.844
131.898
131.955
132.015
132.077
132.143
132.211
132.282
132.356
132.433
132.512
132.594
132.678
132.764
132.851
132.94
133.03
133.12
133.21
133.299
133.387
133.474
133.557
133.638
133.715
133.787
133.854
133.914
133.968
134.015
134.053
134.082
134.104
134.108
134.135
133.998
133.244
132.593
132.042
131.588
131.221
130.929
130.703
130.532
130.407
130.321
130.268
130.241
130.235
130.246
130.27
130.303
130.342
130.383
130.425
130.466
130.507
130.546
130.583
130.619
130.654
130.686
130.717
130.746
130.774
130.8
130.824
130.846
130.868
130.887
130.906
130.924
130.94
130.956
130.971
130.985
134.829
135.611
136.31
136.92
137.444
137.89
138.267
138.581
138.843
139.06
139.239
139.385
139.505
139.602
139.681
139.743
139.793
139.833
139.863
139.886
139.904
139.916
139.925
139.931
139.934
139.935
139.935
139.933
139.931
139.928
139.924
139.92
139.916
139.912
139.908
139.903
139.899
139.895
139.891
139.887
139.883
139.88
139.878
139.876
139.874
139.871
139.869
139.866
139.863
139.86
139.856
139.853
139.849
139.844
139.839
139.834
139.829
139.823
139.816
139.809
139.801
139.793
139.784
139.774
139.763
139.752
139.739
139.725
139.71
139.694
139.676
139.656
139.635
139.612
139.587
139.56
139.53
139.498
139.463
139.425
139.384
139.339
139.291
139.24
139.184
139.124
139.06
138.991
138.918
138.84
138.758
138.671
138.579
138.482
138.381
138.276
138.167
138.055
137.939
137.821
137.7
137.578
137.456
137.333
137.21
137.088
136.968
136.851
136.736
136.625
136.518
136.417
136.321
136.237
136.147
)
;
    }
    outlet
    {
        type            freestreamPressure;
        value           nonuniform List<scalar> 
96
(
135.404
135.399
135.392
135.386
135.378
135.371
135.363
135.355
135.346
135.336
135.326
135.316
135.304
135.293
135.28
135.267
135.253
135.238
135.223
135.207
135.191
135.174
135.156
135.139
135.121
135.104
135.088
135.074
135.064
135.062
135.072
135.09
135.09
135.026
134.867
134.639
134.426
134.307
134.289
134.318
134.337
134.328
134.3
134.266
134.234
134.201
134.177
134.135
136.147
136.132
136.105
136.073
136.041
136.012
135.987
135.967
135.952
135.938
135.926
135.913
135.898
135.882
135.864
135.844
135.824
135.804
135.783
135.762
135.741
135.721
135.701
135.682
135.664
135.646
135.629
135.613
135.597
135.582
135.568
135.554
135.541
135.529
135.517
135.506
135.496
135.486
135.476
135.467
135.459
135.451
135.443
135.436
135.429
135.422
135.416
135.41
)
;
    }
    walls
    {
        type            zeroGradient;
    }
    frontAndBack
    {
        type            empty;
    }
}


// ************************************************************************* //
