/*--------------------------------*- C++ -*----------------------------------*\
| =========                 |                                                 |
| \\      /  F ield         | OpenFOAM: The Open Source CFD Toolbox           |
|  \\    /   O peration     | Version:  5.x                                   |
|   \\  /    A nd           | Web:      www.OpenFOAM.org                      |
|    \\/     M anipulation  |                                                 |
\*---------------------------------------------------------------------------*/
FoamFile
{
    version     2.0;
    format      ascii;
    class       volScalarField;
    location    "1100";
    object      p;
}
// * * * * * * * * * * * * * * * * * * * * * * * * * * * * * * * * * * * * * //

dimensions      [0 2 -2 0 0 0 0];

internalField   nonuniform List<scalar> 
11040
(
-0.00294074
-99.7366
-337.07
-401.181
-422.365
-435.341
-436.795
-426.498
-407.829
-381.897
-348.214
-296.469
-246.657
-211.178
-186.386
-159.957
-133.113
-107.757
-83.7528
-60.5853
-38.1662
-18.8005
-2.61769
12.5274
26.7141
39.9661
52.2789
63.6409
73.9903
83.2275
91.2399
97.9075
103.175
107.109
109.912
111.838
112.627
112.048
111.721
115.21
115.27
36.5748
-59.9127
-212.48
-290.476
-331.385
-361.457
-379.29
-383.472
-376.49
-360.052
-334.367
-291.476
-246.301
-211.469
-186.131
-160.011
-133.475
-108.251
-84.3264
-61.2227
-38.8446
-19.5268
-3.3136
11.8612
26.0798
39.3695
51.7275
63.1409
73.5506
82.8592
90.9483
97.6963
103.043
107.038
109.876
111.851
112.709
112.112
111.372
113.835
113.373
61.253
-32.502
-142.362
-234.017
-288.797
-325.029
-347.621
-356.288
-353.3
-340.639
-319.325
-283.74
-242.967
-208.96
-183.519
-158.392
-132.62
-107.791
-84.1386
-61.2547
-39.0359
-19.7972
-3.62675
11.5173
25.717
38.9995
51.3625
62.7911
73.2276
82.5762
90.7182
97.531
102.944
106.997
109.875
111.888
112.811
112.269
111.386
113.049
112.237
78.6331
-5.14052
-87.3806
-171.036
-229.425
-270.859
-300.452
-317.07
-321.366
-315.173
-300.015
-272.176
-236.925
-204.866
-179.751
-155.735
-130.952
-106.719
-83.4926
-60.9525
-38.9892
-19.917
-3.84507
11.2321
25.3854
38.6391
50.9907
62.4227
72.8782
82.2629
90.4587
97.3405
102.83
106.957
109.888
111.924
112.885
112.403
111.473
112.653
112.009
92.3263
20.5641
-43.3267
-114.929
-173.764
-218.797
-253.051
-275.642
-286.311
-286.344
-277.338
-257.134
-228.283
-199.191
-174.822
-151.956
-128.393
-104.993
-82.3601
-60.3067
-38.7275
-19.9202
-4.01075
10.9453
25.0065
38.1931
50.5024
61.9146
72.3733
81.7864
90.037
97.0002
102.591
106.827
109.844
111.917
112.915
112.522
111.59
112.592
112.452
102.745
42.9558
-8.03558
-67.4297
-121.971
-167.094
-203.666
-230.741
-247.186
-253.452
-250.817
-238.178
-216.31
-191.238
-168.361
-146.853
-124.762
-102.458
-80.6071
-59.1926
-38.1349
-19.6925
-4.02753
10.7345
24.6401
37.7042
49.9233
61.2753
71.7051
81.1238
89.4181
96.4658
102.178
106.554
109.7
111.845
112.91
112.671
111.827
112.816
113.224
110.634
61.6488
20.2363
-28.3129
-76.0028
-118.362
-154.813
-184.214
-204.948
-216.691
-220.158
-214.757
-200.174
-180.215
-159.878
-140.155
-119.822
-98.9183
-78.0901
-57.4992
-37.1204
-19.1624
-3.83969
10.6446
24.3209
37.1949
49.2621
60.4995
70.854
80.2422
88.557
95.6822
101.526
106.074
109.397
111.67
112.864
112.871
112.249
113.294
114.24
116.575
76.7325
42.7941
3.35702
-36.8083
-74.5048
-108.738
-138.274
-161.393
-177.228
-185.91
-186.967
-179.464
-165.37
-148.668
-131.376
-113.184
-94.0571
-74.5709
-55.0451
-35.5473
-18.2282
-3.36706
10.7383
24.0954
36.6968
48.5349
59.586
69.8006
79.103
87.3966
94.5756
100.551
105.294
108.844
111.327
112.749
113.119
112.873
114.09
115.462
120.994
88.6128
60.6667
28.6882
-4.39521
-36.6128
-67.173
-94.9813
-118.51
-136.682
-149.186
-155.486
-154.303
-146.255
-134.054
-119.942
-104.372
-87.4596
-69.7129
-51.5638
-33.2009
-16.7121
-2.45892
11.1381
24.0632
36.2917
47.8075
58.5844
68.5763
77.7168
85.9233
93.1054
99.1834
104.124
107.943
110.725
112.503
113.38
113.679
115.237
116.859
124.207
97.8133
74.7286
48.7925
21.8739
-4.90586
-31.1133
-55.9545
-78.2389
-96.9655
-111.611
-121.576
-125.453
-122.98
-115.66
-105.364
-92.921
-78.6747
-63.1113
-46.7205
-29.8061
-14.3808
-0.912925
12.0161
24.3707
36.107
47.1941
57.5991
67.2767
76.1686
84.206
91.3168
97.4376
102.54
106.633
109.778
112.028
113.55
114.559
116.613
118.412
126.475
104.862
85.7407
64.6758
42.8999
21.0225
-0.807846
-22.1143
-42.0551
-59.8676
-75.0266
-86.9571
-94.3077
-96.3493
-93.6487
-87.4315
-78.496
-67.3092
-54.3558
-40.1364
-25.037
-10.9554
1.51457
13.5855
25.2035
36.3063
46.8435
56.7707
66.04
74.5977
82.3858
89.3481
95.4382
100.639
104.967
108.479
111.242
113.461
115.261
117.892
119.982
128.023
110.234
94.3551
77.2091
59.6255
41.9241
24.0861
6.35023
-10.7462
-26.6925
-41.0869
-53.4546
-62.6441
-67.7819
-68.8472
-66.4408
-61.0749
-53.1602
-43.1333
-31.4563
-18.5427
-6.11363
5.11491
16.1103
26.7988
37.1017
46.9469
56.2753
65.0337
73.1698
80.6327
87.3771
93.3697
98.6038
103.105
106.932
110.156
112.988
115.512
118.645
121.203
129.045
114.332
101.117
87.1239
72.9173
58.6568
44.2454
29.7746
15.5572
1.91234
-10.9168
-22.594
-32.2274
-39.0096
-42.6439
-43.2885
-41.1251
-36.382
-29.3724
-20.463
-10.03
0.458345
10.1983
19.8919
29.4438
38.7614
47.7527
56.3429
64.4714
72.0851
79.1366
85.5878
91.4137
96.613
101.215
105.273
108.852
112.131
115.187
118.612
121.652
129.701
117.485
106.468
95.0166
83.5172
72.0409
60.4652
48.8027
37.2234
25.9112
14.99
4.66085
-4.43464
-11.6542
-16.6394
-19.3142
-19.623
-17.5973
-13.3872
-7.22312
0.61083
8.96607
17.017
25.2111
33.4358
41.5874
49.5582
57.2602
64.6257
71.5991
78.134
84.1952
89.7615
94.8323
99.4342
103.607
107.4
110.941
114.302
117.803
121.076
130.115
119.944
110.751
101.355
92.0255
82.7833
73.5064
64.1704
54.8622
45.6789
36.6769
27.9533
19.9414
13.1067
7.7603
4.05613
2.16043
2.17356
4.08805
7.81107
13.175
19.3763
25.6474
32.2243
38.9885
45.8331
52.6428
59.3206
65.7927
72.0015
77.9004
83.4547
88.6421
93.4584
97.9219
102.056
105.891
109.505
112.951
116.376
119.613
130.397
121.915
114.239
106.512
98.9213
91.4644
84.0291
76.5774
69.1502
61.7953
54.5308
47.3941
40.6641
34.6587
29.6077
25.6586
22.9941
21.7653
22.0489
23.8537
27.1171
31.3509
35.908
40.877
46.1482
51.6217
57.1864
62.7453
68.2231
73.5604
78.7095
83.6346
88.3111
92.7289
96.8961
100.82
104.511
108.013
111.355
114.598
117.658
130.659
123.582
117.173
110.805
104.615
98.5835
92.6138
86.6657
80.7562
74.9065
69.1156
63.3937
57.9132
52.8834
48.4613
44.7588
41.9283
40.1159
39.4252
39.9171
41.5979
44.2212
47.2892
50.806
54.6818
58.8323
63.1607
67.5797
72.019
76.422
80.7417
84.9414
88.9933
92.8814
96.6041
100.157
103.536
106.764
109.852
112.818
115.624
130.895
124.932
119.525
114.208
109.091
104.144
99.2817
94.4682
89.7092
85.0138
80.3744
75.7913
71.3735
67.2553
63.5402
60.306
57.6663
55.7384
54.6187
54.3799
55.0589
56.5585
58.5166
60.9011
63.6457
66.6846
69.9402
73.3401
76.8243
80.3424
83.8518
87.3172
90.7106
94.0124
97.2143
100.305
103.272
106.125
108.866
111.494
113.994
131.091
125.989
121.356
116.843
112.539
108.406
104.372
100.403
96.5019
92.6693
88.8962
85.1786
81.5901
78.2199
75.1358
72.3917
70.0686
68.2543
67.0264
66.4511
66.5715
67.3689
68.5821
70.1702
72.0874
74.2845
76.7014
79.2816
81.9761
84.7428
87.545
90.3512
93.1351
95.8767
98.5644
101.184
103.72
106.175
108.545
110.822
112.999
131.273
126.853
122.834
118.949
115.274
111.767
108.364
105.037
101.785
98.6057
95.4903
92.4337
89.487
86.7123
84.1542
81.8503
79.858
78.2413
77.0593
76.3656
76.1996
76.5785
77.3115
78.3605
79.6952
81.2789
83.0664
85.0141
87.0837
89.2413
91.4565
93.7023
95.9556
98.1978
100.417
102.597
104.725
106.797
108.809
110.75
112.616
131.45
127.582
124.06
120.68
117.503
114.49
111.583
108.758
106.01
103.339
100.734
98.1908
95.7461
93.4445
91.3163
89.3869
87.6982
86.2963
85.2249
84.5253
84.2295
84.3688
84.7995
85.4903
86.4219
87.5668
88.8906
90.3605
91.947
93.6233
95.3647
97.1491
98.9571
100.772
102.583
104.376
106.137
107.863
109.548
111.181
112.759
131.624
128.211
125.1
122.132
119.362
116.746
114.236
111.81
109.464
107.194
104.993
102.855
100.808
98.8841
97.105
95.4877
94.0628
92.8639
91.9228
91.2705
90.9315
90.9397
91.1836
91.6394
92.2947
93.1286
94.1149
95.2286
96.4473
97.7498
99.1167
100.53
101.974
103.435
104.902
106.364
107.81
109.234
110.631
111.993
113.315
131.797
128.764
125.997
123.372
120.936
118.647
116.461
114.359
112.337
110.391
108.514
106.701
104.973
103.353
101.858
100.498
99.2971
98.2788
97.4663
96.8826
96.5457
96.4872
96.618
96.9204
97.387
98.0013
98.743
99.5929
100.534
101.549
102.624
103.744
104.896
106.068
107.253
108.44
109.62
110.789
111.941
113.069
114.169
131.966
129.255
126.779
124.444
122.287
120.269
118.351
116.517
114.761
113.08
111.467
109.918
108.448
107.076
105.812
104.666
103.652
102.789
102.095
101.585
101.272
101.184
101.248
101.45
101.788
102.247
102.811
103.466
104.198
104.994
105.843
106.733
107.653
108.595
109.551
110.513
111.474
112.43
113.377
114.307
115.218
132.131
129.695
127.469
125.379
123.458
121.669
119.976
118.365
116.83
115.368
113.972
112.64
111.383
110.213
109.14
108.17
107.313
106.583
105.992
105.553
105.274
105.177
105.202
105.34
105.588
105.937
106.372
106.882
107.457
108.086
108.76
109.47
110.208
110.966
111.739
112.52
113.302
114.084
114.861
115.628
116.38
132.292
130.092
128.081
126.202
124.482
122.887
121.384
119.961
118.613
117.334
116.12
114.968
113.886
112.884
111.969
111.144
110.418
109.8
109.3
108.924
108.681
108.587
108.59
108.686
108.873
109.142
109.482
109.884
110.34
110.842
111.381
111.951
112.545
113.158
113.785
114.42
115.059
115.699
116.337
116.969
117.59
132.446
130.451
128.627
126.93
125.383
123.954
122.614
121.351
120.16
119.036
117.975
116.974
116.038
115.177
114.393
113.69
113.074
112.55
112.126
111.808
111.599
111.513
111.506
111.574
111.718
111.929
112.199
112.52
112.885
113.288
113.723
114.184
114.665
115.163
115.674
116.192
116.715
117.241
117.765
118.287
118.8
132.594
130.778
129.117
127.577
126.18
124.895
123.694
122.569
121.512
120.52
119.589
118.715
117.903
117.159
116.486
115.885
115.36
114.916
114.558
114.289
114.111
114.036
114.024
114.075
114.188
114.357
114.574
114.832
115.128
115.455
115.808
116.184
116.577
116.983
117.401
117.826
118.256
118.689
119.122
119.553
119.978
132.735
131.075
129.556
128.155
126.888
125.727
124.648
123.64
122.699
121.821
121
120.235
119.528
118.884
118.303
117.788
117.341
116.964
116.661
116.434
116.285
116.221
116.208
116.247
116.338
116.475
116.652
116.863
117.105
117.373
117.662
117.97
118.292
118.627
118.971
119.321
119.676
120.033
120.392
120.75
121.103
132.869
131.345
129.952
128.672
127.519
126.466
125.492
124.587
123.746
122.966
122.24
121.568
120.951
120.391
119.89
119.448
119.065
118.746
118.49
118.299
118.174
118.121
118.109
118.141
118.215
118.329
118.475
118.649
118.848
119.069
119.308
119.562
119.829
120.105
120.39
120.68
120.974
121.271
121.569
121.867
122.161
132.995
131.591
130.309
129.135
128.082
127.124
126.242
125.427
124.673
123.977
123.334
122.742
122.202
121.715
121.281
120.9
120.574
120.302
120.086
119.927
119.823
119.78
119.77
119.796
119.859
119.954
120.076
120.221
120.387
120.571
120.77
120.981
121.202
121.432
121.669
121.91
122.155
122.402
122.651
122.9
123.145
133.113
131.816
130.631
129.551
128.585
127.711
126.909
126.172
125.495
124.873
124.302
123.779
123.305
122.88
122.505
122.177
121.898
121.667
121.485
121.352
121.267
121.233
121.226
121.249
121.302
121.383
121.486
121.608
121.747
121.901
122.068
122.244
122.429
122.621
122.819
123.021
123.225
123.433
123.641
123.849
124.055
133.224
132.02
130.922
129.924
129.036
128.235
127.504
126.836
126.226
125.668
125.16
124.698
124.281
123.91
123.585
123.303
123.064
122.868
122.715
122.605
122.535
122.509
122.504
122.525
122.572
122.641
122.729
122.833
122.95
123.08
123.22
123.369
123.524
123.686
123.852
124.021
124.193
124.367
124.541
124.717
124.889
133.327
132.205
131.183
130.258
129.438
128.702
128.034
127.427
126.875
126.375
125.921
125.512
125.146
124.822
124.54
124.297
124.093
123.927
123.799
123.708
123.652
123.632
123.631
123.65
123.692
123.752
123.827
123.916
124.016
124.126
124.245
124.371
124.502
124.638
124.778
124.92
125.065
125.211
125.358
125.507
125.652
133.423
132.373
131.418
130.558
129.798
129.118
128.506
127.952
127.453
127.003
126.598
126.235
125.913
125.63
125.385
125.176
125.003
124.863
124.756
124.681
124.637
124.623
124.624
124.643
124.68
124.733
124.798
124.875
124.961
125.055
125.156
125.262
125.373
125.489
125.607
125.727
125.849
125.973
126.097
126.222
126.345
133.511
132.524
131.628
130.825
130.118
129.489
128.925
128.419
127.966
127.56
127.199
126.877
126.593
126.346
126.134
125.955
125.808
125.691
125.602
125.541
125.507
125.499
125.502
125.521
125.554
125.601
125.659
125.725
125.799
125.88
125.966
126.057
126.151
126.249
126.349
126.452
126.555
126.66
126.765
126.87
126.974
133.591
132.659
131.816
131.062
130.402
129.817
129.297
128.833
128.421
128.055
127.731
127.446
127.196
126.981
126.798
126.645
126.521
126.423
126.35
126.302
126.276
126.272
126.278
126.296
126.327
126.369
126.419
126.477
126.542
126.611
126.685
126.763
126.844
126.927
127.012
127.099
127.187
127.275
127.364
127.454
127.541
133.664
132.78
131.982
131.271
130.652
130.107
129.625
129.199
128.823
128.492
128.202
127.949
127.73
127.543
127.386
127.256
127.151
127.07
127.012
126.974
126.956
126.956
126.964
126.982
127.012
127.05
127.095
127.146
127.202
127.262
127.326
127.393
127.462
127.533
127.606
127.68
127.754
127.829
127.905
127.981
128.055
133.73
132.887
132.127
131.455
130.871
130.361
129.912
129.52
129.176
128.877
128.617
128.393
128.201
128.039
127.905
127.795
127.708
127.642
127.596
127.567
127.555
127.559
127.569
127.587
127.615
127.65
127.69
127.735
127.784
127.837
127.892
127.95
128.009
128.07
128.132
128.195
128.258
128.322
128.386
128.451
128.513
133.789
132.98
132.254
131.614
131.061
130.58
130.162
129.799
129.484
129.213
128.981
128.782
128.615
128.475
128.361
128.269
128.198
128.146
128.111
128.091
128.085
128.093
128.105
128.124
128.151
128.183
128.22
128.26
128.304
128.35
128.399
128.449
128.5
128.552
128.605
128.659
128.713
128.767
128.821
128.876
128.929
133.841
133.059
132.361
131.749
131.222
130.768
130.376
130.039
129.75
129.505
129.296
129.121
128.976
128.856
128.76
128.685
128.628
128.587
128.562
128.549
128.548
128.558
128.572
128.591
128.617
128.647
128.68
128.717
128.756
128.796
128.839
128.882
128.927
128.972
129.018
129.064
129.11
129.156
129.202
129.248
129.293
133.885
133.126
132.451
131.861
131.357
130.925
130.556
130.242
129.976
129.753
129.567
129.413
129.287
129.187
129.107
129.047
129.003
128.974
128.958
128.953
128.958
128.972
128.988
129.009
129.035
129.064
129.096
129.13
129.165
129.202
129.239
129.278
129.317
129.356
129.395
129.434
129.473
129.513
129.552
129.591
129.628
133.923
133.18
132.522
131.95
131.464
131.051
130.702
130.409
130.164
129.961
129.795
129.661
129.553
129.469
129.405
129.357
129.325
129.305
129.296
129.297
129.305
129.321
129.339
129.36
129.385
129.413
129.442
129.473
129.505
129.538
129.572
129.606
129.64
129.674
129.708
129.742
129.776
129.81
129.843
129.876
129.908
133.953
133.221
132.576
132.018
131.546
131.148
130.816
130.54
130.314
130.13
129.982
129.865
129.774
129.706
129.657
129.623
129.603
129.595
129.596
129.605
129.62
129.641
129.662
129.687
129.713
129.742
129.771
129.801
129.832
129.863
129.893
129.924
129.954
129.984
130.014
130.043
130.072
130.1
130.128
130.156
130.182
133.977
133.251
132.614
132.066
131.604
131.219
130.9
130.639
130.428
130.26
130.129
130.028
129.953
129.899
129.862
129.839
129.827
129.826
129.831
129.844
129.861
129.883
129.906
129.931
129.957
129.985
130.013
130.041
130.07
130.098
130.126
130.154
130.181
130.208
130.234
130.26
130.286
130.311
130.335
130.359
130.382
133.994
133.269
132.635
132.093
131.639
131.263
130.955
130.707
130.509
130.356
130.239
130.152
130.092
130.053
130.031
130.024
130.028
130.04
130.059
130.083
130.109
130.139
130.167
130.197
130.227
130.257
130.287
130.316
130.345
130.372
130.399
130.425
130.45
130.474
130.498
130.52
130.542
130.563
130.583
130.603
130.622
134.002
133.266
132.627
132.084
131.633
131.263
130.965
130.729
130.546
130.407
130.304
130.232
130.183
130.154
130.141
130.139
130.147
130.163
130.184
130.21
130.239
130.269
130.299
130.33
130.36
130.39
130.419
130.448
130.475
130.502
130.527
130.552
130.575
130.598
130.619
130.64
130.659
130.678
130.696
130.713
130.73
134
133.245
132.594
132.043
131.589
131.222
130.931
130.704
130.533
130.408
130.323
130.269
130.242
130.236
130.247
130.271
130.304
130.343
130.384
130.426
130.467
130.508
130.547
130.584
130.62
130.655
130.688
130.718
130.747
130.775
130.801
130.825
130.847
130.869
130.889
130.907
130.925
130.941
130.957
130.972
130.986
125.735
133.171
139.071
142.364
144.219
145.368
145.927
146.065
145.939
145.641
145.238
144.775
144.283
143.782
143.287
142.806
142.345
141.906
141.492
141.102
140.736
140.394
140.074
139.776
139.499
139.24
138.999
138.775
138.566
138.372
138.191
138.022
137.864
137.716
137.577
137.446
137.324
137.208
137.099
136.997
136.9
136.809
136.724
136.643
136.567
136.495
136.428
136.364
136.303
136.245
136.191
136.139
136.09
136.042
135.997
135.954
135.912
135.872
135.833
135.795
135.759
135.723
135.689
135.655
135.622
135.59
135.559
135.529
135.5
135.473
135.445
135.428
135.393
135.406
124.725
132.721
138.887
142.413
144.366
145.519
146.053
146.161
146.006
145.684
145.26
144.781
144.275
143.764
143.261
142.775
142.309
141.868
141.452
141.061
140.694
140.352
140.033
139.736
139.459
139.201
138.962
138.739
138.531
138.338
138.158
137.991
137.834
137.687
137.549
137.42
137.298
137.184
137.076
136.975
136.879
136.789
136.704
136.624
136.549
136.478
136.411
136.348
136.288
136.231
136.177
136.126
136.077
136.03
135.985
135.942
135.901
135.861
135.823
135.786
135.749
135.714
135.68
135.647
135.614
135.582
135.551
135.522
135.493
135.467
135.438
135.422
135.387
135.4
123.974
131.531
138.349
142.328
144.462
145.662
146.191
146.273
146.086
145.734
145.285
144.786
144.265
143.742
143.23
142.737
142.267
141.823
141.404
141.012
140.646
140.304
139.986
139.689
139.413
139.157
138.919
138.697
138.491
138.3
138.122
137.955
137.8
137.655
137.519
137.391
137.27
137.157
137.05
136.95
136.855
136.766
136.683
136.604
136.529
136.459
136.393
136.331
136.271
136.215
136.162
136.111
136.063
136.017
135.972
135.93
135.889
135.85
135.812
135.775
135.739
135.705
135.671
135.638
135.606
135.574
135.544
135.514
135.485
135.46
135.432
135.415
135.381
135.393
123.576
130.508
137.648
142.059
144.456
145.751
146.302
146.379
146.169
145.788
145.312
144.79
144.251
143.714
143.193
142.692
142.217
141.769
141.349
140.956
140.589
140.248
139.93
139.635
139.361
139.106
138.869
138.65
138.446
138.256
138.08
137.915
137.762
137.618
137.484
137.358
137.239
137.127
137.022
136.923
136.829
136.741
136.659
136.581
136.508
136.439
136.373
136.312
136.253
136.198
136.145
136.095
136.048
136.002
135.959
135.917
135.877
135.838
135.8
135.764
135.729
135.694
135.661
135.628
135.596
135.565
135.535
135.506
135.478
135.452
135.424
135.408
135.374
135.387
123.693
130.12
137.073
141.655
144.314
145.753
146.355
146.44
146.223
145.826
145.331
144.788
144.23
143.678
143.145
142.637
142.156
141.704
141.282
140.888
140.522
140.181
139.865
139.571
139.299
139.047
138.812
138.595
138.393
138.206
138.032
137.87
137.719
137.577
137.445
137.32
137.203
137.093
136.99
136.892
136.8
136.714
136.632
136.556
136.484
136.416
136.352
136.291
136.234
136.179
136.127
136.078
136.031
135.986
135.944
135.902
135.863
135.825
135.788
135.752
135.717
135.683
135.65
135.618
135.587
135.556
135.526
135.498
135.469
135.444
135.417
135.4
135.367
135.38
124.069
130.226
136.787
141.308
144.08
145.642
146.325
146.441
146.222
145.816
145.312
144.759
144.19
143.627
143.084
142.567
142.081
141.626
141.202
140.808
140.442
140.103
139.788
139.497
139.227
138.977
138.746
138.531
138.333
138.148
137.977
137.818
137.669
137.53
137.4
137.278
137.163
137.055
136.953
136.858
136.768
136.683
136.603
136.528
136.457
136.39
136.328
136.268
136.212
136.158
136.108
136.059
136.013
135.969
135.927
135.887
135.848
135.81
135.774
135.739
135.705
135.671
135.639
135.607
135.576
135.546
135.517
135.488
135.46
135.436
135.409
135.393
135.36
135.372
124.567
130.59
136.741
141.137
143.873
145.454
146.197
146.363
146.161
145.75
145.236
144.676
144.104
143.541
142.995
142.475
141.986
141.529
141.104
140.71
140.346
140.009
139.697
139.409
139.142
138.896
138.668
138.457
138.262
138.081
137.914
137.758
137.612
137.476
137.349
137.23
137.118
137.012
136.913
136.819
136.731
136.648
136.57
136.497
136.427
136.362
136.301
136.243
136.188
136.136
136.086
136.039
135.994
135.951
135.91
135.87
135.832
135.795
135.759
135.725
135.691
135.659
135.627
135.596
135.565
135.536
135.506
135.479
135.451
135.427
135.4
135.384
135.352
135.364
125.246
131.016
136.745
141.052
143.734
145.263
146.005
146.202
146.027
145.627
145.11
144.539
143.959
143.394
142.854
142.341
141.857
141.404
140.982
140.59
140.229
139.895
139.587
139.304
139.042
138.8
138.577
138.37
138.18
138.003
137.84
137.688
137.547
137.414
137.291
137.175
137.066
136.963
136.866
136.775
136.689
136.609
136.533
136.461
136.394
136.331
136.271
136.215
136.161
136.11
136.062
136.016
135.972
135.93
135.89
135.851
135.814
135.778
135.743
135.71
135.677
135.645
135.614
135.583
135.553
135.524
135.495
135.468
135.441
135.417
135.391
135.375
135.343
135.356
126.218
131.448
136.607
140.849
143.545
145.061
145.79
145.987
145.824
145.437
144.929
144.358
143.771
143.197
142.653
142.143
141.67
141.23
140.82
140.438
140.084
139.757
139.455
139.177
138.921
138.686
138.468
138.268
138.083
137.912
137.754
137.607
137.47
137.343
137.223
137.111
137.006
136.906
136.813
136.725
136.642
136.564
136.491
136.422
136.357
136.296
136.238
136.183
136.131
136.082
136.036
135.991
135.948
135.908
135.869
135.831
135.795
135.76
135.726
135.693
135.661
135.63
135.599
135.57
135.54
135.512
135.484
135.457
135.43
135.407
135.381
135.366
135.334
135.347
127.37
131.814
136.241
140.355
143.104
144.67
145.462
145.708
145.572
145.193
144.687
144.122
143.538
142.965
142.416
141.901
141.427
140.993
140.596
140.231
139.894
139.582
139.292
139.024
138.776
138.549
138.339
138.146
137.968
137.804
137.653
137.512
137.381
137.259
137.145
137.038
136.937
136.842
136.752
136.668
136.588
136.513
136.443
136.377
136.315
136.256
136.2
136.148
136.098
136.051
136.006
135.963
135.922
135.883
135.845
135.809
135.774
135.74
135.707
135.675
135.644
135.614
135.584
135.555
135.526
135.499
135.471
135.445
135.419
135.396
135.37
135.355
135.325
135.337
128.184
131.857
135.499
139.362
142.197
143.881
144.798
145.181
145.161
144.862
144.397
143.847
143.267
142.693
142.143
141.628
141.153
140.719
140.324
139.967
139.644
139.35
139.079
138.829
138.597
138.382
138.184
138.001
137.832
137.677
137.533
137.4
137.277
137.161
137.053
136.952
136.857
136.766
136.682
136.602
136.526
136.455
136.389
136.326
136.267
136.211
136.158
136.108
136.061
136.016
135.973
135.932
135.893
135.855
135.819
135.784
135.751
135.718
135.686
135.656
135.626
135.596
135.567
135.539
135.511
135.484
135.458
135.432
135.407
135.384
135.359
135.345
135.315
135.327
128.097
131.228
134.222
137.671
140.504
142.358
143.493
144.118
144.327
144.222
143.907
143.464
142.95
142.405
141.862
141.343
140.862
140.422
140.025
139.668
139.35
139.065
138.808
138.577
138.366
138.171
137.991
137.823
137.668
137.524
137.391
137.268
137.154
137.047
136.946
136.852
136.763
136.679
136.6
136.525
136.455
136.388
136.326
136.267
136.212
136.16
136.11
136.063
136.019
135.976
135.936
135.897
135.86
135.824
135.79
135.757
135.725
135.694
135.664
135.634
135.605
135.577
135.549
135.522
135.495
135.469
135.443
135.418
135.393
135.371
135.347
135.333
135.304
135.317
127.068
129.836
132.401
135.349
137.982
139.919
141.274
142.191
142.728
142.938
142.899
142.684
142.352
141.947
141.502
141.043
140.587
140.15
139.743
139.373
139.044
138.753
138.498
138.276
138.079
137.904
137.745
137.6
137.465
137.339
137.221
137.111
137.008
136.911
136.82
136.735
136.654
136.577
136.505
136.436
136.372
136.311
136.254
136.2
136.149
136.101
136.055
136.012
135.971
135.931
135.894
135.858
135.823
135.79
135.758
135.727
135.696
135.667
135.638
135.61
135.583
135.556
135.529
135.503
135.478
135.452
135.427
135.403
135.379
135.358
135.334
135.321
135.292
135.306
125.301
127.776
130.074
132.596
134.957
136.876
138.366
139.504
140.323
140.85
141.135
141.229
141.177
141.014
140.77
140.473
140.144
139.801
139.455
139.115
138.79
138.487
138.214
137.974
137.768
137.593
137.445
137.318
137.206
137.104
137.008
136.918
136.832
136.75
136.671
136.596
136.525
136.458
136.394
136.333
136.276
136.221
136.17
136.122
136.077
136.033
135.992
135.953
135.916
135.88
135.846
135.813
135.782
135.751
135.721
135.693
135.665
135.637
135.61
135.584
135.558
135.533
135.508
135.483
135.458
135.434
135.41
135.387
135.364
135.343
135.321
135.308
135.28
135.294
123.044
125.273
127.385
129.605
131.721
133.562
135.108
136.387
137.411
138.19
138.75
139.127
139.353
139.458
139.466
139.399
139.273
139.102
138.9
138.678
138.444
138.207
137.971
137.741
137.525
137.329
137.159
137.018
136.903
136.811
136.736
136.671
136.61
136.551
136.492
136.433
136.374
136.317
136.263
136.211
136.163
136.117
136.073
136.032
135.993
135.956
135.92
135.886
135.853
135.822
135.792
135.763
135.735
135.707
135.68
135.654
135.629
135.604
135.579
135.555
135.531
135.507
135.484
135.461
135.437
135.415
135.392
135.37
135.348
135.328
135.306
135.294
135.267
135.281
120.554
122.579
124.528
126.523
128.438
130.179
131.727
133.083
134.245
135.211
135.993
136.608
137.077
137.421
137.66
137.814
137.898
137.927
137.91
137.856
137.772
137.663
137.535
137.396
137.249
137.099
136.949
136.804
136.67
136.553
136.457
136.384
136.329
136.288
136.253
136.221
136.186
136.15
136.111
136.071
136.032
135.995
135.96
135.927
135.895
135.865
135.836
135.808
135.781
135.755
135.73
135.705
135.681
135.657
135.634
135.611
135.589
135.567
135.545
135.523
135.501
135.479
135.458
135.436
135.415
135.393
135.372
135.351
135.33
135.311
135.29
135.279
135.253
135.268
118.103
119.937
121.723
123.523
125.265
126.896
128.403
129.779
131.015
132.106
133.05
133.854
134.527
135.08
135.527
135.882
136.157
136.366
136.52
136.629
136.7
136.739
136.752
136.74
136.708
136.659
136.597
136.526
136.447
136.363
136.277
136.192
136.114
136.049
135.999
135.964
135.94
135.922
135.906
135.89
135.871
135.85
135.828
135.805
135.783
135.761
135.74
135.719
135.698
135.678
135.659
135.639
135.62
135.601
135.582
135.563
135.544
135.525
135.506
135.486
135.467
135.448
135.429
135.409
135.389
135.37
135.35
135.33
135.311
135.293
135.273
135.263
135.239
135.254
116.115
117.756
119.369
120.982
122.556
124.063
125.491
126.833
128.08
129.221
130.254
131.178
131.993
132.705
133.319
133.843
134.286
134.657
134.964
135.217
135.423
135.591
135.725
135.831
135.912
135.97
136.007
136.024
136.023
136.009
135.984
135.95
135.911
135.867
135.821
135.777
135.74
135.711
135.693
135.683
135.678
135.675
135.67
135.663
135.654
135.643
135.631
135.619
135.606
135.593
135.579
135.566
135.552
135.538
135.523
135.509
135.494
135.478
135.463
135.447
135.43
135.414
135.397
135.379
135.362
135.344
135.326
135.308
135.29
135.274
135.255
135.245
135.223
135.239
114.805
116.246
117.678
119.106
120.512
121.88
123.202
124.47
125.675
126.808
127.865
128.84
129.732
130.54
131.265
131.911
132.481
132.982
133.418
133.795
134.12
134.399
134.636
134.839
135.01
135.153
135.273
135.37
135.446
135.505
135.546
135.572
135.587
135.592
135.589
135.581
135.567
135.55
135.532
135.516
135.506
135.502
135.503
135.507
135.512
135.514
135.514
135.511
135.507
135.501
135.494
135.487
135.479
135.47
135.461
135.451
135.44
135.429
135.417
135.404
135.391
135.377
135.363
135.348
135.333
135.317
135.301
135.285
135.268
135.253
135.236
135.227
135.206
135.224
114.145
115.386
116.631
117.876
119.113
120.333
121.529
122.694
123.821
124.902
125.932
126.905
127.818
128.667
129.45
130.169
130.822
131.413
131.944
132.418
132.839
133.212
133.541
133.829
134.081
134.301
134.492
134.657
134.799
134.921
135.024
135.11
135.181
135.237
135.28
135.312
135.336
135.352
135.361
135.365
135.364
135.361
135.359
135.36
135.365
135.374
135.384
135.393
135.399
135.403
135.404
135.404
135.402
135.399
135.395
135.389
135.383
135.376
135.368
135.359
135.349
135.338
135.327
135.315
135.302
135.288
135.274
135.26
135.245
135.231
135.215
135.208
135.188
135.208
114.044
115.093
116.153
117.219
118.288
119.355
120.414
121.459
122.484
123.483
124.452
125.384
126.275
127.12
127.918
128.666
129.361
130.005
130.597
131.138
131.63
132.076
132.478
132.839
133.161
133.448
133.703
133.929
134.128
134.304
134.458
134.594
134.714
134.818
134.907
134.983
135.047
135.099
135.14
135.173
135.198
135.216
135.228
135.236
135.241
135.247
135.256
135.268
135.282
135.295
135.306
135.314
135.32
135.323
135.324
135.324
135.323
135.32
135.316
135.311
135.305
135.297
135.289
135.279
135.269
135.257
135.245
135.233
135.22
135.208
135.194
135.188
135.169
135.192
114.386
115.256
116.143
117.04
117.949
118.864
119.783
120.7
121.61
122.51
123.394
124.258
125.097
125.907
126.684
127.426
128.129
128.792
129.413
129.992
130.529
131.024
131.479
131.895
132.274
132.617
132.928
133.207
133.457
133.682
133.882
134.062
134.222
134.364
134.492
134.606
134.707
134.796
134.872
134.937
134.991
135.035
135.07
135.098
135.12
135.136
135.148
135.159
135.17
135.184
135.2
135.216
135.23
135.241
135.249
135.255
135.259
135.261
135.261
135.26
135.257
135.253
135.248
135.242
135.234
135.225
135.215
135.205
135.193
135.183
135.171
135.166
135.148
135.175
115.056
115.768
116.497
117.242
118.001
118.774
119.557
120.345
121.138
121.929
122.717
123.496
124.263
125.015
125.746
126.455
127.138
127.792
128.415
129.006
129.562
130.085
130.572
131.025
131.443
131.829
132.183
132.506
132.801
133.069
133.311
133.53
133.727
133.905
134.066
134.211
134.341
134.459
134.565
134.66
134.744
134.816
134.878
134.929
134.972
135.007
135.035
135.057
135.074
135.088
135.102
135.118
135.135
135.152
135.168
135.181
135.191
135.198
135.203
135.206
135.207
135.207
135.205
135.202
135.197
135.191
135.183
135.175
135.166
135.157
135.146
135.143
135.127
135.157
115.95
116.525
117.117
117.727
118.354
118.997
119.653
120.321
120.998
121.681
122.367
123.055
123.739
124.418
125.088
125.745
126.387
127.011
127.614
128.194
128.749
129.276
129.776
130.248
130.69
131.103
131.488
131.844
132.173
132.475
132.753
133.006
133.238
133.448
133.64
133.813
133.971
134.114
134.244
134.362
134.469
134.565
134.652
134.728
134.794
134.85
134.897
134.936
134.968
134.994
135.015
135.032
135.048
135.065
135.082
135.1
135.116
135.13
135.141
135.149
135.155
135.158
135.16
135.16
135.158
135.154
135.149
135.143
135.136
135.129
135.12
135.119
135.103
135.14
116.983
117.443
117.918
118.412
118.925
119.453
119.996
120.553
121.123
121.702
122.291
122.885
123.484
124.084
124.683
125.277
125.865
126.443
127.009
127.561
128.096
128.612
129.107
129.58
130.03
130.456
130.858
131.234
131.586
131.914
132.219
132.5
132.76
132.999
133.218
133.418
133.602
133.769
133.921
134.06
134.187
134.302
134.407
134.503
134.589
134.666
134.733
134.791
134.841
134.883
134.917
134.946
134.969
134.988
135.005
135.022
135.039
135.057
135.073
135.087
135.098
135.106
135.112
135.115
135.116
135.116
135.114
135.11
135.105
135.1
135.092
135.093
135.078
135.122
118.086
118.451
118.829
119.227
119.642
120.072
120.517
120.976
121.449
121.935
122.432
122.938
123.452
123.973
124.497
125.024
125.55
126.073
126.592
127.103
127.605
128.094
128.571
129.031
129.475
129.9
130.305
130.691
131.055
131.399
131.721
132.023
132.304
132.565
132.807
133.03
133.236
133.425
133.599
133.758
133.904
134.037
134.159
134.27
134.371
134.464
134.548
134.624
134.691
134.75
134.8
134.843
134.879
134.908
134.933
134.953
134.97
134.987
135.004
135.021
135.037
135.05
135.061
135.068
135.073
135.075
135.076
135.075
135.072
135.069
135.062
135.066
135.05
135.105
119.209
119.497
119.797
120.115
120.448
120.796
121.157
121.533
121.922
122.324
122.738
123.163
123.599
124.044
124.496
124.954
125.416
125.88
126.345
126.808
127.268
127.721
128.168
128.604
129.03
129.442
129.84
130.223
130.59
130.939
131.27
131.583
131.878
132.155
132.414
132.655
132.88
133.088
133.281
133.458
133.622
133.772
133.91
134.036
134.152
134.258
134.355
134.443
134.524
134.598
134.664
134.721
134.771
134.814
134.85
134.879
134.904
134.924
134.942
134.958
134.974
134.99
135.005
135.017
135.026
135.033
135.036
135.038
135.037
135.036
135.031
135.037
135.02
135.089
120.315
120.542
120.778
121.032
121.299
121.579
121.87
122.175
122.492
122.822
123.164
123.518
123.883
124.257
124.642
125.034
125.433
125.838
126.248
126.659
127.072
127.483
127.892
128.297
128.695
129.086
129.468
129.838
130.197
130.542
130.874
131.19
131.492
131.777
132.047
132.301
132.539
132.762
132.97
133.163
133.343
133.509
133.662
133.803
133.932
134.051
134.16
134.26
134.352
134.436
134.514
134.584
134.647
134.703
134.752
134.793
134.828
134.857
134.881
134.901
134.918
134.933
134.948
134.963
134.976
134.986
134.994
134.998
135
135.002
134.998
135.007
134.986
135.075
121.382
121.56
121.745
121.947
122.161
122.384
122.619
122.865
123.122
123.391
123.671
123.963
124.265
124.578
124.901
125.233
125.573
125.922
126.276
126.636
127
127.367
127.735
128.102
128.468
128.83
129.187
129.538
129.881
130.215
130.538
130.851
131.151
131.439
131.713
131.974
132.221
132.454
132.673
132.878
133.07
133.249
133.416
133.57
133.713
133.845
133.966
134.077
134.18
134.274
134.36
134.44
134.512
134.579
134.639
134.693
134.739
134.779
134.812
134.84
134.863
134.881
134.897
134.911
134.924
134.937
134.948
134.956
134.961
134.965
134.963
134.975
134.947
135.065
122.392
122.532
122.678
122.838
123.008
123.187
123.375
123.573
123.781
123.999
124.227
124.466
124.715
124.974
125.242
125.521
125.808
126.104
126.407
126.718
127.034
127.356
127.681
128.009
128.338
128.668
128.996
129.321
129.642
129.958
130.268
130.57
130.863
131.146
131.419
131.68
131.93
132.168
132.394
132.608
132.809
132.998
133.175
133.341
133.495
133.638
133.771
133.894
134.007
134.111
134.207
134.295
134.376
134.45
134.518
134.581
134.637
134.688
134.732
134.769
134.8
134.826
134.846
134.863
134.877
134.889
134.9
134.911
134.919
134.926
134.925
134.941
134.901
135.063
123.339
123.449
123.563
123.69
123.826
123.968
124.119
124.277
124.445
124.621
124.807
125.001
125.205
125.418
125.64
125.871
126.111
126.36
126.617
126.882
127.154
127.432
127.716
128.004
128.296
128.591
128.887
129.183
129.479
129.772
130.063
130.348
130.628
130.901
131.167
131.425
131.673
131.911
132.139
132.357
132.564
132.76
132.945
133.119
133.282
133.435
133.578
133.71
133.833
133.947
134.052
134.149
134.239
134.32
134.396
134.465
134.529
134.587
134.64
134.687
134.727
134.762
134.79
134.813
134.831
134.845
134.856
134.866
134.875
134.884
134.885
134.905
134.849
135.073
124.217
124.303
124.392
124.493
124.602
124.716
124.836
124.964
125.098
125.241
125.391
125.549
125.715
125.889
126.072
126.263
126.462
126.67
126.885
127.109
127.34
127.578
127.823
128.073
128.329
128.588
128.852
129.118
129.385
129.653
129.92
130.186
130.449
130.708
130.962
131.21
131.452
131.686
131.912
132.13
132.339
132.538
132.728
132.907
133.077
133.237
133.388
133.529
133.661
133.783
133.897
134.003
134.101
134.191
134.273
134.349
134.419
134.483
134.542
134.596
134.644
134.687
134.724
134.755
134.78
134.799
134.814
134.825
134.833
134.842
134.842
134.866
134.794
135.091
125.025
125.093
125.163
125.244
125.331
125.422
125.518
125.62
125.729
125.843
125.965
126.093
126.228
126.37
126.52
126.677
126.841
127.014
127.194
127.381
127.576
127.778
127.986
128.201
128.422
128.649
128.88
129.115
129.354
129.595
129.837
130.08
130.323
130.564
130.803
131.038
131.27
131.496
131.716
131.93
132.137
132.336
132.527
132.71
132.884
133.049
133.205
133.352
133.491
133.621
133.743
133.856
133.962
134.059
134.15
134.233
134.309
134.38
134.444
134.503
134.557
134.606
134.65
134.688
134.721
134.747
134.768
134.784
134.794
134.803
134.802
134.827
134.749
135.091
125.766
125.82
125.875
125.939
126.009
126.082
126.159
126.241
126.329
126.421
126.519
126.623
126.732
126.848
126.971
127.099
127.235
127.377
127.526
127.683
127.846
128.016
128.192
128.375
128.565
128.76
128.961
129.167
129.377
129.59
129.807
130.027
130.247
130.468
130.689
130.909
131.127
131.342
131.553
131.76
131.961
132.157
132.346
132.529
132.704
132.872
133.032
133.183
133.327
133.463
133.591
133.711
133.823
133.928
134.025
134.115
134.199
134.276
134.346
134.41
134.469
134.523
134.571
134.615
134.654
134.687
134.715
134.736
134.751
134.763
134.764
134.788
134.731
135.027
126.441
126.484
126.527
126.579
126.635
126.694
126.756
126.822
126.892
126.967
127.046
127.13
127.22
127.314
127.414
127.519
127.63
127.748
127.871
128.001
128.136
128.279
128.427
128.582
128.743
128.91
129.083
129.261
129.444
129.632
129.824
130.019
130.217
130.417
130.619
130.821
131.023
131.224
131.423
131.62
131.813
132.003
132.188
132.367
132.541
132.709
132.87
133.024
133.171
133.311
133.444
133.569
133.687
133.797
133.901
133.997
134.087
134.17
134.247
134.317
134.381
134.44
134.493
134.54
134.583
134.622
134.654
134.682
134.703
134.719
134.726
134.745
134.737
134.868
127.056
127.089
127.124
127.165
127.211
127.258
127.308
127.362
127.418
127.479
127.543
127.611
127.684
127.761
127.842
127.928
128.02
128.116
128.218
128.325
128.438
128.557
128.681
128.811
128.947
129.089
129.237
129.39
129.548
129.711
129.879
130.051
130.227
130.406
130.587
130.771
130.956
131.142
131.327
131.512
131.695
131.875
132.053
132.227
132.397
132.562
132.722
132.877
133.025
133.167
133.303
133.432
133.554
133.669
133.778
133.88
133.976
134.064
134.147
134.223
134.292
134.356
134.414
134.466
134.513
134.554
134.591
134.622
134.648
134.668
134.683
134.694
134.74
134.64
127.611
127.637
127.665
127.699
127.736
127.774
127.815
127.858
127.904
127.953
128.005
128.061
128.12
128.183
128.249
128.32
128.395
128.474
128.558
128.647
128.741
128.839
128.943
129.052
129.167
129.287
129.412
129.543
129.679
129.819
129.965
130.115
130.27
130.428
130.59
130.755
130.923
131.092
131.262
131.433
131.604
131.774
131.943
132.109
132.273
132.434
132.591
132.743
132.891
133.033
133.17
133.301
133.427
133.546
133.659
133.765
133.865
133.959
134.047
134.128
134.203
134.272
134.335
134.391
134.442
134.487
134.526
134.56
134.589
134.611
134.632
134.633
134.705
134.427
128.114
128.135
128.157
128.184
128.215
128.246
128.279
128.314
128.352
128.392
128.435
128.48
128.528
128.58
128.634
128.692
128.754
128.819
128.888
128.962
129.039
129.122
129.208
129.299
129.396
129.497
129.603
129.714
129.829
129.95
130.076
130.206
130.341
130.48
130.623
130.77
130.92
131.072
131.227
131.383
131.541
131.699
131.857
132.015
132.171
132.325
132.477
132.625
132.77
132.911
133.048
133.18
133.307
133.428
133.544
133.654
133.758
133.856
133.948
134.034
134.113
134.187
134.255
134.316
134.371
134.42
134.463
134.499
134.529
134.552
134.575
134.567
134.627
134.308
128.563
128.58
128.598
128.621
128.646
128.671
128.699
128.728
128.759
128.791
128.827
128.864
128.904
128.946
128.991
129.039
129.089
129.143
129.201
129.262
129.326
129.395
129.467
129.543
129.624
129.709
129.799
129.893
129.991
130.095
130.203
130.315
130.432
130.553
130.679
130.808
130.941
131.078
131.217
131.359
131.503
131.648
131.795
131.942
132.089
132.235
132.38
132.524
132.664
132.803
132.937
133.068
133.195
133.317
133.435
133.547
133.654
133.755
133.851
133.941
134.025
134.103
134.174
134.24
134.299
134.352
134.398
134.438
134.47
134.494
134.515
134.504
134.529
134.29
128.971
128.985
129
129.018
129.039
129.06
129.083
129.107
129.132
129.159
129.188
129.219
129.252
129.287
129.324
129.364
129.406
129.451
129.498
129.549
129.603
129.66
129.72
129.784
129.852
129.923
129.999
130.078
130.162
130.25
130.343
130.439
130.54
130.646
130.755
130.869
130.986
131.107
131.231
131.359
131.489
131.622
131.756
131.892
132.029
132.166
132.303
132.44
132.575
132.709
132.84
132.968
133.094
133.216
133.333
133.447
133.556
133.659
133.758
133.851
133.938
134.02
134.095
134.165
134.228
134.284
134.334
134.376
134.411
134.436
134.455
134.447
134.443
134.319
129.329
129.34
129.352
129.368
129.385
129.403
129.422
129.442
129.463
129.486
129.51
129.536
129.564
129.593
129.624
129.657
129.692
129.73
129.77
129.812
129.857
129.905
129.956
130.01
130.067
130.128
130.192
130.259
130.331
130.406
130.485
130.568
130.655
130.747
130.842
130.941
131.044
131.151
131.262
131.376
131.493
131.613
131.736
131.86
131.987
132.115
132.243
132.372
132.501
132.629
132.756
132.881
133.003
133.124
133.241
133.354
133.464
133.569
133.669
133.765
133.855
133.94
134.018
134.091
134.158
134.217
134.27
134.315
134.352
134.38
134.398
134.396
134.381
134.338
129.659
129.668
129.678
129.691
129.706
129.721
129.737
129.754
129.772
129.791
129.811
129.833
129.856
129.881
129.907
129.935
129.964
129.996
130.029
130.065
130.103
130.143
130.186
130.232
130.28
130.331
130.385
130.443
130.504
130.568
130.636
130.707
130.782
130.861
130.944
131.03
131.12
131.214
131.312
131.413
131.518
131.626
131.737
131.85
131.966
132.084
132.203
132.324
132.445
132.566
132.687
132.808
132.927
133.044
133.159
133.271
133.38
133.486
133.587
133.684
133.776
133.863
133.945
134.02
134.089
134.152
134.207
134.255
134.295
134.324
134.343
134.348
134.334
134.33
129.934
129.942
129.95
129.962
129.975
129.988
130.001
130.016
130.032
130.048
130.066
130.084
130.104
130.125
130.148
130.172
130.197
130.224
130.253
130.283
130.316
130.35
130.387
130.426
130.468
130.512
130.558
130.608
130.66
130.715
130.774
130.836
130.901
130.97
131.042
131.118
131.197
131.28
131.367
131.457
131.55
131.647
131.748
131.851
131.956
132.065
132.175
132.287
132.401
132.516
132.631
132.746
132.861
132.974
133.087
133.197
133.305
133.41
133.512
133.609
133.703
133.791
133.875
133.953
134.024
134.089
134.147
134.197
134.239
134.271
134.292
134.302
134.294
134.301
130.204
130.21
130.218
130.228
130.239
130.25
130.262
130.275
130.288
130.303
130.318
130.334
130.351
130.369
130.388
130.409
130.43
130.454
130.478
130.504
130.532
130.562
130.593
130.627
130.662
130.7
130.74
130.782
130.827
130.875
130.926
130.979
131.036
131.095
131.158
131.224
131.293
131.366
131.442
131.522
131.605
131.692
131.782
131.874
131.97
132.069
132.17
132.274
132.379
132.486
132.594
132.703
132.812
132.921
133.03
133.137
133.243
133.346
133.447
133.544
133.638
133.727
133.811
133.89
133.964
134.03
134.09
134.142
134.186
134.22
134.244
134.258
134.255
134.267
130.401
130.406
130.412
130.422
130.432
130.442
130.453
130.464
130.476
130.489
130.503
130.517
130.533
130.549
130.566
130.584
130.604
130.625
130.646
130.67
130.695
130.721
130.749
130.778
130.81
130.843
130.879
130.916
130.956
130.998
131.043
131.09
131.14
131.193
131.249
131.308
131.37
131.435
131.503
131.575
131.65
131.728
131.809
131.894
131.982
132.072
132.166
132.262
132.36
132.46
132.563
132.666
132.77
132.875
132.98
133.084
133.187
133.289
133.388
133.485
133.579
133.668
133.753
133.834
133.908
133.977
134.038
134.092
134.137
134.174
134.2
134.217
134.218
134.235
130.637
130.641
130.647
130.655
130.664
130.674
130.683
130.693
130.704
130.715
130.728
130.74
130.754
130.768
130.784
130.8
130.817
130.835
130.854
130.875
130.896
130.919
130.944
130.97
130.997
131.026
131.057
131.09
131.124
131.161
131.2
131.242
131.285
131.331
131.38
131.432
131.486
131.543
131.604
131.667
131.733
131.803
131.876
131.952
132.03
132.112
132.197
132.285
132.375
132.468
132.562
132.658
132.756
132.855
132.954
133.054
133.153
133.251
133.347
133.442
133.533
133.622
133.706
133.786
133.86
133.929
133.991
134.046
134.092
134.13
134.158
134.177
134.18
134.202
130.742
130.745
130.752
130.76
130.769
130.778
130.787
130.797
130.807
130.818
130.83
130.842
130.855
130.868
130.883
130.898
130.914
130.932
130.95
130.969
130.989
131.011
131.034
131.058
131.084
131.111
131.139
131.17
131.202
131.236
131.272
131.31
131.351
131.394
131.439
131.486
131.537
131.59
131.645
131.704
131.766
131.83
131.898
131.969
132.043
132.12
132.199
132.282
132.367
132.455
132.546
132.638
132.732
132.827
132.924
133.021
133.117
133.214
133.309
133.402
133.494
133.582
133.666
133.747
133.822
133.891
133.954
134.01
134.057
134.097
134.126
134.148
134.152
134.178
130.996
131
131.006
131.014
131.022
131.03
131.038
131.047
131.057
131.067
131.077
131.088
131.1
131.112
131.125
131.139
131.154
131.169
131.185
131.202
131.22
131.239
131.259
131.28
131.303
131.327
131.352
131.379
131.407
131.436
131.468
131.501
131.536
131.574
131.613
131.655
131.699
131.745
131.794
131.845
131.899
131.956
132.016
132.078
132.144
132.212
132.283
132.357
132.434
132.513
132.595
132.679
132.765
132.852
132.941
133.031
133.121
133.211
133.3
133.388
133.475
133.558
133.639
133.716
133.788
133.855
133.915
133.969
134.016
134.054
134.083
134.105
134.109
134.137
134.83
135.612
136.311
136.921
137.445
137.892
138.268
138.582
138.844
139.061
139.24
139.387
139.506
139.603
139.682
139.745
139.794
139.834
139.864
139.887
139.905
139.917
139.926
139.932
139.935
139.936
139.936
139.934
139.932
139.929
139.925
139.921
139.917
139.913
139.909
139.905
139.9
139.896
139.892
139.888
139.884
134.821
135.582
136.266
136.864
137.381
137.824
138.2
138.518
138.785
139.009
139.196
139.351
139.479
139.585
139.672
139.743
139.8
139.847
139.884
139.913
139.936
139.953
139.966
139.976
139.982
139.986
139.988
139.989
139.988
139.986
139.983
139.98
139.976
139.972
139.967
139.963
139.958
139.953
139.948
139.943
139.938
134.811
135.56
136.236
136.828
137.342
137.786
138.166
138.49
138.766
138.999
139.195
139.36
139.498
139.613
139.708
139.787
139.852
139.905
139.947
139.981
140.008
140.028
140.044
140.056
140.064
140.069
140.072
140.073
140.073
140.071
140.068
140.065
140.06
140.055
140.05
140.044
140.038
140.032
140.026
140.02
140.013
134.803
135.552
136.231
136.824
137.341
137.79
138.177
138.509
138.793
139.035
139.24
139.415
139.562
139.686
139.789
139.876
139.948
140.007
140.056
140.095
140.127
140.151
140.17
140.184
140.195
140.202
140.206
140.208
140.208
140.207
140.204
140.2
140.195
140.19
140.183
140.177
140.169
140.162
140.154
140.146
140.137
134.796
135.552
136.239
136.837
137.361
137.817
138.212
138.553
138.847
139.099
139.315
139.5
139.658
139.792
139.905
140.001
140.081
140.147
140.202
140.247
140.284
140.311
140.334
140.351
140.363
140.372
140.377
140.38
140.38
140.378
140.375
140.37
140.364
140.357
140.349
140.34
140.331
140.321
140.311
140.301
140.29
134.787
135.555
136.254
136.861
137.394
137.86
138.266
138.619
138.926
139.191
139.42
139.617
139.787
139.933
140.057
140.162
140.252
140.327
140.389
140.44
140.482
140.513
140.539
140.559
140.574
140.584
140.59
140.593
140.593
140.591
140.587
140.581
140.573
140.564
140.555
140.544
140.532
140.52
140.508
140.494
140.481
134.777
135.562
136.278
136.898
137.445
137.925
138.345
138.712
139.033
139.313
139.557
139.769
139.952
140.111
140.247
140.364
140.463
140.547
140.617
140.675
140.722
140.757
140.787
140.81
140.826
140.837
140.844
140.847
140.847
140.844
140.838
140.831
140.822
140.811
140.798
140.785
140.771
140.755
140.739
140.723
140.706
134.768
135.576
136.313
136.95
137.515
138.012
138.449
138.833
139.171
139.468
139.728
139.955
140.154
140.327
140.476
140.605
140.715
140.808
140.887
140.952
141.005
141.045
141.079
141.104
141.123
141.135
141.142
141.145
141.144
141.14
141.133
141.123
141.111
141.097
141.082
141.065
141.048
141.029
141.009
140.988
140.968
134.758
135.595
136.359
137.018
137.604
138.121
138.578
138.982
139.339
139.655
139.933
140.178
140.394
140.582
140.746
140.888
141.01
141.114
141.202
141.275
141.334
141.379
141.416
141.445
141.465
141.478
141.485
141.488
141.486
141.48
141.47
141.458
141.443
141.426
141.407
141.387
141.365
141.341
141.317
141.292
141.267
134.749
135.621
136.417
137.102
137.713
138.254
138.734
139.16
139.54
139.876
140.175
140.44
140.673
140.879
141.059
141.216
141.351
141.467
141.565
141.646
141.712
141.762
141.803
141.834
141.856
141.87
141.877
141.878
141.875
141.866
141.854
141.839
141.82
141.799
141.776
141.75
141.723
141.695
141.665
141.634
141.604
134.74
135.654
136.486
137.203
137.843
138.412
138.918
139.37
139.774
140.135
140.456
140.742
140.996
141.221
141.419
141.592
141.741
141.87
141.978
142.069
142.142
142.197
142.242
142.276
142.299
142.313
142.32
142.32
142.314
142.303
142.287
142.267
142.244
142.218
142.189
142.159
142.126
142.091
142.055
142.018
141.981
134.732
135.693
136.569
137.322
137.996
138.597
139.133
139.613
140.045
140.432
140.779
141.089
141.366
141.612
141.829
142.019
142.185
142.327
142.447
142.548
142.629
142.689
142.738
142.774
142.799
142.813
142.818
142.816
142.807
142.792
142.772
142.747
142.718
142.686
142.651
142.614
142.574
142.532
142.489
142.444
142.4
134.726
135.742
136.667
137.462
138.175
138.811
139.38
139.893
140.356
140.773
141.147
141.484
141.786
142.055
142.294
142.504
142.686
142.844
142.977
143.088
143.177
143.243
143.296
143.334
143.359
143.373
143.376
143.371
143.358
143.338
143.312
143.281
143.246
143.207
143.164
143.119
143.071
143.021
142.969
142.915
142.862
134.722
135.8
136.781
137.623
138.38
139.057
139.665
140.214
140.711
141.161
141.567
141.933
142.263
142.558
142.82
143.051
143.252
143.426
143.573
143.695
143.794
143.865
143.921
143.962
143.986
143.998
143.999
143.989
143.971
143.945
143.912
143.874
143.83
143.782
143.731
143.676
143.618
143.558
143.496
143.432
143.369
134.721
135.869
136.914
137.81
138.616
139.339
139.989
140.58
141.116
141.602
142.043
142.442
142.802
143.126
143.414
143.668
143.89
144.082
144.244
144.378
144.485
144.562
144.621
144.663
144.687
144.696
144.692
144.677
144.652
144.618
144.577
144.529
144.475
144.416
144.354
144.287
144.218
144.146
144.072
143.996
143.921
134.725
135.952
137.068
138.024
138.887
139.661
140.36
140.996
141.575
142.103
142.582
143.018
143.412
143.767
144.084
144.364
144.609
144.82
144.998
145.144
145.261
145.342
145.404
145.446
145.467
145.472
145.462
145.44
145.406
145.362
145.31
145.25
145.184
145.113
145.036
144.956
144.873
144.787
144.699
144.608
144.519
134.733
136.049
137.246
138.271
139.197
140.028
140.782
141.469
142.097
142.671
143.193
143.669
144.102
144.492
144.84
145.149
145.418
145.65
145.846
146.005
146.13
146.216
146.279
146.32
146.337
146.335
146.317
146.285
146.239
146.183
146.117
146.042
145.961
145.874
145.781
145.685
145.584
145.481
145.376
145.269
145.162
134.749
136.165
137.452
138.555
139.551
140.448
141.263
142.007
142.69
143.315
143.886
144.407
144.882
145.311
145.695
146.035
146.332
146.586
146.8
146.972
147.106
147.195
147.257
147.294
147.305
147.294
147.264
147.218
147.158
147.085
147.002
146.909
146.809
146.702
146.59
146.473
146.352
146.229
146.104
145.976
145.85
134.774
136.302
137.691
138.881
139.958
140.928
141.811
142.621
143.365
144.048
144.673
145.246
145.768
146.24
146.663
147.037
147.364
147.643
147.875
148.061
148.201
148.291
148.351
148.381
148.382
148.358
148.312
148.249
148.169
148.075
147.969
147.854
147.73
147.599
147.462
147.321
147.176
147.029
146.879
146.728
146.578
134.81
136.465
137.968
139.257
140.424
141.478
142.439
143.322
144.136
144.884
145.57
146.2
146.775
147.296
147.762
148.174
148.533
148.838
149.089
149.287
149.433
149.521
149.574
149.593
149.579
149.536
149.47
149.382
149.277
149.156
149.023
148.878
148.725
148.564
148.398
148.227
148.053
147.876
147.698
147.518
147.341
134.86
136.659
138.291
139.692
140.962
142.11
143.159
144.126
145.018
145.841
146.596
147.29
147.925
148.501
149.015
149.469
149.862
150.193
150.464
150.673
150.82
150.901
150.942
150.944
150.908
150.84
150.745
150.626
150.488
150.332
150.163
149.982
149.792
149.595
149.392
149.185
148.975
148.763
148.551
148.338
148.128
134.929
136.89
138.669
140.197
141.584
142.838
143.988
145.05
146.032
146.94
147.773
148.54
149.244
149.88
150.448
150.947
151.377
151.736
152.024
152.24
152.384
152.452
152.473
152.449
152.382
152.279
152.145
151.985
151.803
151.603
151.389
151.162
150.926
150.683
150.436
150.185
149.932
149.679
149.427
149.175
148.927
135.022
137.167
139.112
140.786
142.306
143.683
144.949
146.119
147.205
148.209
149.132
149.982
150.762
151.467
152.094
152.643
153.111
153.498
153.8
154.018
154.15
154.194
154.184
154.123
154.013
153.861
153.675
153.461
153.223
152.965
152.693
152.409
152.116
151.818
151.516
151.212
150.908
150.606
150.306
150.009
149.717
135.143
137.5
139.636
141.477
143.149
144.668
146.067
147.363
148.568
149.684
150.709
151.655
152.522
153.304
153.996
154.598
155.106
155.516
155.827
156.037
156.145
156.15
156.095
155.979
155.808
155.591
155.336
155.05
154.739
154.408
154.063
153.707
153.344
152.977
152.609
152.243
151.878
151.519
151.164
150.815
150.474
135.302
137.902
140.258
142.292
144.141
145.825
147.378
148.821
150.164
151.409
152.554
153.609
154.575
155.443
156.207
156.864
157.409
157.838
158.148
158.334
158.398
158.344
158.22
158.027
157.772
157.466
157.119
156.74
156.335
155.911
155.474
155.03
154.581
154.132
153.685
153.244
152.81
152.383
151.966
151.559
151.163
135.509
138.39
141.001
143.262
145.317
147.193
148.928
150.544
152.049
153.446
154.728
155.91
156.989
157.953
158.793
159.505
160.082
160.518
160.808
160.948
160.939
160.793
160.57
160.269
159.9
159.474
159.006
158.505
157.981
157.44
156.89
156.337
155.785
155.238
154.699
154.172
153.657
153.156
152.67
152.198
151.744
135.776
138.988
141.899
144.425
146.724
148.828
150.779
152.599
154.297
155.873
157.316
158.643
159.85
160.919
161.839
162.601
163.197
163.619
163.86
163.917
163.79
163.509
163.144
162.693
162.168
161.585
160.959
160.303
159.628
158.943
158.255
157.572
156.898
156.237
155.593
154.969
154.364
153.782
153.222
152.684
152.169
136.121
139.725
142.992
145.835
148.426
150.804
153.014
155.08
157.009
158.797
160.429
161.924
163.274
164.455
165.45
166.249
166.839
167.209
167.354
167.271
166.964
166.483
165.919
165.262
164.529
163.739
162.912
162.062
161.203
160.343
159.492
158.657
157.843
157.054
156.293
155.563
154.864
154.197
153.562
152.957
152.383
136.567
140.644
144.34
147.567
150.511
153.224
155.751
158.116
160.326
162.369
164.223
165.91
167.416
168.709
169.764
170.567
171.103
171.361
171.334
171.024
170.442
169.674
168.835
167.901
166.896
165.844
164.767
163.681
162.601
161.537
160.5
159.494
158.526
157.598
156.713
155.874
155.079
154.329
153.623
152.957
152.333
137.145
141.801
146.024
149.726
153.109
156.236
159.157
161.894
164.449
166.799
168.912
170.812
172.48
173.867
174.943
175.688
176.086
176.126
175.808
175.143
174.153
172.983
171.773
170.479
169.13
167.755
166.377
165.015
163.683
162.393
161.152
159.964
158.835
157.766
156.759
155.815
154.931
154.106
153.34
152.626
151.966
137.897
143.281
148.166
152.469
156.409
160.064
163.485
166.692
169.675
172.396
174.804
176.931
178.741
180.171
181.179
181.746
181.857
181.51
180.72
179.516
177.942
176.224
174.533
172.788
171.023
169.269
167.55
165.884
164.283
162.756
161.308
159.941
158.658
157.457
156.339
155.303
154.345
153.462
152.654
151.912
151.239
138.867
145.18
150.915
155.995
160.658
164.997
169.065
172.868
176.381
179.535
182.259
184.586
186.465
187.811
188.579
188.752
188.333
187.341
185.822
183.84
181.472
179.054
176.781
174.511
172.28
170.117
168.046
166.076
164.216
162.469
160.834
159.311
157.896
156.588
155.383
154.28
153.272
152.357
151.532
150.789
150.132
140.122
147.579
154.379
160.435
166.009
171.207
176.078
180.605
184.73
188.338
191.326
193.736
195.499
196.513
196.741
196.193
194.911
192.961
190.439
187.458
184.136
180.938
178.054
175.259
172.583
170.052
167.677
165.459
163.396
161.484
159.716
158.085
156.585
155.21
153.955
152.817
151.789
150.869
150.055
149.339
148.727
141.64
150.457
158.524
165.74
172.403
178.617
184.419
189.753
194.504
198.487
201.57
203.817
205.149
205.467
204.773
203.14
200.677
197.522
193.831
189.77
185.491
181.571
178.163
174.942
171.928
169.134
166.557
164.186
162.006
160.006
158.172
156.493
154.956
153.555
152.283
151.137
150.109
149.201
148.412
147.739
147.191
143.348
153.794
163.374
171.977
179.936
187.341
194.188
200.362
205.66
209.808
212.669
214.358
214.814
213.985
211.961
208.912
205.042
200.564
195.692
190.624
185.523
181.041
177.26
173.759
170.542
167.608
164.938
162.505
160.289
158.268
156.424
154.74
153.203
151.803
150.533
149.391
148.372
147.479
146.718
146.088
145.61
145.195
157.596
168.986
179.242
188.729
197.495
205.456
212.4
218.018
221.94
224.094
224.699
223.764
221.344
217.661
213.009
207.679
201.944
196.042
190.172
184.476
179.636
175.65
172.017
168.722
165.753
163.076
160.655
158.46
156.465
154.647
152.987
151.47
150.085
148.825
147.69
146.676
145.791
145.045
144.449
144.034
147.13
161.888
175.439
187.658
198.911
209.171
218.204
225.671
231.164
234.265
235.095
234.046
231.25
226.924
221.448
215.22
208.583
201.818
195.149
188.743
182.701
177.697
173.651
170.001
166.724
163.795
161.171
158.808
156.669
154.727
152.956
151.335
149.848
148.483
147.235
146.102
145.085
144.194
143.446
142.862
142.491
149.083
166.69
182.823
197.348
210.59
222.366
232.232
239.711
244.384
245.921
244.803
241.634
236.697
230.393
223.239
215.676
208.032
200.549
193.406
186.721
180.545
175.527
171.521
167.935
164.736
161.893
159.355
157.073
155.01
153.134
151.418
149.841
148.385
147.041
145.801
144.666
143.635
142.723
141.95
141.353
140.996
150.969
172.031
191.238
208.429
223.797
236.899
247.049
253.729
256.709
255.967
252.468
246.971
239.889
231.8
223.294
214.763
206.458
198.563
191.201
184.436
178.277
173.343
169.439
165.961
162.872
160.136
157.699
155.508
153.525
151.717
150.057
148.524
147.099
145.773
144.538
143.395
142.342
141.397
140.578
139.939
139.555
152.707
177.962
200.802
220.983
238.42
252.31
261.83
266.687
267.131
263.668
257.7
249.976
241.001
231.514
222.082
212.959
204.299
196.234
188.836
182.122
176.074
171.277
167.505
164.156
161.188
158.566
156.231
154.131
152.226
150.484
148.877
147.384
145.988
144.676
143.443
142.289
141.21
140.224
139.341
138.637
138.169
154.23
184.566
211.652
235.014
254.098
267.786
275.478
277.525
274.915
268.742
260.577
250.945
240.475
230.054
220.104
210.688
201.897
193.829
186.509
179.924
174.033
169.397
165.768
162.551
159.705
157.192
154.955
152.94
151.108
149.426
147.868
146.411
145.038
143.739
142.506
141.339
140.231
139.201
138.242
137.457
136.838
155.499
191.966
223.898
250.317
270.097
282.199
286.875
285.517
279.866
271.426
261.527
250.364
238.834
227.92
217.765
208.259
199.481
191.511
184.334
177.915
172.201
167.731
164.242
161.152
158.419
156.008
153.861
151.924
150.156
148.528
147.012
145.586
144.234
142.945
141.711
140.531
139.395
138.322
137.281
136.407
135.558
156.511
200.328
237.549
266.354
285.345
294.406
295.291
290.523
282.333
272.289
261.086
248.717
236.548
225.501
215.34
205.863
197.189
189.374
182.369
176.129
170.594
166.283
162.924
159.95
157.32
155
152.933
151.063
149.353
147.771
146.292
144.893
143.558
142.277
141.041
139.849
138.688
137.575
136.453
135.489
134.333
157.329
209.833
252.389
282.212
298.648
303.606
300.588
292.931
282.955
271.938
259.704
246.403
233.983
223.061
212.997
203.618
195.098
187.462
180.636
174.571
169.205
165.042
161.801
158.928
156.388
154.148
152.15
150.339
148.678
147.136
145.688
144.312
142.991
141.716
140.479
139.277
138.093
136.945
135.751
134.699
133.169
158.007
220.4
267.641
296.573
308.967
309.52
303.125
293.412
282.405
270.886
257.742
243.764
231.421
220.765
210.837
201.589
193.244
185.788
179.133
173.231
168.019
163.987
160.85
158.069
155.608
153.438
151.5
149.739
148.119
146.611
145.19
143.833
142.524
141.255
140.015
138.804
137.602
136.424
135.171
134.034
132.087
158.534
231.563
282.222
308.368
315.964
312.537
303.638
292.727
281.278
269.524
255.482
241.107
229.079
218.706
208.901
199.8
191.629
184.34
177.842
172.086
167.011
163.091
160.036
157.329
154.938
152.829
150.943
149.226
147.643
146.165
144.767
143.426
142.129
140.865
139.625
138.408
137.193
135.99
134.694
133.483
131.09
157.376
243.24
295.935
317.599
320.172
313.446
302.888
291.452
279.967
268.102
253.062
238.615
227.162
217.068
207.339
198.371
190.357
183.211
176.842
171.205
166.239
162.444
159.463
156.81
154.468
152.403
150.554
148.868
147.31
145.852
144.469
143.139
141.849
140.588
139.346
138.124
136.898
135.677
134.351
133.095
130.271
159.602
256.587
307.471
323.007
321.639
312.498
300.678
288.965
277.634
265.734
249.484
234.892
224.144
214.529
205.044
196.322
188.557
181.639
175.474
170.023
165.216
161.509
158.653
156.09
153.825
151.827
150.036
148.398
146.88
145.454
144.096
142.785
141.507
140.254
139.016
137.792
136.56
135.323
133.978
132.684
129.713
139.881
139.879
139.877
139.875
139.872
139.87
139.867
139.864
139.861
139.857
139.854
139.85
139.845
139.841
139.835
139.83
139.824
139.817
139.81
139.803
139.794
139.785
139.775
139.764
139.753
139.74
139.726
139.711
139.695
139.677
139.657
139.636
139.613
139.588
139.561
139.531
139.499
139.464
139.426
139.385
139.34
139.292
139.241
139.185
139.125
139.061
138.993
138.919
138.842
138.759
138.672
138.58
138.483
138.382
138.277
138.168
138.056
137.94
137.822
137.701
137.58
137.457
137.334
137.211
137.089
136.969
136.852
136.737
136.626
136.519
136.418
136.322
136.238
136.148
139.934
139.933
139.931
139.928
139.926
139.923
139.92
139.916
139.913
139.909
139.905
139.9
139.896
139.89
139.885
139.878
139.872
139.864
139.856
139.848
139.839
139.828
139.817
139.806
139.793
139.779
139.763
139.747
139.729
139.709
139.688
139.665
139.64
139.612
139.583
139.551
139.517
139.479
139.439
139.396
139.349
139.298
139.244
139.186
139.125
139.058
138.988
138.913
138.834
138.75
138.661
138.569
138.471
138.37
138.265
138.156
138.044
137.928
137.811
137.691
137.57
137.447
137.325
137.203
137.082
136.962
136.845
136.731
136.62
136.514
136.413
136.316
136.236
136.134
140.008
140.007
140.005
140.003
140
139.997
139.994
139.99
139.986
139.982
139.978
139.973
139.968
139.962
139.956
139.95
139.943
139.935
139.926
139.917
139.907
139.896
139.884
139.871
139.857
139.842
139.826
139.808
139.789
139.767
139.745
139.72
139.693
139.664
139.632
139.598
139.561
139.521
139.479
139.432
139.383
139.33
139.273
139.212
139.147
139.077
139.004
138.926
138.843
138.756
138.665
138.569
138.469
138.365
138.258
138.147
138.032
137.915
137.796
137.675
137.553
137.43
137.307
137.185
137.064
136.944
136.828
136.714
136.604
136.498
136.398
136.3
136.222
136.106
140.13
140.13
140.128
140.125
140.122
140.119
140.115
140.111
140.107
140.103
140.098
140.093
140.087
140.081
140.074
140.066
140.058
140.049
140.04
140.029
140.018
140.006
139.992
139.978
139.962
139.945
139.926
139.906
139.884
139.86
139.834
139.807
139.776
139.744
139.708
139.67
139.629
139.585
139.538
139.487
139.432
139.374
139.312
139.245
139.175
139.101
139.022
138.939
138.851
138.759
138.664
138.564
138.46
138.352
138.242
138.128
138.011
137.892
137.771
137.649
137.526
137.403
137.28
137.158
137.038
136.919
136.803
136.69
136.581
136.476
136.378
136.279
136.203
136.074
140.281
140.28
140.278
140.275
140.272
140.268
140.264
140.26
140.255
140.25
140.245
140.239
140.232
140.225
140.217
140.209
140.199
140.189
140.178
140.166
140.153
140.139
140.124
140.107
140.089
140.069
140.048
140.025
140
139.972
139.943
139.911
139.877
139.839
139.799
139.756
139.71
139.661
139.607
139.551
139.49
139.426
139.357
139.284
139.208
139.127
139.041
138.952
138.859
138.761
138.66
138.555
138.446
138.334
138.22
138.103
137.983
137.862
137.74
137.617
137.493
137.37
137.247
137.125
137.006
136.888
136.773
136.662
136.555
136.451
136.354
136.255
136.181
136.042
140.469
140.468
140.466
140.463
140.459
140.454
140.45
140.445
140.439
140.433
140.427
140.42
140.412
140.404
140.395
140.385
140.374
140.362
140.349
140.335
140.32
140.303
140.285
140.265
140.244
140.221
140.196
140.168
140.139
140.107
140.073
140.036
139.996
139.953
139.907
139.858
139.805
139.748
139.688
139.624
139.556
139.484
139.407
139.327
139.242
139.154
139.061
138.964
138.864
138.759
138.652
138.541
138.427
138.311
138.192
138.071
137.949
137.826
137.702
137.577
137.453
137.33
137.208
137.087
136.968
136.852
136.739
136.63
136.524
136.422
136.327
136.229
136.156
136.013
140.691
140.69
140.688
140.683
140.678
140.673
140.668
140.662
140.655
140.648
140.64
140.632
140.623
140.612
140.601
140.589
140.576
140.562
140.547
140.53
140.512
140.492
140.47
140.447
140.421
140.394
140.364
140.332
140.297
140.26
140.219
140.176
140.129
140.079
140.026
139.969
139.908
139.843
139.774
139.702
139.625
139.544
139.458
139.369
139.276
139.178
139.077
138.972
138.864
138.752
138.638
138.521
138.402
138.28
138.157
138.033
137.908
137.783
137.657
137.532
137.408
137.285
137.163
137.044
136.927
136.813
136.702
136.594
136.491
136.391
136.297
136.201
136.13
135.988
140.95
140.948
140.945
140.94
140.933
140.927
140.921
140.913
140.905
140.896
140.887
140.876
140.865
140.853
140.839
140.825
140.809
140.791
140.773
140.752
140.73
140.706
140.68
140.651
140.621
140.588
140.552
140.514
140.472
140.428
140.38
140.329
140.274
140.216
140.153
140.087
140.017
139.942
139.864
139.781
139.694
139.603
139.507
139.408
139.305
139.198
139.088
138.974
138.858
138.739
138.618
138.494
138.369
138.243
138.116
137.988
137.861
137.733
137.607
137.481
137.357
137.235
137.114
136.996
136.881
136.769
136.661
136.556
136.455
136.358
136.267
136.173
136.102
135.969
141.245
141.242
141.238
141.231
141.224
141.216
141.208
141.199
141.189
141.178
141.166
141.153
141.139
141.123
141.107
141.089
141.069
141.048
141.025
141
140.973
140.943
140.911
140.877
140.84
140.8
140.757
140.711
140.662
140.609
140.552
140.492
140.427
140.359
140.286
140.209
140.128
140.042
139.953
139.858
139.76
139.658
139.552
139.442
139.328
139.211
139.091
138.969
138.844
138.717
138.589
138.46
138.329
138.199
138.068
137.937
137.808
137.679
137.551
137.426
137.302
137.181
137.062
136.946
136.833
136.724
136.618
136.515
136.417
136.323
136.235
136.144
136.074
135.953
141.578
141.573
141.569
141.56
141.551
141.541
141.53
141.519
141.506
141.492
141.478
141.461
141.444
141.425
141.404
141.382
141.357
141.331
141.302
141.272
141.238
141.202
141.163
141.122
141.077
141.028
140.977
140.921
140.862
140.799
140.732
140.66
140.585
140.504
140.42
140.331
140.237
140.139
140.037
139.931
139.82
139.706
139.588
139.466
139.342
139.215
139.086
138.954
138.821
138.687
138.552
138.417
138.282
138.147
138.013
137.88
137.749
137.619
137.492
137.367
137.244
137.124
137.007
136.893
136.783
136.676
136.573
136.474
136.379
136.287
136.202
136.115
136.046
135.939
141.95
141.944
141.937
141.927
141.915
141.902
141.889
141.874
141.858
141.841
141.822
141.802
141.78
141.756
141.73
141.702
141.672
141.639
141.604
141.566
141.525
141.481
141.433
141.382
141.328
141.27
141.207
141.141
141.07
140.995
140.915
140.831
140.743
140.649
140.551
140.448
140.341
140.23
140.114
139.994
139.871
139.744
139.614
139.481
139.345
139.208
139.069
138.929
138.788
138.647
138.507
138.366
138.227
138.089
137.952
137.818
137.686
137.556
137.429
137.304
137.183
137.065
136.95
136.839
136.731
136.627
136.527
136.431
136.339
136.251
136.168
136.086
136.018
135.927
142.363
142.355
142.346
142.332
142.317
142.301
142.284
142.265
142.245
142.223
142.199
142.174
142.146
142.116
142.084
142.049
142.011
141.971
141.927
141.88
141.83
141.776
141.718
141.656
141.59
141.52
141.445
141.365
141.281
141.192
141.099
141
140.897
140.788
140.676
140.558
140.436
140.31
140.18
140.046
139.909
139.769
139.627
139.482
139.336
139.189
139.041
138.893
138.745
138.598
138.452
138.307
138.165
138.024
137.886
137.75
137.618
137.488
137.362
137.239
137.12
137.004
136.892
136.783
136.679
136.578
136.481
136.388
136.299
136.214
136.135
136.057
135.99
135.914
142.819
142.807
142.794
142.777
142.758
142.737
142.715
142.692
142.666
142.638
142.608
142.576
142.541
142.504
142.463
142.42
142.373
142.323
142.269
142.211
142.149
142.084
142.013
141.938
141.859
141.774
141.685
141.591
141.491
141.387
141.277
141.162
141.043
140.918
140.789
140.655
140.518
140.376
140.231
140.083
139.933
139.78
139.625
139.47
139.314
139.157
139.001
138.846
138.691
138.539
138.389
138.241
138.096
137.953
137.814
137.679
137.547
137.418
137.294
137.173
137.056
136.942
136.833
136.727
136.626
136.528
136.434
136.345
136.259
136.178
136.101
136.027
135.962
135.899
143.317
143.301
143.285
143.262
143.238
143.211
143.184
143.154
143.121
143.086
143.048
143.007
142.964
142.917
142.866
142.812
142.754
142.692
142.626
142.555
142.48
142.4
142.315
142.225
142.129
142.029
141.923
141.811
141.695
141.573
141.445
141.313
141.176
141.034
140.887
140.737
140.583
140.426
140.266
140.104
139.94
139.774
139.608
139.442
139.277
139.112
138.948
138.787
138.628
138.471
138.318
138.167
138.021
137.878
137.739
137.604
137.473
137.346
137.223
137.105
136.99
136.88
136.774
136.671
136.573
136.479
136.388
136.302
136.22
136.141
136.068
135.998
135.935
135.883
143.86
143.838
143.816
143.788
143.756
143.723
143.688
143.649
143.608
143.564
143.516
143.465
143.41
143.352
143.289
143.222
143.151
143.075
142.994
142.908
142.816
142.719
142.617
142.51
142.396
142.277
142.152
142.022
141.886
141.745
141.598
141.447
141.291
141.131
140.967
140.799
140.629
140.456
140.281
140.105
139.928
139.751
139.575
139.399
139.225
139.054
138.884
138.718
138.554
138.395
138.239
138.088
137.941
137.798
137.66
137.526
137.397
137.272
137.152
137.036
136.925
136.818
136.715
136.616
136.521
136.43
136.343
136.26
136.181
136.106
136.035
135.97
135.908
135.865
144.447
144.419
144.389
144.353
144.313
144.27
144.225
144.177
144.125
144.069
144.009
143.946
143.877
143.805
143.727
143.645
143.557
143.464
143.366
143.262
143.152
143.036
142.914
142.786
142.652
142.513
142.367
142.216
142.059
141.898
141.731
141.56
141.384
141.206
141.023
140.839
140.652
140.464
140.276
140.087
139.898
139.711
139.525
139.341
139.16
138.983
138.808
138.638
138.472
138.311
138.155
138.003
137.856
137.715
137.578
137.446
137.32
137.198
137.081
136.968
136.86
136.756
136.656
136.561
136.469
136.382
136.298
136.218
136.142
136.071
136.003
135.941
135.881
135.846
145.078
145.04
145.002
144.955
144.904
144.851
144.794
144.732
144.667
144.597
144.523
144.443
144.359
144.269
144.174
144.073
143.967
143.854
143.735
143.61
143.479
143.341
143.197
143.047
142.891
142.729
142.561
142.388
142.209
142.026
141.838
141.647
141.452
141.255
141.055
140.854
140.652
140.45
140.248
140.047
139.849
139.652
139.459
139.268
139.082
138.9
138.723
138.55
138.383
138.221
138.065
137.914
137.769
137.629
137.495
137.366
137.242
137.123
137.009
136.9
136.796
136.695
136.599
136.507
136.419
136.335
136.254
136.178
136.105
136.036
135.972
135.913
135.855
135.825
145.75
145.701
145.651
145.592
145.527
145.46
145.388
145.311
145.229
145.142
145.05
144.952
144.848
144.738
144.622
144.5
144.371
144.236
144.094
143.945
143.79
143.628
143.46
143.286
143.105
142.919
142.727
142.531
142.33
142.125
141.916
141.705
141.491
141.275
141.059
140.843
140.627
140.412
140.199
139.988
139.78
139.577
139.377
139.182
138.992
138.807
138.628
138.455
138.287
138.126
137.971
137.822
137.679
137.542
137.41
137.285
137.164
137.049
136.939
136.833
136.732
136.636
136.543
136.455
136.37
136.289
136.212
136.138
136.069
136.003
135.941
135.886
135.83
135.805
146.46
146.397
146.332
146.257
146.176
146.091
146
145.905
145.803
145.695
145.582
145.462
145.335
145.202
145.061
144.914
144.76
144.599
144.431
144.257
144.075
143.887
143.693
143.493
143.287
143.076
142.86
142.64
142.417
142.19
141.961
141.73
141.498
141.266
141.035
140.804
140.576
140.35
140.127
139.909
139.694
139.485
139.281
139.083
138.891
138.705
138.525
138.353
138.186
138.027
137.874
137.728
137.588
137.454
137.326
137.204
137.087
136.976
136.869
136.767
136.67
136.577
136.488
136.404
136.322
136.245
136.171
136.1
136.034
135.971
135.911
135.859
135.805
135.784
147.201
147.12
147.036
146.942
146.84
146.734
146.622
146.503
146.378
146.246
146.107
145.961
145.808
145.648
145.48
145.305
145.123
144.934
144.738
144.535
144.326
144.11
143.889
143.662
143.43
143.194
142.954
142.711
142.466
142.218
141.97
141.721
141.473
141.226
140.982
140.739
140.501
140.266
140.036
139.811
139.592
139.379
139.173
138.973
138.781
138.595
138.417
138.246
138.082
137.925
137.775
137.632
137.496
137.366
137.242
137.124
137.011
136.904
136.801
136.703
136.61
136.521
136.436
136.354
136.276
136.202
136.131
136.064
136
135.94
135.883
135.833
135.781
135.763
147.963
147.86
147.753
147.635
147.509
147.377
147.239
147.094
146.941
146.78
146.612
146.437
146.254
146.064
145.866
145.661
145.448
145.229
145.003
144.77
144.532
144.288
144.039
143.786
143.528
143.268
143.005
142.74
142.474
142.208
141.942
141.678
141.416
141.156
140.901
140.649
140.402
140.161
139.926
139.697
139.476
139.261
139.054
138.855
138.663
138.48
138.304
138.136
137.975
137.822
137.676
137.537
137.405
137.279
137.159
137.045
136.937
136.833
136.735
136.641
136.552
136.466
136.384
136.306
136.232
136.161
136.093
136.028
135.967
135.91
135.855
135.808
135.757
135.742
148.732
148.602
148.467
148.321
148.166
148.004
147.835
147.659
147.474
147.281
147.081
146.873
146.657
146.434
146.204
145.966
145.722
145.471
145.214
144.952
144.685
144.413
144.137
143.859
143.577
143.294
143.01
142.725
142.441
142.159
141.878
141.601
141.327
141.058
140.793
140.535
140.283
140.038
139.8
139.569
139.347
139.133
138.927
138.73
138.541
138.36
138.188
138.023
137.867
137.718
137.576
137.442
137.314
137.193
137.078
136.968
136.864
136.765
136.671
136.581
136.495
136.413
136.335
136.26
136.189
136.121
136.056
135.994
135.935
135.881
135.828
135.784
135.734
135.722
149.487
149.326
149.158
148.978
148.789
148.594
148.39
148.178
147.958
147.73
147.495
147.252
147.001
146.744
146.48
146.209
145.933
145.651
145.364
145.073
144.778
144.48
144.18
143.877
143.574
143.271
142.968
142.666
142.367
142.071
141.779
141.491
141.209
140.932
140.662
140.4
140.145
139.898
139.659
139.43
139.209
138.997
138.794
138.599
138.414
138.238
138.07
137.91
137.758
137.614
137.478
137.348
137.225
137.109
136.998
136.893
136.794
136.699
136.609
136.523
136.441
136.363
136.288
136.216
136.148
136.083
136.021
135.962
135.905
135.853
135.802
135.76
135.712
135.702
150.204
150.005
149.799
149.581
149.355
149.121
148.879
148.629
148.371
148.106
147.834
147.555
147.269
146.977
146.68
146.377
146.07
145.759
145.444
145.126
144.807
144.485
144.163
143.84
143.518
143.198
142.88
142.565
142.254
141.947
141.646
141.352
141.064
140.783
140.51
140.246
139.991
139.745
139.508
139.28
139.062
138.854
138.655
138.466
138.285
138.114
137.951
137.797
137.651
137.512
137.381
137.256
137.139
137.027
136.921
136.821
136.726
136.635
136.549
136.467
136.389
136.314
136.243
136.174
136.109
136.047
135.987
135.93
135.876
135.826
135.778
135.738
135.691
135.683
150.849
150.608
150.359
150.1
149.832
149.558
149.275
148.986
148.689
148.387
148.078
147.764
147.444
147.121
146.792
146.461
146.126
145.789
145.45
145.11
144.768
144.427
144.087
143.748
143.412
143.078
142.749
142.424
142.104
141.791
141.485
141.186
140.895
140.613
140.341
140.077
139.824
139.581
139.347
139.124
138.911
138.708
138.514
138.33
138.156
137.99
137.834
137.685
137.545
137.412
137.286
137.167
137.054
136.948
136.847
136.751
136.66
136.574
136.492
136.413
136.339
136.267
136.199
136.134
136.072
136.012
135.955
135.9
135.849
135.801
135.754
135.716
135.671
135.665
151.381
151.096
150.802
150.499
150.189
149.873
149.551
149.223
148.889
148.552
148.21
147.864
147.515
147.164
146.81
146.454
146.097
145.739
145.381
145.022
144.665
144.309
143.956
143.605
143.258
142.915
142.578
142.247
141.922
141.606
141.297
140.998
140.707
140.427
140.157
139.897
139.648
139.409
139.181
138.963
138.756
138.559
138.372
138.195
138.027
137.868
137.717
137.575
137.441
137.314
137.194
137.08
136.973
136.871
136.775
136.684
136.597
136.515
136.437
136.362
136.291
136.223
136.158
136.096
136.036
135.979
135.924
135.872
135.822
135.776
135.732
135.696
135.651
135.647
151.756
151.425
151.086
150.741
150.39
150.036
149.677
149.315
148.951
148.584
148.215
147.845
147.474
147.102
146.729
146.356
145.983
145.611
145.239
144.869
144.501
144.135
143.773
143.415
143.061
142.713
142.372
142.039
141.713
141.396
141.089
140.791
140.504
140.227
139.962
139.707
139.464
139.232
139.01
138.8
138.6
138.41
138.23
138.06
137.899
137.747
137.603
137.468
137.34
137.219
137.104
136.996
136.894
136.798
136.706
136.62
136.537
136.459
136.385
136.314
136.246
136.181
136.119
136.059
136.002
135.947
135.895
135.845
135.797
135.753
135.71
135.676
135.632
135.63
151.923
151.55
151.171
150.788
150.404
150.018
149.632
149.246
148.859
148.473
148.088
147.704
147.32
146.936
146.554
146.172
145.791
145.411
145.033
144.657
144.283
143.912
143.546
143.184
142.828
142.479
142.138
141.805
141.481
141.167
140.863
140.57
140.289
140.018
139.759
139.512
139.276
139.052
138.839
138.636
138.444
138.262
138.09
137.928
137.774
137.629
137.492
137.363
137.242
137.127
137.018
136.916
136.819
136.727
136.641
136.558
136.48
136.406
136.335
136.267
136.202
136.141
136.081
136.024
135.97
135.917
135.867
135.819
135.773
135.731
135.689
135.657
135.614
135.614
151.831
151.426
151.018
150.609
150.202
149.799
149.399
149.003
148.609
148.219
147.83
147.445
147.06
146.677
146.295
145.913
145.532
145.151
144.772
144.395
144.021
143.649
143.282
142.921
142.566
142.219
141.88
141.551
141.231
140.923
140.625
140.339
140.065
139.803
139.552
139.314
139.087
138.871
138.667
138.473
138.29
138.116
137.953
137.798
137.652
137.515
137.385
137.263
137.147
137.038
136.936
136.839
136.747
136.66
136.578
136.5
136.425
136.355
136.287
136.223
136.161
136.102
136.046
135.991
135.939
135.889
135.841
135.795
135.751
135.71
135.67
135.639
135.597
135.598
151.436
151.015
150.596
150.179
149.77
149.369
148.976
148.589
148.207
147.83
147.456
147.084
146.712
146.34
145.968
145.595
145.22
144.845
144.47
144.096
143.724
143.355
142.991
142.633
142.281
141.939
141.605
141.282
140.969
140.668
140.379
140.102
139.837
139.584
139.344
139.115
138.898
138.692
138.497
138.313
138.139
137.974
137.819
137.672
137.534
137.404
137.281
137.166
137.057
136.954
136.857
136.765
136.678
136.596
136.518
136.444
136.374
136.306
136.242
136.181
136.123
136.066
136.012
135.96
135.91
135.862
135.816
135.772
135.729
135.69
135.651
135.622
135.581
135.583
150.7
150.29
149.887
149.489
149.104
148.734
148.374
148.022
147.676
147.333
146.991
146.647
146.301
145.951
145.596
145.237
144.874
144.507
144.139
143.77
143.402
143.038
142.678
142.325
141.98
141.643
141.317
141.002
140.698
140.407
140.127
139.861
139.607
139.365
139.135
138.917
138.711
138.515
138.33
138.156
137.991
137.836
137.689
137.551
137.42
137.298
137.182
137.073
136.97
136.873
136.781
136.695
136.613
136.535
136.461
136.391
136.324
136.261
136.2
136.142
136.086
136.032
135.98
135.93
135.883
135.836
135.792
135.75
135.709
135.671
135.634
135.606
135.565
135.569
149.613
149.248
148.899
148.556
148.231
147.925
147.631
147.343
147.058
146.771
146.478
146.176
145.865
145.542
145.209
144.865
144.514
144.156
143.794
143.431
143.068
142.709
142.355
142.008
141.67
141.341
141.024
140.718
140.425
140.144
139.877
139.621
139.379
139.149
138.931
138.724
138.529
138.344
138.17
138.005
137.85
137.703
137.565
137.435
137.312
137.197
137.088
136.985
136.888
136.797
136.71
136.628
136.551
136.477
136.408
136.341
136.278
136.217
136.16
136.104
136.051
136
135.95
135.903
135.857
135.812
135.769
135.729
135.689
135.653
135.617
135.59
135.551
135.555
148.26
147.978
147.723
147.474
147.248
147.043
146.847
146.651
146.447
146.229
145.994
145.739
145.462
145.166
144.85
144.519
144.176
143.824
143.466
143.106
142.747
142.392
142.043
141.703
141.372
141.052
140.744
140.449
140.167
139.897
139.641
139.398
139.167
138.948
138.741
138.546
138.361
138.187
138.022
137.867
137.72
137.582
137.452
137.329
137.213
137.104
137.002
136.905
136.813
136.727
136.645
136.568
136.495
136.425
136.359
136.296
136.235
136.178
136.123
136.07
136.019
135.97
135.922
135.877
135.832
135.79
135.749
135.709
135.671
135.636
135.601
135.576
135.537
135.542
146.799
146.632
146.506
146.387
146.292
146.216
146.141
146.049
145.933
145.786
145.605
145.389
145.139
144.859
144.553
144.227
143.885
143.533
143.175
142.816
142.459
142.107
141.763
141.428
141.105
140.793
140.494
140.209
139.937
139.678
139.433
139.2
138.98
138.772
138.575
138.39
138.214
138.049
137.893
137.746
137.607
137.476
137.353
137.236
137.127
137.024
136.926
136.834
136.748
136.666
136.588
136.514
136.445
136.378
136.315
136.255
136.198
136.143
136.09
136.039
135.99
135.943
135.897
135.853
135.811
135.769
135.729
135.691
135.654
135.621
135.586
135.562
135.523
135.53
145.307
145.282
145.319
145.364
145.429
145.505
145.561
145.578
145.547
145.461
145.322
145.131
144.895
144.62
144.313
143.984
143.638
143.282
142.921
142.561
142.204
141.854
141.514
141.185
140.868
140.564
140.273
139.997
139.734
139.485
139.25
139.027
138.816
138.618
138.43
138.253
138.086
137.929
137.78
137.64
137.508
137.383
137.266
137.155
137.051
136.953
136.86
136.773
136.69
136.612
136.538
136.467
136.401
136.337
136.277
136.219
136.164
136.111
136.06
136.011
135.964
135.918
135.874
135.832
135.79
135.75
135.712
135.675
135.639
135.606
135.572
135.549
135.511
135.518
143.825
143.969
144.204
144.445
144.697
144.938
145.13
145.249
145.289
145.249
145.135
144.954
144.718
144.437
144.123
143.784
143.429
143.066
142.7
142.337
141.98
141.632
141.295
140.97
140.659
140.362
140.08
139.812
139.558
139.317
139.09
138.876
138.674
138.484
138.304
138.134
137.975
137.824
137.682
137.548
137.422
137.303
137.19
137.085
136.985
136.891
136.802
136.718
136.639
136.564
136.493
136.425
136.361
136.3
136.242
136.187
136.133
136.082
136.033
135.986
135.94
135.896
135.853
135.812
135.772
135.733
135.695
135.659
135.624
135.592
135.559
135.537
135.499
135.507
142.37
142.709
143.182
143.655
144.115
144.526
144.846
145.054
145.147
145.134
145.027
144.842
144.595
144.299
143.97
143.617
143.251
142.88
142.509
142.142
141.784
141.438
141.103
140.783
140.478
140.187
139.911
139.65
139.404
139.171
138.952
138.745
138.55
138.367
138.194
138.031
137.878
137.733
137.596
137.468
137.346
137.232
137.124
137.022
136.926
136.836
136.751
136.67
136.594
136.521
136.453
136.388
136.326
136.267
136.211
136.157
136.106
136.056
136.009
135.963
135.919
135.876
135.834
135.794
135.755
135.717
135.68
135.645
135.61
135.58
135.547
135.525
135.488
135.497
140.949
141.511
142.265
143.006
143.687
144.263
144.697
144.972
145.097
145.092
144.978
144.777
144.509
144.194
143.846
143.478
143.1
142.72
142.342
141.973
141.614
141.268
140.937
140.62
140.319
140.034
139.765
139.51
139.27
139.044
138.831
138.631
138.443
138.266
138.099
137.941
137.793
137.653
137.522
137.397
137.28
137.17
137.066
136.968
136.875
136.788
136.705
136.627
136.554
136.484
136.417
136.355
136.295
136.238
136.183
136.131
136.081
136.033
135.987
135.942
135.899
135.857
135.817
135.777
135.739
135.702
135.666
135.631
135.598
135.567
135.535
135.514
135.477
135.487
139.56
140.375
141.46
142.504
143.407
144.132
144.659
144.979
145.115
145.101
144.968
144.742
144.45
144.112
143.745
143.361
142.971
142.581
142.199
141.826
141.466
141.121
140.792
140.479
140.182
139.902
139.638
139.389
139.154
138.934
138.727
138.532
138.349
138.177
138.016
137.863
137.719
137.584
137.456
137.336
137.222
137.115
137.014
136.919
136.83
136.745
136.665
136.589
136.518
136.45
136.386
136.325
136.266
136.211
136.158
136.107
136.058
136.012
135.967
135.923
135.881
135.84
135.8
135.762
135.724
135.688
135.653
135.619
135.586
135.556
135.524
135.504
135.467
135.477
138.207
139.3
140.769
142.145
143.256
144.108
144.705
145.048
145.178
145.143
144.982
144.728
144.409
144.047
143.661
143.262
142.86
142.462
142.074
141.699
141.338
140.994
140.667
140.357
140.064
139.788
139.528
139.283
139.054
138.838
138.636
138.447
138.268
138.101
137.943
137.795
137.655
137.523
137.399
137.282
137.171
137.067
136.969
136.877
136.789
136.707
136.629
136.555
136.486
136.42
136.357
136.298
136.241
136.187
136.135
136.085
136.038
135.992
135.948
135.905
135.864
135.824
135.785
135.747
135.711
135.675
135.64
135.607
135.575
135.545
135.514
135.495
135.458
135.468
136.904
138.283
140.195
141.919
143.212
144.165
144.809
145.155
145.266
145.202
145.01
144.725
144.379
143.995
143.59
143.176
142.764
142.359
141.967
141.589
141.227
140.884
140.558
140.251
139.961
139.688
139.432
139.192
138.967
138.756
138.558
138.372
138.198
138.034
137.88
137.735
137.598
137.47
137.349
137.234
137.126
137.025
136.929
136.839
136.753
136.673
136.597
136.525
136.457
136.393
136.331
136.273
136.218
136.165
136.114
136.066
136.019
135.974
135.931
135.889
135.849
135.809
135.771
135.734
135.698
135.663
135.629
135.596
135.564
135.535
135.505
135.485
135.449
135.46
135.669
137.319
139.738
141.808
143.247
144.278
144.948
145.282
145.365
145.269
145.043
144.729
144.357
143.951
143.529
143.103
142.682
142.271
141.874
141.494
141.132
140.789
140.465
140.159
139.872
139.603
139.35
139.113
138.891
138.683
138.489
138.307
138.136
137.975
137.824
137.682
137.549
137.423
137.304
137.192
137.086
136.987
136.893
136.805
136.721
136.642
136.568
136.498
136.431
136.368
136.308
136.251
136.197
136.145
136.095
136.047
136.002
135.958
135.915
135.874
135.835
135.796
135.758
135.722
135.686
135.652
135.618
135.586
135.554
135.526
135.496
135.477
135.441
135.452
134.526
136.402
139.398
141.787
143.338
144.427
145.105
145.417
145.468
145.337
145.078
144.735
144.339
143.915
143.478
143.041
142.611
142.194
141.794
141.412
141.049
140.707
140.384
140.08
139.795
139.528
139.278
139.044
138.825
138.621
138.429
138.25
138.082
137.924
137.776
137.636
137.505
137.381
137.264
137.154
137.051
136.953
136.861
136.774
136.692
136.615
136.542
136.473
136.408
136.346
136.287
136.231
136.177
136.126
136.078
136.031
135.986
135.943
135.901
135.86
135.821
135.783
135.746
135.71
135.675
135.641
135.608
135.576
135.545
135.517
135.487
135.469
135.433
135.444
133.478
135.538
139.172
141.832
143.464
144.594
145.266
145.549
145.566
145.402
145.112
144.743
144.326
143.884
143.434
142.986
142.549
142.128
141.724
141.341
140.978
140.635
140.313
140.011
139.728
139.463
139.216
138.984
138.768
138.565
138.376
138.2
138.034
137.878
137.733
137.595
137.466
137.344
137.229
137.121
137.019
136.923
136.832
136.747
136.666
136.59
136.519
136.451
136.386
136.325
136.267
136.212
136.16
136.109
136.061
136.015
135.971
135.929
135.887
135.848
135.809
135.772
135.735
135.7
135.665
135.631
135.598
135.567
135.536
135.509
135.479
135.461
135.425
135.437
132.508
134.734
139.036
141.914
143.611
144.766
145.421
145.673
145.658
145.461
145.144
144.751
144.314
143.857
143.396
142.94
142.497
142.071
141.664
141.279
140.916
140.574
140.252
139.951
139.67
139.407
139.161
138.931
138.717
138.517
138.33
138.155
137.992
137.838
137.694
137.559
137.431
137.311
137.198
137.091
136.99
136.896
136.806
136.722
136.643
136.568
136.497
136.43
136.367
136.307
136.25
136.195
136.143
136.094
136.047
136.001
135.958
135.916
135.875
135.836
135.798
135.761
135.725
135.69
135.655
135.622
135.59
135.559
135.528
135.501
135.471
135.454
135.418
135.43
131.568
134.08
138.996
142.019
143.766
144.933
145.566
145.787
145.74
145.515
145.172
144.758
144.305
143.835
143.363
142.899
142.451
142.021
141.612
141.226
140.862
140.52
140.199
139.899
139.619
139.357
139.113
138.885
138.673
138.475
138.289
138.116
137.955
137.803
137.66
137.526
137.4
137.282
137.17
137.064
136.965
136.871
136.783
136.7
136.621
136.547
136.478
136.411
136.349
136.29
136.233
136.18
136.128
136.08
136.033
135.988
135.945
135.904
135.863
135.825
135.787
135.75
135.715
135.68
135.646
135.613
135.581
135.551
135.52
135.493
135.464
135.447
135.411
135.423
130.43
133.503
138.989
142.14
143.923
145.089
145.698
145.89
145.814
145.562
145.197
144.765
144.297
143.815
143.335
142.865
142.411
141.978
141.567
141.18
140.815
140.473
140.153
139.854
139.575
139.314
139.071
138.845
138.634
138.437
138.253
138.082
137.921
137.771
137.63
137.497
137.372
137.255
137.144
137.04
136.941
136.849
136.762
136.679
136.602
136.529
136.46
136.394
136.333
136.274
136.218
136.165
136.115
136.066
136.02
135.976
135.933
135.892
135.853
135.814
135.777
135.741
135.706
135.671
135.638
135.605
135.573
135.543
135.513
135.486
135.457
135.44
135.405
135.417
129.434
133.378
139.006
142.246
144.072
145.231
145.815
145.98
145.878
145.603
145.218
144.77
144.289
143.798
143.31
142.834
142.377
141.941
141.528
141.139
140.774
140.432
140.112
139.814
139.535
139.276
139.034
138.809
138.599
138.403
138.221
138.051
137.892
137.743
137.603
137.471
137.347
137.231
137.121
137.018
136.92
136.829
136.742
136.661
136.584
136.512
136.443
136.379
136.317
136.259
136.204
136.152
136.102
136.054
136.008
135.965
135.922
135.882
135.843
135.805
135.768
135.732
135.697
135.663
135.63
135.598
135.566
135.536
135.506
135.48
135.451
135.434
135.399
135.411
)
;

boundaryField
{
    inlet
    {
        type            freestreamPressure;
        value           nonuniform List<scalar> 
230
(
130.996
131
131.006
131.014
131.022
131.03
131.038
131.047
131.057
131.067
131.077
131.088
131.1
131.112
131.125
131.139
131.154
131.169
131.185
131.202
131.22
131.239
131.259
131.28
131.303
131.327
131.352
131.379
131.407
131.436
131.468
131.501
131.536
131.574
131.613
131.655
131.699
131.745
131.794
131.845
131.899
131.956
132.016
132.078
132.144
132.212
132.283
132.357
132.434
132.513
132.595
132.679
132.765
132.852
132.941
133.031
133.121
133.211
133.3
133.388
133.475
133.558
133.639
133.716
133.788
133.855
133.915
133.969
134.016
134.054
134.083
134.105
134.109
134.137
134
133.245
132.594
132.043
131.589
131.222
130.931
130.704
130.533
130.408
130.323
130.269
130.242
130.236
130.247
130.271
130.304
130.343
130.384
130.426
130.467
130.508
130.547
130.584
130.62
130.655
130.688
130.718
130.747
130.775
130.801
130.825
130.847
130.869
130.889
130.907
130.925
130.941
130.957
130.972
130.986
134.83
135.612
136.311
136.921
137.445
137.892
138.268
138.582
138.844
139.061
139.24
139.387
139.506
139.603
139.682
139.745
139.794
139.834
139.864
139.887
139.905
139.917
139.926
139.932
139.935
139.936
139.936
139.934
139.932
139.929
139.925
139.921
139.917
139.913
139.909
139.905
139.9
139.896
139.892
139.888
139.884
139.881
139.879
139.877
139.875
139.872
139.87
139.867
139.864
139.861
139.857
139.854
139.85
139.845
139.841
139.835
139.83
139.824
139.817
139.81
139.803
139.794
139.785
139.775
139.764
139.753
139.74
139.726
139.711
139.695
139.677
139.657
139.636
139.613
139.588
139.561
139.531
139.499
139.464
139.426
139.385
139.34
139.292
139.241
139.185
139.125
139.061
138.993
138.919
138.842
138.759
138.672
138.58
138.483
138.382
138.277
138.168
138.056
137.94
137.822
137.701
137.58
137.457
137.334
137.211
137.089
136.969
136.852
136.737
136.626
136.519
136.418
136.322
136.238
136.148
)
;
    }
    outlet
    {
        type            freestreamPressure;
        value           nonuniform List<scalar> 
96
(
135.406
135.4
135.393
135.387
135.38
135.372
135.364
135.356
135.347
135.337
135.327
135.317
135.306
135.294
135.281
135.268
135.254
135.239
135.224
135.208
135.192
135.175
135.157
135.14
135.122
135.105
135.089
135.075
135.065
135.063
135.073
135.091
135.091
135.027
134.868
134.64
134.427
134.308
134.29
134.319
134.338
134.33
134.301
134.267
134.235
134.202
134.178
134.137
136.148
136.134
136.106
136.074
136.042
136.013
135.988
135.969
135.953
135.939
135.927
135.914
135.899
135.883
135.865
135.846
135.825
135.805
135.784
135.763
135.742
135.722
135.702
135.683
135.665
135.647
135.63
135.614
135.598
135.583
135.569
135.555
135.542
135.53
135.518
135.507
135.497
135.487
135.477
135.468
135.46
135.452
135.444
135.437
135.43
135.423
135.417
135.411
)
;
    }
    walls
    {
        type            zeroGradient;
    }
    frontAndBack
    {
        type            empty;
    }
}


// ************************************************************************* //
