/*--------------------------------*- C++ -*----------------------------------*\
| =========                 |                                                 |
| \\      /  F ield         | OpenFOAM: The Open Source CFD Toolbox           |
|  \\    /   O peration     | Version:  5.x                                   |
|   \\  /    A nd           | Web:      www.OpenFOAM.org                      |
|    \\/     M anipulation  |                                                 |
\*---------------------------------------------------------------------------*/
FoamFile
{
    version     2.0;
    format      ascii;
    class       volVectorField;
    location    "1100";
    object      wallShearStress;
}
// * * * * * * * * * * * * * * * * * * * * * * * * * * * * * * * * * * * * * //

dimensions      [0 2 -2 0 0 0 0];

internalField   uniform (0 0 0);

boundaryField
{
    inlet
    {
        type            calculated;
        value           uniform (0 0 0);
    }
    outlet
    {
        type            calculated;
        value           uniform (0 0 0);
    }
    walls
    {
        type            calculated;
        value           nonuniform List<vector> 
164
(
(-628.346 -972.093 4.81482e-35)
(-1112.42 -857.201 -1.98355e-15)
(-1621.17 -659.074 -8.12383e-16)
(-1452.94 -487.25 2.20381e-15)
(-1360.19 -381.47 5.42505e-21)
(-1237.16 -299.492 1.49677e-15)
(-1114.3 -237.547 1.74519e-15)
(-1007.33 -191.908 -1.97561e-15)
(-915.293 -157.484 -3.61112e-34)
(-836.283 -130.826 2.37008e-15)
(-767.484 -109.851 -2.58486e-15)
(-708.494 -93.0565 -2.67159e-15)
(-655.51 -79.2922 2.24261e-20)
(-613.769 -68.4766 -2.88172e-15)
(-575.213 -59.2636 3.19221e-15)
(-548.456 -52.2838 3.09692e-15)
(-522.403 -45.998 -3.22001e-15)
(-500.544 -40.7415 3.2628e-15)
(-481.824 -36.1704 3.22417e-15)
(-462.022 -31.9554 -3.38664e-15)
(-448.091 -28.4948 3.26329e-15)
(-431.849 -25.1515 6.50163e-21)
(-419.444 -22.3231 1.83191e-20)
(-407.878 -19.7299 -1.24925e-20)
(-396.034 -17.3267 -6.64019e-15)
(-387.61 -15.2339 3.18513e-15)
(-377.498 -13.2118 -1.20371e-35)
(-368.847 -11.392 1.56976e-15)
(-361.291 -9.71634 -1.56011e-15)
(-354.167 -8.15587 -4.5139e-36)
(-347.023 -6.69638 -1.14173e-20)
(-339.372 -5.31165 1.12298e-20)
(-333.288 -4.05227 1.01297e-20)
(-328.307 -2.85919 -2.13822e-20)
(-322.117 -1.743 -6.8374e-16)
(-317.698 -0.68608 -1.12847e-35)
(-312.418 0.299904 8.0894e-17)
(-307.765 1.24193 -6.34263e-16)
(-304.125 2.12207 6.08593e-16)
(-300.842 2.97803 -1.17642e-15)
(-297.169 3.76776 3.00927e-36)
(-293.798 4.5312 4.38648e-15)
(-276.419 4.92275 3.46066e-35)
(-273.729 5.4628 -1.18565e-20)
(-269.253 5.90247 -2.93476e-15)
(-266.995 6.36959 5.56586e-21)
(-263.737 6.77674 -5.53131e-21)
(-260.502 7.15165 -2.91438e-15)
(-257.435 7.51099 5.82242e-15)
(-254.46 7.83366 2.91133e-15)
(-251.597 8.15286 5.56033e-21)
(-248.832 8.43301 -2.90647e-15)
(-246.158 8.71555 2.90269e-15)
(-243.564 8.96345 -5.54091e-21)
(-241.068 9.21637 -1.94226e-23)
(-237.574 9.39576 -1.93827e-23)
(-235.295 9.61907 5.5392e-21)
(-233.818 9.85263 2.40741e-35)
(-230.772 10.0155 5.78017e-15)
(-229.285 10.2315 5.48297e-21)
(-227.299 10.4206 -5.67657e-15)
(-224.967 10.6103 5.70745e-15)
(-222.111 10.7887 -5.70285e-15)
(-220.398 11.0024 1.13455e-14)
(-217.447 11.1596 -5.6808e-15)
(-215.649 11.3551 5.63262e-15)
(-212.468 11.4841 -6.01853e-36)
(-210.017 11.6309 -2.69446e-21)
(-207.735 11.7913 -9.87199e-24)
(-205.406 11.9429 5.53604e-15)
(-201.577 11.9975 1.05323e-23)
(-199.064 12.1311 -2.67844e-21)
(-196.115 12.2303 -1.11008e-14)
(-191.836 12.2399 1.34668e-21)
(-187.974 12.2708 -1.14297e-14)
(-184.512 12.324 3.81719e-31)
(-179.7 12.2792 2.27991e-14)
(-174.352 12.1882 6.86169e-22)
(-168.952 12.0824 -1.17275e-14)
(-161.485 11.819 1.16538e-14)
(-159.691 11.9233 -1.20065e-14)
(-4.0759 0.994067 1.91427e-14)
(538.826 -1011.97 -7.70372e-34)
(-266.575 172.267 -1.24025e-14)
(-493.874 215.194 1.92593e-34)
(-593.137 199.684 -1.95693e-32)
(-610.504 169.848 -9.83187e-32)
(-617.169 147.538 5.77961e-15)
(-622.958 130.558 2.18235e-20)
(-613.854 114.544 -1.83671e-39)
(-595.011 99.9371 -3.45068e-20)
(-573.84 87.3558 -5.5762e-15)
(-551.54 76.5764 -2.1683e-20)
(-535.895 68.0493 -5.4547e-15)
(-517.882 60.3686 2.15575e-20)
(-507.331 54.3499 -2.0043e-20)
(-491.502 48.4571 -5.52094e-15)
(-481.314 43.7278 5.18124e-15)
(-468.322 39.1476 -1.99161e-20)
(-456.522 35.1223 5.14573e-15)
(-446.495 31.5314 -1.88185e-20)
(-433.604 28.0699 6.09062e-21)
(-425.956 25.2081 4.79817e-15)
(-414.786 22.3543 1.20371e-34)
(-407.754 19.9411 -4.68761e-15)
(-399.464 17.6149 -4.60288e-15)
(-391.788 15.4842 -2.02914e-20)
(-386.822 13.5851 -4.29186e-15)
(-378.694 11.6969 -1.08514e-32)
(-373.742 10.0334 2.05748e-15)
(-368.697 8.45325 -4.03159e-15)
(-363.819 6.96036 -1.40175e-20)
(-357.781 5.54273 -1.89714e-15)
(-353.083 4.21603 -9.19716e-16)
(-349.804 2.98692 -1.33829e-20)
(-345.421 1.79187 4.2688e-16)
(-341.774 0.681453 2.04002e-16)
(-336.967 -0.387739 -2.44828e-20)
(-333.905 -1.38456 1.1669e-20)
(-330.41 -2.34716 7.42808e-16)
(-328.221 -3.25656 -1.40948e-15)
(-325.459 -4.13503 -1.03847e-20)
(-323.805 -4.96841 2.57546e-15)
(-321.354 -5.76908 -2.46968e-15)
(-304.746 -6.15069 4.72515e-32)
(-302.978 -6.72617 -3.22378e-15)
(-300.589 -7.22654 -3.19662e-15)
(-298.002 -7.70398 -3.1914e-15)
(-295.567 -8.14596 6.32894e-15)
(-293.129 -8.55632 -3.15376e-15)
(-290.834 -8.95313 -3.13149e-15)
(-288.614 -9.31099 3.11321e-15)
(-286.471 -9.66789 -2.87996e-37)
(-284.441 -9.9847 3.07316e-15)
(-282.468 -10.306 5.82211e-21)
(-280.522 -10.5883 6.06876e-15)
(-278.687 -10.8778 6.01855e-15)
(-276.804 -11.1316 -5.41668e-35)
(-275.058 -11.392 6.00429e-32)
(-273.212 -11.6212 -5.64628e-21)
(-271.599 -11.8609 1.16863e-14)
(-269.787 -12.0654 5.65169e-21)
(-267.643 -12.2593 -1.16269e-14)
(-265.653 -12.4006 -5.83161e-15)
(-265.15 -12.5938 -1.20371e-35)
(-262.903 -12.6925 -2.73239e-21)
(-262.331 -12.8713 -5.5878e-15)
(-261.824 -13.047 -5.53198e-15)
(-260.269 -13.176 -5.50275e-15)
(-257.75 -13.2402 5.50577e-15)
(-256.718 -13.3872 5.48402e-15)
(-256.447 -13.574 2.53234e-21)
(-254.724 -13.6813 -1.41599e-31)
(-253.149 -13.8008 -1.27152e-21)
(-251.81 -13.9327 -5.20895e-15)
(-249.725 -14.0267 2.49827e-21)
(-247.771 -14.1295 5.24457e-15)
(-246.163 -14.2575 -2.46771e-21)
(-244.213 -14.3685 1.21605e-21)
(-241.591 -14.445 6.08902e-22)
(-238.754 -14.512 -1.0231e-14)
(-234.578 -14.5019 1.01134e-14)
(-234.566 -14.684 4.5663e-22)
(-28.1077 -2.11574 -1.94088e-14)
)
;
    }
    frontAndBack
    {
        type            empty;
    }
}


// ************************************************************************* //
