/*--------------------------------*- C++ -*----------------------------------*\
| =========                 |                                                 |
| \\      /  F ield         | OpenFOAM: The Open Source CFD Toolbox           |
|  \\    /   O peration     | Version:  5.x                                   |
|   \\  /    A nd           | Web:      www.OpenFOAM.org                      |
|    \\/     M anipulation  |                                                 |
\*---------------------------------------------------------------------------*/
FoamFile
{
    version     2.0;
    format      ascii;
    class       volScalarField;
    location    "650";
    object      p;
}
// * * * * * * * * * * * * * * * * * * * * * * * * * * * * * * * * * * * * * //

dimensions      [0 2 -2 0 0 0 0];

internalField   nonuniform List<scalar> 
11040
(
-0.000437548
-53.7874
-181.632
-216.397
-228.117
-235.299
-236.156
-230.658
-220.658
-206.756
-188.708
-161.045
-134.436
-115.437
-102.081
-87.8498
-73.4156
-59.7862
-46.8835
-34.437
-22.4075
-12.0361
-3.38544
4.68701
12.2182
19.2139
25.6644
31.5548
36.8525
41.5036
45.4407
48.6169
51.0522
52.8263
54.0888
54.9344
55.1813
54.8693
54.934
57.0772
56.9536
19.1698
-32.8886
-115.261
-157.443
-179.684
-196.023
-205.664
-207.892
-204.102
-195.237
-181.433
-158.462
-134.295
-115.628
-101.982
-87.9142
-73.6411
-60.0796
-47.2162
-34.8001
-22.7883
-12.4384
-3.7678
4.32419
11.8763
18.8965
25.3762
31.3012
36.6368
41.3269
45.3056
48.5265
51.0008
52.7978
54.0761
54.9491
55.2257
54.8911
54.73
56.3249
55.8963
31.9307
-18.6051
-77.9567
-127.331
-156.857
-176.439
-188.638
-193.305
-191.693
-184.885
-173.446
-154.383
-132.558
-114.331
-100.638
-87.0948
-73.222
-59.8664
-47.145
-34.8428
-22.9127
-12.6018
-3.95107
4.12761
11.673
18.6933
25.1803
31.1192
36.4741
41.1893
45.2002
48.4578
50.9658
52.7892
54.0831
54.9771
55.2822
54.9656
54.7192
55.878
55.2526
40.7766
-4.41991
-48.9041
-94.0046
-125.449
-147.801
-163.724
-172.6
-174.835
-171.444
-163.261
-148.303
-129.4
-112.204
-98.6877
-85.7338
-72.3807
-59.3374
-46.8382
-34.7144
-22.9156
-12.689
-4.08694
3.95996
11.4847
18.4943
24.9806
30.9275
36.2986
41.0387
45.0835
48.3814
50.9304
52.789
54.1013
55.0047
55.329
55.0327
54.7438
55.6159
55.1021
47.6696
8.9156
-25.6441
-64.2591
-95.8803
-120.089
-138.481
-150.554
-156.205
-156.148
-151.253
-140.362
-124.861
-109.239
-96.1254
-83.7868
-71.0803
-58.4757
-46.2885
-34.4188
-22.8187
-12.7278
-4.20745
3.7799
11.2609
18.2408
24.7117
30.6561
36.0376
40.8019
44.8853
48.2346
50.8413
52.7543
54.1011
55.0165
55.3617
55.0988
54.7842
55.5186
55.323
52.8723
20.5505
-7.01916
-39.0729
-68.3872
-92.6249
-112.25
-126.722
-135.457
-138.722
-137.22
-130.356
-118.563
-105.074
-92.7545
-81.1434
-69.2188
-57.1942
-45.4208
-33.888
-22.5608
-12.659
-4.26381
3.62554
11.0297
17.9514
24.3827
30.3052
35.6829
40.463
44.5838
47.9916
50.671
52.6598
54.0631
55.0047
55.386
55.19
54.8875
55.5815
55.7232
56.7857
30.2822
7.90304
-18.3141
-43.9586
-66.7066
-86.2638
-101.992
-113.031
-119.23
-120.988
-117.984
-110.066
-99.2894
-88.3187
-77.66
-66.6695
-55.3872
-44.1565
-33.0607
-22.0919
-12.444
-4.22671
3.51993
10.8081
17.6362
23.9962
29.8694
35.2213
40.002
44.153
47.6217
50.3864
52.4729
53.9615
54.9573
55.405
55.322
55.0955
55.7906
56.2479
59.7277
38.1613
19.829
-1.47753
-23.0914
-43.344
-61.7176
-77.534
-89.8674
-98.2695
-102.825
-103.278
-99.1376
-91.4805
-82.4421
-73.0801
-63.2298
-52.8898
-42.3706
-31.8403
-21.3386
-12.0285
-4.0539
3.49533
10.6192
17.3097
23.5576
29.3447
34.6388
39.3946
43.5591
47.083
49.9403
52.1451
53.753
54.8479
55.4124
55.5014
55.4255
56.1714
56.8942
61.9236
44.3956
29.3052
12.0218
-5.79449
-23.1166
-39.5307
-54.4384
-67.0149
-76.6899
-83.3085
-86.5809
-85.8262
-81.3969
-74.7572
-67.0931
-58.6426
-49.4805
-39.8849
-30.0857
-20.1864
-11.3166
-3.66394
3.61792
10.5165
17.015
23.1006
28.7548
33.9481
38.6411
42.7886
46.3475
49.2914
51.6255
53.3854
54.6348
55.3857
55.7231
55.8834
56.761
57.6529
63.5334
49.252
36.7902
22.7679
8.26156
-6.14878
-20.2373
-33.5694
-45.5021
-55.4996
-63.2883
-68.5469
-70.5185
-69.0795
-65.0509
-59.4283
-52.652
-44.9135
-36.481
-27.6178
-18.4886
-10.1832
-2.94736
3.98141
10.5803
16.8225
22.6883
28.1567
33.1999
37.7842
41.8724
45.4305
48.4359
50.8905
52.819
54.271
55.2779
55.9452
56.4345
57.531
58.5217
64.6853
52.9982
42.6784
31.2867
19.5448
7.76349
-3.98209
-15.4295
-26.1236
-35.6545
-43.7427
-50.0812
-53.9396
-54.937
-53.3915
-49.9597
-45.0669
-38.9688
-31.9325
-24.2293
-16.0683
-8.47812
-1.77253
4.70158
10.9121
16.8229
22.4042
27.63
32.4724
36.9014
40.8867
44.4021
47.4315
49.9784
52.0657
53.7368
55.0349
56.0768
56.9594
58.3314
59.4514
65.4856
55.874
47.3057
38.0318
28.5459
19.0075
9.40283
-0.135083
-9.31539
-17.8637
-25.563
-32.1606
-37.0323
-39.7139
-40.2045
-38.8287
-35.8605
-31.5243
-26.0605
-19.7209
-12.7307
-6.02333
0.0203751
5.92281
11.6418
17.1325
22.3543
27.2737
31.8611
36.088
39.9286
43.3623
46.3783
48.9826
51.1993
53.0698
54.6415
56.0305
57.2956
58.9287
60.2629
66.0261
58.0836
50.9532
43.3838
35.717
28.0289
20.2646
12.4765
4.83412
-2.4909
-9.3658
-15.6118
-20.7454
-24.3338
-26.2238
-26.5032
-25.2693
-22.6481
-18.8126
-13.9639
-8.30768
-2.64124
2.60574
7.8133
12.9286
17.8997
22.6755
27.2147
31.4843
35.4558
39.1055
42.4164
45.3803
48.0038
50.3106
52.3373
54.1271
55.7803
57.3423
59.1422
60.7242
66.3834
59.7932
53.8489
47.6543
41.4469
35.2576
29.0181
22.7376
16.5082
10.429
4.5679
-0.967491
-5.82985
-9.67358
-12.3091
-13.6978
-13.8096
-12.6641
-10.3454
-6.98121
-2.7278
1.79038
6.1301
10.5343
14.9416
19.2943
23.5336
27.6117
31.492
35.1448
38.5467
41.6816
44.5423
47.1337
49.4758
51.5964
53.5284
55.3454
57.087
58.9394
60.6639
66.616
61.1317
56.171
51.089
46.0518
41.0659
36.0636
31.0336
26.0227
21.0835
16.2472
11.5656
7.27345
3.62144
0.775593
-1.18298
-2.16458
-2.117
-1.04689
0.992966
3.90929
7.26466
10.6457
14.1811
17.8067
21.4635
25.0888
28.6303
32.0488
35.3139
38.4017
41.2954
43.986
46.4751
48.7765
50.9076
52.8886
54.7662
56.5697
58.3884
60.1087
66.7776
62.2056
58.0631
53.8837
49.7852
45.7617
41.7514
37.735
33.7348
29.7763
25.8702
22.0359
18.4248
15.2083
12.5093
10.4061
8.99714
8.36275
8.54225
9.53835
11.315
13.6061
16.0622
18.7322
21.557
24.4818
27.4462
30.3981
33.2976
36.1134
38.821
41.4028
43.8477
46.1526
48.3242
50.3697
52.2976
54.134
55.8963
57.6219
59.2529
66.9268
63.1126
59.6534
56.2093
52.8664
49.6117
46.3911
43.1841
39.9999
36.8498
33.7338
30.6566
27.7122
25.0137
22.6448
20.6647
19.1561
18.1968
17.8412
18.1207
19.0371
20.4558
22.1075
23.9952
26.0708
28.288
30.5944
32.9433
35.2973
37.6264
39.9065
42.1187
44.2499
46.2929
48.2485
50.1164
51.8963
53.6011
55.2383
56.8205
58.3186
67.0588
63.8449
60.9253
58.0501
55.2866
52.6162
49.9924
47.3964
44.8311
42.3015
39.8037
37.3376
34.9619
32.7496
30.7559
29.0221
27.6094
26.5806
25.9867
25.8659
26.2369
27.0465
28.0985
29.3763
30.8443
32.4665
34.201
36.0091
37.8588
39.7237
41.5813
43.4135
45.2062
46.9499
48.6412
50.2751
51.8465
53.3606
54.8196
56.2246
57.5629
67.1657
64.4161
61.9139
59.4735
57.1486
54.9176
52.74
50.5994
48.4956
46.4298
44.3973
42.3955
40.4641
38.6516
36.9942
35.5204
34.2739
33.3016
32.6449
32.3385
32.405
32.834
33.4837
34.3328
35.3567
36.5284
37.8157
39.1882
40.6201
42.0889
43.5753
45.0631
46.5386
47.9918
49.4171
50.8074
52.1555
53.4625
54.7272
55.9459
57.1134
67.2634
64.8809
62.7097
60.6093
58.6237
56.7301
54.8931
53.0982
51.3438
49.6296
47.9505
46.3037
44.7166
43.223
41.8467
40.6074
39.5363
38.6675
38.0325
37.6596
37.5695
37.7717
38.1623
38.7215
39.433
40.2767
41.2282
42.2645
43.365
44.5118
45.6887
46.8818
48.079
49.2707
50.4507
51.6113
52.7452
53.8512
54.9266
55.9661
56.9674
67.3568
65.2713
63.3685
61.5408
59.825
58.1977
56.6279
55.103
53.6207
52.1796
50.775
49.404
48.0865
46.8465
45.7002
44.6612
43.7519
42.9969
42.4196
42.0418
41.8806
41.9529
42.1806
42.5474
43.0429
43.6521
44.3564
45.1385
45.9825
46.8743
47.8008
48.7503
49.7126
50.6793
51.6443
52.6004
53.5408
54.4635
55.3651
56.2405
57.0879
67.448
65.6075
63.9264
62.3219
60.8249
59.4122
58.0567
56.7471
55.4808
54.2559
53.0683
51.9153
50.8113
49.7741
48.8149
47.9429
47.1746
46.5279
46.0196
45.6664
45.4812
45.4826
45.6099
45.8506
46.1983
46.6414
47.1659
47.7584
48.407
49.1004
49.8284
50.5815
51.3511
52.1302
52.9134
53.6943
54.467
55.2294
55.978
56.7082
57.4182
67.5375
65.9019
64.4065
62.9876
61.671
60.4344
59.2536
58.1189
57.0274
55.9768
54.9636
53.9853
53.0527
52.1789
51.372
50.6384
49.9899
49.4398
49.0002
48.6835
48.4991
48.4646
48.5312
48.6899
48.9368
49.2627
49.6568
50.109
50.6099
51.1509
51.7238
52.321
52.9356
53.5617
54.1949
54.8296
55.4611
56.0872
56.7047
57.3099
57.9007
67.6252
66.163
64.8251
63.5622
62.3964
61.3063
60.2703
59.2797
58.3316
57.4236
56.5525
55.7162
54.9227
54.1818
53.4996
52.8802
52.3324
51.8659
51.4896
51.2123
51.0409
50.9906
51.0214
51.1269
51.305
51.5482
51.8478
52.1961
52.5859
53.0103
53.463
53.9377
54.4292
54.9325
55.4439
55.959
56.4736
56.9862
57.4939
57.9935
58.4828
67.7106
66.3964
65.1933
64.0632
63.025
62.0582
61.1434
60.2731
59.4442
58.6543
57.9006
57.181
56.5016
55.8699
55.2902
54.7654
54.3018
53.9066
53.5862
53.347
53.1937
53.139
53.1492
53.2204
53.3512
53.5355
53.7663
54.0376
54.3436
54.6791
55.0388
55.418
55.8123
56.2178
56.6314
57.0496
57.4691
57.8884
58.3051
58.7169
59.1211
67.7933
66.6066
65.5198
64.5036
63.5741
62.712
61.9
61.1311
60.4023
59.7114
59.0555
58.4328
57.8481
57.3068
56.8119
56.3658
55.9726
55.6377
55.3657
55.1613
55.0274
54.9743
54.9734
55.0223
55.1204
55.2625
55.4429
55.6566
55.8993
56.1667
56.4546
56.7592
57.0771
57.405
57.7406
58.0809
58.4234
58.7668
59.1091
59.4485
59.7822
67.873
66.7967
65.8108
64.8929
64.057
63.2847
62.5603
61.8777
61.2339
60.6265
60.053
59.5117
59.006
58.5401
58.1162
57.7355
57.4014
57.1174
56.8869
56.7132
56.5981
56.5497
56.5433
56.5778
56.653
56.7645
56.9075
57.0779
57.2724
57.4874
57.7195
57.9659
58.2236
58.4902
58.7636
59.0415
59.3219
59.6038
59.8855
60.1656
60.4413
67.9493
66.9692
66.0713
65.239
64.4839
63.789
63.1401
62.5315
61.9603
61.4241
60.9205
60.448
60.0089
59.6064
59.2419
58.9163
58.6317
58.3907
58.1956
58.0486
57.9507
57.9082
57.8997
57.9248
57.9839
58.0729
58.1878
58.3253
58.4827
58.6571
58.8459
59.0465
59.2567
59.4746
59.6985
59.9264
60.1569
60.3891
60.6215
60.8533
61.0815
68.022
67.1259
66.3053
65.5476
64.8629
64.2352
63.6516
63.1068
62.5981
62.123
61.6792
61.2651
60.8826
60.5338
60.2196
59.9403
59.6975
59.4928
59.3277
59.2037
59.1211
59.0849
59.0761
59.0953
59.1427
59.2149
59.3085
59.4208
59.5495
59.6922
59.8469
60.0114
60.184
60.3631
60.5473
60.7352
60.9254
61.1174
61.3098
61.5022
61.6916
68.091
67.2687
66.5159
65.8236
65.2004
64.6312
64.1044
63.6151
63.1605
62.7381
62.3457
61.9819
61.6476
61.3445
61.073
60.833
60.6255
60.4515
60.3119
60.2076
60.1386
60.1083
60.1004
60.1157
60.1546
60.2141
60.2913
60.384
60.4902
60.608
60.7356
60.8715
61.0141
61.1622
61.3146
61.4702
61.6278
61.7872
61.9472
62.1073
62.2649
68.1561
67.3986
66.7056
66.0708
65.5015
64.9837
64.5066
64.0656
63.658
63.2814
62.9335
62.613
62.3202
62.0562
61.8211
61.6146
61.4371
61.2893
61.1713
61.0839
61.0264
61.0018
60.9952
61.008
61.0406
61.0904
61.1549
61.2321
61.3204
61.4184
61.5245
61.6375
61.756
61.8791
62.0058
62.1353
62.2666
62.3994
62.5328
62.6666
62.7982
68.2173
67.5169
66.8768
66.2926
65.7707
65.2979
64.8643
64.4657
64.0992
63.7625
63.4534
63.1704
62.9135
62.6832
62.4794
62.3015
62.1496
62.0239
61.9245
61.8514
61.804
61.7843
61.7793
61.7905
61.8184
61.8607
61.915
61.98
62.0541
62.1362
62.225
62.3195
62.4185
62.5214
62.6273
62.7354
62.8452
62.9563
63.068
63.1801
63.2903
68.2745
67.6244
67.031
66.4916
66.0114
65.5782
65.183
64.8216
64.4912
64.1895
63.9143
63.6638
63.4381
63.237
63.0602
62.9069
62.777
62.6703
62.5866
62.5257
62.4869
62.4716
62.4682
62.4784
62.5027
62.539
62.5854
62.6404
62.7031
62.7723
62.8471
62.9265
63.0097
63.096
63.1849
63.2756
63.3678
63.461
63.5548
63.6491
63.7415
68.3278
67.722
67.1698
66.6699
66.2265
65.8283
65.4669
65.1383
64.8398
64.5688
64.3233
64.1014
63.9028
63.7271
63.5737
63.4417
63.3306
63.2402
63.17
63.1196
63.0882
63.0768
63.075
63.0846
63.1061
63.1376
63.1775
63.2246
63.2779
63.3367
63.3999
63.467
63.5372
63.61
63.6849
63.7613
63.8389
63.9174
63.9963
64.0758
64.1536
68.3772
67.8104
67.2946
66.8294
66.4185
66.0512
65.7197
65.4201
65.1497
64.9059
64.6865
64.4898
64.315
64.1614
64.0283
63.9148
63.8201
63.7437
63.6851
63.6437
63.6186
63.6105
63.6102
63.6195
63.6387
63.6664
63.701
63.7415
63.7872
63.8373
63.8911
63.9481
64.0076
64.0691
64.1324
64.197
64.2624
64.3287
64.3954
64.4625
64.528
68.4227
67.89
67.4062
66.9718
66.5895
66.2494
65.9443
65.6705
65.425
65.2053
65.009
64.8345
64.6805
64.5465
64.4312
64.3337
64.2532
64.189
64.1404
64.1067
64.0872
64.0819
64.083
64.0922
64.1098
64.1343
64.1646
64.1997
64.2391
64.2821
64.3281
64.3767
64.4273
64.4795
64.5332
64.5878
64.6432
64.6993
64.7556
64.8124
64.8677
68.4644
67.9614
67.5057
67.0982
66.7411
66.4251
66.1434
65.8924
65.669
65.4706
65.295
65.14
65.0046
64.8877
64.7881
64.7047
64.6365
64.5829
64.5429
64.516
64.5011
64.4983
64.5007
64.5098
64.526
64.548
64.5747
64.6053
64.6394
64.6765
64.716
64.7575
64.8006
64.8451
64.8907
64.9371
64.9841
65.0316
65.0793
65.1274
65.174
68.5023
68.025
67.5938
67.2098
66.8748
66.58
66.319
66.0882
65.8845
65.7052
65.5478
65.4104
65.2914
65.1896
65.1039
65.0329
64.9757
64.9313
64.8989
64.8778
64.8671
64.8667
64.8703
64.8796
64.8947
64.9147
64.9385
64.9655
64.9953
65.0274
65.0615
65.0971
65.1341
65.172
65.2109
65.2503
65.2902
65.3305
65.3709
65.4116
65.451
68.5364
68.0811
67.671
67.3075
66.9917
66.7155
66.4729
66.26
66.0739
65.9116
65.7706
65.6487
65.5444
65.4561
65.3827
65.3227
65.275
65.2387
65.213
65.1969
65.1897
65.1912
65.1959
65.2053
65.2195
65.2377
65.259
65.2829
65.309
65.337
65.3665
65.3972
65.429
65.4615
65.4946
65.5282
65.5621
65.5963
65.6306
65.6651
65.6984
68.5668
68.13
67.738
67.392
67.0928
66.8329
66.6064
66.4095
66.239
66.0919
65.9656
65.8577
65.7665
65.6904
65.628
65.5778
65.5387
65.5098
65.49
65.4787
65.4749
65.4783
65.4843
65.4941
65.5079
65.5249
65.5444
65.5658
65.589
65.6136
65.6393
65.6659
65.6933
65.7212
65.7496
65.7782
65.807
65.8361
65.8651
65.8943
65.9224
68.5936
68.172
67.795
67.4639
67.179
66.9331
66.7207
66.538
66.3815
66.248
66.1349
66.0396
65.9602
65.895
65.8424
65.801
65.7695
65.747
65.7323
65.7249
65.7238
65.7287
65.7356
65.7455
65.7588
65.7746
65.7923
65.8116
65.8322
65.8539
65.8764
65.8996
65.9233
65.9474
65.9717
65.9962
66.0209
66.0455
66.0702
66.0949
66.1186
68.6166
68.2071
67.8424
67.5236
67.2506
67.0169
66.8169
66.6466
66.5025
66.3813
66.28
66.1961
66.1274
66.0722
66.0287
65.9954
65.9711
65.9547
65.9453
65.942
65.944
65.951
65.9594
65.9703
65.9837
65.9991
66.0158
66.0337
66.0525
66.072
66.0919
66.1123
66.133
66.1538
66.1747
66.1957
66.2166
66.2376
66.2584
66.2793
66.2992
68.636
68.2353
67.88
67.571
67.3079
67.0844
66.8951
66.7359
66.6029
66.4927
66.4022
66.3287
66.2698
66.2236
66.1882
66.1621
66.1439
66.1325
66.127
66.1267
66.1308
66.1389
66.148
66.1591
66.1722
66.1867
66.2023
66.2187
66.2357
66.2531
66.2709
66.2889
66.3071
66.3253
66.3435
66.3616
66.3797
66.3976
66.4154
66.4332
66.45
68.6517
68.2569
67.9083
67.6066
67.3512
67.136
66.9558
66.8061
66.6831
66.5829
66.5022
66.4383
66.3885
66.3508
66.3234
66.3047
66.2933
66.288
66.2879
66.292
66.2996
66.3103
66.3216
66.3343
66.3483
66.3633
66.3788
66.3947
66.4109
66.4271
66.4434
66.4597
66.4758
66.4918
66.5075
66.5231
66.5385
66.5537
66.5686
66.5834
66.5975
68.6641
68.2727
67.9286
67.6321
67.3822
67.1735
67.0004
66.8587
66.7441
66.6526
66.5808
66.5255
66.484
66.454
66.4332
66.4202
66.4134
66.4117
66.4143
66.4205
66.4296
66.4411
66.453
66.4659
66.4798
66.4943
66.5091
66.5241
66.5391
66.5541
66.5689
66.5837
66.5982
66.6124
66.6265
66.6403
66.6538
66.6671
66.6801
66.6929
66.7051
68.673
68.2817
67.9396
67.6462
67.4004
67.1966
67.0296
66.8946
66.7872
66.7033
66.6392
66.5918
66.5583
66.5364
66.524
66.5193
66.5206
66.5266
66.5361
66.5481
66.5619
66.5772
66.5924
66.6079
66.6238
66.6397
66.6555
66.6709
66.6859
66.7006
66.7149
66.7287
66.742
66.7549
66.7673
66.7794
66.7909
66.8021
66.8129
66.8234
66.8334
68.677
68.2798
67.9348
67.641
67.3967
67.1966
67.0349
66.9065
66.8064
66.7303
66.6739
66.6338
66.6068
66.5904
66.5823
66.5807
66.5843
66.5921
66.6032
66.6168
66.632
66.6479
66.6638
66.6798
66.6958
66.7117
66.7271
66.7422
66.7567
66.7708
66.7843
66.7973
66.8097
66.8216
66.833
66.844
66.8544
66.8645
66.8741
66.8832
66.8922
68.6757
68.2686
67.9168
67.6191
67.3733
67.1742
67.0158
66.8925
66.799
66.7307
66.6833
66.6534
66.6377
66.6337
66.6387
66.6507
66.6675
66.6874
66.709
66.7311
66.753
66.7745
66.7951
66.815
66.8342
66.8525
66.8698
66.8862
66.9017
66.9162
66.9299
66.9427
66.9547
66.966
66.9766
66.9866
66.9959
67.0047
67.013
67.0208
67.0284
62.3363
66.4095
69.7659
71.716
72.9006
73.6936
74.1483
74.3558
74.4013
74.337
74.1999
74.0171
73.808
73.5857
73.3589
73.1336
72.9141
72.7026
72.5006
72.3091
72.1282
71.9581
71.7984
71.6489
71.5091
71.3786
71.2567
71.143
71.0369
70.9379
70.8454
70.7588
70.6777
70.6016
70.5301
70.4628
70.3993
70.3396
70.2833
70.2303
70.1804
70.1334
70.0891
70.0474
70.0081
69.971
69.9359
69.9027
69.8713
69.8415
69.8132
69.7862
69.7605
69.7359
69.7124
69.6898
69.6681
69.6472
69.6269
69.6074
69.5884
69.5699
69.5519
69.5344
69.5174
69.5009
69.4848
69.4696
69.4545
69.4415
69.427
69.4193
69.4017
69.41
61.7265
66.1248
69.6245
71.7152
72.9638
73.7657
74.2115
74.4058
74.4378
74.3612
74.2136
74.0221
73.806
73.5782
73.3471
73.1187
72.8968
72.6836
72.4805
72.2882
72.107
71.9368
71.7772
71.628
71.4886
71.3585
71.2372
71.1241
71.0186
70.9202
70.8284
70.7424
70.662
70.5865
70.5156
70.4488
70.386
70.3268
70.271
70.2185
70.1691
70.1225
70.0787
70.0374
69.9985
69.9618
69.9271
69.8943
69.8632
69.8338
69.8057
69.7791
69.7536
69.7293
69.7061
69.6837
69.6623
69.6415
69.6215
69.6022
69.5834
69.5651
69.5473
69.53
69.5131
69.4968
69.4808
69.4657
69.4508
69.4379
69.4236
69.416
69.3985
69.4069
61.2681
65.4342
69.2869
71.6358
72.9956
73.8325
74.2812
74.4646
74.4812
74.3898
74.2295
74.0276
73.8032
73.5689
73.3329
73.1007
72.8762
72.6611
72.4568
72.2638
72.0822
71.9119
71.7526
71.6037
71.4648
71.3354
71.2147
71.1024
70.9977
70.9001
70.809
70.7239
70.6442
70.5695
70.4993
70.4333
70.3711
70.3125
70.2574
70.2055
70.1566
70.1106
70.0672
70.0265
69.988
69.9518
69.9175
69.8851
69.8544
69.8253
69.7977
69.7713
69.7462
69.7222
69.6992
69.6772
69.656
69.6355
69.6157
69.5966
69.578
69.5599
69.5423
69.5252
69.5085
69.4924
69.4766
69.4617
69.4469
69.4342
69.42
69.4125
69.3952
69.4037
61.0143
64.8316
68.8587
71.4543
72.9686
73.8668
74.3359
74.5208
74.5273
74.4216
74.247
74.033
73.799
73.5572
73.3154
73.079
72.8514
72.6343
72.4287
72.2349
72.0531
71.8829
71.7239
71.5756
71.4374
71.3087
71.189
71.0775
70.9738
70.8772
70.7871
70.7029
70.6242
70.5503
70.481
70.4158
70.3544
70.2966
70.2422
70.1909
70.1427
70.0973
70.0546
70.0144
69.9765
69.9407
69.907
69.875
69.8448
69.8161
69.7889
69.7629
69.7381
69.7145
69.6918
69.6701
69.6492
69.629
69.6095
69.5906
69.5723
69.5544
69.5371
69.5202
69.5037
69.4877
69.4721
69.4573
69.4428
69.4302
69.4162
69.4088
69.3917
69.4002
61.0654
64.5875
68.4994
71.1978
72.8664
73.852
74.3562
74.5523
74.559
74.4467
74.2616
74.036
73.7916
73.5415
73.2934
73.0523
72.8215
72.6021
72.3951
72.2007
72.0188
71.8487
71.6902
71.5427
71.4054
71.2778
71.1591
71.0489
70.9463
70.8509
70.762
70.679
70.6013
70.5286
70.4603
70.3961
70.3356
70.2787
70.2251
70.1747
70.1272
70.0825
70.0405
70.001
69.9637
69.9286
69.8954
69.864
69.8342
69.806
69.7792
69.7537
69.7294
69.7061
69.6838
69.6624
69.6418
69.622
69.6028
69.5841
69.5661
69.5485
69.5314
69.5147
69.4985
69.4827
69.4673
69.4527
69.4383
69.4259
69.4121
69.4048
69.3879
69.3965
61.2764
64.6302
68.3134
70.9752
72.7145
73.7763
74.3308
74.5481
74.5587
74.4454
74.2576
74.027
73.7759
73.5187
73.2644
73.0186
72.7844
72.5629
72.3546
72.1597
71.9778
71.8083
71.6506
71.5041
71.368
71.2417
71.1244
71.0156
70.9146
70.8206
70.7331
70.6515
70.5752
70.5038
70.4367
70.3737
70.3144
70.2585
70.2059
70.1564
70.1098
70.066
70.0248
69.9861
69.9495
69.9151
69.8825
69.8518
69.8226
69.795
69.7687
69.7437
69.7198
69.697
69.6751
69.6541
69.6339
69.6144
69.5955
69.5772
69.5594
69.5422
69.5253
69.5089
69.4929
69.4774
69.4622
69.4478
69.4336
69.4214
69.4077
69.4006
69.384
69.3925
61.5572
64.8332
68.2934
70.8684
72.582
73.6602
74.2533
74.5014
74.5235
74.41
74.2194
73.9878
73.7368
73.4789
73.2225
72.9739
72.7373
72.5141
72.305
72.11
71.9285
71.7599
71.6034
71.4583
71.3239
71.1993
71.0838
70.9769
70.8776
70.7855
70.6998
70.6199
70.5453
70.4754
70.4098
70.3482
70.2902
70.2356
70.1842
70.1358
70.0903
70.0475
70.0073
69.9694
69.9337
69.9001
69.8683
69.8383
69.8098
69.7828
69.7571
69.7326
69.7093
69.687
69.6656
69.645
69.6252
69.6061
69.5876
69.5697
69.5523
69.5353
69.5188
69.5026
69.4869
69.4716
69.4567
69.4426
69.4286
69.4165
69.4031
69.3962
69.3798
69.3884
61.9311
65.0903
68.341
70.8404
72.504
73.5507
74.1435
74.4098
74.4486
74.3422
74.1501
73.914
73.6612
73.4054
73.1528
72.9078
72.6734
72.4513
72.2429
72.0487
71.8685
71.7015
71.5468
71.4038
71.2715
71.1492
71.0361
70.9314
70.8345
70.7446
70.6611
70.5833
70.5107
70.4427
70.3789
70.319
70.2626
70.2095
70.1595
70.1125
70.0682
70.0266
69.9875
69.9507
69.9161
69.8834
69.8525
69.8233
69.7956
69.7693
69.7443
69.7205
69.6978
69.676
69.6552
69.6351
69.6158
69.5971
69.5791
69.5616
69.5445
69.5279
69.5117
69.4959
69.4805
69.4655
69.4509
69.437
69.4232
69.4114
69.3982
69.3914
69.3753
69.384
62.478
65.3768
68.3351
70.7819
72.4305
73.4528
74.0277
74.2905
74.3355
74.2377
74.0507
73.8141
73.5575
73.2982
73.0458
72.8055
72.5782
72.3633
72.1606
71.9708
71.794
71.6299
71.4781
71.3381
71.2089
71.0896
70.9794
70.8778
70.7837
70.6966
70.6158
70.5406
70.4705
70.4048
70.3432
70.2854
70.2309
70.1796
70.1313
70.0858
70.0431
70.003
69.9652
69.9296
69.8961
69.8646
69.8347
69.8065
69.7797
69.7543
69.7301
69.7071
69.685
69.664
69.6437
69.6243
69.6055
69.5874
69.5698
69.5527
69.5361
69.5199
69.5041
69.4887
69.4736
69.4589
69.4446
69.431
69.4175
69.4059
69.393
69.3864
69.3706
69.3793
63.1845
65.6764
68.2415
70.604
72.2524
73.2797
73.8742
74.1501
74.1996
74.1029
73.9185
73.6854
73.4305
73.1698
72.9142
72.672
72.4468
72.2381
72.0445
71.8646
71.6965
71.5394
71.3933
71.258
71.1331
71.0179
70.9118
70.814
70.7236
70.6401
70.5627
70.4907
70.4236
70.3607
70.3018
70.2464
70.1943
70.1452
70.0989
70.0554
70.0144
69.976
69.9398
69.9057
69.8736
69.8434
69.8148
69.7877
69.762
69.7376
69.7143
69.6922
69.671
69.6506
69.6311
69.6123
69.5942
69.5767
69.5596
69.5431
69.527
69.5113
69.4959
69.4809
69.4661
69.4518
69.4378
69.4245
69.4114
69.4
69.3874
69.381
69.3655
69.3743
63.8163
65.8781
68.0027
70.2216
71.8791
72.9316
73.5713
73.9059
74.0043
73.9358
73.7641
73.5353
73.2809
73.0199
72.764
72.521
72.2946
72.0857
71.895
71.722
71.5639
71.418
71.2827
71.1568
71.0395
70.9307
70.8302
70.7375
70.652
70.573
70.4999
70.4319
70.3685
70.3092
70.2535
70.2012
70.1518
70.1053
70.0615
70.0203
69.9815
69.9451
69.9108
69.8785
69.8481
69.8194
69.7922
69.7665
69.742
69.7188
69.6967
69.6755
69.6553
69.6358
69.6172
69.5992
69.5818
69.5649
69.5485
69.5326
69.517
69.5018
69.4869
69.4724
69.4581
69.4442
69.4306
69.4176
69.4048
69.3937
69.3815
69.3752
69.3602
69.3691
64.0344
65.7762
67.5137
69.5042
71.1468
72.2639
72.9888
73.4236
73.621
73.6373
73.5308
73.3461
73.1149
72.8625
72.6072
72.3611
72.131
71.9195
71.7278
71.5558
71.4015
71.2627
71.1375
71.0236
70.9183
70.8204
70.7293
70.6445
70.5657
70.4927
70.4251
70.3622
70.3035
70.2486
70.1969
70.1483
70.1024
70.059
70.0182
69.9797
69.9435
69.9095
69.8775
69.8473
69.8189
69.792
69.7666
69.7424
69.7195
69.6977
69.6768
69.6569
69.6377
69.6194
69.6016
69.5845
69.568
69.5519
69.5363
69.521
69.5061
69.4915
69.4772
69.4632
69.4494
69.436
69.4228
69.4102
69.3978
69.387
69.3751
69.3691
69.3545
69.3635
63.743
65.2729
66.7395
68.4434
69.9713
71.1163
71.9406
72.5167
72.8722
73.0386
73.0611
72.9822
72.8346
72.6435
72.4283
72.2028
71.9784
71.764
71.5654
71.3863
71.2272
71.0873
70.9652
70.8583
70.7632
70.6776
70.5995
70.5269
70.4588
70.3949
70.3351
70.279
70.2263
70.1768
70.1302
70.0861
70.0444
70.005
69.9677
69.9326
69.8995
69.8684
69.8391
69.8115
69.7854
69.7607
69.7373
69.7151
69.6939
69.6737
69.6544
69.6359
69.6181
69.6009
69.5843
69.5683
69.5527
69.5376
69.5228
69.5083
69.4942
69.4803
69.4666
69.4532
69.44
69.4271
69.4144
69.4022
69.3902
69.3798
69.3683
69.3626
69.3485
69.3577
63.0268
64.3907
65.684
67.1287
68.4889
69.6049
70.4865
71.1721
71.6752
72.0097
72.2027
72.2833
72.2765
72.2039
72.0849
71.9356
71.7686
71.5935
71.4165
71.2436
71.08
70.9303
70.7978
70.6836
70.5867
70.5051
70.436
70.3758
70.3215
70.2712
70.2234
70.1776
70.1334
70.0911
70.0509
70.0125
69.9761
69.9415
69.9086
69.8776
69.8483
69.8207
69.7946
69.7701
69.7468
69.7248
69.7038
69.6839
69.6648
69.6465
69.629
69.6121
69.5959
69.5801
69.5649
69.5501
69.5357
69.5216
69.5078
69.4943
69.481
69.4679
69.455
69.4423
69.4297
69.4174
69.4052
69.3936
69.3821
69.3721
69.361
69.3556
69.342
69.3515
62.0133
63.2365
64.4103
65.6645
66.8684
67.9226
68.8174
69.5656
70.1704
70.6364
70.9776
71.2127
71.3594
71.4336
71.4496
71.4197
71.3547
71.2641
71.1562
71.0378
70.9143
70.7894
70.6663
70.5488
70.4411
70.3467
70.2678
70.204
70.1533
70.1127
70.0786
70.0475
70.0172
69.9869
69.9561
69.9255
69.8954
69.8664
69.8389
69.8128
69.7882
69.7649
69.7429
69.722
69.7022
69.6833
69.6653
69.648
69.6314
69.6154
69.6001
69.5852
69.5707
69.5567
69.543
69.5297
69.5166
69.5038
69.4912
69.4787
69.4664
69.4543
69.4422
69.4303
69.4185
69.4068
69.3953
69.3843
69.3733
69.3638
69.3532
69.3482
69.3352
69.3449
60.8466
61.9512
63.0249
64.137
65.2118
66.1936
67.0717
67.8464
68.5141
69.0732
69.5284
69.8892
70.1668
70.3725
70.5174
70.612
70.6651
70.6843
70.6756
70.6444
70.5955
70.5335
70.4626
70.3861
70.3069
70.2268
70.1483
70.0748
70.0101
69.9568
69.916
69.886
69.8641
69.847
69.8314
69.815
69.7971
69.7777
69.7576
69.7376
69.7183
69.6999
69.6826
69.6661
69.6503
69.6352
69.6207
69.6066
69.593
69.5798
69.5669
69.5544
69.5421
69.5301
69.5183
69.5067
69.4952
69.4838
69.4726
69.4614
69.4502
69.4392
69.4281
69.4171
69.4062
69.3953
69.3845
69.3742
69.3638
69.3548
69.3448
69.3402
69.3279
69.338
59.6724
60.6683
61.6451
62.6374
63.6022
64.5094
65.3511
66.1233
66.8197
67.4359
67.9713
68.4286
68.8127
69.1294
69.3861
69.5901
69.749
69.8697
69.9584
70.0202
70.0593
70.0792
70.0827
70.0725
70.0512
70.0214
69.9855
69.9452
69.9016
69.8559
69.8102
69.7676
69.7313
69.7035
69.6843
69.6719
69.6639
69.6576
69.6509
69.6429
69.6334
69.6228
69.6119
69.6009
69.59
69.5794
69.569
69.5588
69.5488
69.5388
69.5289
69.5192
69.5095
69.4998
69.4902
69.4806
69.471
69.4613
69.4517
69.442
69.4322
69.4224
69.4125
69.4026
69.3926
69.3827
69.3728
69.3631
69.3535
69.3452
69.3358
69.3317
69.32
69.3307
58.7144
59.6022
60.4795
61.3614
62.2249
63.0539
63.8425
64.5858
65.2779
65.9135
66.4899
67.006
67.4626
67.8616
68.2063
68.5007
68.7496
68.958
69.1308
69.2729
69.3886
69.4817
69.5553
69.6117
69.6528
69.6801
69.695
69.6994
69.6952
69.6844
69.6688
69.6498
69.6279
69.6045
69.5814
69.5609
69.5455
69.536
69.5316
69.5307
69.531
69.5307
69.529
69.5259
69.5215
69.5165
69.511
69.5052
69.4992
69.493
69.4866
69.48
69.4732
69.4662
69.4591
69.4517
69.4442
69.4366
69.4287
69.4207
69.4125
69.4041
69.3955
69.3868
69.3779
69.369
69.36
69.3513
69.3424
69.3348
69.3261
69.3226
69.3117
69.3231
58.0893
58.8676
59.643
60.4194
61.1856
61.9333
62.6574
63.3533
64.0161
64.641
65.2242
65.7635
66.2571
66.7048
67.1072
67.4655
67.7821
68.0597
68.3014
68.5105
68.6904
68.8442
68.9751
69.0857
69.1785
69.2554
69.3179
69.3673
69.4051
69.4324
69.4509
69.4622
69.4679
69.4693
69.4673
69.4624
69.455
69.4465
69.4387
69.4336
69.4322
69.4342
69.4383
69.4427
69.4462
69.4481
69.4485
69.4477
69.4461
69.4439
69.4412
69.438
69.4343
69.4302
69.4257
69.4209
69.4156
69.4101
69.4042
69.3979
69.3914
69.3845
69.3774
69.3699
69.3623
69.3545
69.3465
69.3387
69.3307
69.3238
69.3158
69.313
69.3028
69.3151
57.7913
58.4611
59.1337
59.8079
60.4789
61.1421
61.7936
62.4292
63.0451
63.6371
64.2018
64.7361
65.2375
65.7044
66.1357
66.5311
66.891
67.2164
67.5086
67.7695
68.0012
68.2059
68.3859
68.5436
68.6811
68.8005
68.9038
68.9926
69.0684
69.1324
69.1858
69.2293
69.2641
69.2914
69.3123
69.3281
69.3396
69.3474
69.3519
69.3536
69.3535
69.3534
69.355
69.3591
69.3654
69.3727
69.3797
69.3852
69.3891
69.3916
69.3928
69.3933
69.3929
69.3919
69.3903
69.388
69.3852
69.3819
69.3781
69.3737
69.3689
69.3637
69.3581
69.3521
69.3457
69.339
69.3321
69.3253
69.3182
69.3121
69.3049
69.3027
69.2933
69.3068
57.779
58.3443
58.9163
59.4924
60.0707
60.6487
61.2232
61.7909
62.3486
62.8932
63.4213
63.9301
64.417
64.8796
65.3163
65.7256
66.1067
66.4593
66.7836
67.08
67.3495
67.5933
67.8129
68.0096
68.1852
68.3414
68.4798
68.6021
68.7098
68.8046
68.8878
68.9604
69.0236
69.0779
69.124
69.1625
69.1942
69.22
69.2408
69.2572
69.2698
69.279
69.2852
69.2899
69.2944
69.3003
69.3081
69.3172
69.3263
69.3343
69.3408
69.3455
69.3489
69.3512
69.3526
69.3531
69.3529
69.3519
69.3503
69.348
69.3451
69.3416
69.3376
69.3331
69.328
69.3226
69.3169
69.311
69.3049
69.2996
69.2933
69.2919
69.2832
69.2982
57.994
58.4629
58.9406
59.4249
59.9154
60.4103
60.9074
61.4041
61.8979
62.3864
62.8668
63.3366
63.7932
64.2345
64.6582
65.0626
65.4462
65.8079
66.1469
66.463
66.756
67.0262
67.2741
67.5006
67.7066
67.8931
68.0615
68.2128
68.3486
68.47
68.5785
68.6754
68.7619
68.8389
68.9074
68.968
69.0209
69.0667
69.1055
69.1381
69.1652
69.1875
69.2056
69.2199
69.231
69.2396
69.2469
69.2544
69.2633
69.2733
69.2837
69.2933
69.3013
69.3077
69.3125
69.3161
69.3186
69.3202
69.3209
69.3207
69.3198
69.3182
69.3159
69.3129
69.3093
69.3053
69.3007
69.296
69.2908
69.2864
69.2809
69.2804
69.2725
69.2893
58.3777
58.7609
59.1535
59.5549
59.9647
60.3818
60.8044
61.231
61.6596
62.0883
62.515
62.9377
63.3541
63.7621
64.1598
64.5452
64.9165
65.2724
65.6115
65.9328
66.2358
66.5198
66.7849
67.031
67.2585
67.4679
67.6599
67.8351
67.9947
68.1394
68.2704
68.3888
68.4956
68.592
68.6789
68.7573
68.8278
68.8911
68.9474
68.9971
69.0401
69.077
69.1082
69.1343
69.1561
69.174
69.1884
69.2
69.2095
69.2185
69.2281
69.2387
69.2497
69.2601
69.2691
69.2765
69.2822
69.2865
69.2897
69.2918
69.293
69.2934
69.2928
69.2915
69.2895
69.2868
69.2836
69.28
69.2759
69.2725
69.2678
69.2682
69.2609
69.2803
58.8764
59.1857
59.5042
59.8327
60.1707
60.5173
60.8714
61.2318
61.5974
61.9666
62.3381
62.7101
63.0809
63.4487
63.8118
64.1684
64.5167
64.8553
65.1826
65.4974
65.7986
66.0852
66.3567
66.6125
66.8525
67.0765
67.2849
67.4778
67.6559
67.8195
67.9695
68.1067
68.2317
68.3455
68.449
68.543
68.6284
68.7059
68.7762
68.8398
68.8971
68.9482
68.9933
69.0324
69.066
69.0945
69.1186
69.1387
69.1554
69.169
69.1803
69.1904
69.2005
69.2112
69.2224
69.2332
69.2426
69.2504
69.2565
69.2612
69.2647
69.2671
69.2685
69.2689
69.2685
69.2673
69.2654
69.263
69.2601
69.2576
69.2538
69.2553
69.2485
69.2711
59.4452
59.6925
59.9482
60.2144
60.4903
60.7749
61.0677
61.3681
61.6754
61.9884
62.3062
62.6276
62.9512
63.2757
63.5997
63.9216
64.2399
64.5532
64.86
65.159
65.4489
65.7285
65.997
66.2534
66.4972
66.728
66.9454
67.1494
67.34
67.5174
67.682
67.8341
67.9744
68.1034
68.2217
68.33
68.429
68.5194
68.6019
68.6771
68.7456
68.808
68.8645
68.9155
68.961
69.001
69.0357
69.0655
69.0908
69.1122
69.1301
69.145
69.1574
69.1682
69.1786
69.1894
69.2004
69.2111
69.2206
69.2285
69.2346
69.2393
69.2427
69.245
69.2463
69.2467
69.2462
69.2451
69.2433
69.2419
69.239
69.2416
69.2351
69.262
60.049
60.2452
60.4488
60.6628
60.8861
61.1177
61.3573
61.6049
61.8599
62.1218
62.3897
62.6631
62.9408
63.222
63.5054
63.79
64.0746
64.3578
64.6383
64.9149
65.1864
65.4516
65.7094
65.9587
66.1988
66.4289
66.6484
66.8568
67.054
67.2397
67.414
67.5769
67.7287
67.8697
68.0003
68.1209
68.2321
68.3343
68.4281
68.5141
68.5928
68.6648
68.7306
68.7908
68.8456
68.8954
68.9402
68.9799
69.0148
69.0449
69.0707
69.0926
69.1111
69.1266
69.1395
69.1507
69.1612
69.1717
69.1825
69.1928
69.202
69.2095
69.2154
69.2198
69.2229
69.2249
69.2259
69.2262
69.2255
69.2253
69.2232
69.2271
69.2205
69.2531
60.6612
60.8161
60.9771
61.1482
61.3279
61.5149
61.7095
61.9116
62.1212
62.3379
62.5611
62.7906
63.0256
63.2655
63.5095
63.7568
64.0064
64.2573
64.5085
64.7588
65.0073
65.2526
65.4939
65.7301
65.9601
66.1832
66.3986
66.6055
66.8035
66.9922
67.1711
67.3403
67.4996
67.6491
67.7889
67.9192
68.0404
68.1527
68.2566
68.3524
68.4407
68.5218
68.5962
68.6645
68.7271
68.7844
68.8369
68.8848
68.9281
68.967
69.0012
69.0311
69.0567
69.0786
69.0971
69.1126
69.1256
69.1368
69.1471
69.1573
69.1675
69.1772
69.1858
69.1928
69.1981
69.2019
69.2045
69.2062
69.2068
69.2077
69.2064
69.2117
69.2044
69.2449
61.2631
61.3849
61.5118
61.648
61.7919
61.9421
62.0991
62.2631
62.434
62.6117
62.7959
62.9865
63.183
63.3852
63.5924
63.8041
64.0196
64.2382
64.4591
64.6814
64.9042
65.1265
65.3475
65.5661
65.7814
65.9925
66.1986
66.3988
66.5925
66.7791
66.9581
67.1291
67.2917
67.4459
67.5915
67.7286
67.8571
67.9774
68.0895
68.1937
68.2904
68.3799
68.4624
68.5385
68.6084
68.6727
68.7318
68.786
68.8358
68.8813
68.9228
68.9602
68.9933
69.0223
69.0473
69.0687
69.0868
69.1019
69.1146
69.1255
69.1354
69.145
69.1545
69.1635
69.1712
69.1773
69.1818
69.1851
69.187
69.1891
69.1885
69.1955
69.1864
69.2378
61.8419
61.9376
62.0372
62.1455
62.2603
62.3806
62.5067
62.639
62.7776
62.9223
63.0732
63.2302
63.3931
63.5616
63.7356
63.9146
64.0983
64.286
64.4774
64.6716
64.868
65.0659
65.2644
65.4628
65.6601
65.8557
66.0485
66.2379
66.4231
66.6034
66.7781
66.9468
67.1089
67.2641
67.4121
67.5528
67.6859
67.8115
67.9297
68.0404
68.1439
68.2404
68.3301
68.4133
68.4902
68.5612
68.6267
68.6869
68.7423
68.7933
68.8402
68.8832
68.9225
68.958
68.9897
69.0175
69.0415
69.062
69.0793
69.0937
69.1058
69.116
69.1253
69.1341
69.1428
69.1507
69.1574
69.1626
69.1661
69.1695
69.1696
69.1783
69.1658
69.2329
62.3898
62.4648
62.543
62.6289
62.7205
62.8166
62.9176
63.024
63.1359
63.2532
63.3761
63.5045
63.6385
63.7779
63.9227
64.0726
64.2274
64.3868
64.5504
64.7177
64.8884
65.0618
65.2372
65.4142
65.5919
65.7696
65.9466
66.1222
66.2956
66.4661
66.633
66.7958
66.9538
67.1067
67.2538
67.3949
67.5298
67.6582
67.78
67.8951
68.0036
68.1055
68.201
68.2901
68.3732
68.4503
68.5218
68.5879
68.6489
68.7051
68.7569
68.8046
68.8485
68.8889
68.9258
68.9593
68.9893
69.0155
69.0382
69.0575
69.0737
69.0871
69.0982
69.1076
69.1159
69.1238
69.1314
69.1382
69.1436
69.1487
69.1495
69.1601
69.142
69.2316
62.9023
62.9611
63.0224
63.0906
63.1637
63.2404
63.3212
63.4065
63.4966
63.5914
63.691
63.7956
63.9052
64.0198
64.1394
64.2639
64.3933
64.5273
64.6657
64.8083
64.9547
65.1047
65.2576
65.4131
65.5706
65.7295
65.8892
66.0491
66.2084
66.3667
66.5231
66.6771
66.8281
66.9755
67.1188
67.2576
67.3914
67.52
67.643
67.7603
67.8718
67.9774
68.077
68.1708
68.2587
68.341
68.4178
68.4892
68.5555
68.6169
68.6736
68.7259
68.7741
68.8185
68.8595
68.8971
68.9317
68.963
68.991
69.0155
69.0365
69.0543
69.0691
69.0812
69.0911
69.0993
69.1065
69.1134
69.1195
69.126
69.1278
69.1409
69.1145
69.2359
63.3774
63.4236
63.4716
63.5259
63.5842
63.6454
63.71
63.7784
63.8508
63.9273
64.0079
64.0928
64.1821
64.2759
64.3741
64.4769
64.5842
64.696
64.8121
64.9325
65.0569
65.1851
65.3168
65.4517
65.5894
65.7295
65.8715
66.0148
66.1589
66.3033
66.4473
66.5905
66.7321
66.8717
67.0087
67.1425
67.2728
67.3991
67.5211
67.6384
67.7508
67.8581
67.9602
68.0571
68.1486
68.2349
68.3159
68.3918
68.4627
68.5288
68.5902
68.647
68.6996
68.7482
68.7929
68.8342
68.8722
68.9071
68.9391
68.9681
68.9939
69.0165
69.0356
69.0516
69.0647
69.0752
69.0835
69.0904
69.096
69.1026
69.1045
69.1201
69.0847
69.2451
63.8147
63.851
63.8887
63.9319
63.9786
64.0275
64.0792
64.1341
64.1923
64.2539
64.319
64.3878
64.4604
64.5368
64.6173
64.7018
64.7903
64.883
64.9798
65.0806
65.1854
65.2941
65.4064
65.5222
65.6413
65.7632
65.8878
66.0145
66.143
66.2728
66.4034
66.5343
66.665
66.7949
66.9236
67.0505
67.1751
67.297
67.4158
67.531
67.6424
67.7496
67.8525
67.9508
68.0445
68.1334
68.2176
68.297
68.3717
68.4417
68.5072
68.5682
68.625
68.6776
68.7263
68.7712
68.8126
68.8507
68.8857
68.9179
68.9473
68.9738
68.9973
69.0175
69.0345
69.0484
69.0594
69.068
69.0743
69.0806
69.0816
69.0983
69.0574
69.25
64.2153
64.2438
64.2734
64.308
64.3454
64.3846
64.426
64.4701
64.5169
64.5666
64.6192
64.6749
64.7338
64.796
64.8617
64.9309
65.0037
65.0803
65.1605
65.2445
65.3322
65.4236
65.5187
65.6172
65.7191
65.8242
65.9323
66.0431
66.1562
66.2713
66.3881
66.5061
66.6249
66.7441
66.8631
66.9814
67.0987
67.2145
67.3282
67.4395
67.5481
67.6535
67.7555
67.8537
67.9481
68.0383
68.1244
68.2061
68.2836
68.3567
68.4255
68.4901
68.5505
68.6069
68.6593
68.7079
68.7529
68.7943
68.8324
68.8673
68.8994
68.9288
68.9554
68.9792
69.0001
69.0177
69.0321
69.0435
69.0518
69.0592
69.0605
69.0768
69.0406
69.23
64.5801
64.6026
64.626
64.6538
64.6838
64.7153
64.7486
64.7841
64.8218
64.8619
64.9044
64.9496
64.9974
65.048
65.1016
65.1582
65.218
65.281
65.3473
65.4169
65.49
65.5665
65.6464
65.7297
65.8163
65.9061
65.9991
66.0949
66.1934
66.2945
66.3977
66.5028
66.6094
66.7171
66.8256
66.9345
67.0433
67.1515
67.2588
67.3647
67.4688
67.5708
67.6703
67.767
67.8606
67.9508
68.0375
68.1205
68.1997
68.2749
68.3463
68.4137
68.4772
68.5367
68.5925
68.6445
68.6928
68.7375
68.7788
68.8168
68.8516
68.8834
68.9124
68.9387
68.9623
68.9832
69.0009
69.0155
69.0267
69.036
69.0398
69.0541
69.0383
69.1627
64.9119
64.9296
64.9482
64.9705
64.9948
65.0202
65.047
65.0756
65.1061
65.1386
65.173
65.2096
65.2485
65.2897
65.3334
65.3797
65.4287
65.4805
65.5352
65.5928
65.6534
65.7172
65.7841
65.8541
65.9272
66.0035
66.0828
66.165
66.2502
66.3379
66.4282
66.5208
66.6154
66.7117
66.8094
66.9082
67.0077
67.1075
67.2073
67.3066
67.4051
67.5024
67.598
67.6918
67.7832
67.8721
67.9582
68.0413
68.1211
68.1976
68.2706
68.34
68.4058
68.468
68.5265
68.5814
68.6328
68.6806
68.725
68.766
68.8036
68.8381
68.8695
68.8979
68.9236
68.9465
68.9667
68.9841
68.9981
69.0095
69.0172
69.0272
69.0413
69.0467
65.2115
65.2256
65.2404
65.2585
65.2782
65.2988
65.3205
65.3437
65.3685
65.3948
65.4228
65.4526
65.4843
65.5179
65.5536
65.5915
65.6317
65.6743
65.7193
65.767
65.8173
65.8703
65.9261
65.9847
66.0463
66.1107
66.178
66.2482
66.3212
66.3969
66.4753
66.5561
66.6392
66.7244
66.8115
66.9002
66.9901
67.0811
67.1728
67.2647
67.3567
67.4482
67.5389
67.6286
67.7168
67.8032
67.8875
67.9696
68.049
68.1257
68.1994
68.27
68.3373
68.4014
68.4621
68.5195
68.5734
68.6239
68.6711
68.7149
68.7554
68.7926
68.8265
68.8573
68.8849
68.9097
68.9315
68.9505
68.9666
68.9795
68.991
68.9948
69.0316
68.9153
65.4829
65.4941
65.5059
65.5207
65.5367
65.5535
65.5712
65.5901
65.6103
65.6317
65.6546
65.6789
65.7048
65.7323
65.7616
65.7926
65.8257
65.8607
65.8979
65.9372
65.9789
66.0229
66.0694
66.1184
66.1701
66.2243
66.2812
66.3408
66.4031
66.468
66.5355
66.6055
66.678
66.7528
66.8296
66.9084
66.989
67.071
67.1542
67.2384
67.3231
67.4082
67.4932
67.5778
67.6618
67.7447
67.8263
67.9062
67.9843
68.0602
68.1337
68.2046
68.2728
68.338
68.4003
68.4594
68.5154
68.5682
68.6178
68.6641
68.7071
68.7468
68.7833
68.8165
68.8463
68.873
68.8964
68.9166
68.9339
68.9473
68.9606
68.9585
68.9979
68.8178
65.7255
65.7345
65.744
65.7561
65.7694
65.7831
65.7977
65.8132
65.8297
65.8474
65.8661
65.8861
65.9074
65.93
65.9541
65.9797
66.007
66.0359
66.0667
66.0993
66.1339
66.1705
66.2093
66.2503
66.2936
66.3392
66.3873
66.4378
66.4908
66.5462
66.6042
66.6646
66.7275
66.7926
66.86
66.9296
67.0011
67.0744
67.1493
67.2255
67.3029
67.3811
67.4599
67.539
67.618
67.6966
67.7746
67.8516
67.9274
68.0017
68.0741
68.1445
68.2127
68.2785
68.3416
68.402
68.4596
68.5141
68.5656
68.6141
68.6593
68.7013
68.7401
68.7755
68.8076
68.8362
68.8614
68.8829
68.9012
68.9146
68.9274
68.9217
68.9464
68.7793
65.9455
65.9526
65.9604
65.9705
65.9814
65.9928
66.0048
66.0176
66.0313
66.0458
66.0613
66.0778
66.0954
66.1141
66.134
66.1552
66.1777
66.2017
66.2272
66.2543
66.2831
66.3137
66.346
66.3803
66.4166
66.455
66.4955
66.5383
66.5832
66.6305
66.6801
66.7319
66.7862
66.8427
66.9014
66.9624
67.0254
67.0904
67.1572
67.2257
67.2957
67.3669
67.4392
67.5122
67.5858
67.6595
67.7333
67.8066
67.8793
67.9511
68.0217
68.0909
68.1583
68.2238
68.2871
68.3481
68.4066
68.4624
68.5154
68.5655
68.6126
68.6566
68.6973
68.7348
68.7689
68.7994
68.8264
68.8494
68.8686
68.8824
68.8937
68.8877
68.8939
68.785
66.1383
66.1441
66.1506
66.159
66.1682
66.1777
66.1878
66.1985
66.2099
66.2221
66.2351
66.2488
66.2635
66.2792
66.2958
66.3135
66.3324
66.3525
66.3738
66.3965
66.4206
66.4463
66.4735
66.5024
66.533
66.5654
66.5997
66.636
66.6743
66.7146
66.7571
66.8017
66.8485
66.8974
66.9486
67.0018
67.0572
67.1147
67.174
67.2353
67.2982
67.3626
67.4285
67.4954
67.5634
67.632
67.701
67.7703
67.8394
67.9082
67.9764
68.0436
68.1096
68.1742
68.2371
68.2981
68.357
68.4136
68.4676
68.519
68.5676
68.6132
68.6556
68.6948
68.7307
68.7629
68.7915
68.8159
68.8362
68.8509
68.8611
68.8577
68.8523
68.8021
66.3159
66.3206
66.326
66.3331
66.3409
66.3489
66.3574
66.3664
66.376
66.3863
66.3972
66.4087
66.4211
66.4342
66.4482
66.463
66.4789
66.4957
66.5137
66.5327
66.553
66.5746
66.5975
66.6219
66.6478
66.6752
66.7043
66.735
66.7676
66.802
66.8383
66.8766
66.9168
66.9591
67.0035
67.0498
67.0983
67.1487
67.2012
67.2555
67.3117
67.3696
67.4291
67.49
67.5521
67.6154
67.6795
67.7442
67.8093
67.8745
67.9395
68.0042
68.0682
68.1312
68.1931
68.2534
68.3121
68.3688
68.4233
68.4755
68.5251
68.5718
68.6157
68.6563
68.6936
68.7273
68.7573
68.7831
68.8044
68.8202
68.8305
68.8309
68.8226
68.8085
66.4643
66.4681
66.4727
66.479
66.4857
66.4927
66.5
66.5077
66.516
66.5249
66.5342
66.5442
66.5548
66.5661
66.578
66.5908
66.6044
66.6188
66.6342
66.6505
66.6679
66.6864
66.706
66.7269
66.7491
66.7726
66.7976
66.824
66.8521
66.8817
66.9131
66.9462
66.9812
67.018
67.0567
67.0973
67.1399
67.1844
67.2308
67.2792
67.3294
67.3814
67.4351
67.4904
67.5472
67.6053
67.6646
67.7248
67.7858
67.8473
67.9091
67.971
68.0326
68.0937
68.1541
68.2134
68.2714
68.3278
68.3825
68.435
68.4852
68.5329
68.5777
68.6195
68.6581
68.6931
68.7243
68.7513
68.7737
68.7908
68.8019
68.8058
68.7996
68.8007
66.6094
66.6125
66.6165
66.622
66.6278
66.6338
66.6401
66.6468
66.654
66.6616
66.6697
66.6782
66.6873
66.697
66.7073
66.7183
66.7299
66.7423
66.7554
66.7694
66.7843
66.8001
66.8169
66.8348
66.8537
66.8739
66.8953
66.918
66.9421
66.9676
66.9946
67.0232
67.0534
67.0853
67.1189
67.1543
67.1915
67.2306
67.2715
67.3142
67.3587
67.4051
67.4532
67.5031
67.5545
67.6074
67.6617
67.7172
67.7738
67.8312
67.8893
67.9477
68.0064
68.065
68.1232
68.1808
68.2376
68.2931
68.3472
68.3995
68.4498
68.4978
68.5432
68.5857
68.6251
68.661
68.6931
68.7211
68.7445
68.7628
68.7751
68.7818
68.7787
68.7851
66.7151
66.7177
66.7214
66.7264
66.7317
66.7371
66.7428
66.7489
66.7553
66.7622
66.7694
66.7771
66.7853
66.794
66.8032
66.813
66.8233
66.8344
66.8461
66.8585
66.8717
66.8858
66.9007
66.9165
66.9333
66.9511
66.9701
66.9902
67.0115
67.034
67.058
67.0833
67.11
67.1383
67.1682
67.1997
67.2328
67.2677
67.3043
67.3427
67.3828
67.4247
67.4684
67.5137
67.5607
67.6094
67.6595
67.711
67.7637
67.8175
67.8723
67.9278
67.9837
68.0399
68.0962
68.1521
68.2075
68.2621
68.3155
68.3675
68.4177
68.4659
68.5116
68.5547
68.5948
68.6314
68.6644
68.6933
68.7176
68.7371
68.7507
68.7595
68.7589
68.7682
66.8415
66.8436
66.8469
66.8515
66.8563
66.8611
66.8662
66.8716
66.8774
66.8834
66.8899
66.8967
66.9039
66.9116
66.9197
66.9283
66.9374
66.9471
66.9574
66.9683
66.9798
66.9921
67.0051
67.0189
67.0336
67.0491
67.0656
67.0831
67.1016
67.1213
67.1421
67.1642
67.1875
67.2122
67.2383
67.2659
67.295
67.3256
67.3579
67.3918
67.4274
67.4646
67.5036
67.5442
67.5865
67.6304
67.6759
67.7228
67.7712
67.8208
67.8715
67.9232
67.9756
68.0286
68.0819
68.1353
68.1884
68.2411
68.2929
68.3436
68.3928
68.4403
68.4856
68.5284
68.5684
68.6052
68.6385
68.6677
68.6926
68.7128
68.7274
68.7376
68.7387
68.7506
66.8987
66.9002
66.9035
66.908
66.9126
66.9173
66.9222
66.9274
66.9329
66.9388
66.9449
66.9514
66.9583
66.9656
66.9734
66.9815
66.9902
66.9993
67.009
67.0192
67.0301
67.0416
67.0538
67.0667
67.0803
67.0948
67.1102
67.1264
67.1436
67.1618
67.1811
67.2015
67.2231
67.246
67.2701
67.2956
67.3224
67.3508
67.3806
67.412
67.445
67.4796
67.5159
67.5538
67.5933
67.6345
67.6773
67.7216
67.7673
67.8144
67.8628
67.9123
67.9627
68.0139
68.0655
68.1175
68.1694
68.2211
68.2722
68.3223
68.3712
68.4185
68.4639
68.5069
68.5472
68.5844
68.6181
68.6479
68.6734
68.6943
68.7098
68.7213
68.7236
68.7376
67.0341
67.0361
67.0393
67.0434
67.0476
67.0518
67.0563
67.0611
67.0661
67.0714
67.077
67.0829
67.0891
67.0957
67.1026
67.1099
67.1176
67.1257
67.1343
67.1434
67.153
67.1631
67.1738
67.1852
67.1972
67.2098
67.2233
67.2374
67.2525
67.2683
67.2851
67.3029
67.3217
67.3416
67.3626
67.3848
67.4083
67.433
67.4591
67.4866
67.5156
67.546
67.5779
67.6114
67.6465
67.6831
67.7212
67.7609
67.802
67.8445
67.8883
67.9333
67.9793
68.0263
68.0739
68.122
68.1703
68.2185
68.2664
68.3137
68.36
68.4049
68.4481
68.4893
68.5279
68.5637
68.5963
68.6251
68.6499
68.6704
68.6856
68.6972
68.6996
68.7149
69.1235
69.5441
69.9201
70.2478
70.5293
70.7684
70.9696
71.1379
71.2776
71.3932
71.4882
71.5659
71.6292
71.6805
71.7217
71.7546
71.7807
71.801
71.8167
71.8286
71.8373
71.8434
71.8477
71.8502
71.8515
71.8518
71.8513
71.8502
71.8486
71.8467
71.8445
71.8422
71.8398
71.8374
71.8349
71.8324
71.8299
71.8275
71.8252
71.8229
71.8208
69.1186
69.5283
69.8964
70.2175
70.4949
70.7322
70.9336
71.1036
71.2463
71.3656
71.4649
71.5473
71.6153
71.6712
71.7169
71.7542
71.7843
71.8085
71.8277
71.8428
71.8545
71.8632
71.8697
71.8743
71.8773
71.879
71.8797
71.8795
71.8787
71.8774
71.8757
71.8736
71.8713
71.8688
71.8661
71.8634
71.8606
71.8578
71.8549
71.8521
71.8493
69.1134
69.5165
69.8805
70.1982
70.4742
70.7121
70.9158
71.0893
71.2363
71.3606
71.4651
71.5527
71.6259
71.6868
71.7372
71.7787
71.8126
71.8402
71.8624
71.88
71.8938
71.9041
71.912
71.9178
71.9216
71.924
71.9252
71.9253
71.9247
71.9234
71.9215
71.9192
71.9166
71.9137
71.9106
71.9074
71.904
71.9005
71.8969
71.8933
71.8898
69.1097
69.5128
69.8782
70.1967
70.4745
70.7151
70.9223
71.0999
71.2516
71.3808
71.4903
71.583
71.6611
71.7267
71.7815
71.8272
71.865
71.8961
71.9214
71.9418
71.958
71.9702
71.9799
71.9872
71.9922
71.9955
71.9974
71.9981
71.9978
71.9966
71.9947
71.9922
71.9893
71.986
71.9823
71.9784
71.9742
71.9699
71.9655
71.9609
71.9564
69.1062
69.5132
69.8828
70.2043
70.4856
70.7302
70.9418
71.1244
71.2814
71.4162
71.5315
71.6298
71.7136
71.7845
71.8445
71.8949
71.9371
71.972
72.0008
72.0242
72.0429
72.057
72.0684
72.0771
72.0831
72.0871
72.0895
72.0904
72.09
72.0887
72.0864
72.0835
72.0799
72.0758
72.0712
72.0663
72.0611
72.0557
72.05
72.0441
72.0384
69.1022
69.5156
69.8916
70.2178
70.5044
70.7546
70.9722
71.1611
71.3249
71.4665
71.5887
71.6938
71.7841
71.8613
71.9271
71.9829
72.03
72.0693
72.1019
72.1286
72.1501
72.1663
72.1795
72.1896
72.1967
72.2015
72.2042
72.2053
72.2049
72.2033
72.2006
72.197
72.1926
72.1875
72.1819
72.1758
72.1693
72.1625
72.1554
72.1479
72.1407
69.0981
69.5206
69.9055
70.2387
70.5326
70.7902
71.0154
71.2122
71.384
71.5337
71.6637
71.7765
71.8741
71.9583
72.0305
72.0922
72.1445
72.1886
72.2254
72.2555
72.28
72.2983
72.3134
72.325
72.3331
72.3384
72.3414
72.3425
72.3418
72.3397
72.3362
72.3317
72.3262
72.3199
72.3129
72.3053
72.2972
72.2887
72.2798
72.2705
72.2614
69.0939
69.5289
69.9254
70.2681
70.5714
70.8382
71.0726
71.2786
71.4595
71.6182
71.757
71.8783
71.984
72.0758
72.1551
72.2232
72.2814
72.3306
72.3719
72.4058
72.4334
72.4541
72.471
72.484
72.4931
72.4989
72.5021
72.503
72.5019
72.499
72.4945
72.4888
72.482
72.4741
72.4655
72.4561
72.4461
72.4355
72.4245
72.413
72.4018
69.09
69.5406
69.9516
70.3061
70.6209
70.8986
71.1437
71.3603
71.5516
71.7204
71.8691
71.9998
72.1145
72.2147
72.3018
72.377
72.4416
72.4965
72.5426
72.5807
72.6116
72.6347
72.6536
72.668
72.678
72.6842
72.6874
72.6879
72.686
72.6821
72.6764
72.6692
72.6606
72.6509
72.6402
72.6287
72.6163
72.6034
72.5899
72.5758
72.5621
69.0864
69.5559
69.9841
70.3528
70.6812
70.9718
71.2293
71.4579
71.6611
71.8414
72.001
72.1423
72.2669
72.3764
72.4721
72.5551
72.6267
72.6878
72.7392
72.7817
72.8162
72.8418
72.8627
72.8785
72.8892
72.8957
72.8986
72.8985
72.8957
72.8904
72.8831
72.8741
72.8634
72.8514
72.8383
72.8241
72.809
72.7933
72.7768
72.7597
72.743
69.0833
69.5749
70.0233
70.4088
70.7531
71.0586
71.3303
71.5727
71.7892
71.9823
72.1542
72.3071
72.4428
72.5625
72.6676
72.7593
72.8385
72.9063
72.9635
73.0107
73.049
73.0773
73.1002
73.1173
73.1287
73.1352
73.1377
73.1366
73.1324
73.1255
73.1162
73.1048
73.0916
73.0769
73.0608
73.0435
73.0252
73.0061
72.9862
72.9656
72.9454
69.0809
69.5982
70.0699
70.475
70.8376
71.1602
71.448
71.706
71.9374
72.1448
72.3303
72.4961
72.644
72.7751
72.8906
72.9916
73.0793
73.1544
73.2178
73.2702
73.3126
73.3435
73.3684
73.3868
73.3986
73.4049
73.4066
73.4042
73.3983
73.3892
73.3773
73.3631
73.3468
73.3287
73.3091
73.2882
73.266
73.243
73.2191
73.1943
73.17
69.0796
69.6263
70.1246
70.5522
70.9358
71.2777
71.5839
71.8593
72.1075
72.3309
72.5315
72.7117
72.873
73.0166
73.1436
73.255
73.3518
73.435
73.5052
73.5631
73.6096
73.6434
73.6702
73.6896
73.7016
73.7073
73.7078
73.7036
73.6954
73.6835
73.6685
73.6508
73.6307
73.6086
73.5848
73.5594
73.5327
73.505
73.4764
73.4467
73.4176
69.0797
69.6598
70.1885
70.6418
71.0491
71.4129
71.7397
72.0348
72.3017
72.543
72.7604
72.9565
73.1327
73.2901
73.4297
73.5525
73.6595
73.7513
73.8289
73.8927
73.9437
73.9802
74.0087
74.029
74.0407
74.0454
74.0441
74.0375
74.0262
74.0108
73.9919
73.9699
73.9453
73.9183
73.8893
73.8587
73.8266
73.7934
73.7591
73.7238
73.689
69.0817
69.6996
70.2626
70.745
71.1792
71.5678
71.9178
72.2349
72.5228
72.7839
73.0201
73.2338
73.4266
73.5993
73.7529
73.8882
74.0062
74.1076
74.193
74.2631
74.3187
74.3578
74.3879
74.4085
74.4195
74.4225
74.4186
74.4088
74.3936
74.3738
74.35
74.3227
74.2924
74.2595
74.2244
74.1874
74.1489
74.1091
74.0681
74.0261
73.9847
69.0862
69.7467
70.3483
70.8637
71.3282
71.7446
72.1207
72.4626
72.7739
73.0573
73.3143
73.5478
73.759
73.9487
74.1176
74.2668
74.3969
74.5086
74.6025
74.6791
74.7393
74.7809
74.8121
74.8325
74.842
74.8424
74.835
74.8209
74.8006
74.7752
74.7452
74.7113
74.6741
74.6339
74.5914
74.5469
74.5005
74.4529
74.4041
74.3542
74.3049
69.0939
69.8023
70.4474
71
71.4987
71.9464
72.3519
72.7216
73.0592
73.3674
73.6478
73.9032
74.1349
74.3435
74.5295
74.6939
74.8373
74.9602
75.0631
75.1465
75.2113
75.2549
75.2864
75.3057
75.3128
75.3094
75.2972
75.2773
75.2506
75.2179
75.1802
75.1381
75.0923
75.0433
74.9917
74.938
74.8824
74.8254
74.7672
74.7079
74.6494
69.1057
69.868
70.562
71.1566
71.6937
72.1768
72.6153
73.0162
73.3834
73.7195
74.026
74.3059
74.5606
74.7901
74.9952
75.1763
75.3342
75.4692
75.5817
75.672
75.741
75.7859
75.8169
75.8339
75.837
75.8283
75.8095
75.782
75.7468
75.705
75.6575
75.6052
75.5487
75.4889
75.4263
75.3614
75.2945
75.2263
75.157
75.0866
75.0171
69.1227
69.9456
70.6946
71.3367
71.9171
72.44
72.9159
73.352
73.7525
74.12
74.4558
74.7633
75.0436
75.2966
75.5226
75.7224
75.8961
76.044
76.1664
76.2636
76.3361
76.3812
76.4103
76.4233
76.4205
76.4042
76.3766
76.339
76.2929
76.2393
76.1794
76.1142
76.0446
75.9714
75.8952
75.8168
75.7363
75.6547
75.572
75.4885
75.406
69.1462
70.0374
70.8484
71.5441
72.1735
72.7414
73.2595
73.7354
74.1736
74.5766
74.9455
75.284
75.5931
75.8723
76.1218
76.3419
76.5328
76.6946
76.8271
76.9306
77.0057
77.0493
77.0743
77.0808
77.0694
77.0427
77.0031
76.9523
76.8919
76.8232
76.7476
76.6663
76.5803
76.4906
76.3978
76.3028
76.206
76.1082
76.0097
75.9106
75.8128
69.1778
70.1462
71.0272
71.7837
72.4686
73.0877
73.6536
74.1748
74.6557
75.099
75.5054
75.8788
76.2204
76.5291
76.8046
77.0472
77.2567
77.4328
77.5754
77.6843
77.7599
77.7995
77.8175
77.8143
77.7906
77.7495
77.6938
77.6255
77.5465
77.4584
77.3629
77.2613
77.1549
77.0446
76.9316
76.8165
76.7
76.5828
76.4653
76.3478
76.2321
69.2198
70.2755
71.2359
72.0616
72.8097
73.4869
74.1075
74.6803
75.21
75.6992
76.1481
76.5614
76.9396
77.2814
77.5859
77.8531
78.0825
78.2733
78.4252
78.5376
78.6109
78.6427
78.6495
78.6318
78.5908
78.53
78.4526
78.3613
78.2581
78.1451
78.0243
77.8972
77.7653
77.6298
77.4919
77.3525
77.2121
77.0719
76.932
76.7929
76.6562
69.2746
70.4298
71.4806
72.3853
73.2055
73.9495
74.6327
75.2648
75.8505
76.3923
76.8899
77.3484
77.7684
78.1473
78.484
78.778
79.0282
79.2334
79.3929
79.5058
79.5722
79.5907
79.5802
79.5415
79.4763
79.3886
79.2824
79.1607
79.0262
78.8813
78.7284
78.5693
78.4057
78.2392
78.0709
77.9021
77.7334
77.5657
77.3996
77.2353
77.0744
69.3456
70.6146
71.7689
72.7644
73.6675
74.4884
75.244
75.9446
76.595
77.1975
77.751
78.2614
78.7287
79.1496
79.5218
79.8445
80.1159
80.3342
80.4981
80.6064
80.659
80.656
80.6199
80.5512
80.4523
80.3281
80.1834
80.0219
79.8468
79.6612
79.4678
79.2687
79.0661
78.8616
78.6567
78.4527
78.2503
78.0505
77.8539
77.6607
77.4723
69.4371
70.8371
72.1106
73.2113
74.2104
75.1206
75.9604
76.7407
77.4666
78.1396
78.7577
79.3277
79.8491
80.3169
80.7281
81.0808
81.3726
81.6009
81.7636
81.8592
81.8874
81.8513
81.7775
81.6662
81.521
81.3477
81.152
80.9386
80.7114
80.474
80.2298
79.9813
79.7308
79.4804
79.2317
78.9862
78.7444
78.5076
78.2763
78.0504
77.8315
69.5545
71.1065
72.5187
73.742
74.8532
75.8682
76.8069
77.681
78.4954
79.251
79.9442
80.583
81.166
81.6862
82.1392
82.5221
82.8313
83.0633
83.2153
83.2854
83.2735
83.1872
83.059
82.8881
82.6795
82.4404
82.1777
81.8971
81.6035
81.3013
80.9941
80.6852
80.3771
80.0719
79.7717
79.478
79.1912
78.9126
78.6426
78.381
78.1291
69.7048
71.4352
73.0101
74.3779
75.6215
76.7606
77.8168
78.8023
79.7217
80.5748
81.3559
82.0743
82.7272
83.305
83.8013
84.2119
84.5318
84.7562
84.8818
84.9065
84.8306
84.6699
84.4641
84.2105
83.9162
83.59
83.2402
82.8739
82.497
82.1145
81.7308
81.3493
80.973
80.6042
80.2448
79.8966
79.5598
79.2354
78.9238
78.6244
78.3384
69.8972
71.8395
73.6075
75.1478
76.5498
77.8381
79.0355
80.1549
81.2004
82.1696
83.0539
83.8641
84.5955
85.2348
85.7729
86.2038
86.5208
86.7179
86.7915
86.74
86.5653
86.2955
85.9806
85.614
85.2055
84.7657
84.3048
83.8313
83.3519
82.8725
82.3978
81.9316
81.4769
81.036
80.6109
80.2032
79.8126
79.4401
79.0858
78.7485
78.4294
70.144
72.3416
74.3424
76.0918
77.6863
79.1565
80.5265
81.8095
83.0081
84.1166
85.1223
86.0377
86.8551
87.556
88.1279
88.5624
88.8511
88.9874
88.9679
88.7934
88.4689
88.0425
87.5769
87.0588
86.501
85.9166
85.3175
84.7133
84.1117
83.519
82.9399
82.3782
81.8368
81.3178
80.8226
80.3529
79.9076
79.4873
79.0919
78.7194
78.3711
70.4611
72.9722
75.2588
77.2665
79.0998
80.796
82.3808
83.8667
85.2535
86.5303
87.6781
88.7113
89.6178
90.3719
90.9565
91.361
91.5757
91.5948
91.4179
91.0506
90.5045
89.8582
89.1897
88.4741
87.7272
86.9646
86.1997
85.4427
84.7015
83.9821
83.2889
82.625
81.9927
81.3934
80.8281
80.2977
79.8005
79.3365
78.9052
78.5037
78.1336
70.8712
73.7761
76.4219
78.7566
80.8934
82.8773
84.7354
86.4778
88.099
89.579
90.8898
92.0478
93.0344
93.814
94.3648
94.6747
94.7356
94.5459
94.113
93.4526
92.5882
91.643
90.7114
89.7483
88.7724
87.8008
86.8472
85.9214
85.0302
84.1782
83.3684
82.6028
81.882
81.2065
80.5763
79.9916
79.4499
78.9504
78.4923
78.072
77.6915
71.3978
74.8051
77.9124
80.6699
83.2004
85.5574
87.7683
89.8372
91.749
93.4681
94.9536
96.2243
97.2523
97.9905
98.4136
98.5127
98.2877
97.7494
96.9211
95.8372
94.5394
93.2117
91.9608
90.709
89.4761
88.279
87.1295
86.0343
84.9975
84.0209
83.1049
82.249
81.452
80.7127
80.03
79.4032
78.829
78.3063
77.8342
77.4085
77.0324
72.0766
76.1027
79.7889
83.0774
86.1051
88.931
91.5809
94.0468
96.2955
98.2659
99.8999
101.222
102.192
102.755
102.888
102.599
101.907
100.849
99.475
97.8464
96.0272
94.2718
92.6849
91.1436
89.665
88.2628
86.9435
85.7082
84.5561
83.4847
82.491
81.5712
80.722
79.9404
79.2242
78.5721
77.9803
77.4482
76.9755
76.5584
76.2019
72.8961
77.6589
82.0336
85.9543
89.5757
92.9576
96.1179
99.028
101.623
103.804
105.497
106.737
107.479
107.669
107.306
106.43
105.097
103.382
101.371
99.1517
96.8074
94.6548
92.7779
91.0001
89.3326
87.7828
86.349
85.0253
83.8049
82.6808
81.646
80.6941
79.8194
79.0175
78.2855
77.6219
77.0235
76.4905
76.0242
75.6227
75.2942
73.8184
79.464
84.662
89.339
93.6686
97.7029
101.438
104.813
107.714
109.993
111.574
112.519
112.792
112.362
111.279
109.633
107.534
105.097
102.438
99.6663
96.8687
94.4041
92.3192
90.384
88.6009
86.97
85.4805
84.1193
82.8742
81.7341
80.6889
79.7297
78.8493
78.0423
77.3053
76.6374
76.0359
75.5031
75.043
74.6567
74.3578
74.8208
81.5271
87.7098
93.2894
98.4546
103.237
107.588
111.392
114.479
116.645
117.851
118.214
117.735
116.442
114.456
111.935
109.037
105.91
102.684
99.4682
96.3392
93.6735
91.4717
89.4587
87.6286
85.9742
84.4771
83.1179
81.8803
80.7503
79.7153
78.765
77.8908
77.0869
76.3498
75.6789
75.0728
74.5357
74.0749
73.6963
73.4216
75.883
83.8686
91.2293
97.8811
104.016
109.621
114.568
118.669
121.701
123.429
123.922
123.389
121.897
119.565
116.598
113.213
109.596
105.901
102.249
98.7328
95.4074
92.6461
90.4056
88.3793
86.5546
84.9185
83.4466
82.1154
80.9057
79.8014
78.7887
77.8559
76.994
76.1967
75.4605
74.7852
74.1699
73.621
73.1488
72.7654
72.5031
76.9759
86.5106
95.2791
103.193
110.42
116.863
122.278
126.399
128.993
129.874
129.309
127.621
124.958
121.541
117.653
113.532
109.356
105.26
101.342
97.6655
94.26
91.4851
89.2622
87.2667
85.4812
83.8886
82.461
81.1718
80.0003
78.9294
77.9443
77.0327
76.1853
75.3954
74.6594
73.9772
73.348
72.7794
72.2835
71.8797
71.6115
78.0677
89.4813
99.9259
109.299
117.695
124.873
130.455
134.149
135.824
135.461
133.595
130.631
126.79
122.389
117.754
113.094
108.549
104.219
100.173
96.4459
93.0438
90.3097
88.1388
86.1994
84.471
82.9346
81.5596
80.3182
79.1886
78.1532
77.1969
76.307
75.4739
74.691
73.9541
73.2631
72.6162
72.0219
71.4907
71.051
70.7518
79.1288
92.8216
105.247
116.254
125.788
133.405
138.647
141.344
141.631
139.775
136.553
132.363
127.477
122.303
117.151
112.158
107.41
102.98
98.9075
95.2029
91.8558
89.1929
87.0916
85.2199
83.556
82.0796
80.7591
79.5657
78.4775
77.4767
76.5479
75.6785
74.8588
74.0818
73.3433
72.6425
71.9761
71.3526
70.7768
70.2884
69.9257
80.1364
96.5879
111.323
124.065
134.498
142.002
146.238
147.39
145.997
142.649
138.217
132.971
127.256
121.562
116.117
110.955
106.128
101.69
97.6548
94.0156
90.7509
88.1729
86.1476
84.3465
82.7474
81.3298
80.0618
78.914
77.8644
76.8955
75.9919
75.1411
74.3331
73.5612
72.8206
72.1101
71.424
70.7708
70.1443
69.599
69.1332
81.0808
100.853
118.215
132.611
143.411
150.032
152.6
151.872
148.802
144.204
138.813
132.717
126.412
120.44
114.873
109.654
104.828
100.439
96.4785
92.9267
89.7561
87.2665
85.3161
83.5832
82.0453
80.6826
79.4627
78.3563
77.3417
76.4013
75.5202
74.6856
73.8879
73.1201
72.3772
71.6576
70.9531
70.2717
69.5926
68.9869
68.3743
81.963
105.703
125.914
141.581
151.919
156.849
157.316
154.703
150.23
144.746
138.63
131.863
125.201
119.148
113.571
108.363
103.59
99.2818
95.4121
91.9557
88.8811
86.4772
84.597
82.9262
81.4438
80.1304
78.9536
77.8839
76.8999
75.9845
75.1229
74.3024
73.5133
72.7491
72.004
71.2763
70.5554
69.8485
69.1192
68.4533
67.6506
82.8109
111.222
134.281
150.449
159.347
161.998
160.302
156.09
150.628
144.604
137.915
130.63
123.825
117.834
112.305
107.147
102.456
98.2434
94.4693
91.1069
88.1234
85.7992
83.9825
82.367
80.9333
79.6632
78.5241
77.486
76.5285
75.6347
74.7898
73.9812
73.1995
72.4381
71.6912
70.9565
70.2218
69.4929
68.7191
67.9956
66.9666
83.6369
117.33
142.851
158.462
165.105
165.315
161.749
156.4
150.365
144.064
136.87
129.209
122.442
116.592
111.133
106.045
101.448
97.3317
93.6496
90.3753
87.4748
85.2219
83.4616
81.8955
80.505
79.2727
78.1661
77.1553
76.2206
75.3451
74.5145
73.7161
72.9405
72.1816
71.433
70.6926
69.9465
69.1991
68.3889
67.6119
66.3335
84.3856
123.738
151.011
165.029
169.009
167.015
162.066
156.055
149.775
143.345
135.655
127.774
121.177
115.479
110.085
105.075
100.571
96.5453
92.9471
89.7519
86.9256
84.7338
83.0179
81.4923
80.1391
78.9397
77.8614
76.8743
75.9594
75.0999
74.2817
73.4922
72.7224
71.9662
71.2169
70.4724
69.7178
68.9558
68.1191
67.2955
65.7542
84.2721
130.438
158.671
170.16
171.353
167.535
161.675
155.373
149.07
142.579
134.336
126.411
120.125
114.577
109.225
104.288
99.8702
95.9225
92.3954
89.2658
86.4992
84.3749
82.7001
81.2041
79.8782
78.7034
77.6457
76.6756
75.7748
74.9262
74.1164
73.3325
72.5662
71.8114
71.0611
70.3134
69.5523
68.7793
67.925
67.0721
65.2757
85.8866
137.897
165.03
173.13
172.16
167.019
160.482
154.032
147.81
141.297
132.388
124.386
118.487
113.2
107.981
103.177
98.8949
95.0703
91.6541
88.6246
85.9445
83.8683
82.261
80.8136
79.5288
78.3902
77.3636
76.4194
75.54
74.7087
73.9124
73.1384
72.3789
71.6282
70.8792
70.1302
69.3651
68.5827
67.7162
66.8412
64.9461
71.8189
71.8178
71.8167
71.8155
71.8141
71.8126
71.811
71.8094
71.8075
71.8056
71.8034
71.8012
71.7987
71.796
71.7931
71.79
71.7866
71.783
71.779
71.7747
71.77
71.765
71.7595
71.7535
71.747
71.7399
71.7323
71.7239
71.7148
71.7049
71.6942
71.6825
71.6698
71.656
71.641
71.6247
71.607
71.5879
71.5671
71.5447
71.5204
71.4943
71.4661
71.4357
71.4032
71.3683
71.331
71.2913
71.2491
71.2044
71.1572
71.1074
71.0553
71.0008
70.9441
70.8853
70.8246
70.7624
70.6987
70.6339
70.5684
70.5024
70.4362
70.3703
70.3049
70.2404
70.1772
70.1156
70.056
69.9988
69.9445
69.893
69.8479
69.7997
71.847
71.8464
71.8453
71.8438
71.8423
71.8407
71.839
71.8371
71.8351
71.8329
71.8306
71.828
71.8253
71.8223
71.8191
71.8156
71.8119
71.8078
71.8034
71.7986
71.7934
71.7878
71.7817
71.7751
71.7679
71.7601
71.7517
71.7425
71.7325
71.7217
71.71
71.6973
71.6835
71.6686
71.6525
71.635
71.6161
71.5958
71.5738
71.5501
71.5245
71.4971
71.4677
71.4362
71.4025
71.3666
71.3284
71.2878
71.2448
71.1994
71.1516
71.1014
71.0489
70.9942
70.9374
70.8787
70.8182
70.7561
70.6927
70.6283
70.5631
70.4974
70.4316
70.366
70.3009
70.2367
70.1738
70.1124
70.053
69.9958
69.9418
69.8897
69.8465
69.792
71.8867
71.8862
71.8852
71.8837
71.8821
71.8804
71.8786
71.8766
71.8745
71.8722
71.8697
71.867
71.8641
71.8609
71.8575
71.8538
71.8498
71.8454
71.8407
71.8355
71.83
71.8239
71.8174
71.8103
71.8025
71.7941
71.785
71.7752
71.7645
71.7529
71.7403
71.7266
71.7119
71.6959
71.6786
71.66
71.6398
71.6181
71.5947
71.5696
71.5426
71.5136
71.4826
71.4494
71.4141
71.3765
71.3365
71.2943
71.2496
71.2026
71.1532
71.1015
71.0475
70.9915
70.9334
70.8735
70.8119
70.749
70.6848
70.6197
70.554
70.4879
70.4219
70.3562
70.2911
70.2271
70.1643
70.1033
70.0442
69.9873
69.9338
69.8813
69.8393
69.7773
71.9523
71.9518
71.9509
71.9492
71.9474
71.9456
71.9436
71.9414
71.9391
71.9366
71.9338
71.9308
71.9276
71.924
71.9202
71.9161
71.9115
71.9066
71.9013
71.8955
71.8893
71.8824
71.875
71.867
71.8582
71.8488
71.8385
71.8273
71.8152
71.8022
71.788
71.7727
71.7561
71.7382
71.7189
71.6981
71.6757
71.6516
71.6257
71.598
71.5683
71.5367
71.5029
71.467
71.4288
71.3884
71.3457
71.3007
71.2534
71.2038
71.1521
71.0981
71.0421
70.9842
70.9244
70.8631
70.8003
70.7363
70.6713
70.6057
70.5396
70.4734
70.4073
70.3418
70.277
70.2134
70.1511
70.0906
70.0321
69.9758
69.9228
69.87
69.829
69.76
72.0331
72.0326
72.0316
72.0297
72.0277
72.0256
72.0234
72.021
72.0183
72.0155
72.0123
72.009
72.0053
72.0012
71.9969
71.9921
71.987
71.9814
71.9753
71.9687
71.9615
71.9536
71.9451
71.9359
71.9259
71.915
71.9033
71.8905
71.8767
71.8617
71.8456
71.8281
71.8093
71.789
71.7671
71.7436
71.7184
71.6914
71.6625
71.6316
71.5987
71.5637
71.5265
71.4871
71.4455
71.4017
71.3556
71.3073
71.2568
71.2041
71.1494
71.0927
71.0342
70.974
70.9123
70.8492
70.785
70.7199
70.6541
70.5879
70.5215
70.4552
70.3893
70.3241
70.2598
70.1968
70.1352
70.0755
70.0178
69.9621
69.9099
69.857
69.8171
69.7426
72.1341
72.1334
72.1323
72.1302
72.1278
72.1254
72.1229
72.12
72.1169
72.1136
72.1099
72.106
72.1016
72.0969
72.0918
72.0862
72.0802
72.0736
72.0664
72.0586
72.0501
72.0409
72.031
72.0201
72.0084
71.9956
71.9818
71.9669
71.9508
71.9334
71.9146
71.8943
71.8725
71.8491
71.824
71.7971
71.7683
71.7376
71.7048
71.67
71.633
71.5939
71.5526
71.509
71.4633
71.4153
71.3652
71.313
71.2588
71.2025
71.1445
71.0848
71.0235
70.9608
70.8969
70.832
70.7663
70.7
70.6333
70.5666
70.5
70.4337
70.3681
70.3034
70.2398
70.1776
70.1169
70.0581
70.0015
69.9467
69.8954
69.8428
69.8038
69.7264
72.2532
72.2523
72.251
72.2485
72.2457
72.2428
72.2397
72.2363
72.2326
72.2286
72.2242
72.2194
72.2142
72.2086
72.2025
72.1958
72.1885
72.1806
72.172
72.1627
72.1526
72.1416
72.1297
72.1168
72.1028
72.0877
72.0714
72.0537
72.0347
72.0142
71.9922
71.9685
71.9431
71.9159
71.8868
71.8557
71.8226
71.7874
71.7501
71.7107
71.669
71.6251
71.579
71.5307
71.4802
71.4276
71.373
71.3165
71.2581
71.198
71.1364
71.0734
71.0092
70.9439
70.8778
70.811
70.7438
70.6765
70.6091
70.5419
70.4753
70.4092
70.3441
70.2801
70.2173
70.1561
70.0966
70.039
69.9836
69.9299
69.8798
69.8279
69.7897
69.7124
72.3918
72.3905
72.3889
72.3859
72.3824
72.3789
72.3751
72.371
72.3664
72.3615
72.3561
72.3503
72.344
72.3371
72.3296
72.3215
72.3126
72.303
72.2926
72.2813
72.2691
72.2558
72.2414
72.2259
72.2091
72.191
72.1714
72.1504
72.1278
72.1035
72.0774
72.0495
72.0197
71.9879
71.954
71.918
71.8799
71.8395
71.7969
71.752
71.705
71.6556
71.6042
71.5505
71.4949
71.4373
71.3778
71.3167
71.254
71.1899
71.1246
71.0582
70.9911
70.9233
70.855
70.7865
70.718
70.6497
70.5818
70.5144
70.4479
70.3822
70.3178
70.2546
70.1929
70.1329
70.0747
70.0185
69.9644
69.9121
69.8633
69.8127
69.7751
69.7011
72.55
72.5482
72.546
72.5423
72.538
72.5336
72.5289
72.5238
72.5181
72.512
72.5054
72.4982
72.4904
72.4818
72.4726
72.4626
72.4517
72.4399
72.4272
72.4134
72.3984
72.3822
72.3648
72.346
72.3257
72.3038
72.2804
72.2552
72.2282
72.1993
72.1684
72.1355
72.1004
72.0632
72.0237
71.982
71.938
71.8917
71.8431
71.7922
71.7391
71.6839
71.6265
71.5672
71.506
71.4431
71.3786
71.3127
71.2456
71.1775
71.1085
71.039
70.969
70.8988
70.8286
70.7587
70.6891
70.6201
70.5518
70.4845
70.4182
70.3532
70.2896
70.2275
70.167
70.1083
70.0516
69.9968
69.9443
69.8936
69.8462
69.7973
69.7602
69.6921
72.7286
72.726
72.7231
72.7184
72.7131
72.7076
72.7016
72.6952
72.6881
72.6805
72.6722
72.6632
72.6534
72.6428
72.6314
72.6189
72.6055
72.5909
72.5752
72.5582
72.5399
72.5202
72.4989
72.476
72.4514
72.425
72.3968
72.3666
72.3343
72.2999
72.2633
72.2245
72.1833
72.1398
72.094
72.0457
71.9951
71.9422
71.8869
71.8294
71.7698
71.7081
71.6445
71.5792
71.5122
71.4439
71.3743
71.3037
71.2323
71.1602
71.0878
71.0153
70.9428
70.8705
70.7987
70.7276
70.6572
70.5878
70.5195
70.4524
70.3867
70.3226
70.26
70.1991
70.14
70.0828
70.0276
69.9745
69.9236
69.8745
69.8287
69.7818
69.7452
69.6846
72.9282
72.9246
72.9208
72.9148
72.9081
72.901
72.8935
72.8854
72.8765
72.8669
72.8564
72.8451
72.8329
72.8197
72.8054
72.7899
72.7732
72.7552
72.7358
72.7149
72.6924
72.6682
72.6422
72.6144
72.5846
72.5528
72.5188
72.4826
72.4441
72.4033
72.3601
72.3144
72.2663
72.2156
72.1626
72.107
72.0491
71.9889
71.9264
71.8618
71.7953
71.7269
71.6568
71.5853
71.5126
71.4388
71.3642
71.2891
71.2136
71.1379
71.0624
70.9872
70.9126
70.8386
70.7656
70.6935
70.6227
70.5533
70.4852
70.4187
70.3538
70.2907
70.2293
70.1698
70.1122
70.0566
70.0031
69.9516
69.9025
69.8552
69.811
69.7663
69.7303
69.6778
73.1496
73.1447
73.1395
73.1319
73.1234
73.1144
73.1049
73.0945
73.0833
73.0711
73.058
73.0438
73.0284
73.0119
72.994
72.9748
72.954
72.9317
72.9078
72.882
72.8544
72.8248
72.7932
72.7594
72.7234
72.6851
72.6444
72.6012
72.5555
72.5072
72.4564
72.4029
72.3469
72.2883
72.2273
72.1638
72.0979
72.0299
71.9598
71.8878
71.8141
71.7388
71.6623
71.5847
71.5063
71.4273
71.3479
71.2686
71.1893
71.1105
71.0323
70.9549
70.8785
70.8032
70.7293
70.6569
70.586
70.5168
70.4493
70.3837
70.3198
70.2579
70.1979
70.14
70.084
70.0301
69.9783
69.9286
69.8812
69.8357
69.7932
69.7508
69.7155
69.6709
73.3936
73.3869
73.3799
73.3702
73.3593
73.348
73.3358
73.3226
73.3084
73.293
73.2764
73.2586
73.2393
73.2186
73.1963
73.1724
73.1466
73.1191
73.0895
73.0579
73.0241
72.9881
72.9497
72.9088
72.8655
72.8195
72.771
72.7197
72.6657
72.609
72.5496
72.4875
72.4228
72.3555
72.2858
72.2138
72.1396
72.0634
71.9854
71.9058
71.8248
71.7428
71.6599
71.5764
71.4926
71.4088
71.3251
71.242
71.1595
71.0779
70.9975
70.9184
70.8408
70.7648
70.6905
70.618
70.5475
70.4789
70.4122
70.3477
70.2851
70.2246
70.1662
70.1099
70.0556
70.0034
69.9534
69.9055
69.8599
69.8162
69.7754
69.7354
69.7009
69.6636
73.6606
73.6517
73.6423
73.6299
73.6161
73.6016
73.5861
73.5694
73.5513
73.5319
73.511
73.4886
73.4645
73.4386
73.4108
73.3811
73.3493
73.3153
73.279
73.2404
73.1992
73.1555
73.1091
73.06
73.0081
72.9534
72.8958
72.8354
72.7721
72.706
72.6371
72.5656
72.4914
72.4149
72.336
72.2551
72.1722
72.0877
72.0017
71.9146
71.8266
71.738
71.649
71.5601
71.4713
71.3832
71.2957
71.2094
71.1242
71.0406
70.9585
70.8783
70.7999
70.7236
70.6494
70.5773
70.5074
70.4398
70.3743
70.3111
70.25
70.1911
70.1344
70.0798
70.0273
69.9769
69.9287
69.8826
69.8388
69.797
69.7578
69.7201
69.6864
69.6555
73.9512
73.9393
73.9268
73.9109
73.8934
73.8749
73.8553
73.8341
73.8112
73.7868
73.7605
73.7324
73.7023
73.67
73.6356
73.5989
73.5597
73.518
73.4737
73.4266
73.3768
73.324
73.2684
73.2097
73.1481
73.0834
73.0158
72.9451
72.8716
72.7952
72.7161
72.6344
72.5504
72.4641
72.3758
72.2857
72.1941
72.1013
72.0076
71.9132
71.8185
71.7238
71.6293
71.5354
71.4424
71.3505
71.26
71.1711
71.0839
70.9988
70.9157
70.8349
70.7564
70.6802
70.6065
70.5352
70.4664
70.3999
70.3359
70.2742
70.2148
70.1576
70.1027
70.0499
69.9993
69.9508
69.9044
69.8601
69.818
69.778
69.7404
69.7049
69.6722
69.6466
74.2654
74.2496
74.2332
74.2129
74.1906
74.1672
74.1422
74.1154
74.0866
74.0559
74.023
73.9879
73.9504
73.9105
73.868
73.8228
73.7748
73.724
73.6702
73.6133
73.5534
73.4903
73.424
73.3546
73.282
73.2062
73.1274
73.0457
72.961
72.8737
72.7838
72.6916
72.5972
72.501
72.4033
72.3042
72.2041
72.1033
72.0022
71.9011
71.8002
71.7
71.6007
71.5026
71.406
71.3112
71.2183
71.1275
71.0391
70.9531
70.8696
70.7888
70.7106
70.6351
70.5623
70.4922
70.4247
70.3597
70.2973
70.2373
70.1797
70.1244
70.0713
70.0204
69.9717
69.925
69.8804
69.8379
69.7975
69.7593
69.7233
69.6899
69.6583
69.637
74.6027
74.582
74.5604
74.5346
74.5064
74.4767
74.4451
74.4113
74.3752
74.3368
74.2958
74.2522
74.2058
74.1566
74.1045
74.0493
73.9909
73.9294
73.8645
73.7964
73.7249
73.6501
73.572
73.4905
73.4059
73.3181
73.2273
73.1337
73.0373
72.9386
72.8376
72.7346
72.63
72.524
72.417
72.3092
72.2011
72.0929
71.985
71.8779
71.7717
71.6668
71.5634
71.462
71.3627
71.2657
71.1712
71.0793
70.9902
70.904
70.8208
70.7405
70.6631
70.5887
70.5172
70.4486
70.3827
70.3195
70.2588
70.2007
70.145
70.0917
70.0405
69.9915
69.9447
69.8998
69.8571
69.8163
69.7776
69.7411
69.7067
69.6752
69.6446
69.6269
74.962
74.935
74.9069
74.874
74.8384
74.801
74.7612
74.7189
74.6738
74.6259
74.5751
74.5213
74.4643
74.4041
74.3406
74.2737
74.2034
74.1295
74.0522
73.9713
73.8869
73.7991
73.7079
73.6134
73.5158
73.4152
73.3119
73.2059
73.0976
72.9873
72.8752
72.7617
72.647
72.5316
72.4159
72.3001
72.1846
72.0698
71.9561
71.8437
71.7331
71.6244
71.518
71.4141
71.3129
71.2146
71.1193
71.0271
70.9381
70.8523
70.7698
70.6906
70.6145
70.5416
70.4717
70.4048
70.3407
70.2794
70.2208
70.1647
70.111
70.0596
70.0104
69.9633
69.9183
69.8753
69.8343
69.7953
69.7583
69.7234
69.6904
69.6608
69.6312
69.6165
75.3409
75.3061
75.2696
75.228
75.1833
75.1363
75.0866
75.0338
74.9778
74.9186
74.8562
74.7902
74.7208
74.6478
74.5711
74.4908
74.4068
74.3191
74.2277
74.1328
74.0343
73.9324
73.8273
73.719
73.6079
73.4941
73.3778
73.2595
73.1393
73.0176
72.8948
72.7712
72.6471
72.5231
72.3994
72.2765
72.1546
72.0342
71.9156
71.7992
71.6851
71.5737
71.4652
71.3598
71.2576
71.1588
71.0635
70.9716
70.8834
70.7986
70.7174
70.6396
70.5652
70.4941
70.4261
70.3612
70.2992
70.2399
70.1834
70.1293
70.0776
70.0283
69.981
69.9359
69.8928
69.8516
69.8123
69.7749
69.7395
69.7062
69.6747
69.6467
69.6181
69.6059
75.7357
75.6911
75.6443
75.592
75.5361
75.4774
75.4156
75.3503
75.2814
75.2088
75.1326
75.0526
74.9688
74.8811
74.7895
74.6942
74.595
74.4921
74.3855
74.2754
74.1619
74.0453
73.9256
73.8032
73.6784
73.5513
73.4224
73.2919
73.1603
73.0279
72.8951
72.7622
72.6298
72.4981
72.3676
72.2386
72.1115
71.9867
71.8644
71.745
71.6286
71.5155
71.4059
71.2999
71.1976
71.0991
71.0045
70.9137
70.8267
70.7435
70.664
70.5881
70.5157
70.4466
70.3808
70.318
70.2582
70.2012
70.1467
70.0948
70.0452
69.9979
69.9526
69.9094
69.868
69.8286
69.791
69.7553
69.7214
69.6896
69.6595
69.6331
69.6054
69.5952
76.1409
76.0841
76.0246
75.9593
75.8899
75.8173
75.7411
75.6609
75.5769
75.4888
75.3968
75.3008
75.2007
75.0966
74.9887
74.8768
74.7613
74.6421
74.5195
74.3936
74.2647
74.133
73.9988
73.8624
73.7241
73.5843
73.4434
73.3016
73.1594
73.0173
72.8756
72.7347
72.595
72.457
72.3209
72.1872
72.0562
71.9282
71.8034
71.6821
71.5645
71.4508
71.341
71.2354
71.1338
71.0364
70.9432
70.854
70.7689
70.6876
70.6102
70.5365
70.4664
70.3996
70.3361
70.2757
70.2181
70.1633
70.1111
70.0613
70.0138
69.9684
69.9251
69.8837
69.8442
69.8065
69.7705
69.7364
69.7039
69.6736
69.6447
69.6198
69.5931
69.5847
76.5485
76.4769
76.402
76.321
76.2357
76.1466
76.0536
75.9564
75.855
75.7494
75.6396
75.5258
75.408
75.2862
75.1606
75.0314
74.8987
74.7628
74.6238
74.4821
74.3379
74.1916
74.0434
73.8937
73.7428
73.5913
73.4394
73.2875
73.1361
72.9856
72.8364
72.6889
72.5434
72.4005
72.2603
72.1233
71.9897
71.8597
71.7337
71.6118
71.4941
71.3807
71.2718
71.1673
71.0672
70.9716
70.8803
70.7932
70.7104
70.6315
70.5566
70.4853
70.4177
70.3534
70.2923
70.2343
70.1791
70.1266
70.0766
70.0289
69.9835
69.9401
69.8987
69.8591
69.8213
69.7852
69.7508
69.7182
69.6872
69.6582
69.6306
69.6071
69.5811
69.5743
76.9475
76.8581
76.765
76.6658
76.5619
76.4539
76.3418
76.2254
76.1047
75.9798
75.8509
75.718
75.5813
75.4411
75.2974
75.1505
75.0007
74.8483
74.6935
74.5366
74.3779
74.2179
74.0569
73.8951
73.7332
73.5713
73.41
73.2496
73.0906
72.9334
72.7784
72.6258
72.4763
72.3299
72.1872
72.0482
71.9134
71.7829
71.6568
71.5354
71.4186
71.3065
71.1992
71.0966
70.9987
70.9054
70.8166
70.7321
70.6519
70.5757
70.5034
70.4349
70.3698
70.3081
70.2496
70.194
70.1412
70.091
70.0432
69.9977
69.9543
69.9128
69.8733
69.8355
69.7994
69.7649
69.732
69.7007
69.6711
69.6434
69.6169
69.5947
69.5696
69.5642
77.3233
77.2135
77.0993
76.9791
76.8543
76.7253
76.5922
76.4549
76.3135
76.1683
76.0194
75.867
75.7113
75.5527
75.3913
75.2275
75.0615
74.8937
74.7243
74.5537
74.3822
74.2102
74.0381
73.8662
73.695
73.5247
73.3559
73.189
73.0242
72.8621
72.7029
72.5472
72.3951
72.2469
72.1031
71.9637
71.829
71.6991
71.5741
71.4541
71.3392
71.2293
71.1243
71.0243
70.9291
70.8386
70.7527
70.6711
70.5938
70.5206
70.4512
70.3854
70.3232
70.2641
70.2082
70.1551
70.1047
70.0567
70.0111
69.9677
69.9263
69.8867
69.849
69.8129
69.7783
69.7454
69.7139
69.6841
69.6557
69.6293
69.6038
69.5829
69.5584
69.5544
77.6578
77.5248
77.3871
77.2439
77.0963
76.9449
76.7897
76.6307
76.4683
76.3027
76.1341
75.9629
75.7893
75.6136
75.4361
75.257
75.0768
74.8957
74.7139
74.5319
74.3499
74.1683
73.9874
73.8076
73.6293
73.4529
73.2787
73.1071
72.9386
72.7735
72.6121
72.4547
72.3018
72.1534
72.0099
71.8714
71.738
71.6098
71.487
71.3694
71.2571
71.15
71.0481
70.9512
70.8592
70.7719
70.6892
70.6108
70.5367
70.4665
70.4001
70.3373
70.2778
70.2215
70.1681
70.1175
70.0695
70.0238
69.9804
69.939
69.8995
69.8618
69.8257
69.7913
69.7583
69.7268
69.6967
69.6681
69.6409
69.6158
69.5913
69.5716
69.5477
69.5449
77.9286
77.7706
77.6078
77.4405
77.2695
77.0953
76.9182
76.7383
76.5559
76.3714
76.1851
75.9972
75.8081
75.618
75.4272
75.236
75.0445
74.8531
74.662
74.4715
74.2819
74.0934
73.9064
73.7212
73.5383
73.358
73.1806
73.0065
72.8362
72.6699
72.508
72.3508
72.1985
72.0513
71.9094
71.773
71.642
71.5166
71.3968
71.2824
71.1735
71.0699
70.9714
70.8781
70.7896
70.7059
70.6266
70.5517
70.4808
70.4138
70.3505
70.2906
70.234
70.1804
70.1296
70.0815
70.0357
69.9923
69.9509
69.9115
69.8739
69.838
69.8036
69.7707
69.7392
69.7091
69.6803
69.653
69.6269
69.6028
69.5793
69.5607
69.5374
69.5357
78.1099
77.9265
77.7388
77.5477
77.3544
77.1591
76.9622
76.7639
76.5647
76.3648
76.1644
75.9639
75.7635
75.5632
75.3633
75.164
74.9653
74.7675
74.5707
74.3751
74.1809
73.9885
73.7982
73.6102
73.425
73.243
73.0645
72.8899
72.7196
72.5539
72.3931
72.2375
72.0872
71.9426
71.8035
71.6702
71.5427
71.4209
71.3048
71.1943
71.0893
70.9896
70.8951
70.8056
70.721
70.641
70.5654
70.4939
70.4265
70.3627
70.3025
70.2456
70.1918
70.1409
70.0927
70.0469
70.0035
69.9622
69.9228
69.8853
69.8495
69.8153
69.7825
69.7511
69.721
69.6922
69.6646
69.6385
69.6135
69.5905
69.5679
69.5503
69.5276
69.5269
78.1736
77.9668
77.7567
77.5447
77.3325
77.1203
76.9083
76.6969
76.4863
76.2767
76.0682
75.861
75.6549
75.4501
75.2465
75.044
74.8428
74.6427
74.444
74.2468
74.0513
73.8578
73.6667
73.4783
73.2931
73.1114
72.9337
72.7603
72.5917
72.4281
72.2699
72.1172
71.9702
71.8291
71.694
71.5647
71.4414
71.3239
71.2121
71.106
71.0054
70.91
70.8198
70.7344
70.6538
70.5777
70.5058
70.4379
70.3739
70.3134
70.2563
70.2024
70.1514
70.1031
70.0573
70.0139
69.9727
69.9335
69.8961
69.8604
69.8263
69.7937
69.7624
69.7324
69.7037
69.6762
69.6498
69.6247
69.6008
69.5788
69.557
69.5404
69.5181
69.5185
78.0911
77.8659
77.6393
77.4126
77.1881
76.9664
76.7472
76.5307
76.317
76.106
75.8974
75.6911
75.4867
75.284
75.0826
74.8824
74.6833
74.4852
74.2882
74.0926
73.8985
73.7064
73.5167
73.3298
73.1464
72.9667
72.7913
72.6207
72.4551
72.295
72.1405
71.9919
71.8493
71.7128
71.5823
71.4579
71.3394
71.2268
71.1199
71.0185
70.9225
70.8318
70.7459
70.6649
70.5884
70.5162
70.4481
70.3839
70.3232
70.266
70.212
70.161
70.1127
70.067
70.0236
69.9825
69.9434
69.9062
69.8707
69.8368
69.8043
69.7732
69.7434
69.7148
69.6873
69.6609
69.6357
69.6117
69.5886
69.5676
69.5466
69.5309
69.5091
69.5103
77.8359
77.6016
77.3684
77.137
76.911
76.6908
76.4759
76.2658
76.0601
75.8582
75.6594
75.463
75.2683
75.0746
74.8815
74.6886
74.4958
74.3031
74.1107
73.919
73.7284
73.5395
73.3528
73.169
72.9886
72.8123
72.6406
72.4739
72.3126
72.157
72.0073
71.8638
71.7263
71.5951
71.47
71.3509
71.2378
71.1305
71.0288
70.9325
70.8414
70.7553
70.6741
70.5974
70.5251
70.4569
70.3926
70.3319
70.2747
70.2206
70.1696
70.1214
70.0758
70.0325
69.9915
69.9526
69.9156
69.8802
69.8465
69.8143
69.7834
69.7538
69.7253
69.698
69.6717
69.6465
69.6223
69.5993
69.5771
69.557
69.5367
69.5219
69.5005
69.5026
77.3865
77.1569
76.9321
76.7107
76.4981
76.295
76.0997
75.9106
75.7266
75.5463
75.3683
75.1913
75.014
74.8357
74.6559
74.4741
74.2906
74.1055
73.9194
73.733
73.5469
73.3621
73.1794
72.9996
72.8233
72.6513
72.4842
72.3224
72.1663
72.0161
71.8721
71.7343
71.6028
71.4774
71.3582
71.245
71.1376
71.0358
70.9395
70.8485
70.7624
70.6812
70.6046
70.5323
70.4641
70.3999
70.3393
70.2821
70.2282
70.1773
70.1292
70.0837
70.0407
69.9998
69.9611
69.9242
69.8891
69.8557
69.8237
69.793
69.7636
69.7354
69.7083
69.6821
69.657
69.6328
69.6096
69.5875
69.5662
69.5469
69.5273
69.5133
69.4923
69.4952
76.7348
76.5285
76.3322
76.1405
75.9613
75.7951
75.6384
75.4877
75.3408
75.1952
75.0486
74.8991
74.7454
74.5868
74.4229
74.2539
74.0804
73.9033
73.7236
73.5424
73.361
73.1805
73.0021
72.8266
72.655
72.488
72.3261
72.1699
72.0197
71.8756
71.7377
71.6063
71.481
71.362
71.249
71.1418
71.0403
70.9443
70.8534
70.7677
70.6867
70.6102
70.5381
70.4702
70.4061
70.3457
70.2887
70.235
70.1842
70.1363
70.091
70.0481
70.0075
69.969
69.9324
69.8975
69.8643
69.8325
69.8021
69.773
69.745
69.7181
69.6921
69.6672
69.6431
69.6199
69.5976
69.5763
69.5558
69.5373
69.5184
69.5052
69.4845
69.4881
75.9281
75.7656
75.62
75.4804
75.3565
75.2483
75.1491
75.053
74.9558
74.8542
74.7452
74.6268
74.498
74.3587
74.2095
74.0514
73.8859
73.7147
73.5397
73.3624
73.1846
73.0078
72.8331
72.6619
72.4949
72.3329
72.1764
72.0259
71.8816
71.7436
71.6121
71.4869
71.3679
71.255
71.148
71.0467
70.9508
70.8602
70.7746
70.6937
70.6174
70.5454
70.4776
70.4136
70.3532
70.2964
70.2427
70.1921
70.1442
70.099
70.0563
70.0158
69.9773
69.9409
69.9062
69.8731
69.8415
69.8113
69.7824
69.7546
69.7279
69.7021
69.6773
69.6533
69.6302
69.6079
69.5864
69.566
69.5461
69.5284
69.5099
69.4975
69.4771
69.4814
75.0555
74.954
74.8789
74.8111
74.7615
74.7283
74.7001
74.6679
74.6259
74.57
74.4975
74.4069
74.2986
74.1736
74.0341
73.8824
73.721
73.5525
73.3795
73.2042
73.0285
72.8542
72.6826
72.5149
72.3521
72.1947
72.0432
71.898
71.7593
71.627
71.5012
71.3817
71.2684
71.1611
71.0595
70.9634
70.8725
70.7867
70.7056
70.6291
70.5569
70.4888
70.4246
70.3641
70.307
70.2532
70.2024
70.1544
70.1091
70.0662
70.0256
69.9872
69.9507
69.9159
69.8829
69.8514
69.8212
69.7924
69.7647
69.738
69.7124
69.6877
69.6638
69.6407
69.6184
69.5969
69.5761
69.5563
69.5372
69.52
69.5021
69.4902
69.4702
69.475
74.1604
74.135
74.1492
74.1722
74.2143
74.2697
74.3213
74.3566
74.369
74.3549
74.3127
74.243
74.1479
74.0307
73.895
73.7447
73.5836
73.4149
73.2417
73.0666
72.8919
72.7192
72.55
72.3854
72.2262
72.073
71.926
71.7857
71.6519
71.5248
71.4041
71.2898
71.1816
71.0792
70.9823
70.8908
70.8043
70.7227
70.6456
70.5728
70.5042
70.4394
70.3784
70.3208
70.2666
70.2153
70.167
70.1213
70.0782
70.0373
69.9986
69.9619
69.927
69.8938
69.8622
69.832
69.8031
69.7753
69.7487
69.7231
69.6984
69.6746
69.6515
69.6292
69.6076
69.5867
69.5666
69.5474
69.5288
69.5122
69.4947
69.4834
69.4636
69.4689
73.266
73.3307
73.4537
73.5872
73.7371
73.891
74.0258
74.1267
74.1877
74.2073
74.1866
74.129
74.0394
73.9233
73.7863
73.6334
73.4695
73.2983
73.1235
72.9476
72.773
72.6014
72.4342
72.2722
72.1162
71.9666
71.8237
71.6876
71.5583
71.4358
71.3197
71.2098
71.106
71.0079
70.9152
70.8277
70.745
70.6669
70.5933
70.5237
70.4582
70.3963
70.338
70.283
70.2311
70.1821
70.1359
70.0922
70.0509
70.0117
69.9746
69.9394
69.9059
69.8741
69.8436
69.8146
69.7867
69.76
69.7343
69.7096
69.6857
69.6626
69.6403
69.6186
69.5976
69.5774
69.5578
69.5392
69.521
69.5049
69.4877
69.477
69.4573
69.4632
72.3836
72.5522
72.8064
73.0713
73.3425
73.5997
73.8158
73.9755
74.0755
74.1183
74.1092
74.0552
73.9641
73.8438
73.7014
73.5432
73.3744
73.1996
73.0221
72.8449
72.67
72.4991
72.3334
72.1736
72.0204
71.8741
71.7347
71.6024
71.4771
71.3584
71.2463
71.1404
71.0404
70.9461
70.8569
70.7728
70.6934
70.6184
70.5477
70.4809
70.418
70.3586
70.3026
70.2498
70.1999
70.1529
70.1085
70.0665
70.0267
69.9891
69.9534
69.9194
69.8871
69.8564
69.827
69.7989
69.772
69.7462
69.7213
69.6973
69.6741
69.6517
69.63
69.6089
69.5885
69.5688
69.5496
69.5315
69.5137
69.498
69.4812
69.4709
69.4515
69.4577
71.5171
71.8045
72.2152
72.6332
73.0351
73.3945
73.6848
73.8928
74.0201
74.0754
74.0688
74.0111
73.9132
73.7849
73.6346
73.4693
73.2948
73.1156
72.9352
72.7563
72.5809
72.4105
72.246
72.0882
71.9374
71.7939
71.6576
71.5286
71.4066
71.2914
71.1828
71.0802
70.9836
70.8924
70.8063
70.7251
70.6485
70.5762
70.5079
70.4435
70.3828
70.3255
70.2715
70.2206
70.1725
70.1271
70.0842
70.0437
70.0053
69.9689
69.9344
69.9015
69.8703
69.8405
69.8121
69.7848
69.7587
69.7336
69.7094
69.6861
69.6635
69.6417
69.6205
69.6
69.58
69.5607
69.542
69.5243
69.5069
69.4916
69.4751
69.4652
69.4459
69.4525
70.6679
71.0894
71.685
72.2774
72.8128
73.2671
73.6209
73.8647
74.0076
74.0657
74.0543
73.9877
73.8793
73.7407
73.5812
73.4082
73.2276
73.044
72.8606
72.68
72.504
72.3339
72.1705
72.0143
71.8656
71.7245
71.5909
71.4647
71.3457
71.2334
71.1277
71.0281
70.9342
70.8457
70.7623
70.6836
70.6093
70.5393
70.4732
70.4108
70.352
70.2965
70.2442
70.1948
70.1482
70.1042
70.0627
70.0234
69.9862
69.9509
69.9174
69.8855
69.8551
69.8262
69.7985
69.772
69.7466
69.7221
69.6986
69.6758
69.6538
69.6325
69.6118
69.5917
69.5722
69.5533
69.535
69.5176
69.5005
69.4856
69.4693
69.4597
69.4406
69.4475
69.8394
70.4072
71.2192
72.0045
72.6674
73.205
73.6097
73.8766
74.0246
74.078
74.0564
73.9775
73.8569
73.7071
73.538
73.3573
73.1707
72.9827
72.7965
72.6142
72.4377
72.2678
72.1052
71.9504
71.8035
71.6645
71.5332
71.4094
71.2929
71.1831
71.0799
70.9827
70.8913
70.8051
70.7239
70.6474
70.5751
70.507
70.4427
70.382
70.3248
70.2708
70.22
70.172
70.1267
70.0839
70.0435
70.0053
69.969
69.9347
69.9021
69.871
69.8415
69.8132
69.7863
69.7604
69.7356
69.7117
69.6887
69.6664
69.6449
69.624
69.6037
69.584
69.5649
69.5464
69.5284
69.5113
69.4946
69.4799
69.4639
69.4546
69.4357
69.4429
69.0396
69.7574
70.8207
71.8099
72.5866
73.194
73.6368
73.915
74.0601
74.1034
74.0684
73.9756
73.842
73.6809
73.5025
73.3144
73.1223
72.9303
72.7414
72.5577
72.3805
72.2107
72.0489
71.8953
71.7499
71.6126
71.4833
71.3615
71.2471
71.1395
71.0384
70.9433
70.8539
70.7697
70.6904
70.6157
70.5451
70.4786
70.4158
70.3566
70.3008
70.2482
70.1985
70.1517
70.1075
70.0658
70.0263
69.989
69.9537
69.9201
69.8883
69.8579
69.8291
69.8015
69.7751
69.7498
69.7255
69.7021
69.6795
69.6577
69.6366
69.6161
69.5962
69.5769
69.5581
69.5399
69.5222
69.5055
69.489
69.4746
69.4588
69.4498
69.431
69.4384
68.2805
69.1383
70.4919
71.685
72.5564
73.2206
73.6889
73.969
74.1055
74.1355
74.0856
73.9783
73.832
73.6601
73.473
73.2781
73.0809
72.8853
72.694
72.5089
72.3312
72.1615
72.0003
71.8477
71.7035
71.5677
71.44
71.32
71.2073
71.1016
71.0023
70.909
70.8213
70.7388
70.6611
70.5878
70.5187
70.4536
70.3921
70.3342
70.2795
70.228
70.1794
70.1336
70.0904
70.0495
70.0109
69.9744
69.9398
69.907
69.8758
69.8461
69.8178
69.7907
69.7649
69.7401
69.7162
69.6933
69.6711
69.6497
69.629
69.6089
69.5893
69.5703
69.5518
69.5339
69.5165
69.5
69.4837
69.4695
69.454
69.4452
69.4266
69.4342
67.5744
68.5489
70.2334
71.6161
72.5634
73.2726
73.7552
74.0304
74.1549
74.17
74.1048
73.9835
73.8251
73.6433
73.4482
73.2472
73.0454
72.8466
72.6533
72.4669
72.2887
72.119
71.9583
71.8064
71.6634
71.5288
71.4025
71.2839
71.1727
71.0685
70.9707
70.8789
70.7927
70.7116
70.6352
70.5633
70.4954
70.4315
70.3711
70.3142
70.2606
70.21
70.1623
70.1174
70.075
70.0349
69.997
69.9612
69.9272
69.895
69.8644
69.8352
69.8075
69.7809
69.7555
69.7311
69.7077
69.6852
69.6634
69.6423
69.6219
69.6021
69.5828
69.5641
69.5459
69.5282
69.5111
69.4948
69.4788
69.4648
69.4495
69.4409
69.4224
69.4302
66.925
67.9938
70.0449
71.5899
72.5964
73.3397
73.8276
74.0936
74.2045
74.2042
74.1241
73.9897
73.8202
73.6294
73.4272
73.2207
73.015
72.8134
72.6181
72.4307
72.252
72.0823
71.9219
71.7707
71.6285
71.495
71.3698
71.2524
71.1425
71.0396
70.943
70.8525
70.7675
70.6876
70.6124
70.5416
70.4748
70.4118
70.3524
70.2964
70.2437
70.1939
70.147
70.1028
70.0611
70.0217
69.9845
69.9492
69.9158
69.8841
69.854
69.8254
69.798
69.7719
69.7469
69.7229
69.6999
69.6777
69.6562
69.6355
69.6153
69.5958
69.5768
69.5583
69.5404
69.523
69.506
69.49
69.4741
69.4604
69.4452
69.4368
69.4184
69.4264
66.3216
67.4791
69.9139
71.5914
72.6466
73.4141
73.9004
74.1551
74.2516
74.2364
74.1424
73.996
73.8166
73.6178
73.4093
73.1981
72.9888
72.7847
72.5878
72.3994
72.2202
72.0505
71.8904
71.7397
71.5982
71.4655
71.3412
71.2249
71.1161
71.0142
70.9187
70.8293
70.7453
70.6664
70.5922
70.5223
70.4564
70.3943
70.3357
70.2805
70.2285
70.1794
70.1332
70.0896
70.0485
70.0097
69.973
69.9383
69.9054
69.8742
69.8445
69.8163
69.7893
69.7636
69.739
69.7153
69.6926
69.6707
69.6495
69.6291
69.6092
69.5899
69.5712
69.5529
69.5352
69.518
69.5013
69.4854
69.4697
69.4562
69.4411
69.4329
69.4147
69.4228
65.7399
67.0532
69.8415
71.6114
72.7062
73.4894
73.9701
74.2125
74.2951
74.2659
74.1593
74.0021
73.8139
73.608
73.394
73.1786
72.9663
72.76
72.5616
72.3723
72.1926
72.0228
71.8629
71.7127
71.5717
71.4398
71.3163
71.2008
71.0928
70.9918
70.8973
70.8087
70.7257
70.6476
70.5742
70.5051
70.44
70.3786
70.3207
70.2662
70.2148
70.1663
70.1207
70.0777
70.0371
69.9988
69.9626
69.9283
69.8959
69.8651
69.8358
69.8079
69.7813
69.7559
69.7316
69.7083
69.6858
69.6642
69.6433
69.6231
69.6035
69.5845
69.5659
69.5479
69.5303
69.5134
69.4968
69.4811
69.4656
69.4522
69.4373
69.4293
69.4112
69.4194
65.0569
66.6822
69.7946
71.6455
72.7715
73.5618
74.0346
74.2649
74.3342
74.2922
74.1743
74.0077
73.8117
73.5997
73.3809
73.1618
72.9468
72.7385
72.5388
72.3487
72.1687
71.9988
71.839
71.689
71.5486
71.4171
71.2943
71.1795
71.0722
70.972
70.8783
70.7905
70.7081
70.6308
70.5581
70.4897
70.4252
70.3645
70.3072
70.2532
70.2024
70.1545
70.1093
70.0668
70.0267
69.9888
69.953
69.9192
69.8871
69.8567
69.8278
69.8002
69.7739
69.7488
69.7248
69.7018
69.6796
69.6582
69.6375
69.6176
69.5982
69.5793
69.561
69.5432
69.5258
69.509
69.4926
69.4771
69.4617
69.4485
69.4337
69.4258
69.4079
69.4161
64.4414
66.5664
69.7662
71.6769
72.8358
73.6288
74.0927
74.3114
74.3687
74.3153
74.1875
74.0126
73.8098
73.5924
73.3695
73.1472
72.9299
72.7199
72.5191
72.3282
72.1478
71.9777
71.818
71.6683
71.5282
71.3972
71.2749
71.1607
71.0541
70.9544
70.8613
70.7742
70.6925
70.6158
70.5437
70.4759
70.412
70.3517
70.295
70.2415
70.1911
70.1437
70.099
70.0569
70.0172
69.9797
69.9443
69.9108
69.8791
69.8489
69.8203
69.7931
69.7671
69.7423
69.7185
69.6957
69.6737
69.6526
69.6322
69.6124
69.5932
69.5745
69.5564
69.5387
69.5215
69.5049
69.4886
69.4733
69.4581
69.4449
69.4303
69.4225
69.4047
69.413
)
;

boundaryField
{
    inlet
    {
        type            freestreamPressure;
        value           nonuniform List<scalar> 
230
(
67.0341
67.0361
67.0393
67.0434
67.0476
67.0518
67.0563
67.0611
67.0661
67.0714
67.077
67.0829
67.0891
67.0957
67.1026
67.1099
67.1176
67.1257
67.1343
67.1434
67.153
67.1631
67.1738
67.1852
67.1972
67.2098
67.2233
67.2374
67.2525
67.2683
67.2851
67.3029
67.3217
67.3416
67.3626
67.3848
67.4083
67.433
67.4591
67.4866
67.5156
67.546
67.5779
67.6114
67.6465
67.6831
67.7212
67.7609
67.802
67.8445
67.8883
67.9333
67.9793
68.0263
68.0739
68.122
68.1703
68.2185
68.2664
68.3137
68.36
68.4049
68.4481
68.4893
68.5279
68.5637
68.5963
68.6251
68.6499
68.6704
68.6856
68.6972
68.6996
68.7149
68.6757
68.2686
67.9168
67.6191
67.3733
67.1742
67.0158
66.8925
66.799
66.7307
66.6833
66.6534
66.6377
66.6337
66.6387
66.6507
66.6675
66.6874
66.709
66.7311
66.753
66.7745
66.7951
66.815
66.8342
66.8525
66.8698
66.8862
66.9017
66.9162
66.9299
66.9427
66.9547
66.966
66.9766
66.9866
66.9959
67.0047
67.013
67.0208
67.0284
69.1235
69.5441
69.9201
70.2478
70.5293
70.7684
70.9696
71.1379
71.2776
71.3932
71.4882
71.5659
71.6292
71.6805
71.7217
71.7546
71.7807
71.801
71.8167
71.8286
71.8373
71.8434
71.8477
71.8502
71.8515
71.8518
71.8513
71.8502
71.8486
71.8467
71.8445
71.8422
71.8398
71.8374
71.8349
71.8324
71.8299
71.8275
71.8252
71.8229
71.8208
71.8189
71.8178
71.8167
71.8155
71.8141
71.8126
71.811
71.8094
71.8075
71.8056
71.8034
71.8012
71.7987
71.796
71.7931
71.79
71.7866
71.783
71.779
71.7747
71.77
71.765
71.7595
71.7535
71.747
71.7399
71.7323
71.7239
71.7148
71.7049
71.6942
71.6825
71.6698
71.656
71.641
71.6247
71.607
71.5879
71.5671
71.5447
71.5204
71.4943
71.4661
71.4357
71.4032
71.3683
71.331
71.2913
71.2491
71.2044
71.1572
71.1074
71.0553
71.0008
70.9441
70.8853
70.8246
70.7624
70.6987
70.6339
70.5684
70.5024
70.4362
70.3703
70.3049
70.2404
70.1772
70.1156
70.056
69.9988
69.9445
69.893
69.8479
69.7997
)
;
    }
    outlet
    {
        type            freestreamPressure;
        value           nonuniform List<scalar> 
96
(
69.41
69.4069
69.4037
69.4002
69.3965
69.3925
69.3884
69.384
69.3793
69.3743
69.3691
69.3635
69.3577
69.3515
69.3449
69.338
69.3307
69.3231
69.3151
69.3068
69.2982
69.2893
69.2803
69.2711
69.262
69.2531
69.2449
69.2378
69.2329
69.2316
69.2359
69.2451
69.25
69.23
69.1627
69.0467
68.9153
68.8178
68.7793
68.785
68.8021
68.8085
68.8007
68.7851
68.7682
68.7506
68.7376
68.7149
69.7997
69.792
69.7773
69.76
69.7426
69.7264
69.7124
69.7011
69.6921
69.6846
69.6778
69.6709
69.6636
69.6555
69.6466
69.637
69.6269
69.6165
69.6059
69.5952
69.5847
69.5743
69.5642
69.5544
69.5449
69.5357
69.5269
69.5185
69.5103
69.5026
69.4952
69.4881
69.4814
69.475
69.4689
69.4632
69.4577
69.4525
69.4475
69.4429
69.4384
69.4342
69.4302
69.4264
69.4228
69.4194
69.4161
69.413
)
;
    }
    walls
    {
        type            zeroGradient;
    }
    frontAndBack
    {
        type            empty;
    }
}


// ************************************************************************* //
