/*--------------------------------*- C++ -*----------------------------------*\
| =========                 |                                                 |
| \\      /  F ield         | OpenFOAM: The Open Source CFD Toolbox           |
|  \\    /   O peration     | Version:  5.x                                   |
|   \\  /    A nd           | Web:      www.OpenFOAM.org                      |
|    \\/     M anipulation  |                                                 |
\*---------------------------------------------------------------------------*/
FoamFile
{
    version     2.0;
    format      ascii;
    class       volVectorField;
    location    "650";
    object      wallShearStress;
}
// * * * * * * * * * * * * * * * * * * * * * * * * * * * * * * * * * * * * * //

dimensions      [0 2 -2 0 0 0 0];

internalField   uniform (0 0 0);

boundaryField
{
    inlet
    {
        type            calculated;
        value           uniform (0 0 0);
    }
    outlet
    {
        type            calculated;
        value           uniform (0 0 0);
    }
    walls
    {
        type            calculated;
        value           nonuniform List<vector> 
164
(
(-630.939 -975.912 9.62965e-35)
(-1114.23 -858.534 -2.02432e-15)
(-1623.37 -659.948 -8.4636e-16)
(-1453.73 -487.504 2.23906e-15)
(-1360.12 -381.446 5.5064e-21)
(-1236.63 -299.359 1.51884e-15)
(-1113.51 -237.374 1.77028e-15)
(-1006.47 -191.74 -2.0031e-15)
(-914.437 -157.332 -2.92501e-32)
(-835.435 -130.69 2.40125e-15)
(-766.646 -109.729 -2.6184e-15)
(-707.563 -92.9319 -2.707e-15)
(-654.566 -79.1756 2.2725e-20)
(-612.679 -68.3523 -2.9213e-15)
(-573.998 -59.1361 3.23686e-15)
(-547.167 -52.1585 3.14052e-15)
(-521.124 -45.8829 -3.26529e-15)
(-499.314 -40.6388 3.30846e-15)
(-480.663 -36.0815 3.26899e-15)
(-460.937 -31.8785 -3.43348e-15)
(-447.088 -28.4294 3.30804e-15)
(-430.931 -25.0966 6.54477e-21)
(-418.602 -22.2772 1.85286e-20)
(-407.125 -19.6923 -1.26596e-20)
(-395.358 -17.2961 -6.72812e-15)
(-387.018 -15.2098 3.22676e-15)
(-376.986 -13.1931 9.0278e-36)
(-368.408 -11.3778 1.58988e-15)
(-360.929 -9.70615 -1.57986e-15)
(-353.883 -8.14883 -3.76158e-36)
(-346.805 -6.69186 -1.15584e-20)
(-339.226 -5.30903 1.13677e-20)
(-333.21 -4.05109 1.0259e-20)
(-328.301 -2.85889 -2.16378e-20)
(-322.177 -1.74315 -6.91826e-16)
(-317.822 -0.686181 -1.12142e-35)
(-312.603 0.30018 8.18332e-17)
(-307.994 1.24296 -6.41656e-16)
(-304.479 2.12458 6.1528e-16)
(-301.245 2.98207 -1.18937e-15)
(-297.633 3.77364 4.36344e-35)
(-294.329 4.5394 4.43347e-15)
(-277.01 4.93325 3.76158e-35)
(-274.369 5.47554 -1.19707e-20)
(-269.944 5.91753 -2.96458e-15)
(-267.731 6.38706 5.62172e-21)
(-264.52 6.79677 -5.5863e-21)
(-261.332 7.17432 -2.94287e-15)
(-258.311 7.53644 5.87854e-15)
(-255.382 7.86194 2.93897e-15)
(-252.565 8.18411 5.61221e-21)
(-249.845 8.46724 -2.93324e-15)
(-247.217 8.75292 2.92901e-15)
(-244.668 9.004 -5.59024e-21)
(-242.219 9.26024 -1.9356e-23)
(-238.776 9.44318 -1.93065e-23)
(-236.545 9.67005 5.58579e-21)
(-235.108 9.90689 1.20371e-35)
(-232.119 10.0739 5.82671e-15)
(-230.673 10.2932 5.52669e-21)
(-228.742 10.4866 -5.72087e-15)
(-226.456 10.6803 5.7512e-15)
(-223.66 10.8637 -5.74511e-15)
(-221.993 11.0819 1.14285e-14)
(-219.11 11.2448 -5.72068e-15)
(-217.378 11.446 5.67095e-15)
(-214.272 11.5814 -1.80556e-35)
(-211.896 11.7347 -2.71072e-21)
(-209.676 11.9013 -9.74053e-24)
(-207.411 12.0593 5.5684e-15)
(-203.694 12.1232 1.0361e-23)
(-201.263 12.2649 -2.69207e-21)
(-198.421 12.3738 -1.11524e-14)
(-194.268 12.3948 1.35222e-21)
(-190.555 12.4389 -1.14686e-14)
(-187.245 12.5062 3.51723e-31)
(-182.665 12.4813 2.2842e-14)
(-177.561 12.4123 6.86809e-22)
(-172.633 12.3446 -1.17169e-14)
(-165.251 12.096 1.1634e-14)
(-166.827 12.45 -1.18694e-14)
(0.0824596 0.804718 1.9149e-14)
(538.899 -1012.58 0)
(-263.984 170.465 -1.24992e-14)
(-490.35 213.658 0)
(-591.268 199.061 -7.55807e-32)
(-609.777 169.649 -1.13967e-31)
(-615.559 147.161 5.85646e-15)
(-621.623 130.284 2.21099e-20)
(-613.015 114.391 -4.04076e-39)
(-594.623 99.873 -3.46928e-20)
(-573.865 87.3603 -5.63893e-15)
(-551.949 76.6342 -2.19146e-20)
(-536.613 68.1407 -5.51033e-15)
(-518.767 60.4716 2.17736e-20)
(-508.321 54.4567 -2.02407e-20)
(-492.562 48.5626 -5.57515e-15)
(-482.434 43.8299 5.23186e-15)
(-469.482 39.2446 -2.01094e-20)
(-457.715 35.2142 5.19552e-15)
(-447.719 31.6179 -1.90002e-20)
(-434.863 28.1515 6.10671e-21)
(-427.234 25.2836 4.84408e-15)
(-416.091 22.4245 -9.62965e-35)
(-409.064 20.0054 -4.73203e-15)
(-400.802 17.6739 -4.64604e-15)
(-393.139 15.5376 -2.04639e-20)
(-388.173 13.6326 -4.33224e-15)
(-380.099 11.7403 -2.30871e-32)
(-375.177 10.0719 2.07586e-15)
(-370.114 8.48585 -4.06861e-15)
(-365.262 6.98787 -1.41486e-20)
(-359.153 5.56399 -1.91526e-15)
(-354.443 4.23234 -9.28639e-16)
(-351.28 2.99948 -1.35034e-20)
(-346.789 1.79877 4.30947e-16)
(-343.042 0.684039 2.06053e-16)
(-338.22 -0.388932 -2.47473e-20)
(-335.84 -1.39249 1.17322e-20)
(-332.586 -2.36271 7.45393e-16)
(-329.44 -3.26872 -1.42559e-15)
(-326.968 -4.15417 -1.04787e-20)
(-325.327 -4.99175 2.59882e-15)
(-322.894 -5.79665 -2.49204e-15)
(-306.323 -6.18252 -4.96036e-32)
(-304.575 -6.76157 -3.25147e-15)
(-302.205 -7.26541 -3.22383e-15)
(-299.568 -7.74451 -3.21945e-15)
(-297.117 -8.18872 6.38531e-15)
(-294.682 -8.60163 -3.18189e-15)
(-292.38 -9.00073 -3.15964e-15)
(-290.146 -9.3604 3.14155e-15)
(-287.981 -9.71892 9.22763e-37)
(-285.901 -10.0356 3.10265e-15)
(-284.335 -10.3737 5.86422e-21)
(-282.544 -10.6644 6.10726e-15)
(-280.82 -10.9608 6.05284e-15)
(-279.062 -11.2221 -4.21297e-35)
(-277.496 -11.4926 1.73728e-31)
(-275.781 -11.7302 -5.66377e-21)
(-274.314 -11.9792 1.17125e-14)
(-272.589 -12.1914 5.66918e-21)
(-270.667 -12.3986 -1.15772e-14)
(-269.032 -12.5574 -5.78578e-15)
(-268.061 -12.7319 -1.80556e-35)
(-266.133 -12.8484 -2.71508e-21)
(-265.236 -13.015 -5.59475e-15)
(-262.777 -13.0957 -5.60799e-15)
(-260.778 -13.2006 -5.62632e-15)
(-260.994 -13.4056 5.47002e-15)
(-259.518 -13.5335 5.4955e-15)
(-257.23 -13.6166 2.58461e-21)
(-255.575 -13.7269 -1.47743e-31)
(-254.173 -13.8564 -1.30291e-21)
(-253.877 -14.047 -5.24696e-15)
(-251.518 -14.1273 2.52535e-21)
(-250.128 -14.2636 5.27056e-15)
(-248.485 -14.3918 -2.4833e-21)
(-246.596 -14.5086 1.22383e-21)
(-244.101 -14.5949 6.12506e-22)
(-241.603 -14.6848 -1.02843e-14)
(-237.364 -14.6744 1.01607e-14)
(-240.831 -15.0751 4.55763e-22)
(-26.0622 -2.07498 -1.94408e-14)
)
;
    }
    frontAndBack
    {
        type            empty;
    }
}


// ************************************************************************* //
