# Wall shear stress
# Time       	patch        	min          	max          
0.000000e+00	walls	(-5.756795e+00 -1.634970e+00 -1.397678e-18)	(-2.920002e+00 -6.116754e-02 1.173875e-18)
5.000000e+01	walls	(-1.108482e+03 -9.335447e+02 -2.650762e-15)	(-7.999167e-01 8.320213e+01 5.143530e-15)
1.000000e+02	walls	(-1.213910e+03 -1.175253e+03 -2.390014e-15)	(2.987321e+01 7.438404e+01 4.735264e-15)
1.500000e+02	walls	(-1.238262e+03 -1.230308e+03 -2.322729e-15)	(4.492082e+01 7.719281e+01 4.632538e-15)
2.000000e+02	walls	(-1.245186e+03 -1.246342e+03 -2.301624e-15)	(4.966538e+01 7.778733e+01 4.599921e-15)
2.500000e+02	walls	(-1.246919e+03 -1.250334e+03 -2.296344e-15)	(5.084794e+01 7.797163e+01 4.591681e-15)
3.000000e+02	walls	(-1.247402e+03 -1.251456e+03 -2.294854e-15)	(5.118889e+01 7.801508e+01 4.589355e-15)
3.270000e+02	walls	(-1.247487e+03 -1.251655e+03 -2.294599e-15)	(5.124918e+01 7.802395e+01 4.588954e-15)
