/*--------------------------------*- C++ -*----------------------------------*\
| =========                 |                                                 |
| \\      /  F ield         | OpenFOAM: The Open Source CFD Toolbox           |
|  \\    /   O peration     | Version:  5.x                                   |
|   \\  /    A nd           | Web:      www.OpenFOAM.org                      |
|    \\/     M anipulation  |                                                 |
\*---------------------------------------------------------------------------*/
FoamFile
{
    version     2.0;
    format      ascii;
    class       volScalarField;
    location    "850";
    object      p;
}
// * * * * * * * * * * * * * * * * * * * * * * * * * * * * * * * * * * * * * //

dimensions      [0 2 -2 0 0 0 0];

internalField   nonuniform List<scalar> 
11040
(
-0.00334674
-99.7379
-337.071
-401.182
-422.366
-435.342
-436.796
-426.498
-407.829
-381.898
-348.214
-296.47
-246.657
-211.179
-186.387
-159.958
-133.114
-107.757
-83.7537
-60.5862
-38.167
-18.8013
-2.61856
12.5265
26.7132
39.9652
52.2781
63.64
73.9894
83.2266
91.239
97.9066
103.174
107.108
109.911
111.837
112.626
112.047
111.72
115.209
115.269
36.5742
-59.9138
-212.481
-290.477
-331.386
-361.458
-379.291
-383.473
-376.491
-360.053
-334.368
-291.477
-246.302
-211.47
-186.132
-160.012
-133.476
-108.252
-84.3272
-61.2236
-38.8455
-19.5276
-3.31447
11.8603
26.0789
39.3686
51.7266
63.14
73.5497
82.8583
90.9474
97.6954
103.042
107.037
109.875
111.85
112.708
112.111
111.371
113.834
113.372
61.2523
-32.503
-142.363
-234.017
-288.797
-325.03
-347.622
-356.289
-353.301
-340.64
-319.325
-283.741
-242.968
-208.96
-183.52
-158.393
-132.621
-107.792
-84.1395
-61.2555
-39.0368
-19.7981
-3.62762
11.5164
25.7161
38.9987
51.3617
62.7902
73.2267
82.5753
90.7174
97.5301
102.943
106.996
109.874
111.887
112.81
112.268
111.385
113.048
112.236
78.6323
-5.14143
-87.3815
-171.037
-229.426
-270.86
-300.453
-317.071
-321.367
-315.174
-300.015
-272.177
-236.926
-204.867
-179.752
-155.736
-130.953
-106.72
-83.4935
-60.9533
-38.99
-19.9178
-3.84594
11.2312
25.3845
38.6383
50.9898
62.4219
72.8773
82.2621
90.4578
97.3396
102.829
106.957
109.887
111.923
112.884
112.403
111.472
112.652
112.008
92.3255
20.5632
-43.3276
-114.93
-173.765
-218.798
-253.052
-275.643
-286.312
-286.345
-277.339
-257.135
-228.284
-199.192
-174.823
-151.957
-128.393
-104.994
-82.361
-60.3076
-38.7283
-19.9211
-4.01162
10.9445
25.0056
38.1922
50.5015
61.9138
72.3724
81.7855
90.0361
96.9993
102.591
106.826
109.843
111.916
112.914
112.521
111.589
112.591
112.451
102.744
42.955
-8.03647
-67.4306
-121.972
-167.095
-203.667
-230.742
-247.187
-253.453
-250.818
-238.179
-216.311
-191.239
-168.362
-146.854
-124.763
-102.459
-80.608
-59.1934
-38.1358
-19.6934
-4.0284
10.7336
24.6393
37.7033
49.9224
61.2745
71.7042
81.123
89.4172
96.4649
102.177
106.553
109.699
111.844
112.909
112.67
111.827
112.815
113.223
110.633
61.6479
20.2354
-28.3138
-76.0037
-118.363
-154.814
-184.214
-204.949
-216.692
-220.159
-214.758
-200.175
-180.216
-159.879
-140.156
-119.822
-98.9192
-78.091
-57.5001
-37.1213
-19.1633
-3.84056
10.6438
24.32
37.194
49.2612
60.4987
70.8532
80.2413
88.5561
95.6813
101.525
106.074
109.396
111.67
112.864
112.87
112.248
113.293
114.239
116.574
76.7316
42.7933
3.35614
-36.8092
-74.5057
-108.739
-138.275
-161.394
-177.229
-185.911
-186.968
-179.465
-165.371
-148.669
-131.377
-113.185
-94.058
-74.5718
-55.046
-35.5482
-18.2291
-3.36793
10.7374
24.0946
36.696
48.534
59.5851
69.7997
79.1021
87.3958
94.5748
100.55
105.293
108.843
111.326
112.748
113.118
112.872
114.089
115.461
120.993
88.612
60.6658
28.6874
-4.39608
-36.6137
-67.1739
-94.9822
-118.511
-136.682
-149.187
-155.486
-154.304
-146.256
-134.054
-119.943
-104.373
-87.4605
-69.7138
-51.5647
-33.2017
-16.7129
-2.45979
11.1372
24.0624
36.2908
47.8066
58.5835
68.5754
77.716
85.9224
93.1045
99.1825
104.123
107.942
110.724
112.502
113.379
113.678
115.236
116.858
124.206
97.8125
74.7277
48.7916
21.873
-4.90673
-31.1142
-55.9554
-78.2398
-96.9664
-111.612
-121.577
-125.454
-122.981
-115.661
-105.364
-92.9218
-78.6756
-63.1122
-46.7213
-29.807
-14.3816
-0.913796
12.0152
24.3698
36.1061
47.1932
57.5982
67.2758
76.1677
84.2051
91.3159
97.4367
102.539
106.632
109.777
112.027
113.55
114.558
116.612
118.411
126.474
104.861
85.7398
64.6749
42.899
21.0216
-0.808719
-22.1152
-42.056
-59.8685
-75.0275
-86.958
-94.3086
-96.3502
-93.6495
-87.4324
-78.4969
-67.3101
-54.3567
-40.1373
-25.0379
-10.9563
1.5137
13.5846
25.2026
36.3055
46.8426
56.7698
66.0391
74.5968
82.3849
89.3473
95.4373
100.638
104.967
108.478
111.241
113.46
115.26
117.891
119.981
128.022
110.233
94.3542
77.2082
59.6246
41.9232
24.0853
6.34936
-10.7471
-26.6933
-41.0878
-53.4555
-62.645
-67.7827
-68.8481
-66.4417
-61.0758
-53.1611
-43.1342
-31.4572
-18.5435
-6.1145
5.11403
16.1095
26.7979
37.1008
46.946
56.2744
65.0328
73.169
80.6318
87.3762
93.3688
98.6029
103.105
106.931
110.155
112.987
115.511
118.644
121.202
129.044
114.331
101.116
87.1231
72.9165
58.6559
44.2446
29.7737
15.5563
1.91147
-10.9176
-22.5949
-32.2283
-39.0105
-42.6448
-43.2894
-41.126
-36.3829
-29.3733
-20.4639
-10.0309
0.457471
10.1975
19.891
29.443
38.7606
47.7519
56.342
64.4706
72.0842
79.1357
85.5869
91.4128
96.6121
101.214
105.272
108.851
112.13
115.186
118.611
121.652
129.7
117.484
106.467
95.0157
83.5163
72.04
60.4644
48.8018
37.2226
25.9104
14.9891
4.65997
-4.43551
-11.6551
-16.6402
-19.3151
-19.6239
-17.5982
-13.3881
-7.224
0.609955
8.9652
17.0161
25.2102
33.435
41.5865
49.5573
57.2593
64.6248
71.5982
78.1331
84.1944
89.7606
94.8315
99.4333
103.606
107.399
110.941
114.301
117.802
121.076
130.114
119.943
110.75
101.355
92.0246
82.7825
73.5055
64.1695
54.8613
45.678
36.676
27.9524
19.9405
13.1058
7.75942
4.05525
2.15955
2.17268
4.08718
7.81019
13.1742
19.3754
25.6465
32.2235
38.9877
45.8322
52.6419
59.3197
65.7918
72.0006
77.8995
83.4538
88.6412
93.4575
97.921
102.055
105.89
109.504
112.95
116.376
119.613
130.396
121.914
114.238
106.511
98.9205
91.4635
84.0282
76.5765
69.1494
61.7944
54.5299
47.3932
40.6633
34.6578
29.6068
25.6577
22.9932
21.7644
22.048
23.8528
27.1163
31.35
35.9071
40.8761
46.1473
51.6209
57.1856
62.7444
68.2222
73.5595
78.7086
83.6337
88.3102
92.7281
96.8952
100.819
104.51
108.012
111.354
114.597
117.657
130.658
123.581
117.173
110.804
104.614
98.5826
92.6129
86.6648
80.7553
74.9056
69.1148
63.3928
57.9123
52.8825
48.4604
44.7579
41.9274
40.115
39.4243
39.9162
41.597
44.2203
47.2883
50.8051
54.6809
58.8314
63.1598
67.5788
72.0182
76.4211
80.7408
84.9405
88.9924
92.8806
96.6032
100.156
103.535
106.763
109.851
112.817
115.623
130.894
124.931
119.524
114.207
109.09
104.143
99.2808
94.4673
89.7083
85.0129
80.3735
75.7905
71.3727
67.2544
63.5393
60.3052
57.6655
55.7375
54.6178
54.379
55.058
56.5576
58.5158
60.9002
63.6448
66.6837
69.9393
73.3392
76.8234
80.3415
83.8509
87.3163
90.7097
94.0115
97.2134
100.304
103.271
106.124
108.865
111.493
113.993
131.09
125.988
121.355
116.842
112.538
108.405
104.371
100.403
96.5011
92.6685
88.8953
85.1778
81.5892
78.2191
75.1349
72.3908
70.0677
68.2534
67.0255
66.4502
66.5707
67.368
68.5812
70.1693
72.0865
74.2836
76.7006
79.2807
81.9752
84.7419
87.5441
90.3503
93.1342
95.8758
98.5636
101.183
103.719
106.174
108.544
110.821
112.999
131.272
126.852
122.833
118.948
115.273
111.766
108.363
105.036
101.784
98.6049
95.4895
92.4329
89.4861
86.7114
84.1534
81.8494
79.8572
78.2405
77.0585
76.3648
76.1987
76.5776
77.3106
78.3596
79.6943
81.2781
83.0655
85.0132
87.0828
89.2405
91.4556
93.7014
95.9547
98.1969
100.416
102.596
104.724
106.797
108.808
110.749
112.615
131.449
127.581
124.059
120.679
117.503
114.489
111.582
108.757
106.009
103.338
100.733
98.1899
95.7452
93.4436
91.3155
89.3861
87.6974
86.2955
85.224
84.5244
84.2286
84.3679
84.7986
85.4895
86.4211
87.5659
88.8897
90.3596
91.9461
93.6224
95.3638
97.1482
98.9562
100.771
102.582
104.375
106.136
107.863
109.547
111.18
112.758
131.623
128.21
125.099
122.132
119.361
116.745
114.235
111.809
109.463
107.193
104.992
102.854
100.807
98.8832
97.1041
95.4868
94.062
92.8631
91.922
91.2696
90.9306
90.9388
91.1828
91.6385
92.2938
93.1277
94.114
95.2277
96.4464
97.7489
99.1158
100.529
101.973
103.434
104.901
106.363
107.809
109.233
110.631
111.992
113.314
131.796
128.763
125.996
123.371
120.935
118.646
116.46
114.358
112.336
110.39
108.513
106.7
104.972
103.352
101.857
100.498
99.2963
98.2779
97.4654
96.8817
96.5448
96.4864
96.6171
96.9195
97.3861
98.0005
98.7421
99.5921
100.533
101.549
102.623
103.743
104.895
106.068
107.253
108.44
109.619
110.788
111.94
113.068
114.168
131.965
129.254
126.779
124.443
122.286
120.268
118.35
116.516
114.761
113.079
111.466
109.917
108.447
107.075
105.811
104.665
103.651
102.788
102.094
101.584
101.271
101.183
101.247
101.449
101.787
102.246
102.81
103.465
104.197
104.994
105.842
106.732
107.652
108.594
109.55
110.512
111.473
112.43
113.376
114.307
115.217
132.13
129.694
127.468
125.378
123.457
121.668
119.975
118.364
116.829
115.367
113.972
112.639
111.382
110.212
109.139
108.169
107.312
106.582
105.991
105.552
105.273
105.176
105.201
105.339
105.587
105.936
106.371
106.881
107.456
108.085
108.759
109.469
110.207
110.965
111.738
112.519
113.302
114.083
114.86
115.627
116.379
132.291
130.091
128.08
126.201
124.481
122.886
121.383
119.96
118.612
117.333
116.119
114.967
113.885
112.883
111.968
111.143
110.417
109.799
109.299
108.924
108.68
108.586
108.59
108.685
108.872
109.141
109.482
109.884
110.339
110.841
111.38
111.95
112.545
113.157
113.784
114.419
115.058
115.698
116.336
116.968
117.589
132.445
130.451
128.626
126.929
125.382
123.953
122.613
121.35
120.159
119.035
117.974
116.973
116.038
115.176
114.392
113.689
113.073
112.549
112.125
111.807
111.598
111.512
111.505
111.573
111.717
111.928
112.198
112.519
112.884
113.287
113.722
114.183
114.665
115.163
115.673
116.192
116.714
117.24
117.764
118.286
118.799
132.593
130.777
129.116
127.576
126.179
124.894
123.694
122.568
121.511
120.519
119.588
118.714
117.902
117.158
116.485
115.884
115.359
114.915
114.557
114.288
114.11
114.035
114.023
114.074
114.187
114.356
114.573
114.832
115.127
115.454
115.807
116.183
116.576
116.983
117.4
117.826
118.255
118.688
119.121
119.552
119.977
132.734
131.074
129.555
128.154
126.887
125.726
124.647
123.639
122.698
121.82
120.999
120.234
119.527
118.883
118.303
117.787
117.34
116.963
116.66
116.434
116.284
116.22
116.207
116.246
116.337
116.474
116.651
116.862
117.104
117.372
117.661
117.969
118.291
118.626
118.97
119.32
119.675
120.032
120.391
120.749
121.102
132.868
131.344
129.951
128.671
127.518
126.465
125.491
124.586
123.746
122.965
122.24
121.567
120.95
120.39
119.889
119.447
119.065
118.745
118.489
118.298
118.173
118.12
118.109
118.14
118.215
118.328
118.474
118.648
118.847
119.068
119.307
119.561
119.828
120.104
120.389
120.679
120.973
121.27
121.568
121.866
122.16
132.994
131.591
130.308
129.134
128.081
127.123
126.241
125.426
124.672
123.976
123.333
122.741
122.201
121.714
121.28
120.9
120.573
120.301
120.085
119.926
119.822
119.779
119.769
119.796
119.858
119.953
120.075
120.22
120.386
120.57
120.769
120.98
121.202
121.431
121.668
121.909
122.154
122.402
122.65
122.899
123.145
133.112
131.815
130.63
129.55
128.585
127.71
126.909
126.172
125.494
124.872
124.301
123.778
123.304
122.88
122.504
122.176
121.897
121.666
121.484
121.351
121.266
121.232
121.225
121.248
121.301
121.382
121.485
121.607
121.746
121.9
122.067
122.243
122.428
122.62
122.818
123.02
123.225
123.432
123.64
123.849
124.054
133.223
132.019
130.921
129.923
129.035
128.234
127.503
126.835
126.225
125.667
125.159
124.697
124.28
123.91
123.584
123.302
123.063
122.867
122.714
122.604
122.534
122.508
122.504
122.524
122.571
122.64
122.728
122.832
122.949
123.079
123.219
123.368
123.523
123.685
123.851
124.02
124.192
124.366
124.54
124.716
124.889
133.326
132.204
131.182
130.257
129.437
128.701
128.033
127.426
126.874
126.374
125.921
125.511
125.145
124.821
124.539
124.296
124.092
123.926
123.798
123.707
123.651
123.631
123.63
123.649
123.691
123.751
123.826
123.915
124.015
124.126
124.244
124.37
124.501
124.637
124.777
124.919
125.064
125.21
125.358
125.506
125.651
133.422
132.372
131.417
130.557
129.797
129.118
128.505
127.951
127.452
127.002
126.597
126.234
125.912
125.629
125.384
125.176
125.002
124.862
124.755
124.68
124.636
124.622
124.623
124.642
124.679
124.732
124.797
124.874
124.96
125.054
125.155
125.261
125.373
125.488
125.606
125.726
125.849
125.972
126.096
126.222
126.344
133.51
132.523
131.627
130.824
130.117
129.488
128.924
128.418
127.965
127.56
127.198
126.876
126.592
126.345
126.134
125.955
125.807
125.69
125.601
125.541
125.506
125.498
125.501
125.52
125.553
125.6
125.658
125.724
125.798
125.879
125.965
126.056
126.151
126.248
126.349
126.451
126.554
126.659
126.764
126.87
126.973
133.59
132.658
131.815
131.061
130.401
129.817
129.296
128.832
128.42
128.054
127.73
127.445
127.195
126.98
126.797
126.644
126.52
126.422
126.349
126.301
126.275
126.271
126.277
126.295
126.326
126.368
126.419
126.476
126.541
126.61
126.684
126.762
126.843
126.926
127.011
127.098
127.186
127.274
127.363
127.453
127.54
133.664
132.779
131.981
131.271
130.651
130.106
129.624
129.198
128.822
128.491
128.201
127.948
127.729
127.542
127.385
127.255
127.15
127.069
127.011
126.973
126.955
126.955
126.963
126.982
127.011
127.049
127.094
127.145
127.201
127.261
127.325
127.392
127.461
127.532
127.605
127.679
127.753
127.829
127.904
127.98
128.054
133.729
132.886
132.127
131.454
130.87
130.36
129.912
129.519
129.175
128.876
128.616
128.392
128.2
128.038
127.904
127.794
127.707
127.641
127.595
127.566
127.554
127.558
127.568
127.586
127.614
127.649
127.689
127.734
127.783
127.836
127.891
127.949
128.008
128.069
128.131
128.194
128.258
128.321
128.385
128.45
128.512
133.788
132.979
132.253
131.613
131.06
130.579
130.161
129.798
129.483
129.212
128.98
128.782
128.614
128.474
128.36
128.269
128.198
128.145
128.11
128.09
128.084
128.092
128.104
128.123
128.15
128.182
128.219
128.259
128.303
128.349
128.398
128.448
128.499
128.551
128.604
128.658
128.712
128.766
128.821
128.875
128.928
133.84
133.059
132.361
131.748
131.221
130.767
130.375
130.038
129.749
129.504
129.296
129.12
128.975
128.855
128.759
128.684
128.627
128.587
128.561
128.548
128.547
128.557
128.571
128.59
128.616
128.646
128.679
128.716
128.755
128.796
128.838
128.881
128.926
128.971
129.017
129.063
129.109
129.155
129.201
129.247
129.292
133.884
133.125
132.45
131.86
131.356
130.924
130.555
130.241
129.975
129.752
129.566
129.412
129.287
129.186
129.106
129.046
129.002
128.973
128.957
128.952
128.957
128.971
128.987
129.008
129.034
129.063
129.095
129.129
129.164
129.201
129.239
129.277
129.316
129.355
129.394
129.433
129.472
129.512
129.551
129.59
129.627
133.922
133.179
132.521
131.95
131.463
131.051
130.701
130.408
130.163
129.96
129.794
129.66
129.552
129.468
129.404
129.357
129.324
129.304
129.295
129.296
129.304
129.32
129.338
129.359
129.384
129.412
129.441
129.472
129.504
129.537
129.571
129.605
129.639
129.673
129.707
129.741
129.775
129.809
129.842
129.875
129.907
133.952
133.22
132.575
132.017
131.545
131.147
130.815
130.539
130.313
130.129
129.981
129.864
129.774
129.705
129.656
129.622
129.602
129.594
129.595
129.604
129.619
129.64
129.661
129.686
129.713
129.741
129.77
129.801
129.831
129.862
129.892
129.923
129.953
129.983
130.013
130.042
130.071
130.099
130.127
130.155
130.181
133.976
133.251
132.613
132.065
131.603
131.218
130.899
130.638
130.427
130.26
130.128
130.027
129.952
129.898
129.861
129.838
129.827
129.825
129.83
129.843
129.86
129.883
129.905
129.93
129.957
129.984
130.012
130.04
130.069
130.097
130.125
130.153
130.18
130.207
130.233
130.259
130.285
130.31
130.334
130.358
130.381
133.993
133.268
132.635
132.092
131.638
131.262
130.954
130.706
130.508
130.355
130.238
130.151
130.091
130.052
130.031
130.023
130.027
130.039
130.058
130.082
130.108
130.138
130.167
130.196
130.226
130.256
130.286
130.315
130.344
130.371
130.398
130.424
130.449
130.473
130.497
130.519
130.541
130.562
130.582
130.602
130.621
134.001
133.265
132.626
132.083
131.632
131.262
130.965
130.729
130.545
130.406
130.303
130.231
130.182
130.154
130.14
130.138
130.146
130.162
130.183
130.209
130.238
130.268
130.299
130.329
130.359
130.389
130.419
130.447
130.474
130.501
130.526
130.551
130.574
130.597
130.618
130.639
130.658
130.677
130.695
130.713
130.729
133.999
133.244
132.593
132.042
131.588
131.221
130.93
130.703
130.532
130.407
130.322
130.268
130.241
130.235
130.247
130.27
130.303
130.342
130.383
130.425
130.466
130.507
130.546
130.583
130.62
130.654
130.687
130.718
130.747
130.774
130.8
130.824
130.847
130.868
130.888
130.906
130.924
130.941
130.956
130.971
130.985
125.735
133.17
139.07
142.363
144.218
145.367
145.926
146.065
145.938
145.64
145.238
144.774
144.282
143.781
143.286
142.805
142.344
141.905
141.491
141.101
140.735
140.393
140.074
139.775
139.498
139.239
138.998
138.774
138.565
138.371
138.19
138.021
137.863
137.715
137.576
137.445
137.323
137.207
137.098
136.996
136.899
136.808
136.723
136.642
136.566
136.494
136.427
136.363
136.302
136.245
136.19
136.138
136.089
136.041
135.996
135.953
135.911
135.871
135.832
135.794
135.758
135.722
135.688
135.654
135.621
135.589
135.558
135.528
135.499
135.473
135.444
135.427
135.392
135.405
124.724
132.72
138.886
142.412
144.365
145.518
146.052
146.161
146.005
145.683
145.259
144.78
144.274
143.763
143.26
142.774
142.308
141.867
141.451
141.06
140.694
140.352
140.032
139.735
139.458
139.201
138.961
138.738
138.53
138.337
138.157
137.99
137.833
137.686
137.548
137.419
137.298
137.183
137.075
136.974
136.878
136.788
136.703
136.623
136.548
136.477
136.41
136.347
136.287
136.23
136.176
136.125
136.076
136.029
135.984
135.941
135.9
135.86
135.822
135.785
135.749
135.713
135.679
135.646
135.613
135.582
135.551
135.521
135.492
135.466
135.438
135.421
135.386
135.399
123.973
131.53
138.348
142.327
144.461
145.661
146.19
146.272
146.085
145.733
145.284
144.785
144.264
143.741
143.23
142.736
142.266
141.822
141.404
141.012
140.645
140.303
139.985
139.688
139.413
139.156
138.918
138.696
138.491
138.299
138.121
137.954
137.799
137.654
137.518
137.39
137.269
137.156
137.05
136.949
136.854
136.765
136.682
136.603
136.528
136.458
136.392
136.33
136.27
136.214
136.161
136.11
136.062
136.016
135.972
135.929
135.888
135.849
135.811
135.774
135.739
135.704
135.67
135.637
135.605
135.573
135.543
135.513
135.484
135.459
135.431
135.414
135.38
135.392
123.575
130.507
137.647
142.058
144.455
145.75
146.302
146.378
146.168
145.787
145.311
144.789
144.25
143.713
143.192
142.691
142.216
141.768
141.348
140.955
140.588
140.247
139.929
139.634
139.36
139.105
138.868
138.649
138.445
138.255
138.079
137.915
137.761
137.618
137.483
137.357
137.238
137.126
137.021
136.922
136.828
136.741
136.658
136.58
136.507
136.438
136.372
136.311
136.252
136.197
136.145
136.094
136.047
136.001
135.958
135.916
135.876
135.837
135.799
135.763
135.728
135.693
135.66
135.627
135.596
135.565
135.534
135.505
135.477
135.451
135.424
135.407
135.373
135.386
123.692
130.12
137.072
141.654
144.313
145.752
146.354
146.44
146.222
145.825
145.33
144.787
144.229
143.677
143.144
142.636
142.155
141.704
141.281
140.887
140.521
140.18
139.864
139.57
139.298
139.046
138.811
138.594
138.392
138.205
138.031
137.869
137.718
137.576
137.444
137.319
137.202
137.092
136.989
136.891
136.799
136.713
136.631
136.555
136.483
136.415
136.351
136.29
136.233
136.178
136.127
136.077
136.03
135.986
135.943
135.902
135.862
135.824
135.787
135.751
135.716
135.682
135.649
135.617
135.586
135.555
135.525
135.497
135.468
135.443
135.416
135.4
135.366
135.379
124.068
130.225
136.786
141.307
144.079
145.641
146.324
146.44
146.221
145.815
145.311
144.759
144.189
143.626
143.083
142.566
142.08
141.625
141.201
140.807
140.441
140.102
139.787
139.496
139.226
138.976
138.745
138.531
138.332
138.147
137.976
137.817
137.668
137.529
137.399
137.277
137.162
137.054
136.953
136.857
136.767
136.682
136.602
136.527
136.456
136.39
136.327
136.267
136.211
136.158
136.107
136.059
136.013
135.969
135.926
135.886
135.847
135.81
135.773
135.738
135.704
135.671
135.638
135.606
135.575
135.545
135.516
135.488
135.46
135.435
135.408
135.392
135.359
135.371
124.567
130.589
136.74
141.136
143.872
145.453
146.196
146.362
146.16
145.749
145.235
144.675
144.104
143.54
142.994
142.474
141.985
141.528
141.103
140.709
140.345
140.008
139.696
139.408
139.141
138.895
138.667
138.456
138.261
138.081
137.913
137.757
137.611
137.476
137.348
137.229
137.117
137.011
136.912
136.818
136.73
136.647
136.569
136.496
136.427
136.361
136.3
136.242
136.187
136.135
136.085
136.038
135.993
135.95
135.909
135.869
135.831
135.794
135.759
135.724
135.69
135.658
135.626
135.595
135.564
135.535
135.506
135.478
135.45
135.426
135.399
135.383
135.351
135.363
125.245
131.015
136.744
141.051
143.733
145.262
146.005
146.201
146.026
145.626
145.109
144.538
143.958
143.393
142.853
142.34
141.856
141.403
140.981
140.589
140.228
139.894
139.587
139.303
139.041
138.799
138.576
138.37
138.179
138.003
137.839
137.687
137.546
137.414
137.29
137.174
137.065
136.962
136.865
136.774
136.688
136.608
136.532
136.461
136.393
136.33
136.27
136.214
136.16
136.109
136.061
136.015
135.971
135.929
135.889
135.851
135.813
135.777
135.743
135.709
135.676
135.644
135.613
135.582
135.552
135.523
135.495
135.467
135.44
135.416
135.39
135.374
135.342
135.355
126.217
131.447
136.606
140.848
143.544
145.061
145.789
145.986
145.823
145.437
144.928
144.358
143.77
143.196
142.652
142.142
141.669
141.229
140.819
140.437
140.083
139.756
139.454
139.176
138.92
138.685
138.467
138.267
138.082
137.911
137.753
137.606
137.469
137.342
137.222
137.11
137.005
136.906
136.812
136.724
136.641
136.563
136.49
136.421
136.356
136.295
136.237
136.182
136.131
136.081
136.035
135.99
135.948
135.907
135.868
135.83
135.794
135.759
135.725
135.692
135.66
135.629
135.599
135.569
135.539
135.511
135.483
135.456
135.429
135.406
135.38
135.365
135.333
135.346
127.369
131.813
136.24
140.354
143.103
144.669
145.461
145.707
145.571
145.192
144.686
144.121
143.537
142.964
142.415
141.9
141.426
140.993
140.595
140.231
139.894
139.581
139.291
139.023
138.776
138.548
138.338
138.145
137.968
137.803
137.652
137.511
137.38
137.258
137.144
137.037
136.936
136.841
136.751
136.667
136.587
136.513
136.442
136.376
136.314
136.255
136.2
136.147
136.097
136.05
136.005
135.962
135.921
135.882
135.844
135.808
135.773
135.739
135.706
135.674
135.643
135.613
135.583
135.554
135.526
135.498
135.47
135.444
135.418
135.395
135.369
135.355
135.324
135.336
128.183
131.856
135.498
139.361
142.196
143.881
144.797
145.18
145.16
144.862
144.396
143.846
143.266
142.692
142.142
141.627
141.152
140.718
140.323
139.966
139.643
139.349
139.078
138.828
138.596
138.381
138.183
138
137.831
137.676
137.532
137.399
137.276
137.161
137.053
136.951
136.856
136.766
136.681
136.601
136.525
136.454
136.388
136.325
136.266
136.21
136.157
136.107
136.06
136.015
135.972
135.931
135.892
135.854
135.818
135.783
135.75
135.717
135.686
135.655
135.625
135.595
135.567
135.538
135.511
135.483
135.457
135.431
135.406
135.383
135.358
135.344
135.314
135.326
128.097
131.227
134.222
137.67
140.503
142.357
143.493
144.117
144.326
144.221
143.906
143.463
142.949
142.404
141.861
141.343
140.861
140.421
140.024
139.667
139.349
139.064
138.808
138.576
138.365
138.17
137.99
137.823
137.667
137.524
137.39
137.267
137.153
137.046
136.946
136.851
136.762
136.678
136.599
136.524
136.454
136.388
136.325
136.266
136.211
136.159
136.109
136.062
136.018
135.975
135.935
135.896
135.859
135.823
135.789
135.756
135.724
135.693
135.663
135.633
135.604
135.576
135.548
135.521
135.494
135.468
135.442
135.417
135.392
135.37
135.346
135.332
135.303
135.316
127.067
129.836
132.401
135.348
137.981
139.919
141.273
142.191
142.727
142.937
142.898
142.684
142.351
141.946
141.501
141.042
140.586
140.149
139.742
139.372
139.043
138.752
138.498
138.275
138.079
137.903
137.744
137.599
137.464
137.338
137.22
137.11
137.007
136.91
136.819
136.734
136.653
136.576
136.504
136.436
136.371
136.31
136.253
136.199
136.148
136.1
136.054
136.011
135.97
135.93
135.893
135.857
135.822
135.789
135.757
135.726
135.695
135.666
135.638
135.61
135.582
135.555
135.529
135.502
135.477
135.451
135.426
135.402
135.378
135.357
135.334
135.32
135.292
135.305
125.3
127.775
130.073
132.595
134.956
136.875
138.365
139.503
140.322
140.849
141.134
141.228
141.176
141.013
140.769
140.472
140.144
139.8
139.454
139.114
138.789
138.486
138.213
137.973
137.767
137.592
137.444
137.317
137.205
137.103
137.008
136.917
136.831
136.749
136.67
136.595
136.524
136.457
136.393
136.332
136.275
136.221
136.169
136.121
136.076
136.032
135.991
135.952
135.915
135.879
135.845
135.812
135.781
135.75
135.72
135.692
135.664
135.636
135.61
135.583
135.557
135.532
135.507
135.482
135.458
135.433
135.409
135.386
135.363
135.342
135.32
135.307
135.279
135.293
123.043
125.272
127.384
129.604
131.72
133.561
135.107
136.387
137.41
138.189
138.749
139.126
139.352
139.457
139.465
139.398
139.272
139.102
138.9
138.677
138.443
138.206
137.97
137.74
137.524
137.328
137.158
137.017
136.903
136.811
136.735
136.67
136.609
136.55
136.491
136.432
136.373
136.317
136.262
136.211
136.162
136.116
136.072
136.031
135.992
135.955
135.919
135.885
135.853
135.821
135.791
135.762
135.734
135.706
135.68
135.653
135.628
135.603
135.578
135.554
135.53
135.507
135.483
135.46
135.437
135.414
135.391
135.369
135.347
135.327
135.305
135.293
135.266
135.28
120.554
122.578
124.527
126.522
128.438
130.178
131.726
133.082
134.244
135.21
135.992
136.607
137.076
137.42
137.659
137.813
137.897
137.926
137.909
137.855
137.771
137.662
137.535
137.395
137.248
137.098
136.948
136.803
136.669
136.552
136.456
136.383
136.329
136.287
136.253
136.22
136.186
136.149
136.11
136.07
136.032
135.994
135.959
135.926
135.894
135.864
135.835
135.808
135.781
135.754
135.729
135.704
135.68
135.656
135.633
135.61
135.588
135.566
135.544
135.522
135.5
135.478
135.457
135.435
135.414
135.392
135.371
135.35
135.329
135.31
135.289
135.278
135.252
135.267
118.102
119.936
121.722
123.522
125.264
126.895
128.402
129.778
131.014
132.105
133.049
133.853
134.526
135.079
135.527
135.881
136.156
136.365
136.519
136.628
136.699
136.739
136.751
136.739
136.707
136.658
136.596
136.525
136.446
136.363
136.276
136.191
136.114
136.048
135.998
135.963
135.939
135.921
135.906
135.889
135.87
135.849
135.827
135.804
135.782
135.76
135.739
135.718
135.698
135.678
135.658
135.638
135.619
135.6
135.581
135.562
135.543
135.524
135.505
135.486
135.466
135.447
135.428
135.408
135.388
135.369
135.349
135.329
135.31
135.292
135.273
135.262
135.238
135.253
116.114
117.755
119.368
120.981
122.555
124.062
125.49
126.833
128.079
129.221
130.254
131.177
131.992
132.704
133.318
133.842
134.285
134.656
134.963
135.216
135.423
135.59
135.725
135.831
135.911
135.969
136.006
136.023
136.023
136.008
135.983
135.949
135.91
135.866
135.82
135.777
135.739
135.71
135.692
135.682
135.678
135.674
135.67
135.662
135.653
135.642
135.63
135.618
135.605
135.592
135.579
135.565
135.551
135.537
135.522
135.508
135.493
135.477
135.462
135.446
135.43
135.413
135.396
135.379
135.361
135.343
135.325
135.307
135.289
135.273
135.254
135.245
135.222
135.239
114.804
116.245
117.677
119.105
120.511
121.879
123.201
124.469
125.674
126.808
127.864
128.839
129.731
130.539
131.264
131.91
132.481
132.981
133.417
133.794
134.119
134.398
134.636
134.838
135.009
135.152
135.272
135.369
135.446
135.504
135.545
135.571
135.586
135.591
135.588
135.58
135.566
135.55
135.531
135.516
135.505
135.501
135.502
135.506
135.511
135.513
135.513
135.51
135.506
135.5
135.494
135.486
135.478
135.47
135.46
135.45
135.439
135.428
135.416
135.403
135.39
135.376
135.362
135.347
135.332
135.316
135.3
135.284
135.267
135.252
135.235
135.226
135.205
135.223
114.144
115.385
116.63
117.875
119.112
120.332
121.528
122.693
123.82
124.901
125.931
126.905
127.817
128.666
129.45
130.168
130.821
131.412
131.943
132.417
132.839
133.211
133.54
133.828
134.08
134.3
134.491
134.656
134.798
134.92
135.023
135.11
135.18
135.236
135.279
135.312
135.335
135.351
135.36
135.364
135.363
135.36
135.358
135.359
135.364
135.373
135.383
135.392
135.398
135.402
135.403
135.403
135.401
135.398
135.394
135.389
135.382
135.375
135.367
135.358
135.348
135.338
135.326
135.314
135.301
135.287
135.273
135.259
135.244
135.23
135.215
135.207
135.187
135.207
114.043
115.092
116.152
117.218
118.287
119.354
120.413
121.458
122.483
123.483
124.451
125.383
126.274
127.12
127.917
128.665
129.36
130.004
130.596
131.137
131.63
132.075
132.477
132.838
133.16
133.447
133.702
133.928
134.127
134.303
134.457
134.593
134.713
134.817
134.906
134.983
135.046
135.098
135.139
135.172
135.197
135.215
135.227
135.235
135.24
135.246
135.255
135.267
135.281
135.294
135.305
135.313
135.319
135.322
135.323
135.323
135.322
135.319
135.315
135.31
135.304
135.296
135.288
135.278
135.268
135.257
135.245
135.232
135.219
135.207
135.193
135.187
135.168
135.191
114.385
115.255
116.142
117.04
117.948
118.863
119.782
120.699
121.609
122.509
123.393
124.257
125.096
125.906
126.683
127.425
128.128
128.791
129.412
129.991
130.528
131.024
131.479
131.894
132.273
132.616
132.927
133.206
133.457
133.681
133.882
134.061
134.221
134.364
134.491
134.605
134.706
134.795
134.871
134.936
134.99
135.034
135.069
135.097
135.119
135.135
135.147
135.158
135.169
135.183
135.199
135.215
135.229
135.24
135.249
135.254
135.258
135.26
135.26
135.259
135.257
135.253
135.247
135.241
135.233
135.224
135.214
135.204
135.193
135.182
135.17
135.165
135.148
135.174
115.055
115.767
116.496
117.241
118.001
118.773
119.556
120.345
121.137
121.928
122.716
123.495
124.262
125.014
125.745
126.454
127.137
127.791
128.414
129.005
129.562
130.084
130.571
131.024
131.443
131.828
132.182
132.506
132.8
133.068
133.31
133.529
133.726
133.904
134.065
134.21
134.34
134.458
134.564
134.659
134.743
134.815
134.877
134.928
134.971
135.006
135.034
135.056
135.073
135.087
135.101
135.117
135.134
135.151
135.167
135.18
135.19
135.197
135.202
135.205
135.207
135.206
135.204
135.201
135.196
135.19
135.182
135.174
135.165
135.156
135.145
135.142
135.126
135.157
115.949
116.524
117.116
117.726
118.353
118.996
119.652
120.32
120.997
121.68
122.366
123.054
123.738
124.417
125.087
125.744
126.386
127.01
127.613
128.193
128.748
129.276
129.776
130.247
130.689
131.102
131.487
131.843
132.172
132.474
132.752
133.005
133.237
133.447
133.639
133.812
133.97
134.113
134.243
134.361
134.468
134.565
134.651
134.727
134.793
134.849
134.896
134.935
134.967
134.993
135.014
135.032
135.047
135.064
135.081
135.099
135.115
135.129
135.14
135.148
135.154
135.157
135.159
135.159
135.157
135.153
135.148
135.143
135.135
135.128
135.119
135.118
135.102
135.139
116.982
117.442
117.917
118.411
118.924
119.452
119.995
120.552
121.122
121.702
122.29
122.885
123.483
124.083
124.682
125.276
125.864
126.442
127.009
127.56
128.095
128.611
129.106
129.579
130.029
130.455
130.857
131.233
131.586
131.914
132.218
132.499
132.759
132.998
133.217
133.417
133.601
133.768
133.92
134.059
134.186
134.301
134.406
134.502
134.588
134.665
134.732
134.791
134.84
134.882
134.916
134.945
134.968
134.987
135.004
135.021
135.038
135.056
135.073
135.087
135.098
135.105
135.111
135.114
135.115
135.115
135.113
135.109
135.104
135.099
135.091
135.092
135.077
135.121
118.085
118.45
118.828
119.226
119.641
120.071
120.516
120.976
121.449
121.934
122.431
122.937
123.451
123.972
124.496
125.023
125.549
126.072
126.591
127.102
127.604
128.094
128.57
129.03
129.474
129.899
130.305
130.69
131.054
131.398
131.72
132.022
132.303
132.564
132.806
133.029
133.235
133.424
133.598
133.757
133.903
134.036
134.158
134.269
134.37
134.463
134.547
134.623
134.69
134.749
134.799
134.842
134.878
134.907
134.932
134.952
134.969
134.986
135.003
135.02
135.036
135.049
135.06
135.067
135.072
135.074
135.075
135.074
135.071
135.068
135.062
135.065
135.049
135.104
119.208
119.496
119.796
120.114
120.448
120.795
121.157
121.532
121.921
122.323
122.737
123.163
123.598
124.043
124.495
124.953
125.415
125.879
126.344
126.807
127.267
127.72
128.167
128.603
129.029
129.441
129.84
130.222
130.589
130.938
131.269
131.582
131.877
132.154
132.413
132.654
132.879
133.087
133.28
133.457
133.621
133.771
133.909
134.035
134.151
134.257
134.354
134.442
134.523
134.597
134.663
134.721
134.771
134.813
134.849
134.879
134.903
134.923
134.941
134.957
134.973
134.989
135.004
135.016
135.025
135.032
135.035
135.037
135.036
135.035
135.03
135.036
135.019
135.088
120.314
120.542
120.778
121.031
121.298
121.578
121.869
122.174
122.491
122.821
123.163
123.517
123.882
124.257
124.641
125.033
125.433
125.838
126.247
126.658
127.071
127.482
127.891
128.296
128.695
129.085
129.467
129.837
130.196
130.541
130.873
131.189
131.491
131.776
132.046
132.3
132.538
132.761
132.969
133.162
133.342
133.508
133.661
133.802
133.932
134.05
134.16
134.26
134.351
134.436
134.513
134.583
134.646
134.702
134.751
134.792
134.827
134.856
134.88
134.9
134.917
134.932
134.947
134.962
134.975
134.985
134.993
134.997
134.999
135.001
134.997
135.006
134.985
135.074
121.381
121.559
121.745
121.946
122.16
122.383
122.618
122.864
123.121
123.39
123.67
123.962
124.264
124.577
124.9
125.232
125.573
125.921
126.275
126.635
126.999
127.366
127.734
128.101
128.467
128.829
129.186
129.537
129.88
130.214
130.538
130.85
131.15
131.438
131.712
131.973
132.22
132.453
132.672
132.877
133.069
133.248
133.415
133.569
133.712
133.844
133.965
134.077
134.179
134.273
134.359
134.439
134.512
134.578
134.638
134.692
134.738
134.778
134.811
134.839
134.862
134.88
134.896
134.91
134.923
134.936
134.947
134.955
134.96
134.964
134.962
134.974
134.946
135.064
122.391
122.532
122.677
122.837
123.007
123.186
123.374
123.572
123.78
123.998
124.226
124.465
124.714
124.973
125.241
125.52
125.807
126.103
126.406
126.717
127.033
127.355
127.68
128.008
128.337
128.667
128.995
129.32
129.642
129.958
130.267
130.569
130.862
131.145
131.418
131.679
131.929
132.168
132.393
132.607
132.808
132.997
133.175
133.34
133.494
133.637
133.77
133.893
134.006
134.11
134.206
134.294
134.375
134.449
134.517
134.58
134.636
134.687
134.731
134.768
134.799
134.825
134.845
134.862
134.876
134.888
134.899
134.91
134.918
134.925
134.924
134.94
134.9
135.062
123.338
123.448
123.562
123.689
123.825
123.967
124.118
124.277
124.444
124.62
124.806
125
125.204
125.417
125.639
125.87
126.11
126.359
126.616
126.881
127.153
127.431
127.715
128.003
128.295
128.59
128.886
129.183
129.478
129.772
130.062
130.347
130.627
130.901
131.166
131.424
131.672
131.91
132.139
132.356
132.563
132.759
132.944
133.118
133.281
133.434
133.577
133.709
133.832
133.946
134.052
134.149
134.238
134.32
134.395
134.464
134.528
134.586
134.639
134.686
134.726
134.761
134.789
134.812
134.83
134.844
134.855
134.865
134.874
134.883
134.884
134.904
134.848
135.072
124.216
124.302
124.391
124.492
124.601
124.715
124.835
124.963
125.098
125.24
125.39
125.548
125.714
125.888
126.071
126.262
126.461
126.669
126.885
127.108
127.339
127.577
127.822
128.072
128.328
128.588
128.851
129.117
129.384
129.652
129.919
130.185
130.448
130.707
130.961
131.209
131.451
131.685
131.912
132.129
132.338
132.537
132.727
132.906
133.076
133.237
133.387
133.528
133.66
133.782
133.896
134.002
134.1
134.19
134.272
134.348
134.418
134.482
134.541
134.595
134.644
134.686
134.723
134.754
134.779
134.799
134.813
134.825
134.832
134.841
134.841
134.865
134.793
135.09
125.024
125.092
125.162
125.243
125.33
125.421
125.517
125.619
125.728
125.843
125.964
126.092
126.227
126.369
126.519
126.676
126.84
127.013
127.193
127.38
127.575
127.777
127.985
128.2
128.421
128.648
128.879
129.114
129.353
129.594
129.836
130.079
130.322
130.563
130.802
131.037
131.269
131.495
131.715
131.929
132.136
132.335
132.526
132.709
132.883
133.048
133.204
133.352
133.49
133.62
133.742
133.855
133.961
134.059
134.149
134.232
134.309
134.379
134.443
134.502
134.556
134.605
134.649
134.687
134.72
134.747
134.767
134.783
134.793
134.802
134.801
134.826
134.749
135.09
125.765
125.819
125.874
125.938
126.008
126.081
126.158
126.24
126.328
126.42
126.518
126.622
126.732
126.847
126.97
127.098
127.234
127.376
127.526
127.682
127.845
128.015
128.191
128.374
128.564
128.759
128.96
129.166
129.376
129.59
129.806
130.026
130.246
130.467
130.688
130.908
131.126
131.341
131.552
131.759
131.96
132.156
132.345
132.528
132.703
132.871
133.031
133.183
133.326
133.462
133.59
133.71
133.822
133.927
134.024
134.115
134.198
134.275
134.345
134.409
134.468
134.522
134.571
134.614
134.653
134.687
134.714
134.735
134.75
134.763
134.764
134.787
134.73
135.026
126.441
126.483
126.526
126.578
126.634
126.693
126.755
126.821
126.892
126.966
127.045
127.13
127.219
127.313
127.413
127.518
127.629
127.747
127.87
128
128.136
128.278
128.426
128.581
128.742
128.909
129.082
129.26
129.443
129.631
129.823
130.018
130.216
130.416
130.618
130.82
131.022
131.223
131.422
131.619
131.813
132.002
132.187
132.366
132.54
132.708
132.869
133.023
133.17
133.31
133.443
133.568
133.686
133.796
133.9
133.997
134.086
134.169
134.246
134.316
134.38
134.439
134.492
134.54
134.583
134.621
134.654
134.681
134.702
134.718
134.725
134.745
134.736
134.867
127.055
127.088
127.123
127.164
127.21
127.257
127.307
127.361
127.418
127.478
127.542
127.611
127.683
127.76
127.841
127.928
128.019
128.115
128.217
128.324
128.437
128.556
128.68
128.81
128.947
129.088
129.236
129.389
129.547
129.71
129.878
130.05
130.226
130.405
130.587
130.77
130.955
131.141
131.326
131.511
131.694
131.874
132.052
132.226
132.396
132.561
132.721
132.876
133.024
133.166
133.302
133.431
133.553
133.669
133.777
133.879
133.975
134.063
134.146
134.222
134.292
134.355
134.413
134.465
134.512
134.553
134.59
134.621
134.647
134.667
134.682
134.693
134.739
134.639
127.61
127.637
127.664
127.698
127.735
127.773
127.814
127.857
127.903
127.952
128.005
128.06
128.119
128.182
128.249
128.319
128.394
128.473
128.557
128.646
128.74
128.838
128.942
129.052
129.166
129.286
129.411
129.542
129.678
129.819
129.964
130.115
130.269
130.428
130.589
130.754
130.922
131.091
131.261
131.432
131.603
131.773
131.942
132.108
132.272
132.433
132.59
132.742
132.89
133.032
133.169
133.301
133.426
133.545
133.658
133.764
133.864
133.958
134.046
134.127
134.202
134.271
134.334
134.39
134.441
134.486
134.525
134.559
134.588
134.61
134.632
134.632
134.704
134.426
128.113
128.134
128.156
128.184
128.214
128.245
128.278
128.313
128.351
128.391
128.434
128.479
128.527
128.579
128.633
128.691
128.753
128.818
128.888
128.961
129.039
129.121
129.207
129.299
129.395
129.496
129.602
129.713
129.829
129.949
130.075
130.205
130.34
130.479
130.622
130.769
130.919
131.071
131.226
131.382
131.54
131.698
131.856
132.014
132.17
132.324
132.476
132.624
132.769
132.911
133.047
133.179
133.306
133.427
133.543
133.653
133.757
133.855
133.947
134.033
134.112
134.186
134.254
134.315
134.37
134.419
134.462
134.498
134.529
134.551
134.574
134.566
134.626
134.307
128.563
128.58
128.597
128.62
128.645
128.671
128.698
128.727
128.758
128.791
128.826
128.863
128.903
128.945
128.99
129.038
129.089
129.143
129.2
129.261
129.325
129.394
129.466
129.542
129.623
129.708
129.798
129.892
129.99
130.094
130.202
130.314
130.431
130.552
130.678
130.807
130.94
131.077
131.216
131.358
131.502
131.648
131.794
131.941
132.088
132.234
132.379
132.523
132.664
132.802
132.936
133.067
133.194
133.316
133.434
133.546
133.653
133.754
133.85
133.94
134.024
134.102
134.174
134.239
134.298
134.351
134.398
134.437
134.469
134.493
134.514
134.503
134.528
134.289
128.971
128.984
128.999
129.017
129.038
129.059
129.082
129.106
129.131
129.159
129.187
129.218
129.251
129.286
129.323
129.363
129.405
129.45
129.497
129.548
129.602
129.659
129.719
129.783
129.851
129.922
129.998
130.078
130.161
130.249
130.342
130.438
130.539
130.645
130.754
130.868
130.985
131.106
131.23
131.358
131.488
131.621
131.755
131.891
132.028
132.165
132.302
132.439
132.574
132.708
132.839
132.968
133.093
133.215
133.333
133.446
133.555
133.658
133.757
133.85
133.937
134.019
134.095
134.164
134.227
134.283
134.333
134.375
134.41
134.435
134.454
134.446
134.442
134.318
129.328
129.339
129.351
129.367
129.384
129.402
129.421
129.441
129.463
129.485
129.51
129.535
129.563
129.592
129.623
129.656
129.692
129.729
129.769
129.811
129.856
129.904
129.955
130.009
130.066
130.127
130.191
130.258
130.33
130.405
130.484
130.567
130.654
130.746
130.841
130.94
131.043
131.15
131.261
131.375
131.492
131.612
131.735
131.86
131.986
132.114
132.242
132.371
132.5
132.628
132.755
132.88
133.003
133.123
133.24
133.353
133.463
133.568
133.668
133.764
133.854
133.939
134.018
134.09
134.157
134.216
134.269
134.314
134.352
134.379
134.397
134.395
134.38
134.338
129.658
129.667
129.677
129.691
129.705
129.72
129.736
129.753
129.771
129.79
129.81
129.832
129.855
129.88
129.906
129.934
129.963
129.995
130.028
130.064
130.102
130.142
130.185
130.231
130.279
130.33
130.384
130.442
130.503
130.567
130.635
130.706
130.781
130.86
130.943
131.029
131.119
131.214
131.311
131.412
131.517
131.625
131.736
131.849
131.965
132.083
132.202
132.323
132.444
132.565
132.686
132.807
132.926
133.043
133.158
133.27
133.38
133.485
133.586
133.683
133.776
133.862
133.944
134.019
134.089
134.151
134.206
134.254
134.294
134.323
134.342
134.347
134.333
134.329
129.933
129.941
129.949
129.961
129.974
129.987
130
130.015
130.031
130.047
130.065
130.083
130.103
130.124
130.147
130.171
130.196
130.223
130.252
130.282
130.315
130.35
130.386
130.425
130.467
130.511
130.557
130.607
130.659
130.715
130.773
130.835
130.9
130.969
131.041
131.117
131.196
131.279
131.366
131.456
131.55
131.647
131.747
131.85
131.956
132.064
132.174
132.287
132.4
132.515
132.63
132.745
132.86
132.973
133.086
133.196
133.304
133.409
133.511
133.609
133.702
133.791
133.874
133.952
134.023
134.088
134.146
134.196
134.238
134.27
134.291
134.302
134.293
134.301
130.204
130.21
130.217
130.227
130.238
130.25
130.261
130.274
130.287
130.302
130.317
130.333
130.35
130.368
130.387
130.408
130.43
130.453
130.477
130.504
130.531
130.561
130.592
130.626
130.661
130.699
130.739
130.782
130.827
130.874
130.925
130.978
131.035
131.094
131.157
131.223
131.292
131.365
131.442
131.521
131.604
131.691
131.781
131.874
131.969
132.068
132.169
132.273
132.378
132.485
132.593
132.702
132.811
132.921
133.029
133.136
133.242
133.345
133.446
133.543
133.637
133.726
133.811
133.89
133.963
134.03
134.089
134.141
134.185
134.22
134.243
134.257
134.254
134.266
130.4
130.405
130.412
130.421
130.431
130.441
130.452
130.463
130.475
130.488
130.502
130.516
130.532
130.548
130.565
130.584
130.603
130.624
130.646
130.669
130.694
130.72
130.748
130.777
130.809
130.842
130.878
130.915
130.955
130.997
131.042
131.089
131.139
131.192
131.248
131.307
131.369
131.434
131.502
131.574
131.649
131.727
131.808
131.893
131.981
132.071
132.165
132.261
132.359
132.46
132.562
132.665
132.769
132.874
132.979
133.083
133.186
133.288
133.387
133.484
133.578
133.667
133.753
133.833
133.907
133.976
134.037
134.091
134.136
134.173
134.199
134.216
134.217
134.234
130.636
130.64
130.646
130.655
130.664
130.673
130.682
130.692
130.703
130.715
130.727
130.739
130.753
130.767
130.783
130.799
130.816
130.834
130.853
130.874
130.895
130.918
130.943
130.969
130.996
131.025
131.056
131.089
131.124
131.16
131.199
131.241
131.284
131.331
131.379
131.431
131.485
131.543
131.603
131.666
131.733
131.802
131.875
131.951
132.03
132.112
132.196
132.284
132.374
132.467
132.561
132.658
132.755
132.854
132.953
133.053
133.152
133.25
133.346
133.441
133.533
133.621
133.705
133.785
133.86
133.928
133.99
134.045
134.091
134.129
134.157
134.177
134.179
134.201
130.741
130.745
130.751
130.759
130.768
130.777
130.786
130.796
130.806
130.817
130.829
130.841
130.854
130.868
130.882
130.897
130.914
130.931
130.949
130.968
130.988
131.01
131.033
131.057
131.083
131.11
131.139
131.169
131.201
131.235
131.271
131.31
131.35
131.393
131.438
131.485
131.536
131.589
131.645
131.703
131.765
131.83
131.897
131.968
132.042
132.119
132.199
132.281
132.367
132.455
132.545
132.637
132.731
132.826
132.923
133.02
133.117
133.213
133.308
133.402
133.493
133.581
133.665
133.746
133.821
133.89
133.953
134.009
134.057
134.096
134.125
134.147
134.151
134.177
130.996
131
131.005
131.013
131.021
131.029
131.038
131.047
131.056
131.066
131.076
131.088
131.099
131.112
131.124
131.138
131.153
131.168
131.184
131.201
131.219
131.238
131.258
131.28
131.302
131.326
131.351
131.378
131.406
131.436
131.467
131.5
131.536
131.573
131.612
131.654
131.698
131.744
131.793
131.844
131.898
131.955
132.015
132.077
132.143
132.211
132.283
132.357
132.433
132.513
132.594
132.678
132.764
132.852
132.94
133.03
133.12
133.21
133.299
133.387
133.474
133.557
133.638
133.715
133.787
133.854
133.915
133.969
134.015
134.053
134.082
134.104
134.108
134.136
134.829
135.611
136.31
136.92
137.444
137.891
138.267
138.582
138.843
139.06
139.239
139.386
139.505
139.602
139.681
139.744
139.794
139.833
139.863
139.886
139.904
139.916
139.925
139.931
139.934
139.935
139.935
139.933
139.931
139.928
139.924
139.921
139.916
139.912
139.908
139.904
139.899
139.895
139.891
139.887
139.883
134.82
135.581
136.265
136.863
137.38
137.823
138.199
138.517
138.784
139.008
139.195
139.35
139.478
139.584
139.671
139.742
139.799
139.846
139.883
139.912
139.935
139.952
139.965
139.975
139.981
139.985
139.987
139.988
139.987
139.985
139.982
139.979
139.975
139.971
139.966
139.962
139.957
139.952
139.947
139.942
139.937
134.81
135.559
136.235
136.827
137.341
137.785
138.165
138.489
138.765
138.998
139.194
139.359
139.497
139.612
139.707
139.786
139.851
139.904
139.946
139.98
140.007
140.028
140.043
140.055
140.063
140.069
140.071
140.073
140.072
140.07
140.067
140.064
140.059
140.054
140.049
140.043
140.037
140.031
140.025
140.019
140.012
134.802
135.551
136.23
136.823
137.34
137.789
138.176
138.508
138.792
139.034
139.24
139.414
139.561
139.685
139.789
139.875
139.947
140.006
140.055
140.094
140.126
140.15
140.169
140.184
140.194
140.201
140.205
140.207
140.208
140.206
140.203
140.199
140.194
140.189
140.182
140.176
140.168
140.161
140.153
140.145
140.137
134.795
135.551
136.238
136.836
137.36
137.816
138.211
138.552
138.846
139.098
139.315
139.499
139.657
139.791
139.904
140
140.08
140.146
140.202
140.246
140.283
140.31
140.333
140.35
140.362
140.371
140.376
140.379
140.379
140.377
140.374
140.369
140.363
140.356
140.348
140.339
140.33
140.32
140.31
140.3
140.289
134.786
135.554
136.253
136.86
137.393
137.86
138.266
138.618
138.925
139.19
139.419
139.616
139.786
139.932
140.056
140.162
140.251
140.326
140.388
140.439
140.481
140.512
140.538
140.558
140.573
140.583
140.589
140.592
140.592
140.59
140.586
140.58
140.572
140.564
140.554
140.543
140.532
140.519
140.507
140.493
140.48
134.777
135.561
136.277
136.897
137.444
137.924
138.344
138.711
139.033
139.313
139.556
139.768
139.951
140.11
140.246
140.363
140.462
140.546
140.616
140.674
140.721
140.757
140.786
140.809
140.825
140.836
140.843
140.846
140.846
140.843
140.838
140.83
140.821
140.81
140.797
140.784
140.77
140.754
140.738
140.722
140.705
134.767
135.575
136.312
136.949
137.514
138.011
138.448
138.832
139.17
139.467
139.727
139.955
140.153
140.326
140.475
140.604
140.714
140.808
140.886
140.951
141.004
141.044
141.078
141.103
141.122
141.134
141.141
141.144
141.143
141.139
141.132
141.122
141.11
141.097
141.081
141.065
141.047
141.028
141.008
140.987
140.967
134.757
135.594
136.358
137.017
137.603
138.12
138.577
138.981
139.339
139.654
139.932
140.177
140.393
140.581
140.745
140.887
141.009
141.113
141.201
141.274
141.334
141.378
141.415
141.444
141.464
141.477
141.485
141.487
141.485
141.479
141.469
141.457
141.442
141.425
141.406
141.386
141.364
141.34
141.316
141.291
141.266
134.748
135.62
136.416
137.101
137.712
138.253
138.733
139.159
139.539
139.876
140.174
140.439
140.673
140.878
141.058
141.215
141.35
141.466
141.564
141.645
141.711
141.761
141.802
141.833
141.855
141.869
141.876
141.877
141.874
141.865
141.853
141.838
141.819
141.798
141.775
141.749
141.722
141.694
141.664
141.633
141.603
134.739
135.653
136.485
137.202
137.842
138.411
138.917
139.369
139.773
140.134
140.455
140.741
140.995
141.22
141.418
141.591
141.74
141.869
141.977
142.068
142.141
142.196
142.241
142.275
142.298
142.312
142.319
142.319
142.313
142.302
142.286
142.266
142.243
142.217
142.189
142.158
142.125
142.09
142.055
142.017
141.98
134.731
135.693
136.569
137.321
137.996
138.596
139.132
139.612
140.044
140.431
140.778
141.088
141.365
141.611
141.828
142.018
142.184
142.326
142.446
142.547
142.628
142.688
142.737
142.774
142.798
142.812
142.817
142.815
142.806
142.791
142.771
142.746
142.717
142.685
142.65
142.613
142.573
142.532
142.488
142.444
142.399
134.725
135.741
136.666
137.461
138.174
138.81
139.379
139.893
140.355
140.772
141.147
141.483
141.785
142.055
142.293
142.503
142.685
142.843
142.976
143.087
143.176
143.242
143.295
143.333
143.358
143.372
143.375
143.37
143.357
143.337
143.311
143.28
143.245
143.206
143.163
143.118
143.07
143.02
142.968
142.914
142.861
134.721
135.799
136.781
137.622
138.379
139.056
139.664
140.213
140.71
141.16
141.566
141.932
142.262
142.557
142.819
143.05
143.252
143.425
143.573
143.694
143.793
143.864
143.92
143.961
143.986
143.997
143.998
143.988
143.97
143.944
143.911
143.873
143.829
143.781
143.73
143.675
143.617
143.557
143.495
143.431
143.368
134.72
135.869
136.913
137.809
138.615
139.338
139.989
140.579
141.115
141.601
142.042
142.441
142.801
143.125
143.413
143.667
143.889
144.081
144.243
144.377
144.484
144.561
144.62
144.662
144.686
144.695
144.691
144.676
144.651
144.617
144.576
144.528
144.474
144.416
144.353
144.287
144.217
144.145
144.071
143.995
143.92
134.724
135.951
137.067
138.023
138.886
139.66
140.359
140.995
141.574
142.102
142.581
143.017
143.411
143.766
144.083
144.363
144.608
144.819
144.997
145.144
145.26
145.341
145.403
145.445
145.467
145.471
145.461
145.439
145.405
145.361
145.309
145.249
145.183
145.112
145.036
144.956
144.872
144.786
144.698
144.607
144.518
134.732
136.049
137.245
138.27
139.196
140.028
140.781
141.468
142.096
142.67
143.192
143.668
144.101
144.491
144.839
145.148
145.417
145.65
145.845
146.004
146.129
146.215
146.278
146.319
146.336
146.334
146.316
146.284
146.238
146.182
146.116
146.041
145.96
145.873
145.78
145.684
145.583
145.481
145.375
145.268
145.161
134.748
136.164
137.451
138.554
139.551
140.447
141.262
142.007
142.689
143.314
143.885
144.407
144.882
145.31
145.694
146.034
146.331
146.585
146.799
146.972
147.105
147.194
147.256
147.293
147.304
147.293
147.264
147.218
147.157
147.084
147.001
146.908
146.808
146.701
146.589
146.472
146.352
146.228
146.103
145.975
145.849
134.773
136.302
137.69
138.88
139.957
140.927
141.81
142.62
143.364
144.047
144.672
145.245
145.767
146.239
146.662
147.036
147.363
147.642
147.874
148.06
148.201
148.29
148.35
148.38
148.381
148.357
148.312
148.248
148.168
148.074
147.968
147.853
147.729
147.598
147.461
147.32
147.175
147.028
146.878
146.727
146.577
134.809
136.464
137.967
139.256
140.424
141.477
142.438
143.321
144.135
144.883
145.569
146.199
146.775
147.295
147.761
148.174
148.532
148.837
149.088
149.286
149.432
149.52
149.573
149.592
149.578
149.535
149.469
149.382
149.276
149.155
149.022
148.877
148.724
148.563
148.397
148.226
148.052
147.875
147.697
147.517
147.34
134.859
136.658
138.291
139.691
140.961
142.109
143.158
144.125
145.017
145.84
146.595
147.289
147.924
148.5
149.014
149.468
149.861
150.193
150.463
150.672
150.819
150.901
150.941
150.943
150.907
150.839
150.744
150.625
150.487
150.331
150.162
149.981
149.791
149.594
149.391
149.184
148.974
148.763
148.55
148.337
148.127
134.929
136.89
138.668
140.197
141.583
142.838
143.987
145.049
146.031
146.939
147.772
148.539
149.243
149.879
150.447
150.946
151.376
151.735
152.023
152.239
152.383
152.451
152.472
152.448
152.381
152.278
152.144
151.984
151.803
151.603
151.388
151.161
150.925
150.683
150.435
150.184
149.931
149.678
149.426
149.174
148.926
135.021
137.166
139.112
140.786
142.305
143.682
144.948
146.118
147.204
148.208
149.131
149.982
150.761
151.466
152.093
152.642
153.11
153.497
153.799
154.017
154.149
154.193
154.183
154.122
154.012
153.86
153.674
153.46
153.222
152.965
152.692
152.408
152.115
151.817
151.515
151.211
150.907
150.605
150.305
150.008
149.716
135.143
137.499
139.635
141.476
143.148
144.668
146.066
147.363
148.567
149.683
150.708
151.654
152.521
153.303
153.996
154.597
155.105
155.516
155.827
156.036
156.144
156.15
156.094
155.978
155.807
155.59
155.335
155.049
154.738
154.407
154.062
153.706
153.343
152.976
152.609
152.242
151.878
151.518
151.163
150.814
150.473
135.302
137.901
140.257
142.291
144.14
145.824
147.377
148.82
150.163
151.408
152.553
153.608
154.575
155.442
156.206
156.863
157.408
157.838
158.147
158.333
158.397
158.343
158.219
158.026
157.771
157.465
157.118
156.739
156.334
155.91
155.473
155.029
154.58
154.131
153.685
153.243
152.809
152.382
151.965
151.558
151.162
135.508
138.389
141
143.261
145.316
147.192
148.927
150.543
152.048
153.445
154.727
155.909
156.988
157.952
158.792
159.504
160.081
160.517
160.807
160.947
160.938
160.792
160.569
160.268
159.899
159.474
159.005
158.504
157.98
157.439
156.889
156.336
155.784
155.237
154.698
154.171
153.656
153.155
152.669
152.198
151.743
135.775
138.987
141.898
144.424
146.723
148.827
150.778
152.598
154.296
155.872
157.315
158.642
159.849
160.918
161.838
162.6
163.196
163.618
163.859
163.916
163.789
163.508
163.143
162.692
162.167
161.584
160.958
160.302
159.627
158.942
158.255
157.571
156.897
156.236
155.592
154.968
154.363
153.781
153.221
152.683
152.168
136.12
139.724
142.991
145.834
148.425
150.803
153.013
155.079
157.008
158.796
160.428
161.923
163.274
164.454
165.45
166.248
166.838
167.209
167.353
167.27
166.963
166.482
165.918
165.261
164.528
163.739
162.911
162.062
161.202
160.342
159.492
158.656
157.842
157.053
156.292
155.562
154.863
154.196
153.561
152.956
152.383
136.566
140.643
144.339
147.566
150.51
153.223
155.75
158.115
160.325
162.368
164.222
165.909
167.415
168.708
169.763
170.566
171.103
171.36
171.333
171.023
170.441
169.673
168.834
167.9
166.896
165.843
164.766
163.68
162.6
161.536
160.499
159.493
158.525
157.597
156.712
155.874
155.079
154.328
153.622
152.956
152.333
137.144
141.801
146.023
149.725
153.108
156.235
159.156
161.893
164.448
166.798
168.911
170.812
172.479
173.866
174.942
175.687
176.085
176.125
175.807
175.142
174.153
172.982
171.772
170.478
169.129
167.754
166.376
165.014
163.683
162.392
161.151
159.964
158.834
157.765
156.758
155.815
154.93
154.106
153.339
152.625
151.966
137.896
143.28
148.165
152.468
156.408
160.063
163.485
166.692
169.674
172.395
174.804
176.93
178.74
180.17
181.179
181.745
181.856
181.51
180.719
179.515
177.941
176.223
174.532
172.788
171.022
169.268
167.549
165.883
164.283
162.756
161.307
159.941
158.657
157.456
156.338
155.302
154.344
153.461
152.653
151.911
151.238
138.866
145.179
150.914
155.994
160.657
164.996
169.064
172.867
176.38
179.534
182.258
184.585
186.464
187.81
188.578
188.751
188.332
187.34
185.821
183.839
181.471
179.053
176.78
174.51
172.279
170.117
168.045
166.075
164.215
162.468
160.833
159.31
157.895
156.587
155.382
154.279
153.271
152.356
151.531
150.788
150.131
140.121
147.578
154.378
160.434
166.008
171.206
176.077
180.604
184.729
188.337
191.325
193.735
195.499
196.513
196.74
196.192
194.91
192.96
190.438
187.457
184.135
180.937
178.053
175.258
172.583
170.051
167.676
165.458
163.395
161.483
159.715
158.084
156.584
155.209
153.954
152.816
151.788
150.868
150.054
149.338
148.726
141.639
150.456
158.523
165.739
172.402
178.616
184.418
189.752
194.503
198.486
201.569
203.816
205.148
205.466
204.772
203.139
200.677
197.521
193.83
189.769
185.49
181.571
178.162
174.941
171.927
169.133
166.556
164.185
162.005
160.005
158.172
156.492
154.955
153.554
152.282
151.136
150.109
149.2
148.412
147.738
147.19
143.347
153.793
163.373
171.976
179.935
187.34
194.187
200.362
205.659
209.807
212.668
214.357
214.813
213.984
211.96
208.912
205.041
200.563
195.691
190.623
185.522
181.04
177.259
173.759
170.541
167.607
164.937
162.505
160.288
158.267
156.423
154.739
153.202
151.802
150.532
149.39
148.371
147.478
146.717
146.087
145.609
145.194
157.595
168.985
179.241
188.728
197.494
205.455
212.4
218.017
221.939
224.093
224.698
223.764
221.343
217.66
213.008
207.678
201.943
196.041
190.171
184.475
179.635
175.649
172.016
168.721
165.752
163.075
160.654
158.459
156.464
154.646
152.986
151.469
150.084
148.824
147.689
146.675
145.79
145.045
144.448
144.033
147.13
161.887
175.438
187.657
198.911
209.17
218.204
225.67
231.163
234.264
235.094
234.045
231.249
226.923
221.447
215.219
208.582
201.817
195.148
188.742
182.7
177.696
173.65
170
166.723
163.795
161.17
158.807
156.669
154.727
152.955
151.334
149.847
148.482
147.234
146.101
145.084
144.193
143.445
142.861
142.49
149.082
166.689
182.823
197.348
210.59
222.365
232.232
239.71
244.383
245.92
244.802
241.633
236.697
230.392
223.238
215.676
208.031
200.548
193.406
186.72
180.544
175.526
171.52
167.934
164.735
161.892
159.354
157.072
155.009
153.133
151.417
149.84
148.384
147.04
145.8
144.665
143.634
142.722
141.949
141.352
140.995
150.968
172.03
191.237
208.428
223.796
236.898
247.048
253.728
256.708
255.967
252.467
246.97
239.889
231.799
223.294
214.763
206.457
198.563
191.2
184.435
178.276
173.342
169.438
165.961
162.871
160.135
157.698
155.507
153.524
151.716
150.056
148.523
147.099
145.772
144.537
143.394
142.341
141.396
140.578
139.938
139.554
152.706
177.961
200.802
220.982
238.419
252.309
261.829
266.686
267.13
263.667
257.699
249.975
241
231.513
222.081
212.958
204.298
196.233
188.835
182.122
176.073
171.276
167.504
164.155
161.188
158.565
156.23
154.13
152.225
150.483
148.877
147.384
145.987
144.675
143.442
142.288
141.209
140.223
139.34
138.636
138.168
154.229
184.565
211.651
235.014
254.097
267.785
275.477
277.524
274.914
268.741
260.576
250.944
240.474
230.053
220.103
210.687
201.896
193.828
186.508
179.923
174.032
169.396
165.767
162.55
159.704
157.191
154.954
152.94
151.107
149.425
147.867
146.41
145.037
143.738
142.505
141.338
140.23
139.2
138.241
137.456
136.837
155.498
191.965
223.897
250.316
270.096
282.198
286.874
285.516
279.865
271.425
261.527
250.363
238.833
227.919
217.764
208.258
199.48
191.51
184.333
177.914
172.2
167.73
164.241
161.151
158.418
156.008
153.86
151.923
150.155
148.527
147.011
145.585
144.233
142.944
141.71
140.53
139.394
138.321
137.28
136.406
135.557
156.511
200.328
237.548
266.353
285.344
294.405
295.29
290.522
282.332
272.288
261.085
248.716
236.547
225.5
215.339
205.862
197.188
189.373
182.369
176.128
170.593
166.282
162.924
159.949
157.319
155
152.932
151.062
149.352
147.77
146.291
144.892
143.557
142.276
141.04
139.848
138.687
137.574
136.452
135.488
134.332
157.328
209.832
252.388
282.211
298.647
303.605
300.587
292.93
282.954
271.937
259.703
246.402
233.982
223.06
212.996
203.617
195.098
187.461
180.636
174.57
169.204
165.041
161.8
158.927
156.387
154.147
152.149
150.338
148.677
147.135
145.687
144.311
142.99
141.716
140.478
139.276
138.093
136.944
135.75
134.698
133.168
158.006
220.4
267.641
296.572
308.966
309.52
303.124
293.411
282.404
270.885
257.741
243.763
231.42
220.764
210.836
201.588
193.243
185.787
179.132
173.23
168.018
163.986
160.849
158.068
155.607
153.437
151.499
149.738
148.118
146.611
145.189
143.832
142.523
141.254
140.014
138.803
137.602
136.423
135.17
134.033
132.086
158.533
231.562
282.221
308.367
315.963
312.536
303.637
292.726
281.277
269.523
255.481
241.106
229.078
218.705
208.9
199.799
191.629
184.34
177.841
172.085
167.01
163.09
160.035
157.329
154.937
152.828
150.942
149.225
147.642
146.164
144.766
143.425
142.128
140.864
139.624
138.407
137.192
135.989
134.693
133.482
131.089
157.375
243.24
295.935
317.598
320.171
313.445
302.887
291.451
279.966
268.101
253.061
238.614
227.161
217.067
207.338
198.37
190.356
183.21
176.841
171.204
166.238
162.443
159.462
156.809
154.467
152.402
150.553
148.867
147.31
145.851
144.468
143.138
141.848
140.587
139.345
138.123
136.897
135.676
134.351
133.094
130.27
159.602
256.586
307.471
323.006
321.638
312.497
300.677
288.964
277.633
265.733
249.484
234.892
224.143
214.528
205.043
196.321
188.556
181.638
175.473
170.022
165.215
161.508
158.652
156.089
153.824
151.826
150.035
148.397
146.879
145.453
144.095
142.784
141.506
140.253
139.015
137.791
136.559
135.322
133.977
132.683
129.712
139.88
139.878
139.876
139.874
139.872
139.869
139.866
139.863
139.86
139.857
139.853
139.849
139.844
139.84
139.835
139.829
139.823
139.816
139.809
139.802
139.793
139.784
139.774
139.764
139.752
139.739
139.725
139.71
139.694
139.676
139.656
139.635
139.612
139.587
139.56
139.53
139.498
139.463
139.425
139.384
139.34
139.292
139.24
139.184
139.124
139.06
138.992
138.919
138.841
138.758
138.671
138.579
138.482
138.381
138.276
138.167
138.055
137.939
137.821
137.701
137.579
137.456
137.333
137.21
137.088
136.968
136.851
136.736
136.625
136.518
136.417
136.321
136.237
136.147
139.933
139.932
139.93
139.927
139.925
139.922
139.919
139.916
139.912
139.908
139.904
139.9
139.895
139.889
139.884
139.877
139.871
139.863
139.856
139.847
139.838
139.828
139.817
139.805
139.792
139.778
139.762
139.746
139.728
139.708
139.687
139.664
139.639
139.611
139.582
139.55
139.516
139.478
139.438
139.395
139.348
139.298
139.244
139.186
139.124
139.057
138.987
138.912
138.833
138.749
138.66
138.568
138.47
138.369
138.264
138.155
138.043
137.927
137.81
137.69
137.569
137.447
137.324
137.202
137.081
136.962
136.844
136.73
136.619
136.513
136.412
136.315
136.235
136.133
140.007
140.006
140.005
140.002
139.999
139.996
139.993
139.989
139.986
139.982
139.977
139.972
139.967
139.962
139.955
139.949
139.942
139.934
139.925
139.916
139.906
139.895
139.883
139.871
139.857
139.841
139.825
139.807
139.788
139.767
139.744
139.719
139.692
139.663
139.631
139.597
139.56
139.521
139.478
139.432
139.382
139.329
139.272
139.211
139.146
139.076
139.003
138.925
138.842
138.755
138.664
138.568
138.468
138.365
138.257
138.146
138.032
137.915
137.795
137.674
137.552
137.429
137.306
137.184
137.063
136.944
136.827
136.713
136.603
136.497
136.397
136.3
136.221
136.105
140.129
140.129
140.127
140.124
140.121
140.118
140.114
140.11
140.106
140.102
140.097
140.092
140.086
140.08
140.073
140.065
140.057
140.049
140.039
140.029
140.017
140.005
139.992
139.977
139.961
139.944
139.925
139.905
139.883
139.859
139.834
139.806
139.775
139.743
139.707
139.669
139.628
139.584
139.537
139.486
139.431
139.373
139.311
139.245
139.174
139.1
139.021
138.938
138.85
138.759
138.663
138.563
138.459
138.352
138.241
138.127
138.01
137.891
137.771
137.648
137.526
137.402
137.279
137.157
137.037
136.918
136.802
136.689
136.58
136.475
136.377
136.278
136.202
136.073
140.28
140.279
140.278
140.274
140.271
140.267
140.263
140.259
140.254
140.249
140.244
140.238
140.231
140.224
140.216
140.208
140.198
140.188
140.177
140.166
140.153
140.138
140.123
140.106
140.088
140.069
140.047
140.024
139.999
139.972
139.942
139.91
139.876
139.839
139.799
139.756
139.709
139.66
139.607
139.55
139.489
139.425
139.356
139.283
139.207
139.126
139.04
138.951
138.858
138.76
138.659
138.554
138.445
138.334
138.219
138.102
137.982
137.861
137.739
137.616
137.492
137.369
137.246
137.124
137.005
136.887
136.773
136.661
136.554
136.45
136.353
136.254
136.18
136.042
140.468
140.467
140.465
140.462
140.458
140.453
140.449
140.444
140.438
140.432
140.426
140.419
140.411
140.403
140.394
140.384
140.373
140.361
140.348
140.334
140.319
140.302
140.284
140.264
140.243
140.22
140.195
140.168
140.138
140.106
140.072
140.035
139.995
139.952
139.906
139.857
139.804
139.747
139.687
139.623
139.555
139.483
139.406
139.326
139.241
139.153
139.06
138.963
138.863
138.759
138.651
138.54
138.426
138.31
138.191
138.07
137.948
137.825
137.701
137.576
137.452
137.329
137.207
137.086
136.968
136.852
136.739
136.629
136.523
136.421
136.326
136.228
136.155
136.012
140.691
140.689
140.687
140.682
140.677
140.672
140.667
140.661
140.654
140.647
140.639
140.631
140.622
140.612
140.601
140.589
140.575
140.561
140.546
140.529
140.511
140.491
140.469
140.446
140.42
140.393
140.363
140.331
140.296
140.259
140.218
140.175
140.128
140.078
140.025
139.968
139.907
139.842
139.773
139.701
139.624
139.543
139.457
139.368
139.275
139.177
139.076
138.971
138.863
138.752
138.637
138.52
138.401
138.279
138.156
138.032
137.907
137.782
137.656
137.531
137.407
137.284
137.162
137.043
136.926
136.812
136.701
136.593
136.49
136.39
136.296
136.2
136.129
135.987
140.949
140.947
140.944
140.939
140.933
140.926
140.92
140.912
140.904
140.895
140.886
140.876
140.864
140.852
140.838
140.824
140.808
140.79
140.772
140.751
140.729
140.705
140.679
140.651
140.62
140.587
140.551
140.513
140.471
140.427
140.379
140.328
140.273
140.215
140.153
140.086
140.016
139.942
139.863
139.78
139.693
139.602
139.507
139.407
139.304
139.197
139.087
138.974
138.857
138.738
138.617
138.493
138.368
138.242
138.115
137.987
137.86
137.732
137.606
137.48
137.356
137.234
137.113
136.995
136.88
136.768
136.66
136.555
136.454
136.357
136.266
136.172
136.102
135.968
141.244
141.241
141.237
141.231
141.223
141.215
141.207
141.198
141.188
141.177
141.165
141.152
141.138
141.123
141.106
141.088
141.068
141.047
141.024
140.999
140.972
140.942
140.91
140.876
140.839
140.799
140.756
140.71
140.661
140.608
140.551
140.491
140.426
140.358
140.285
140.208
140.127
140.041
139.952
139.858
139.759
139.657
139.551
139.441
139.327
139.21
139.09
138.968
138.843
138.717
138.588
138.459
138.328
138.198
138.067
137.936
137.807
137.678
137.551
137.425
137.301
137.18
137.061
136.945
136.832
136.723
136.617
136.514
136.416
136.322
136.234
136.143
136.074
135.952
141.577
141.572
141.568
141.559
141.55
141.54
141.529
141.518
141.505
141.492
141.477
141.461
141.443
141.424
141.403
141.381
141.356
141.33
141.301
141.271
141.237
141.201
141.163
141.121
141.076
141.028
140.976
140.92
140.861
140.798
140.731
140.659
140.584
140.504
140.419
140.33
140.236
140.138
140.036
139.93
139.819
139.705
139.587
139.466
139.341
139.214
139.085
138.953
138.82
138.686
138.551
138.416
138.281
138.146
138.012
137.879
137.748
137.619
137.491
137.366
137.243
137.123
137.006
136.892
136.782
136.675
136.572
136.473
136.378
136.286
136.201
136.114
136.045
135.939
141.949
141.943
141.936
141.926
141.914
141.901
141.888
141.873
141.857
141.84
141.821
141.801
141.779
141.755
141.729
141.701
141.671
141.638
141.603
141.565
141.524
141.48
141.432
141.381
141.327
141.269
141.206
141.14
141.069
140.994
140.915
140.83
140.742
140.648
140.55
140.448
140.34
140.229
140.113
139.993
139.87
139.743
139.613
139.48
139.344
139.207
139.068
138.928
138.788
138.646
138.506
138.365
138.226
138.088
137.951
137.817
137.685
137.555
137.428
137.303
137.182
137.064
136.949
136.838
136.73
136.626
136.526
136.43
136.338
136.25
136.167
136.085
136.017
135.926
142.363
142.354
142.345
142.331
142.316
142.3
142.283
142.264
142.244
142.222
142.198
142.173
142.145
142.115
142.083
142.048
142.01
141.97
141.926
141.879
141.829
141.775
141.717
141.655
141.589
141.519
141.444
141.365
141.28
141.192
141.098
140.999
140.896
140.788
140.675
140.557
140.435
140.309
140.179
140.045
139.908
139.768
139.626
139.481
139.335
139.188
139.04
138.892
138.744
138.597
138.451
138.306
138.164
138.023
137.885
137.75
137.617
137.488
137.361
137.238
137.119
137.003
136.891
136.782
136.678
136.577
136.48
136.387
136.298
136.213
136.134
136.056
135.989
135.913
142.818
142.806
142.794
142.776
142.757
142.736
142.715
142.691
142.665
142.637
142.608
142.575
142.54
142.503
142.462
142.419
142.372
142.322
142.268
142.21
142.149
142.083
142.012
141.937
141.858
141.774
141.684
141.59
141.49
141.386
141.276
141.161
141.042
140.917
140.788
140.655
140.517
140.375
140.23
140.082
139.932
139.779
139.625
139.469
139.313
139.156
139
138.845
138.691
138.538
138.388
138.24
138.095
137.953
137.814
137.678
137.546
137.417
137.293
137.172
137.055
136.941
136.832
136.726
136.625
136.527
136.433
136.344
136.258
136.177
136.1
136.027
135.961
135.898
143.316
143.3
143.284
143.262
143.237
143.211
143.183
143.153
143.12
143.085
143.047
143.007
142.963
142.916
142.865
142.811
142.753
142.691
142.625
142.554
142.479
142.399
142.314
142.224
142.129
142.028
141.922
141.81
141.694
141.572
141.444
141.312
141.175
141.033
140.886
140.736
140.582
140.425
140.265
140.103
139.939
139.773
139.608
139.441
139.276
139.111
138.948
138.786
138.627
138.47
138.317
138.166
138.02
137.877
137.738
137.603
137.472
137.345
137.223
137.104
136.99
136.879
136.773
136.67
136.572
136.478
136.387
136.301
136.219
136.141
136.067
135.998
135.934
135.882
143.859
143.837
143.815
143.787
143.755
143.722
143.687
143.648
143.607
143.563
143.515
143.464
143.41
143.351
143.288
143.221
143.15
143.074
142.993
142.907
142.815
142.719
142.616
142.509
142.395
142.276
142.151
142.021
141.885
141.744
141.597
141.446
141.29
141.13
140.966
140.798
140.628
140.455
140.28
140.104
139.927
139.751
139.574
139.399
139.225
139.053
138.883
138.717
138.554
138.394
138.238
138.087
137.94
137.797
137.659
137.525
137.396
137.271
137.151
137.036
136.924
136.817
136.714
136.615
136.52
136.429
136.342
136.259
136.18
136.105
136.034
135.969
135.907
135.864
144.446
144.418
144.388
144.352
144.312
144.269
144.224
144.176
144.124
144.068
144.008
143.945
143.877
143.804
143.726
143.644
143.556
143.463
143.365
143.261
143.151
143.035
142.913
142.785
142.651
142.512
142.366
142.215
142.058
141.897
141.73
141.559
141.384
141.205
141.023
140.838
140.651
140.463
140.275
140.086
139.897
139.71
139.524
139.34
139.159
138.982
138.808
138.637
138.472
138.31
138.154
138.002
137.855
137.714
137.577
137.445
137.319
137.197
137.08
136.967
136.859
136.755
136.656
136.56
136.468
136.381
136.297
136.217
136.141
136.07
136.002
135.94
135.881
135.845
145.077
145.04
145.001
144.954
144.903
144.85
144.793
144.732
144.666
144.596
144.522
144.443
144.358
144.269
144.173
144.073
143.966
143.853
143.734
143.609
143.478
143.34
143.197
143.046
142.89
142.728
142.56
142.387
142.208
142.025
141.837
141.646
141.451
141.254
141.054
140.853
140.651
140.449
140.247
140.047
139.848
139.651
139.458
139.267
139.081
138.899
138.722
138.549
138.382
138.22
138.064
137.913
137.768
137.628
137.494
137.365
137.241
137.122
137.008
136.899
136.795
136.694
136.598
136.506
136.418
136.334
136.253
136.177
136.104
136.036
135.971
135.912
135.855
135.824
145.749
145.701
145.65
145.591
145.527
145.459
145.387
145.31
145.228
145.141
145.049
144.951
144.847
144.737
144.621
144.499
144.37
144.235
144.093
143.944
143.789
143.627
143.459
143.285
143.104
142.918
142.727
142.53
142.329
142.124
141.915
141.704
141.49
141.275
141.058
140.842
140.626
140.411
140.198
139.987
139.78
139.576
139.376
139.181
138.991
138.806
138.627
138.454
138.286
138.125
137.97
137.821
137.678
137.541
137.409
137.284
137.163
137.048
136.938
136.832
136.731
136.635
136.542
136.454
136.369
136.288
136.211
136.138
136.068
136.002
135.94
135.885
135.829
135.804
146.459
146.396
146.331
146.256
146.175
146.09
146
145.904
145.802
145.695
145.581
145.461
145.334
145.201
145.061
144.913
144.759
144.598
144.431
144.256
144.074
143.886
143.692
143.492
143.286
143.075
142.859
142.639
142.416
142.189
141.96
141.729
141.497
141.265
141.034
140.803
140.575
140.349
140.127
139.908
139.694
139.484
139.28
139.082
138.89
138.704
138.525
138.352
138.186
138.026
137.873
137.727
137.587
137.453
137.325
137.203
137.086
136.975
136.868
136.767
136.669
136.576
136.488
136.403
136.321
136.244
136.17
136.099
136.033
135.97
135.911
135.858
135.804
135.783
147.2
147.119
147.035
146.941
146.839
146.733
146.621
146.502
146.377
146.245
146.106
145.96
145.807
145.647
145.479
145.305
145.122
144.933
144.737
144.534
144.325
144.109
143.888
143.661
143.429
143.193
142.953
142.71
142.465
142.217
141.969
141.721
141.472
141.226
140.981
140.739
140.5
140.265
140.035
139.81
139.591
139.378
139.172
138.972
138.78
138.594
138.416
138.245
138.081
137.924
137.775
137.632
137.495
137.365
137.241
137.123
137.01
136.903
136.8
136.702
136.609
136.52
136.435
136.353
136.275
136.201
136.13
136.063
135.999
135.939
135.882
135.832
135.78
135.762
147.962
147.859
147.752
147.634
147.508
147.377
147.238
147.093
146.94
146.779
146.612
146.436
146.253
146.063
145.865
145.66
145.447
145.228
145.002
144.769
144.531
144.287
144.038
143.785
143.527
143.267
143.004
142.739
142.473
142.207
141.942
141.677
141.415
141.156
140.9
140.648
140.401
140.16
139.925
139.697
139.475
139.26
139.053
138.854
138.663
138.479
138.303
138.135
137.974
137.821
137.675
137.536
137.404
137.278
137.158
137.044
136.936
136.832
136.734
136.64
136.551
136.465
136.383
136.305
136.231
136.16
136.092
136.027
135.966
135.909
135.854
135.807
135.756
135.741
148.731
148.601
148.466
148.32
148.165
148.003
147.834
147.658
147.473
147.281
147.08
146.872
146.657
146.433
146.203
145.965
145.721
145.47
145.214
144.951
144.684
144.412
144.137
143.858
143.576
143.293
143.009
142.724
142.44
142.158
141.877
141.6
141.326
141.057
140.792
140.534
140.282
140.037
139.799
139.569
139.346
139.132
138.926
138.729
138.54
138.359
138.187
138.022
137.866
137.717
137.576
137.441
137.313
137.192
137.077
136.967
136.863
136.764
136.67
136.58
136.494
136.412
136.334
136.26
136.188
136.12
136.055
135.993
135.935
135.88
135.827
135.783
135.734
135.721
149.486
149.325
149.157
148.977
148.789
148.593
148.389
148.177
147.957
147.73
147.494
147.251
147
146.743
146.479
146.208
145.932
145.65
145.363
145.072
144.777
144.479
144.179
143.876
143.573
143.27
142.967
142.666
142.366
142.07
141.778
141.49
141.208
140.931
140.661
140.399
140.144
139.897
139.658
139.429
139.208
138.996
138.793
138.599
138.413
138.237
138.069
137.909
137.758
137.614
137.477
137.347
137.225
137.108
136.997
136.892
136.793
136.698
136.608
136.522
136.44
136.362
136.287
136.216
136.147
136.082
136.02
135.961
135.904
135.852
135.802
135.759
135.712
135.701
150.203
150.004
149.798
149.581
149.354
149.12
148.878
148.628
148.37
148.105
147.833
147.554
147.268
146.976
146.679
146.376
146.069
145.758
145.443
145.126
144.806
144.484
144.162
143.839
143.518
143.197
142.879
142.564
142.253
141.947
141.646
141.351
141.063
140.782
140.509
140.245
139.99
139.744
139.507
139.279
139.062
138.853
138.654
138.465
138.285
138.113
137.95
137.796
137.65
137.511
137.38
137.256
137.138
137.026
136.92
136.82
136.725
136.634
136.548
136.466
136.388
136.313
136.242
136.173
136.108
136.046
135.986
135.929
135.875
135.825
135.777
135.737
135.69
135.682
150.848
150.607
150.358
150.099
149.832
149.557
149.274
148.985
148.689
148.386
148.077
147.763
147.444
147.12
146.792
146.46
146.125
145.788
145.449
145.109
144.768
144.427
144.086
143.747
143.411
143.077
142.748
142.423
142.103
141.79
141.484
141.185
140.894
140.612
140.34
140.077
139.823
139.58
139.346
139.123
138.91
138.707
138.513
138.33
138.155
137.989
137.833
137.684
137.544
137.411
137.285
137.166
137.054
136.947
136.846
136.75
136.659
136.573
136.491
136.413
136.338
136.267
136.198
136.133
136.071
136.011
135.954
135.9
135.848
135.8
135.753
135.715
135.67
135.664
151.381
151.095
150.801
150.498
150.188
149.872
149.55
149.222
148.889
148.551
148.209
147.863
147.515
147.163
146.809
146.453
146.096
145.738
145.38
145.022
144.664
144.308
143.955
143.604
143.257
142.914
142.577
142.246
141.921
141.605
141.296
140.997
140.706
140.426
140.156
139.896
139.647
139.408
139.18
138.962
138.755
138.558
138.371
138.194
138.026
137.867
137.716
137.574
137.44
137.313
137.193
137.079
136.972
136.87
136.774
136.683
136.597
136.514
136.436
136.361
136.29
136.222
136.157
136.095
136.035
135.978
135.923
135.871
135.822
135.776
135.731
135.695
135.65
135.646
151.755
151.424
151.085
150.74
150.389
150.035
149.676
149.315
148.95
148.583
148.215
147.844
147.473
147.101
146.728
146.355
145.982
145.61
145.238
144.868
144.5
144.134
143.772
143.414
143.06
142.713
142.371
142.038
141.712
141.395
141.088
140.79
140.503
140.227
139.961
139.707
139.463
139.231
139.01
138.799
138.599
138.409
138.229
138.059
137.898
137.746
137.602
137.467
137.339
137.218
137.103
136.996
136.893
136.797
136.705
136.619
136.536
136.458
136.384
136.313
136.245
136.18
136.118
136.058
136.001
135.946
135.894
135.844
135.796
135.752
135.709
135.675
135.632
135.629
151.922
151.549
151.17
150.787
150.403
150.017
149.631
149.245
148.858
148.473
148.087
147.703
147.319
146.936
146.553
146.171
145.79
145.411
145.032
144.656
144.282
143.912
143.545
143.183
142.828
142.479
142.137
141.804
141.48
141.166
140.862
140.569
140.288
140.017
139.759
139.511
139.276
139.051
138.838
138.635
138.443
138.261
138.089
137.927
137.773
137.628
137.492
137.363
137.241
137.126
137.017
136.915
136.818
136.726
136.64
136.557
136.479
136.405
136.334
136.266
136.202
136.14
136.08
136.023
135.969
135.916
135.866
135.818
135.773
135.73
135.689
135.656
135.614
135.613
151.83
151.425
151.017
150.608
150.201
149.798
149.399
149.002
148.608
148.218
147.83
147.444
147.059
146.676
146.294
145.912
145.531
145.151
144.772
144.394
144.02
143.648
143.282
142.92
142.565
142.218
141.879
141.55
141.231
140.922
140.624
140.338
140.064
139.802
139.552
139.313
139.086
138.87
138.666
138.472
138.289
138.116
137.952
137.797
137.651
137.514
137.384
137.262
137.146
137.038
136.935
136.838
136.746
136.659
136.577
136.499
136.425
136.354
136.286
136.222
136.161
136.102
136.045
135.99
135.938
135.888
135.84
135.794
135.75
135.709
135.669
135.638
135.596
135.597
151.435
151.014
150.595
150.178
149.769
149.369
148.975
148.588
148.207
147.829
147.455
147.083
146.711
146.34
145.967
145.594
145.219
144.844
144.469
144.095
143.723
143.354
142.99
142.632
142.281
141.938
141.604
141.281
140.968
140.667
140.378
140.101
139.836
139.583
139.343
139.114
138.897
138.691
138.496
138.312
138.138
137.973
137.818
137.671
137.533
137.403
137.281
137.165
137.056
136.953
136.856
136.764
136.677
136.595
136.517
136.443
136.373
136.306
136.242
136.18
136.122
136.065
136.011
135.959
135.909
135.861
135.815
135.771
135.728
135.689
135.65
135.621
135.58
135.582
150.699
150.289
149.886
149.488
149.104
148.733
148.373
148.021
147.675
147.332
146.99
146.646
146.3
145.95
145.595
145.236
144.873
144.506
144.138
143.769
143.401
143.037
142.677
142.324
141.979
141.642
141.316
141.001
140.697
140.406
140.127
139.86
139.606
139.364
139.134
138.916
138.71
138.514
138.33
138.155
137.99
137.835
137.688
137.55
137.42
137.297
137.181
137.072
136.969
136.872
136.78
136.694
136.612
136.534
136.46
136.39
136.323
136.26
136.199
136.141
136.085
136.031
135.979
135.93
135.882
135.835
135.791
135.749
135.708
135.67
135.633
135.605
135.564
135.568
149.612
149.247
148.898
148.555
148.23
147.924
147.63
147.343
147.057
146.77
146.477
146.175
145.864
145.541
145.208
144.865
144.513
144.155
143.793
143.43
143.068
142.708
142.354
142.007
141.669
141.34
141.023
140.717
140.424
140.144
139.876
139.621
139.378
139.148
138.93
138.723
138.528
138.343
138.169
138.004
137.849
137.702
137.564
137.434
137.311
137.196
137.087
136.984
136.887
136.796
136.709
136.627
136.55
136.477
136.407
136.34
136.277
136.217
136.159
136.103
136.05
135.999
135.949
135.902
135.856
135.811
135.769
135.728
135.688
135.652
135.616
135.589
135.55
135.554
148.259
147.977
147.722
147.474
147.247
147.042
146.847
146.65
146.446
146.228
145.993
145.738
145.461
145.165
144.85
144.519
144.175
143.823
143.465
143.105
142.746
142.391
142.043
141.702
141.371
141.051
140.743
140.448
140.166
139.896
139.64
139.397
139.166
138.947
138.741
138.545
138.36
138.186
138.021
137.866
137.719
137.581
137.451
137.328
137.212
137.103
137.001
136.904
136.812
136.726
136.644
136.567
136.494
136.424
136.358
136.295
136.235
136.177
136.122
136.069
136.018
135.969
135.922
135.876
135.832
135.789
135.748
135.708
135.67
135.636
135.6
135.575
135.536
135.541
146.798
146.631
146.505
146.386
146.291
146.215
146.14
146.048
145.932
145.785
145.604
145.388
145.138
144.858
144.552
144.226
143.884
143.532
143.174
142.815
142.458
142.106
141.762
141.427
141.104
140.792
140.493
140.208
139.936
139.677
139.432
139.199
138.979
138.771
138.574
138.389
138.213
138.048
137.892
137.745
137.606
137.475
137.352
137.235
137.126
137.023
136.925
136.834
136.747
136.665
136.587
136.514
136.444
136.378
136.314
136.254
136.197
136.142
136.089
136.038
135.989
135.942
135.896
135.852
135.81
135.768
135.729
135.69
135.653
135.62
135.585
135.561
135.522
135.529
145.306
145.281
145.318
145.363
145.428
145.504
145.56
145.578
145.546
145.46
145.321
145.13
144.894
144.619
144.313
143.983
143.637
143.281
142.92
142.56
142.203
141.854
141.513
141.184
140.867
140.563
140.273
139.996
139.734
139.485
139.249
139.026
138.816
138.617
138.429
138.252
138.085
137.928
137.779
137.639
137.507
137.382
137.265
137.155
137.05
136.952
136.859
136.772
136.689
136.611
136.537
136.466
136.4
136.336
136.276
136.218
136.163
136.11
136.059
136.01
135.963
135.918
135.873
135.831
135.789
135.749
135.711
135.674
135.638
135.605
135.571
135.548
135.51
135.517
143.824
143.968
144.203
144.444
144.696
144.937
145.129
145.248
145.288
145.248
145.134
144.954
144.717
144.436
144.122
143.783
143.428
143.065
142.699
142.336
141.979
141.631
141.294
140.97
140.659
140.362
140.079
139.811
139.557
139.316
139.089
138.875
138.673
138.483
138.303
138.134
137.974
137.823
137.681
137.547
137.421
137.302
137.189
137.084
136.984
136.89
136.801
136.717
136.638
136.563
136.492
136.424
136.36
136.299
136.241
136.186
136.132
136.081
136.032
135.985
135.939
135.895
135.853
135.811
135.771
135.732
135.694
135.658
135.623
135.591
135.558
135.536
135.498
135.506
142.37
142.709
143.181
143.654
144.114
144.525
144.845
145.053
145.146
145.133
145.026
144.841
144.594
144.299
143.969
143.616
143.251
142.879
142.508
142.141
141.784
141.437
141.102
140.782
140.477
140.186
139.91
139.649
139.403
139.17
138.951
138.744
138.549
138.366
138.193
138.03
137.877
137.732
137.595
137.467
137.345
137.231
137.123
137.021
136.926
136.835
136.75
136.669
136.593
136.521
136.452
136.387
136.325
136.266
136.21
136.156
136.105
136.056
136.008
135.962
135.918
135.875
135.833
135.793
135.754
135.716
135.679
135.644
135.61
135.579
135.546
135.524
135.487
135.496
140.948
141.51
142.264
143.006
143.686
144.263
144.696
144.972
145.096
145.091
144.977
144.776
144.508
144.193
143.845
143.478
143.099
142.719
142.342
141.972
141.613
141.267
140.936
140.619
140.319
140.033
139.764
139.509
139.269
139.043
138.83
138.63
138.442
138.265
138.098
137.94
137.792
137.653
137.521
137.397
137.279
137.169
137.065
136.967
136.874
136.787
136.704
136.626
136.553
136.483
136.417
136.354
136.294
136.237
136.182
136.13
136.08
136.032
135.986
135.941
135.898
135.856
135.816
135.776
135.738
135.701
135.665
135.631
135.597
135.567
135.534
135.514
135.476
135.486
139.559
140.374
141.459
142.503
143.406
144.131
144.658
144.978
145.114
145.1
144.967
144.741
144.449
144.111
143.744
143.36
142.97
142.581
142.198
141.825
141.465
141.12
140.791
140.478
140.181
139.901
139.637
139.388
139.153
138.933
138.726
138.531
138.349
138.177
138.015
137.862
137.719
137.583
137.455
137.335
137.222
137.114
137.014
136.918
136.829
136.744
136.664
136.589
136.517
136.449
136.385
136.324
136.265
136.21
136.157
136.106
136.058
136.011
135.966
135.922
135.88
135.839
135.799
135.761
135.723
135.687
135.652
135.618
135.585
135.555
135.524
135.503
135.466
135.476
138.206
139.3
140.768
142.144
143.256
144.107
144.704
145.047
145.177
145.142
144.981
144.727
144.408
144.047
143.66
143.261
142.859
142.461
142.073
141.698
141.337
140.993
140.666
140.356
140.063
139.787
139.527
139.282
139.053
138.838
138.635
138.446
138.267
138.1
137.942
137.794
137.654
137.522
137.398
137.281
137.171
137.066
136.968
136.876
136.788
136.706
136.628
136.555
136.485
136.419
136.356
136.297
136.24
136.186
136.134
136.085
136.037
135.991
135.947
135.905
135.863
135.823
135.784
135.747
135.71
135.674
135.639
135.606
135.574
135.545
135.513
135.494
135.457
135.467
136.903
138.283
140.194
141.918
143.211
144.164
144.808
145.154
145.265
145.201
145.009
144.724
144.378
143.994
143.589
143.175
142.763
142.358
141.966
141.588
141.227
140.883
140.557
140.25
139.96
139.688
139.431
139.191
138.966
138.755
138.557
138.371
138.197
138.033
137.879
137.734
137.598
137.469
137.348
137.233
137.125
137.024
136.928
136.838
136.752
136.672
136.596
136.524
136.456
136.392
136.33
136.272
136.217
136.164
136.113
136.065
136.018
135.973
135.93
135.888
135.848
135.809
135.77
135.733
135.697
135.662
135.628
135.595
135.563
135.535
135.504
135.485
135.448
135.459
135.669
137.318
139.737
141.807
143.246
144.277
144.948
145.282
145.365
145.268
145.042
144.728
144.356
143.95
143.529
143.102
142.681
142.27
141.873
141.493
141.131
140.788
140.464
140.158
139.871
139.602
139.349
139.112
138.89
138.683
138.488
138.306
138.135
137.974
137.824
137.682
137.548
137.422
137.303
137.191
137.086
136.986
136.892
136.804
136.72
136.642
136.567
136.497
136.43
136.367
136.307
136.25
136.196
136.144
136.094
136.047
136.001
135.957
135.914
135.873
135.834
135.795
135.757
135.721
135.685
135.651
135.617
135.585
135.553
135.525
135.495
135.476
135.44
135.451
134.525
136.401
139.397
141.786
143.337
144.426
145.104
145.416
145.467
145.336
145.078
144.734
144.339
143.914
143.477
143.04
142.61
142.193
141.793
141.411
141.048
140.706
140.383
140.079
139.794
139.527
139.277
139.043
138.824
138.62
138.428
138.249
138.081
137.923
137.775
137.635
137.504
137.38
137.264
137.154
137.05
136.952
136.86
136.773
136.691
136.614
136.541
136.472
136.407
136.345
136.286
136.23
136.176
136.125
136.077
136.03
135.985
135.942
135.9
135.86
135.82
135.782
135.745
135.709
135.674
135.64
135.607
135.575
135.544
135.516
135.486
135.468
135.432
135.443
133.477
135.537
139.171
141.831
143.463
144.593
145.265
145.548
145.565
145.401
145.112
144.742
144.325
143.883
143.433
142.986
142.549
142.127
141.723
141.34
140.977
140.634
140.312
140.01
139.727
139.462
139.215
138.983
138.767
138.565
138.376
138.199
138.033
137.878
137.732
137.594
137.465
137.343
137.228
137.12
137.018
136.922
136.831
136.746
136.665
136.589
136.518
136.45
136.385
136.324
136.266
136.211
136.159
136.109
136.061
136.015
135.97
135.928
135.887
135.847
135.808
135.771
135.734
135.699
135.664
135.63
135.598
135.566
135.535
135.508
135.478
135.46
135.424
135.436
132.507
134.733
139.035
141.913
143.61
144.765
145.42
145.672
145.657
145.46
145.143
144.75
144.313
143.857
143.395
142.939
142.496
142.07
141.663
141.278
140.915
140.573
140.251
139.951
139.669
139.406
139.16
138.931
138.716
138.516
138.329
138.155
137.991
137.838
137.693
137.558
137.43
137.31
137.197
137.09
136.99
136.895
136.805
136.721
136.642
136.567
136.496
136.429
136.366
136.306
136.249
136.194
136.143
136.093
136.046
136
135.957
135.915
135.874
135.835
135.797
135.76
135.724
135.689
135.654
135.621
135.589
135.558
135.527
135.5
135.47
135.453
135.417
135.429
131.567
134.08
138.995
142.018
143.765
144.932
145.565
145.786
145.74
145.514
145.171
144.757
144.304
143.834
143.362
142.899
142.45
142.02
141.612
141.225
140.861
140.519
140.198
139.898
139.618
139.356
139.112
138.884
138.672
138.474
138.289
138.116
137.954
137.802
137.659
137.525
137.399
137.281
137.169
137.063
136.964
136.87
136.782
136.699
136.62
136.547
136.477
136.411
136.348
136.289
136.232
136.179
136.128
136.079
136.032
135.987
135.944
135.903
135.863
135.824
135.786
135.75
135.714
135.679
135.645
135.612
135.58
135.55
135.519
135.493
135.463
135.446
135.41
135.422
130.429
133.502
138.988
142.139
143.922
145.088
145.697
145.889
145.813
145.561
145.196
144.764
144.296
143.814
143.334
142.864
142.41
141.977
141.566
141.179
140.814
140.472
140.152
139.853
139.574
139.313
139.07
138.844
138.633
138.436
138.252
138.081
137.92
137.77
137.629
137.496
137.372
137.254
137.143
137.039
136.941
136.848
136.761
136.678
136.601
136.528
136.459
136.393
136.332
136.273
136.217
136.164
136.114
136.065
136.019
135.975
135.932
135.891
135.852
135.813
135.776
135.74
135.705
135.67
135.637
135.604
135.573
135.542
135.512
135.486
135.457
135.439
135.404
135.416
129.433
133.377
139.005
142.246
144.071
145.23
145.814
145.979
145.878
145.602
145.218
144.769
144.289
143.797
143.309
142.833
142.376
141.94
141.527
141.138
140.773
140.431
140.112
139.813
139.534
139.275
139.033
138.808
138.598
138.403
138.22
138.05
137.891
137.742
137.602
137.47
137.347
137.23
137.12
137.017
136.919
136.828
136.741
136.66
136.583
136.511
136.442
136.378
136.317
136.259
136.203
136.151
136.101
136.053
136.008
135.964
135.922
135.881
135.842
135.804
135.767
135.731
135.696
135.662
135.629
135.597
135.565
135.535
135.505
135.479
135.45
135.433
135.398
135.41
)
;

boundaryField
{
    inlet
    {
        type            freestreamPressure;
        value           nonuniform List<scalar> 
230
(
130.996
131
131.005
131.013
131.021
131.029
131.038
131.047
131.056
131.066
131.076
131.088
131.099
131.112
131.124
131.138
131.153
131.168
131.184
131.201
131.219
131.238
131.258
131.28
131.302
131.326
131.351
131.378
131.406
131.436
131.467
131.5
131.536
131.573
131.612
131.654
131.698
131.744
131.793
131.844
131.898
131.955
132.015
132.077
132.143
132.211
132.283
132.357
132.433
132.513
132.594
132.678
132.764
132.852
132.94
133.03
133.12
133.21
133.299
133.387
133.474
133.557
133.638
133.715
133.787
133.854
133.915
133.969
134.015
134.053
134.082
134.104
134.108
134.136
133.999
133.244
132.593
132.042
131.588
131.221
130.93
130.703
130.532
130.407
130.322
130.268
130.241
130.235
130.247
130.27
130.303
130.342
130.383
130.425
130.466
130.507
130.546
130.583
130.62
130.654
130.687
130.718
130.747
130.774
130.8
130.824
130.847
130.868
130.888
130.906
130.924
130.941
130.956
130.971
130.985
134.829
135.611
136.31
136.92
137.444
137.891
138.267
138.582
138.843
139.06
139.239
139.386
139.505
139.602
139.681
139.744
139.794
139.833
139.863
139.886
139.904
139.916
139.925
139.931
139.934
139.935
139.935
139.933
139.931
139.928
139.924
139.921
139.916
139.912
139.908
139.904
139.899
139.895
139.891
139.887
139.883
139.88
139.878
139.876
139.874
139.872
139.869
139.866
139.863
139.86
139.857
139.853
139.849
139.844
139.84
139.835
139.829
139.823
139.816
139.809
139.802
139.793
139.784
139.774
139.764
139.752
139.739
139.725
139.71
139.694
139.676
139.656
139.635
139.612
139.587
139.56
139.53
139.498
139.463
139.425
139.384
139.34
139.292
139.24
139.184
139.124
139.06
138.992
138.919
138.841
138.758
138.671
138.579
138.482
138.381
138.276
138.167
138.055
137.939
137.821
137.701
137.579
137.456
137.333
137.21
137.088
136.968
136.851
136.736
136.625
136.518
136.417
136.321
136.237
136.147
)
;
    }
    outlet
    {
        type            freestreamPressure;
        value           nonuniform List<scalar> 
96
(
135.405
135.399
135.392
135.386
135.379
135.371
135.363
135.355
135.346
135.336
135.326
135.316
135.305
135.293
135.28
135.267
135.253
135.239
135.223
135.207
135.191
135.174
135.157
135.139
135.121
135.104
135.088
135.074
135.064
135.062
135.072
135.09
135.09
135.026
134.867
134.639
134.426
134.307
134.289
134.318
134.338
134.329
134.301
134.266
134.234
134.201
134.177
134.136
136.147
136.133
136.105
136.073
136.042
136.012
135.987
135.968
135.952
135.939
135.926
135.913
135.898
135.882
135.864
135.845
135.824
135.804
135.783
135.762
135.741
135.721
135.701
135.682
135.664
135.646
135.629
135.613
135.597
135.582
135.568
135.554
135.541
135.529
135.517
135.506
135.496
135.486
135.476
135.467
135.459
135.451
135.443
135.436
135.429
135.422
135.416
135.41
)
;
    }
    walls
    {
        type            zeroGradient;
    }
    frontAndBack
    {
        type            empty;
    }
}


// ************************************************************************* //
