/*--------------------------------*- C++ -*----------------------------------*\
| =========                 |                                                 |
| \\      /  F ield         | OpenFOAM: The Open Source CFD Toolbox           |
|  \\    /   O peration     | Version:  5.x                                   |
|   \\  /    A nd           | Web:      www.OpenFOAM.org                      |
|    \\/     M anipulation  |                                                 |
\*---------------------------------------------------------------------------*/
FoamFile
{
    version     2.0;
    format      ascii;
    class       volScalarField;
    location    "1650";
    object      p;
}
// * * * * * * * * * * * * * * * * * * * * * * * * * * * * * * * * * * * * * //

dimensions      [0 2 -2 0 0 0 0];

internalField   nonuniform List<scalar> 
11040
(
-0.00228751
-99.7344
-337.068
-401.18
-422.364
-435.34
-436.794
-426.496
-407.827
-381.896
-348.212
-296.467
-246.655
-211.177
-186.385
-159.956
-133.111
-107.755
-83.7514
-60.5839
-38.1648
-18.7991
-2.6163
12.5288
26.7155
39.9675
52.2803
63.6423
73.9917
83.2289
91.2413
97.9089
103.176
107.111
109.913
111.839
112.628
112.049
111.722
115.211
115.271
36.5758
-59.9109
-212.479
-290.475
-331.384
-361.456
-379.288
-383.471
-376.488
-360.05
-334.365
-291.475
-246.3
-211.468
-186.129
-160.01
-133.474
-108.25
-84.325
-61.2213
-38.8432
-19.5254
-3.3122
11.8626
26.0812
39.3709
51.7289
63.1423
73.552
82.8606
90.9497
97.6977
103.044
107.039
109.877
111.852
112.71
112.114
111.374
113.836
113.375
61.2541
-32.5005
-142.36
-234.015
-288.795
-325.028
-347.619
-356.287
-353.299
-340.638
-319.323
-283.739
-242.966
-208.958
-183.517
-158.391
-132.619
-107.79
-84.1372
-61.2533
-39.0345
-19.7958
-3.62536
11.5187
25.7184
39.0009
51.3639
62.7925
73.229
82.5776
90.7196
97.5324
102.946
106.999
109.876
111.89
112.813
112.271
111.387
113.05
112.238
78.6343
-5.13905
-87.3791
-171.034
-229.424
-270.858
-300.45
-317.069
-321.364
-315.171
-300.013
-272.175
-236.923
-204.865
-179.75
-155.734
-130.951
-106.718
-83.4912
-60.9511
-38.9878
-19.9156
-3.84368
11.2335
25.3868
38.6405
50.9921
62.4242
72.8796
82.2644
90.4601
97.3419
102.831
106.959
109.889
111.926
112.886
112.405
111.475
112.654
112.011
92.3276
20.5655
-43.3252
-114.927
-173.763
-218.796
-253.049
-275.641
-286.31
-286.343
-277.336
-257.132
-228.282
-199.189
-174.82
-151.954
-128.391
-104.991
-82.3587
-60.3053
-38.7261
-19.9188
-4.00935
10.9467
25.0079
38.1945
50.5038
61.916
72.3747
81.7878
90.0384
97.0016
102.593
106.828
109.845
111.919
112.917
112.523
111.591
112.593
112.453
102.746
42.9572
-8.03415
-67.4283
-121.97
-167.093
-203.664
-230.74
-247.185
-253.451
-250.815
-238.177
-216.309
-191.237
-168.36
-146.852
-124.761
-102.457
-80.6057
-59.1912
-38.1335
-19.6911
-4.02613
10.7359
24.6415
37.7056
49.9247
61.2768
71.7065
81.1253
89.4195
96.4672
102.179
106.556
109.701
111.846
112.912
112.673
111.829
112.817
113.225
110.635
61.6502
20.2377
-28.3115
-76.0014
-118.361
-154.812
-184.212
-204.947
-216.69
-220.157
-214.756
-200.172
-180.214
-159.877
-140.154
-119.82
-98.9169
-78.0887
-57.4978
-37.119
-19.161
-3.83829
10.646
24.3223
37.1963
49.2635
60.5009
70.8554
80.2436
88.5584
95.6836
101.528
106.076
109.398
111.672
112.866
112.873
112.251
113.295
114.241
116.576
76.7339
42.7955
3.35842
-36.8069
-74.5034
-108.736
-138.273
-161.391
-177.226
-185.909
-186.966
-179.463
-165.369
-148.666
-131.375
-113.182
-94.0557
-74.5695
-55.0437
-35.5459
-18.2268
-3.36566
10.7397
24.0968
36.6982
48.5363
59.5874
69.802
79.1044
87.3981
94.577
100.552
105.295
108.846
111.329
112.751
113.12
112.874
114.091
115.463
120.995
88.6142
60.6681
28.6896
-4.3938
-36.6114
-67.1716
-94.9799
-118.508
-136.68
-149.185
-155.484
-154.301
-146.253
-134.052
-119.941
-104.37
-87.4582
-69.7115
-51.5624
-33.1995
-16.7107
-2.45752
11.1395
24.0646
36.2931
47.8089
58.5858
68.5777
77.7183
85.9247
93.1068
99.1848
104.125
107.944
110.726
112.504
113.381
113.68
115.238
116.86
124.208
97.8147
74.73
48.7939
21.8753
-4.90446
-31.1119
-55.9531
-78.2375
-96.9641
-111.609
-121.575
-125.452
-122.979
-115.659
-105.362
-92.9196
-78.6733
-63.1099
-46.719
-29.8047
-14.3794
-0.911524
12.0175
24.3721
36.1084
47.1955
57.6005
67.2781
76.17
84.2074
91.3182
97.439
102.541
106.635
109.78
112.029
113.552
114.56
116.615
118.414
126.477
104.863
85.7421
64.6772
42.9013
21.0239
-0.806443
-22.1129
-42.0537
-59.8662
-75.0252
-86.9557
-94.3063
-96.3479
-93.6473
-87.4301
-78.4946
-67.3078
-54.3544
-40.135
-25.0356
-10.954
1.51598
13.5869
25.2049
36.3077
46.8449
56.7721
66.0414
74.5991
82.3872
89.3495
95.4396
100.64
104.969
108.481
111.243
113.462
115.263
117.893
119.983
128.025
110.235
94.3565
77.2105
59.6269
41.9255
24.0875
6.35164
-10.7448
-26.6911
-41.0855
-53.4532
-62.6427
-67.7805
-68.8458
-66.4394
-61.0735
-53.1588
-43.1319
-31.4549
-18.5413
-6.11223
5.11631
16.1117
26.8002
37.1031
46.9483
56.2767
65.0351
73.1713
80.6341
87.3785
93.3711
98.6052
103.107
106.933
110.158
112.99
115.513
118.646
121.205
129.046
114.334
101.119
87.1253
72.9187
58.6582
44.2468
29.776
15.5586
1.91374
-10.9154
-22.5926
-32.226
-39.0082
-42.6425
-43.2871
-41.1237
-36.3806
-29.371
-20.4616
-10.0286
0.459749
10.1997
19.8933
29.4452
38.7628
47.7541
56.3443
64.4728
72.0865
79.138
85.5892
91.4151
96.6144
101.217
105.274
108.853
112.132
115.189
118.613
121.654
129.702
117.486
106.47
95.018
83.5186
72.0423
60.4667
48.8041
37.2248
25.9126
14.9914
4.66226
-4.43323
-11.6528
-16.638
-19.3128
-19.6216
-17.5959
-13.3858
-7.22172
0.612236
8.96748
17.0184
25.2125
33.4373
41.5888
49.5596
57.2616
64.6271
71.6005
78.1354
84.1966
89.7629
94.8338
99.4356
103.608
107.401
110.943
114.304
117.805
121.078
130.116
119.945
110.752
101.357
92.0269
82.7847
73.5078
64.1718
54.8636
45.6803
36.6783
27.9547
19.9428
13.1081
7.7617
4.05753
2.16183
2.17496
4.08946
7.81248
13.1764
19.3777
25.6488
32.2257
38.99
45.8345
52.6442
59.322
65.7941
72.0029
77.9018
83.4561
88.6435
93.4598
97.9233
102.058
105.892
109.506
112.952
116.378
119.615
130.398
121.916
114.241
106.513
98.9227
91.4658
84.0305
76.5788
69.1517
61.7967
54.5322
47.3955
40.6655
34.6601
29.6091
25.66
22.9955
21.7667
22.0503
23.8551
27.1185
31.3523
35.9094
40.8784
46.1496
51.6232
57.1879
62.7467
68.2245
73.5618
78.7109
83.636
88.3125
92.7304
96.8975
100.821
104.512
108.014
111.357
114.6
117.66
130.66
123.583
117.175
110.806
104.616
98.5849
92.6152
86.6671
80.7576
74.9079
69.1171
63.3951
57.9146
52.8848
48.4627
44.7602
41.9297
40.1173
39.4266
39.9185
41.5993
44.2226
47.2906
50.8074
54.6832
58.8337
63.1621
67.5811
72.0205
76.4234
80.7431
84.9428
88.9947
92.8829
96.6055
100.158
103.538
106.765
109.853
112.82
115.625
130.897
124.934
119.526
114.209
109.093
104.145
99.2831
94.4696
89.7106
85.0152
80.3758
75.7928
71.375
67.2567
63.5416
60.3074
57.6677
55.7398
54.6201
54.3813
55.0603
56.5599
58.518
60.9025
63.6471
66.686
69.9416
73.3415
76.8257
80.3438
83.8532
87.3186
90.712
94.0138
97.2157
100.306
103.273
106.126
108.867
111.496
113.996
131.092
125.991
121.357
116.844
112.54
108.408
104.373
100.405
96.5033
92.6708
88.8976
85.18
81.5915
78.2213
75.1372
72.3931
70.07
68.2557
67.0278
66.4525
66.5729
67.3703
68.5835
70.1716
72.0888
74.2859
76.7029
79.283
81.9775
84.7442
87.5464
90.3526
93.1365
95.8781
98.5659
101.185
103.722
106.176
108.546
110.823
113.001
131.275
126.855
122.835
118.951
115.275
111.768
108.365
105.039
101.786
98.6072
95.4917
92.4352
89.4884
86.7137
84.1557
81.8517
79.8594
78.2428
77.0608
76.3671
76.201
76.5799
77.3129
78.3619
79.6966
81.2804
83.0678
85.0155
87.0851
89.2428
91.4579
93.7037
95.957
98.1992
100.418
102.599
104.726
106.799
108.811
110.751
112.617
131.451
127.583
124.061
120.681
117.505
114.492
111.584
108.759
106.012
103.34
100.735
98.1922
95.7475
93.4459
91.3177
89.3883
87.6997
86.2978
85.2263
84.5267
84.2309
84.3702
84.8009
85.4917
86.4234
87.5682
88.892
90.3619
91.9484
93.6247
95.3661
97.1505
98.9585
100.774
102.585
104.377
106.139
107.865
109.549
111.182
112.761
131.626
128.213
125.101
122.134
119.363
116.748
114.237
111.812
109.466
107.196
104.994
102.856
100.809
98.8855
97.1064
95.4891
94.0642
92.8654
91.9243
91.2719
90.9329
90.9411
91.185
91.6408
92.2961
93.13
94.1163
95.23
96.4487
97.7512
99.1181
100.532
101.975
103.436
104.904
106.366
107.811
109.236
110.633
111.994
113.316
131.798
128.765
125.998
123.374
120.937
118.648
116.462
114.361
112.339
110.393
108.515
106.702
104.974
103.354
101.859
100.5
99.2986
98.2802
97.4677
96.884
96.5471
96.4887
96.6194
96.9218
97.3884
98.0027
98.7444
99.5944
100.535
101.551
102.626
103.745
104.897
106.07
107.255
108.442
109.622
110.791
111.942
113.07
114.17
131.967
129.256
126.781
124.445
122.288
120.27
118.353
116.519
114.763
113.081
111.468
109.919
108.449
107.077
105.814
104.667
103.653
102.791
102.096
101.586
101.273
101.186
101.249
101.452
101.789
102.248
102.813
103.467
104.199
104.996
105.845
106.734
107.654
108.596
109.552
110.515
111.476
112.432
113.378
114.309
115.22
132.133
129.697
127.471
125.381
123.459
121.67
119.977
118.366
116.832
115.369
113.974
112.642
111.384
110.215
109.142
108.171
107.314
106.584
105.994
105.554
105.275
105.178
105.203
105.341
105.59
105.938
106.373
106.883
107.458
108.087
108.761
109.471
110.209
110.967
111.74
112.521
113.304
114.086
114.862
115.629
116.382
132.293
130.094
128.083
126.203
124.483
122.888
121.386
119.963
118.614
117.335
116.121
114.969
113.887
112.886
111.97
111.146
110.42
109.802
109.301
108.926
108.682
108.588
108.592
108.688
108.875
109.144
109.484
109.886
110.342
110.843
111.382
111.952
112.547
113.16
113.787
114.422
115.06
115.701
116.338
116.97
117.591
132.447
130.453
128.629
126.931
125.385
123.956
122.616
121.353
120.161
119.038
117.976
116.975
116.04
115.178
114.395
113.692
113.075
112.552
112.128
111.809
111.6
111.515
111.507
111.576
111.719
111.931
112.2
112.521
112.886
113.289
113.724
114.185
114.667
115.165
115.675
116.194
116.717
117.242
117.767
118.288
118.802
132.595
130.779
129.118
127.579
126.182
124.896
123.696
122.57
121.513
120.521
119.59
118.716
117.905
117.161
116.487
115.886
115.362
114.918
114.559
114.29
114.113
114.037
114.026
114.076
114.189
114.358
114.575
114.834
115.129
115.456
115.81
116.185
116.578
116.985
117.403
117.828
118.258
118.69
119.123
119.555
119.98
132.736
131.076
129.558
128.156
126.89
125.729
124.649
123.642
122.701
121.822
121.002
120.236
119.529
118.885
118.305
117.79
117.342
116.966
116.663
116.436
116.286
116.222
116.21
116.248
116.339
116.477
116.653
116.865
117.106
117.374
117.663
117.971
118.294
118.628
118.972
119.322
119.677
120.035
120.393
120.751
121.104
132.87
131.347
129.954
128.673
127.52
126.468
125.493
124.589
123.748
122.967
122.242
121.57
120.952
120.392
119.891
119.449
119.067
118.747
118.491
118.301
118.176
118.123
118.111
118.142
118.217
118.33
118.476
118.65
118.85
119.071
119.31
119.564
119.83
120.107
120.391
120.681
120.975
121.272
121.57
121.868
122.162
132.996
131.593
130.311
129.136
128.083
127.126
126.243
125.428
124.675
123.978
123.336
122.744
122.203
121.716
121.282
120.902
120.575
120.304
120.088
119.928
119.824
119.781
119.772
119.798
119.861
119.955
120.077
120.223
120.389
120.572
120.771
120.982
121.204
121.434
121.67
121.912
122.156
122.404
122.652
122.902
123.147
133.115
131.817
130.633
129.552
128.587
127.712
126.911
126.174
125.497
124.874
124.303
123.781
123.307
122.882
122.506
122.179
121.899
121.669
121.487
121.354
121.268
121.234
121.227
121.25
121.304
121.384
121.487
121.609
121.749
121.903
122.069
122.246
122.431
122.623
122.82
123.022
123.227
123.434
123.642
123.851
124.056
133.226
132.021
130.923
129.925
129.037
128.236
127.505
126.837
126.227
125.67
125.161
124.699
124.283
123.912
123.586
123.304
123.065
122.87
122.717
122.606
122.536
122.51
122.506
122.527
122.574
122.643
122.73
122.834
122.952
123.082
123.222
123.37
123.526
123.687
123.853
124.022
124.194
124.368
124.543
124.718
124.891
133.329
132.206
131.184
130.26
129.44
128.703
128.035
127.428
126.877
126.376
125.923
125.514
125.147
124.823
124.541
124.298
124.094
123.929
123.801
123.709
123.653
123.634
123.632
123.652
123.693
123.753
123.829
123.917
124.018
124.128
124.246
124.372
124.503
124.639
124.779
124.922
125.066
125.213
125.36
125.508
125.653
133.424
132.374
131.419
130.559
129.799
129.12
128.507
127.954
127.454
127.004
126.599
126.236
125.914
125.631
125.387
125.178
125.004
124.864
124.757
124.683
124.638
124.625
124.626
124.644
124.682
124.734
124.8
124.876
124.962
125.056
125.157
125.264
125.375
125.49
125.608
125.729
125.851
125.974
126.099
126.224
126.346
133.512
132.525
131.63
130.826
130.119
129.49
128.927
128.421
127.967
127.562
127.2
126.878
126.595
126.348
126.136
125.957
125.809
125.692
125.603
125.543
125.508
125.5
125.504
125.522
125.556
125.603
125.66
125.726
125.8
125.881
125.967
126.058
126.153
126.251
126.351
126.453
126.556
126.661
126.766
126.872
126.975
133.593
132.661
131.817
131.063
130.403
129.819
129.298
128.835
128.422
128.056
127.733
127.447
127.198
126.983
126.8
126.647
126.522
126.424
126.352
126.303
126.277
126.273
126.279
126.297
126.328
126.37
126.421
126.479
126.543
126.613
126.687
126.764
126.845
126.928
127.014
127.1
127.188
127.277
127.366
127.455
127.543
133.666
132.781
131.983
131.273
130.653
130.109
129.626
129.2
128.824
128.494
128.204
127.95
127.732
127.545
127.387
127.257
127.153
127.072
127.013
126.976
126.957
126.958
126.966
126.984
127.013
127.051
127.096
127.147
127.203
127.264
127.328
127.394
127.464
127.535
127.607
127.681
127.756
127.831
127.906
127.982
128.056
133.732
132.888
132.129
131.456
130.872
130.362
129.914
129.521
129.178
128.878
128.619
128.394
128.203
128.041
127.906
127.796
127.709
127.643
127.597
127.569
127.557
127.561
127.57
127.589
127.616
127.651
127.691
127.736
127.786
127.838
127.894
127.951
128.011
128.072
128.134
128.197
128.26
128.324
128.388
128.452
128.515
133.79
132.981
132.255
131.615
131.062
130.582
130.163
129.8
129.486
129.215
128.982
128.784
128.616
128.477
128.362
128.271
128.2
128.148
128.112
128.092
128.087
128.094
128.106
128.125
128.152
128.184
128.221
128.262
128.305
128.352
128.4
128.45
128.501
128.554
128.607
128.66
128.714
128.769
128.823
128.877
128.93
133.842
133.061
132.363
131.75
131.224
130.769
130.377
130.04
129.752
129.506
129.298
129.123
128.977
128.858
128.762
128.686
128.629
128.589
128.563
128.55
128.549
128.56
128.573
128.593
128.618
128.648
128.682
128.718
128.757
128.798
128.84
128.884
128.928
128.973
129.019
129.065
129.111
129.157
129.203
129.25
129.294
133.887
133.128
132.452
131.863
131.358
130.926
130.557
130.243
129.978
129.755
129.569
129.415
129.289
129.188
129.109
129.048
129.005
128.975
128.959
128.954
128.959
128.973
128.99
129.011
129.036
129.066
129.097
129.131
129.167
129.203
129.241
129.279
129.318
129.357
129.396
129.436
129.475
129.514
129.553
129.592
129.629
133.924
133.181
132.523
131.952
131.466
131.053
130.704
130.41
130.165
129.963
129.797
129.662
129.554
129.47
129.406
129.359
129.326
129.307
129.298
129.298
129.306
129.322
129.34
129.361
129.386
129.414
129.444
129.475
129.507
129.54
129.573
129.607
129.641
129.675
129.71
129.744
129.777
129.811
129.844
129.878
129.909
133.954
133.223
132.577
132.019
131.547
131.15
130.817
130.542
130.315
130.131
129.984
129.867
129.776
129.707
129.658
129.625
129.605
129.596
129.597
129.606
129.621
129.642
129.664
129.688
129.715
129.743
129.773
129.803
129.833
129.864
129.895
129.925
129.955
129.985
130.015
130.044
130.073
130.102
130.13
130.157
130.184
133.978
133.253
132.616
132.067
131.606
131.22
130.901
130.64
130.43
130.262
130.131
130.03
129.954
129.9
129.863
129.84
129.829
129.827
129.833
129.845
129.863
129.885
129.908
129.932
129.959
129.986
130.014
130.043
130.071
130.099
130.127
130.155
130.182
130.209
130.236
130.262
130.287
130.312
130.336
130.36
130.383
133.995
133.27
132.637
132.094
131.64
131.264
130.956
130.708
130.511
130.357
130.24
130.154
130.093
130.054
130.033
130.025
130.029
130.042
130.06
130.084
130.111
130.14
130.169
130.198
130.229
130.259
130.288
130.317
130.346
130.374
130.4
130.426
130.451
130.476
130.499
130.522
130.543
130.564
130.585
130.604
130.623
134.003
133.267
132.628
132.085
131.634
131.265
130.967
130.731
130.547
130.408
130.306
130.233
130.185
130.156
130.142
130.141
130.149
130.164
130.185
130.211
130.24
130.271
130.301
130.331
130.362
130.392
130.421
130.449
130.477
130.503
130.529
130.553
130.577
130.599
130.621
130.641
130.661
130.68
130.698
130.715
130.732
134.001
133.246
132.595
132.045
131.591
131.224
130.932
130.705
130.534
130.41
130.324
130.27
130.243
130.238
130.249
130.273
130.306
130.344
130.385
130.427
130.469
130.509
130.548
130.586
130.622
130.656
130.689
130.72
130.749
130.776
130.802
130.826
130.849
130.87
130.89
130.909
130.926
130.943
130.958
130.973
130.987
125.737
133.172
139.072
142.365
144.221
145.369
145.928
146.067
145.94
145.643
145.24
144.777
144.284
143.783
143.288
142.807
142.346
141.907
141.493
141.103
140.737
140.395
140.076
139.778
139.5
139.241
139.001
138.776
138.568
138.373
138.192
138.023
137.865
137.717
137.578
137.448
137.325
137.209
137.101
136.998
136.902
136.811
136.725
136.644
136.568
136.497
136.429
136.365
136.304
136.247
136.192
136.14
136.091
136.044
135.998
135.955
135.913
135.873
135.834
135.797
135.76
135.725
135.69
135.656
135.623
135.592
135.56
135.53
135.501
135.475
135.446
135.429
135.395
135.407
124.726
132.722
138.888
142.414
144.368
145.52
146.054
146.163
146.008
145.685
145.262
144.782
144.276
143.765
143.263
142.776
142.311
141.869
141.453
141.062
140.696
140.354
140.035
139.737
139.46
139.203
138.963
138.74
138.533
138.34
138.16
137.992
137.835
137.688
137.551
137.421
137.3
137.185
137.078
136.976
136.88
136.79
136.705
136.626
136.55
136.479
136.412
136.349
136.289
136.232
136.178
136.127
136.078
136.031
135.987
135.944
135.902
135.863
135.824
135.787
135.751
135.716
135.681
135.648
135.616
135.584
135.553
135.523
135.494
135.468
135.44
135.423
135.389
135.401
123.975
131.533
138.35
142.329
144.463
145.663
146.192
146.275
146.087
145.735
145.287
144.787
144.266
143.743
143.232
142.739
142.269
141.824
141.406
141.014
140.647
140.306
139.987
139.691
139.415
139.158
138.92
138.699
138.493
138.301
138.123
137.957
137.802
137.656
137.52
137.392
137.272
137.158
137.052
136.951
136.857
136.768
136.684
136.605
136.531
136.461
136.394
136.332
136.273
136.217
136.163
136.113
136.064
136.018
135.974
135.931
135.891
135.851
135.813
135.777
135.741
135.706
135.672
135.639
135.607
135.576
135.545
135.516
135.487
135.461
135.433
135.416
135.382
135.395
123.578
130.509
137.65
142.06
144.457
145.752
146.304
146.38
146.17
145.789
145.314
144.791
144.252
143.716
143.194
142.693
142.218
141.77
141.35
140.957
140.59
140.249
139.931
139.636
139.362
139.107
138.871
138.651
138.447
138.258
138.081
137.917
137.763
137.62
137.485
137.359
137.24
137.128
137.023
136.924
136.831
136.743
136.66
136.582
136.509
136.44
136.375
136.313
136.255
136.199
136.147
136.097
136.049
136.004
135.96
135.918
135.878
135.839
135.802
135.765
135.73
135.696
135.662
135.63
135.598
135.567
135.537
135.508
135.479
135.454
135.426
135.409
135.376
135.388
123.694
130.122
137.074
141.657
144.315
145.755
146.357
146.442
146.224
145.827
145.332
144.789
144.231
143.68
143.147
142.638
142.157
141.706
141.284
140.89
140.523
140.183
139.866
139.573
139.3
139.048
138.814
138.596
138.395
138.208
138.033
137.871
137.72
137.579
137.446
137.322
137.205
137.095
136.991
136.893
136.802
136.715
136.634
136.557
136.485
136.417
136.353
136.292
136.235
136.181
136.129
136.08
136.033
135.988
135.945
135.904
135.864
135.826
135.789
135.753
135.719
135.685
135.652
135.62
135.588
135.558
135.528
135.499
135.471
135.446
135.418
135.402
135.369
135.381
124.07
130.227
136.788
141.309
144.081
145.644
146.326
146.443
146.223
145.817
145.313
144.761
144.191
143.628
143.085
142.568
142.082
141.627
141.203
140.809
140.443
140.104
139.789
139.498
139.228
138.979
138.747
138.533
138.334
138.15
137.979
137.819
137.671
137.532
137.402
137.279
137.165
137.057
136.955
136.859
136.769
136.684
136.604
136.529
136.459
136.392
136.329
136.269
136.213
136.16
136.109
136.061
136.015
135.971
135.929
135.888
135.849
135.812
135.776
135.74
135.706
135.673
135.64
135.609
135.578
135.548
135.518
135.49
135.462
135.437
135.41
135.394
135.361
135.374
124.569
130.591
136.742
141.138
143.874
145.455
146.198
146.364
146.162
145.751
145.237
144.678
144.106
143.542
142.997
142.477
141.987
141.53
141.105
140.711
140.347
140.01
139.698
139.41
139.144
138.897
138.669
138.459
138.264
138.083
137.915
137.759
137.614
137.478
137.351
137.231
137.119
137.013
136.914
136.82
136.732
136.649
136.571
136.498
136.429
136.364
136.302
136.244
136.189
136.137
136.087
136.04
135.995
135.952
135.911
135.871
135.833
135.796
135.761
135.726
135.693
135.66
135.628
135.597
135.567
135.537
135.508
135.48
135.452
135.428
135.401
135.386
135.353
135.366
125.247
131.017
136.747
141.054
143.735
145.265
146.007
146.203
146.028
145.628
145.111
144.541
143.96
143.395
142.855
142.342
141.858
141.405
140.983
140.592
140.23
139.897
139.589
139.305
139.043
138.801
138.578
138.372
138.181
138.005
137.841
137.689
137.548
137.416
137.292
137.176
137.067
136.964
136.867
136.776
136.691
136.61
136.534
136.463
136.396
136.332
136.273
136.216
136.163
136.112
136.063
136.017
135.974
135.932
135.891
135.853
135.816
135.78
135.745
135.711
135.678
135.646
135.615
135.585
135.555
135.525
135.497
135.47
135.442
135.418
135.392
135.377
135.345
135.357
126.22
131.45
136.608
140.85
143.546
145.063
145.791
145.988
145.826
145.439
144.93
144.36
143.772
143.199
142.654
142.144
141.671
141.231
140.821
140.44
140.086
139.759
139.457
139.179
138.923
138.687
138.47
138.269
138.084
137.913
137.755
137.608
137.472
137.344
137.225
137.113
137.007
136.908
136.814
136.726
136.643
136.566
136.492
136.423
136.358
136.297
136.239
136.185
136.133
136.084
136.037
135.992
135.95
135.909
135.87
135.833
135.796
135.761
135.728
135.695
135.663
135.631
135.601
135.571
135.542
135.513
135.485
135.458
135.432
135.408
135.382
135.367
135.336
135.348
127.371
131.815
136.242
140.356
143.105
144.672
145.463
145.71
145.573
145.194
144.689
144.123
143.539
142.966
142.417
141.902
141.428
140.995
140.598
140.233
139.896
139.583
139.293
139.025
138.778
138.55
138.34
138.148
137.97
137.806
137.654
137.513
137.383
137.261
137.146
137.039
136.938
136.843
136.753
136.669
136.59
136.515
136.445
136.378
136.316
136.257
136.202
136.149
136.1
136.052
136.007
135.964
135.923
135.884
135.847
135.81
135.775
135.741
135.709
135.677
135.646
135.615
135.586
135.556
135.528
135.5
135.473
135.446
135.42
135.397
135.372
135.357
135.326
135.339
128.185
131.858
135.501
139.363
142.199
143.883
144.799
145.182
145.163
144.864
144.398
143.848
143.268
142.694
142.144
141.629
141.154
140.72
140.326
139.968
139.645
139.351
139.08
138.83
138.599
138.384
138.185
138.002
137.834
137.678
137.535
137.402
137.278
137.163
137.055
136.953
136.858
136.768
136.683
136.603
136.528
136.457
136.39
136.327
136.268
136.212
136.16
136.11
136.062
136.017
135.974
135.933
135.894
135.857
135.82
135.786
135.752
135.719
135.688
135.657
135.627
135.598
135.569
135.541
135.513
135.486
135.459
135.433
135.408
135.385
135.361
135.346
135.316
135.329
128.099
131.229
134.224
137.673
140.505
142.36
143.495
144.119
144.329
144.224
143.909
143.466
142.951
142.406
141.863
141.345
140.863
140.424
140.026
139.67
139.351
139.066
138.81
138.578
138.367
138.173
137.992
137.825
137.67
137.526
137.393
137.27
137.155
137.048
136.948
136.854
136.765
136.681
136.601
136.527
136.456
136.39
136.327
136.269
136.213
136.161
136.111
136.065
136.02
135.978
135.937
135.898
135.861
135.826
135.791
135.758
135.726
135.695
135.665
135.636
135.607
135.578
135.551
135.523
135.497
135.47
135.444
135.42
135.395
135.373
135.349
135.335
135.305
135.318
127.069
129.838
132.403
135.35
137.983
139.921
141.275
142.193
142.729
142.94
142.901
142.686
142.354
141.948
141.503
141.044
140.588
140.151
139.744
139.375
139.045
138.755
138.5
138.277
138.081
137.905
137.747
137.601
137.466
137.34
137.222
137.112
137.009
136.912
136.822
136.736
136.655
136.579
136.506
136.438
136.373
136.313
136.255
136.201
136.15
136.102
136.057
136.013
135.972
135.933
135.895
135.859
135.825
135.791
135.759
135.728
135.698
135.668
135.64
135.612
135.584
135.557
135.531
135.505
135.479
135.454
135.429
135.405
135.381
135.359
135.336
135.322
135.294
135.307
125.302
127.777
130.075
132.597
134.959
136.877
138.367
139.505
140.324
140.852
141.136
141.231
141.178
141.015
140.771
140.474
140.146
139.802
139.457
139.117
138.791
138.489
138.215
137.975
137.77
137.595
137.447
137.319
137.207
137.105
137.01
136.92
136.833
136.751
136.672
136.598
136.527
136.459
136.395
136.334
136.277
136.223
136.172
136.124
136.078
136.035
135.994
135.955
135.917
135.882
135.848
135.815
135.783
135.752
135.723
135.694
135.666
135.639
135.612
135.586
135.56
135.534
135.509
135.484
135.46
135.436
135.412
135.389
135.365
135.345
135.322
135.309
135.282
135.295
123.045
125.275
127.386
129.607
131.723
133.563
135.11
136.389
137.412
138.191
138.751
139.128
139.355
139.46
139.468
139.4
139.274
139.104
138.902
138.679
138.445
138.208
137.972
137.743
137.526
137.331
137.161
137.019
136.905
136.813
136.737
136.672
136.612
136.553
136.493
136.434
136.376
136.319
136.264
136.213
136.164
136.118
136.075
136.033
135.994
135.957
135.921
135.887
135.855
135.824
135.793
135.764
135.736
135.709
135.682
135.656
135.63
135.605
135.581
135.557
135.533
135.509
135.485
135.462
135.439
135.416
135.393
135.371
135.349
135.329
135.308
135.295
135.269
135.283
120.556
122.581
124.529
126.524
128.44
130.181
131.728
133.084
134.246
135.213
135.995
136.61
137.078
137.422
137.661
137.815
137.9
137.928
137.912
137.858
137.773
137.664
137.537
137.397
137.25
137.1
136.95
136.805
136.671
136.554
136.459
136.386
136.331
136.289
136.255
136.222
136.188
136.151
136.112
136.073
136.034
135.997
135.962
135.928
135.897
135.867
135.838
135.81
135.783
135.757
135.731
135.707
135.682
135.659
135.636
135.613
135.59
135.568
135.546
135.524
135.502
135.481
135.459
135.437
135.416
135.394
135.373
135.352
135.331
135.312
135.292
135.28
135.255
135.269
118.104
119.939
121.725
123.524
125.266
126.897
128.404
129.78
131.017
132.107
133.051
133.855
134.528
135.082
135.529
135.883
136.159
136.367
136.522
136.63
136.701
136.741
136.753
136.742
136.71
136.661
136.599
136.527
136.448
136.365
136.279
136.194
136.116
136.05
136.001
135.965
135.941
135.923
135.908
135.891
135.872
135.851
135.829
135.806
135.784
135.762
135.741
135.72
135.7
135.68
135.66
135.641
135.621
135.602
135.583
135.564
135.545
135.526
135.507
135.488
135.469
135.449
135.43
135.41
135.391
135.371
135.351
135.332
135.312
135.294
135.275
135.264
135.24
135.256
116.117
117.757
119.371
120.983
122.558
124.064
125.493
126.835
128.081
129.223
130.256
131.179
131.995
132.706
133.32
133.845
134.287
134.658
134.965
135.218
135.425
135.592
135.727
135.833
135.914
135.971
136.008
136.025
136.025
136.011
135.985
135.951
135.912
135.868
135.823
135.779
135.741
135.712
135.694
135.685
135.68
135.677
135.672
135.665
135.655
135.644
135.632
135.62
135.607
135.594
135.581
135.567
135.553
135.539
135.525
135.51
135.495
135.48
135.464
135.448
135.432
135.415
135.398
135.381
135.363
135.345
135.327
135.309
135.291
135.275
135.257
135.247
135.224
135.241
114.807
116.248
117.679
119.107
120.513
121.882
123.204
124.472
125.676
126.81
127.866
128.841
129.733
130.541
131.266
131.912
132.483
132.983
133.419
133.796
134.121
134.4
134.638
134.84
135.011
135.155
135.274
135.371
135.448
135.506
135.547
135.574
135.588
135.593
135.591
135.582
135.569
135.552
135.534
135.518
135.507
135.503
135.505
135.509
135.513
135.515
135.515
135.512
135.508
135.502
135.496
135.489
135.481
135.472
135.462
135.452
135.442
135.43
135.418
135.406
135.392
135.379
135.364
135.349
135.334
135.318
135.302
135.286
135.269
135.254
135.237
135.229
135.207
135.226
114.146
115.388
116.632
117.877
119.114
120.334
121.53
122.695
123.822
124.904
125.934
126.907
127.819
128.668
129.452
130.17
130.824
131.414
131.945
132.419
132.841
133.214
133.542
133.831
134.083
134.302
134.493
134.658
134.801
134.922
135.026
135.112
135.182
135.238
135.281
135.314
135.337
135.353
135.363
135.366
135.365
135.362
135.36
135.361
135.367
135.376
135.386
135.394
135.401
135.404
135.406
135.405
135.403
135.4
135.396
135.391
135.385
135.378
135.369
135.36
135.351
135.34
135.328
135.316
135.303
135.289
135.275
135.261
135.246
135.232
135.217
135.209
135.189
135.21
114.045
115.094
116.154
117.22
118.289
119.356
120.415
121.46
122.485
123.485
124.453
125.385
126.276
127.122
127.92
128.667
129.363
130.006
130.598
131.139
131.632
132.078
132.479
132.84
133.162
133.45
133.705
133.93
134.13
134.305
134.46
134.596
134.715
134.819
134.909
134.985
135.048
135.1
135.142
135.174
135.199
135.217
135.23
135.237
135.243
135.249
135.258
135.27
135.283
135.296
135.308
135.316
135.321
135.324
135.326
135.326
135.324
135.322
135.318
135.312
135.306
135.299
135.29
135.281
135.27
135.259
135.247
135.234
135.221
135.209
135.195
135.189
135.17
135.193
114.387
115.258
116.144
117.042
117.95
118.866
119.784
120.701
121.612
122.511
123.396
124.259
125.098
125.908
126.686
127.427
128.13
128.793
129.414
129.993
130.53
131.026
131.481
131.897
132.275
132.619
132.929
133.208
133.459
133.683
133.884
134.063
134.223
134.366
134.494
134.607
134.708
134.797
134.873
134.938
134.992
135.036
135.072
135.1
135.121
135.137
135.149
135.16
135.172
135.186
135.201
135.217
135.231
135.243
135.251
135.257
135.26
135.262
135.263
135.261
135.259
135.255
135.25
135.243
135.235
135.226
135.217
135.206
135.195
135.185
135.172
135.167
135.15
135.176
115.057
115.769
116.498
117.243
118.003
118.776
119.558
120.347
121.139
121.931
122.718
123.497
124.265
125.016
125.748
126.457
127.139
127.793
128.417
129.007
129.564
130.086
130.573
131.026
131.445
131.831
132.184
132.508
132.803
133.07
133.312
133.531
133.729
133.907
134.067
134.212
134.343
134.461
134.567
134.661
134.745
134.817
134.879
134.931
134.973
135.008
135.036
135.058
135.075
135.09
135.104
135.119
135.136
135.153
135.169
135.182
135.192
135.199
135.205
135.208
135.209
135.209
135.207
135.203
135.198
135.192
135.185
135.176
135.167
135.158
135.147
135.145
135.128
135.159
115.952
116.527
117.118
117.728
118.356
118.998
119.655
120.322
120.999
121.682
122.369
123.056
123.741
124.42
125.089
125.747
126.389
127.013
127.616
128.195
128.75
129.278
129.778
130.249
130.692
131.105
131.489
131.845
132.174
132.477
132.754
133.008
133.239
133.45
133.641
133.815
133.972
134.116
134.245
134.363
134.47
134.567
134.653
134.729
134.795
134.851
134.898
134.937
134.97
134.996
135.017
135.034
135.05
135.066
135.083
135.101
135.118
135.132
135.143
135.151
135.156
135.16
135.161
135.161
135.159
135.156
135.151
135.145
135.137
135.131
135.121
135.12
135.105
135.141
116.984
117.444
117.919
118.414
118.926
119.454
119.998
120.555
121.124
121.704
122.292
122.887
123.485
124.085
124.684
125.279
125.866
126.445
127.011
127.562
128.097
128.613
129.108
129.582
130.032
130.457
130.859
131.236
131.588
131.916
132.22
132.502
132.761
133
133.219
133.42
133.603
133.77
133.923
134.061
134.188
134.303
134.408
134.504
134.59
134.667
134.735
134.793
134.842
134.884
134.919
134.947
134.97
134.989
135.006
135.023
135.041
135.058
135.075
135.089
135.1
135.108
135.113
135.116
135.118
135.117
135.115
135.111
135.106
135.101
135.093
135.095
135.079
135.124
118.087
118.452
118.831
119.228
119.643
120.074
120.518
120.978
121.451
121.936
122.433
122.939
123.454
123.974
124.499
125.025
125.551
126.075
126.593
127.104
127.606
128.096
128.572
129.033
129.476
129.901
130.307
130.692
131.057
131.4
131.723
132.024
132.305
132.566
132.808
133.031
133.237
133.427
133.601
133.76
133.905
134.038
134.16
134.271
134.373
134.465
134.549
134.625
134.693
134.751
134.802
134.844
134.88
134.91
134.934
134.954
134.972
134.988
135.005
135.022
135.038
135.052
135.062
135.069
135.074
135.077
135.077
135.076
135.073
135.07
135.064
135.067
135.052
135.106
119.21
119.499
119.798
120.116
120.45
120.797
121.159
121.534
121.923
122.325
122.739
123.165
123.601
124.045
124.497
124.955
125.417
125.882
126.346
126.809
127.269
127.723
128.169
128.606
129.031
129.444
129.842
130.225
130.591
130.94
131.271
131.584
131.879
132.156
132.415
132.657
132.881
133.089
133.282
133.46
133.623
133.774
133.911
134.038
134.153
134.259
134.356
134.445
134.526
134.599
134.665
134.723
134.773
134.815
134.851
134.881
134.905
134.926
134.943
134.959
134.976
134.992
135.006
135.019
135.028
135.034
135.037
135.039
135.038
135.038
135.033
135.038
135.021
135.09
120.317
120.544
120.78
121.033
121.301
121.58
121.872
122.176
122.494
122.824
123.166
123.519
123.884
124.259
124.643
125.035
125.435
125.84
126.249
126.661
127.073
127.485
127.894
128.298
128.697
129.088
129.469
129.84
130.198
130.544
130.875
131.192
131.493
131.779
132.048
132.302
132.541
132.763
132.971
133.165
133.344
133.51
133.663
133.804
133.934
134.053
134.162
134.262
134.354
134.438
134.515
134.585
134.649
134.705
134.753
134.795
134.83
134.859
134.883
134.902
134.919
134.934
134.95
134.964
134.977
134.988
134.995
135
135.002
135.003
134.999
135.008
134.987
135.076
121.383
121.562
121.747
121.948
122.162
122.386
122.62
122.866
123.124
123.392
123.673
123.964
124.267
124.579
124.902
125.234
125.575
125.923
126.278
126.638
127.002
127.368
127.736
128.104
128.469
128.831
129.189
129.539
129.882
130.216
130.54
130.852
131.153
131.44
131.715
131.975
132.222
132.455
132.674
132.88
133.072
133.251
133.417
133.572
133.714
133.846
133.967
134.079
134.181
134.275
134.362
134.441
134.514
134.58
134.641
134.694
134.741
134.78
134.814
134.841
134.864
134.882
134.898
134.912
134.925
134.938
134.949
134.958
134.963
134.967
134.964
134.976
134.948
135.067
122.394
122.534
122.679
122.839
123.01
123.188
123.376
123.574
123.782
124
124.229
124.467
124.716
124.975
125.244
125.522
125.809
126.105
126.409
126.719
127.036
127.357
127.682
128.01
128.34
128.669
128.997
129.323
129.644
129.96
130.269
130.571
130.864
131.147
131.42
131.682
131.932
132.17
132.396
132.609
132.811
133
133.177
133.342
133.497
133.64
133.773
133.895
134.008
134.112
134.208
134.296
134.377
134.451
134.52
134.582
134.639
134.689
134.733
134.77
134.802
134.827
134.848
134.864
134.878
134.89
134.902
134.912
134.92
134.928
134.927
134.942
134.902
135.064
123.34
123.45
123.564
123.691
123.827
123.97
124.12
124.279
124.446
124.623
124.808
125.003
125.206
125.419
125.641
125.873
126.113
126.362
126.619
126.883
127.155
127.433
127.717
128.005
128.297
128.592
128.888
129.185
129.48
129.774
130.064
130.35
130.63
130.903
131.169
131.426
131.674
131.913
132.141
132.359
132.565
132.761
132.946
133.12
133.284
133.436
133.579
133.712
133.835
133.949
134.054
134.151
134.24
134.322
134.397
134.466
134.53
134.588
134.641
134.688
134.729
134.763
134.791
134.814
134.832
134.846
134.858
134.868
134.876
134.885
134.886
134.906
134.85
135.074
124.218
124.304
124.394
124.495
124.603
124.717
124.838
124.965
125.1
125.242
125.392
125.55
125.716
125.89
126.073
126.264
126.463
126.671
126.887
127.11
127.341
127.579
127.824
128.074
128.33
128.59
128.853
129.119
129.387
129.655
129.922
130.187
130.45
130.709
130.963
131.211
131.453
131.688
131.914
132.132
132.34
132.539
132.729
132.909
133.079
133.239
133.389
133.53
133.662
133.785
133.899
134.004
134.102
134.192
134.275
134.351
134.421
134.485
134.544
134.597
134.646
134.689
134.726
134.757
134.781
134.801
134.816
134.827
134.835
134.843
134.843
134.867
134.795
135.092
125.026
125.094
125.165
125.245
125.332
125.423
125.52
125.622
125.73
125.845
125.966
126.094
126.229
126.371
126.521
126.678
126.843
127.015
127.195
127.382
127.577
127.779
127.988
128.203
128.424
128.65
128.881
129.117
129.355
129.596
129.839
130.082
130.324
130.565
130.804
131.04
131.271
131.497
131.718
131.932
132.138
132.337
132.528
132.711
132.885
133.05
133.206
133.354
133.493
133.623
133.744
133.858
133.963
134.061
134.151
134.234
134.311
134.381
134.445
134.504
134.558
134.607
134.651
134.69
134.722
134.749
134.769
134.785
134.795
134.804
134.803
134.828
134.751
135.092
125.767
125.821
125.876
125.941
126.01
126.083
126.161
126.243
126.33
126.423
126.52
126.624
126.734
126.85
126.972
127.101
127.236
127.379
127.528
127.684
127.847
128.017
128.194
128.377
128.566
128.761
128.962
129.168
129.378
129.592
129.809
130.028
130.249
130.47
130.691
130.911
131.128
131.343
131.554
131.761
131.963
132.158
132.348
132.53
132.705
132.873
133.033
133.185
133.329
133.464
133.592
133.712
133.825
133.929
134.027
134.117
134.2
134.277
134.347
134.412
134.47
134.524
134.573
134.617
134.656
134.689
134.716
134.738
134.753
134.765
134.766
134.79
134.732
135.029
126.443
126.485
126.529
126.58
126.637
126.695
126.757
126.823
126.894
126.969
127.048
127.132
127.221
127.315
127.415
127.52
127.632
127.749
127.872
128.002
128.138
128.28
128.429
128.584
128.745
128.912
129.084
129.262
129.446
129.633
129.825
130.02
130.218
130.419
130.62
130.822
131.024
131.225
131.425
131.621
131.815
132.004
132.189
132.369
132.543
132.71
132.871
133.025
133.173
133.312
133.445
133.57
133.688
133.799
133.902
133.999
134.089
134.172
134.248
134.318
134.383
134.441
134.494
134.542
134.585
134.623
134.656
134.683
134.704
134.72
134.728
134.747
134.739
134.87
127.057
127.091
127.125
127.167
127.212
127.26
127.31
127.363
127.42
127.48
127.545
127.613
127.685
127.762
127.844
127.93
128.021
128.117
128.219
128.327
128.439
128.558
128.683
128.813
128.949
129.091
129.238
129.391
129.549
129.713
129.88
130.053
130.228
130.407
130.589
130.773
130.957
131.143
131.328
131.513
131.696
131.877
132.054
132.229
132.399
132.564
132.724
132.878
133.026
133.169
133.304
133.433
133.555
133.671
133.78
133.882
133.977
134.066
134.148
134.224
134.294
134.358
134.415
134.467
134.514
134.556
134.592
134.623
134.649
134.669
134.685
134.695
134.741
134.641
127.612
127.639
127.666
127.7
127.737
127.775
127.816
127.859
127.905
127.955
128.007
128.062
128.121
128.184
128.251
128.321
128.396
128.476
128.56
128.648
128.742
128.841
128.945
129.054
129.168
129.288
129.414
129.544
129.68
129.821
129.967
130.117
130.271
130.43
130.592
130.757
130.924
131.093
131.263
131.434
131.605
131.775
131.944
132.111
132.275
132.435
132.592
132.745
132.892
133.035
133.172
133.303
133.428
133.547
133.66
133.766
133.867
133.96
134.048
134.129
134.204
134.273
134.336
134.393
134.443
134.488
134.528
134.562
134.59
134.613
134.634
134.634
134.707
134.428
128.115
128.136
128.158
128.186
128.216
128.247
128.28
128.316
128.353
128.393
128.436
128.481
128.53
128.581
128.636
128.694
128.755
128.821
128.89
128.963
129.041
129.123
129.21
129.301
129.397
129.498
129.604
129.715
129.831
129.952
130.077
130.208
130.343
130.482
130.625
130.771
130.921
131.074
131.228
131.385
131.542
131.701
131.859
132.016
132.172
132.326
132.478
132.627
132.772
132.913
133.049
133.181
133.308
133.429
133.545
133.655
133.759
133.857
133.949
134.035
134.115
134.188
134.256
134.317
134.372
134.421
134.464
134.5
134.531
134.554
134.576
134.569
134.628
134.309
128.565
128.582
128.6
128.622
128.647
128.673
128.7
128.729
128.76
128.793
128.828
128.865
128.905
128.947
128.992
129.04
129.091
129.145
129.202
129.263
129.328
129.396
129.468
129.545
129.625
129.71
129.8
129.894
129.993
130.096
130.204
130.316
130.433
130.555
130.68
130.81
130.943
131.079
131.218
131.36
131.504
131.65
131.796
131.943
132.09
132.237
132.382
132.525
132.666
132.804
132.939
133.07
133.196
133.319
133.436
133.548
133.655
133.757
133.852
133.942
134.026
134.104
134.176
134.241
134.301
134.354
134.4
134.439
134.472
134.495
134.516
134.505
134.531
134.292
128.973
128.987
129.001
129.02
129.04
129.062
129.084
129.108
129.134
129.161
129.19
129.221
129.253
129.288
129.326
129.365
129.407
129.452
129.5
129.55
129.604
129.661
129.721
129.785
129.853
129.925
130
130.08
130.164
130.252
130.344
130.441
130.542
130.647
130.756
130.87
130.987
131.108
131.233
131.36
131.49
131.623
131.757
131.893
132.03
132.168
132.305
132.441
132.576
132.71
132.841
132.97
133.095
133.217
133.335
133.448
133.557
133.661
133.759
133.852
133.94
134.021
134.097
134.166
134.229
134.286
134.335
134.378
134.413
134.438
134.456
134.448
134.445
134.32
129.331
129.342
129.354
129.369
129.387
129.405
129.423
129.443
129.465
129.488
129.512
129.538
129.565
129.594
129.625
129.659
129.694
129.731
129.771
129.814
129.859
129.907
129.957
130.011
130.068
130.129
130.193
130.261
130.332
130.407
130.486
130.57
130.657
130.748
130.843
130.943
131.046
131.153
131.263
131.377
131.495
131.615
131.737
131.862
131.988
132.116
132.245
132.373
132.502
132.63
132.757
132.882
133.005
133.125
133.242
133.356
133.465
133.57
133.671
133.766
133.856
133.941
134.02
134.093
134.159
134.219
134.271
134.317
134.354
134.381
134.399
134.397
134.382
134.34
129.66
129.669
129.679
129.693
129.707
129.722
129.738
129.755
129.773
129.792
129.813
129.834
129.858
129.882
129.908
129.936
129.966
129.997
130.031
130.066
130.104
130.145
130.188
130.233
130.281
130.333
130.387
130.444
130.505
130.569
130.637
130.708
130.783
130.862
130.945
131.031
131.122
131.216
131.314
131.415
131.519
131.627
131.738
131.852
131.967
132.085
132.204
132.325
132.446
132.568
132.689
132.809
132.928
133.045
133.16
133.273
133.382
133.487
133.589
133.686
133.778
133.865
133.946
134.022
134.091
134.153
134.209
134.257
134.296
134.326
134.345
134.35
134.336
134.331
129.936
129.943
129.952
129.963
129.976
129.989
130.003
130.017
130.033
130.049
130.067
130.086
130.106
130.127
130.149
130.173
130.198
130.225
130.254
130.285
130.317
130.352
130.389
130.428
130.469
130.513
130.56
130.609
130.661
130.717
130.775
130.837
130.903
130.971
131.043
131.119
131.199
131.282
131.368
131.458
131.552
131.649
131.749
131.852
131.958
132.066
132.177
132.289
132.402
132.517
132.632
132.747
132.862
132.976
133.088
133.198
133.306
133.412
133.513
133.611
133.704
133.793
133.876
133.954
134.026
134.091
134.148
134.199
134.24
134.272
134.294
134.304
134.296
134.303
130.206
130.212
130.219
130.23
130.241
130.252
130.264
130.276
130.29
130.304
130.319
130.335
130.352
130.37
130.39
130.41
130.432
130.455
130.48
130.506
130.534
130.563
130.595
130.628
130.664
130.701
130.741
130.784
130.829
130.877
130.927
130.98
131.037
131.096
131.159
131.225
131.295
131.368
131.444
131.524
131.607
131.693
131.783
131.876
131.972
132.07
132.172
132.275
132.38
132.487
132.596
132.705
132.814
132.923
133.031
133.139
133.244
133.348
133.448
133.546
133.639
133.728
133.813
133.892
133.965
134.032
134.092
134.144
134.187
134.222
134.246
134.26
134.256
134.269
130.402
130.407
130.414
130.423
130.433
130.443
130.454
130.466
130.478
130.491
130.504
130.519
130.534
130.55
130.568
130.586
130.605
130.626
130.648
130.671
130.696
130.722
130.75
130.78
130.811
130.845
130.88
130.918
130.957
131
131.044
131.092
131.142
131.195
131.25
131.309
131.371
131.436
131.505
131.576
131.651
131.729
131.811
131.895
131.983
132.074
132.167
132.263
132.362
132.462
132.564
132.667
132.772
132.876
132.981
133.085
133.189
133.29
133.39
133.486
133.58
133.67
133.755
133.835
133.91
133.978
134.039
134.093
134.139
134.175
134.201
134.219
134.219
134.236
130.638
130.642
130.648
130.657
130.666
130.675
130.684
130.695
130.705
130.717
130.729
130.742
130.755
130.77
130.785
130.801
130.818
130.836
130.856
130.876
130.898
130.921
130.945
130.971
130.998
131.028
131.058
131.091
131.126
131.163
131.202
131.243
131.287
131.333
131.382
131.433
131.488
131.545
131.605
131.668
131.735
131.804
131.877
131.953
132.032
132.114
132.199
132.286
132.376
132.469
132.564
132.66
132.758
132.856
132.956
133.055
133.154
133.252
133.349
133.443
133.535
133.623
133.708
133.787
133.862
133.93
133.992
134.047
134.094
134.131
134.159
134.179
134.182
134.203
130.744
130.747
130.753
130.761
130.77
130.779
130.788
130.798
130.808
130.819
130.831
130.843
130.856
130.87
130.884
130.9
130.916
130.933
130.951
130.97
130.991
131.012
131.035
131.059
131.085
131.112
131.141
131.171
131.203
131.238
131.274
131.312
131.352
131.395
131.44
131.488
131.538
131.591
131.647
131.705
131.767
131.832
131.9
131.97
132.044
132.121
132.201
132.283
132.369
132.457
132.547
132.639
132.733
132.829
132.925
133.022
133.119
133.215
133.31
133.404
133.495
133.583
133.668
133.748
133.823
133.892
133.955
134.011
134.059
134.098
134.127
134.149
134.154
134.179
130.998
131.002
131.008
131.015
131.023
131.031
131.04
131.049
131.058
131.068
131.079
131.09
131.101
131.114
131.127
131.14
131.155
131.17
131.186
131.203
131.221
131.24
131.261
131.282
131.304
131.328
131.353
131.38
131.408
131.438
131.469
131.503
131.538
131.575
131.614
131.656
131.7
131.746
131.795
131.847
131.901
131.958
132.017
132.08
132.145
132.214
132.285
132.359
132.436
132.515
132.597
132.681
132.766
132.854
132.943
133.032
133.122
133.212
133.302
133.39
133.476
133.56
133.64
133.717
133.789
133.856
133.917
133.971
134.017
134.056
134.084
134.106
134.111
134.138
134.832
135.613
136.312
136.922
137.447
137.893
138.269
138.584
138.846
139.063
139.241
139.388
139.508
139.605
139.683
139.746
139.796
139.835
139.866
139.889
139.906
139.919
139.927
139.933
139.936
139.937
139.937
139.936
139.933
139.93
139.927
139.923
139.919
139.915
139.91
139.906
139.902
139.897
139.893
139.889
139.886
134.822
135.583
136.268
136.866
137.382
137.825
138.201
138.519
138.787
139.011
139.197
139.352
139.481
139.586
139.673
139.744
139.802
139.848
139.885
139.914
139.937
139.955
139.968
139.977
139.984
139.988
139.99
139.99
139.989
139.987
139.985
139.981
139.977
139.973
139.969
139.964
139.959
139.954
139.949
139.944
139.939
134.812
135.561
136.238
136.829
137.343
137.787
138.167
138.492
138.767
139
139.196
139.361
139.499
139.614
139.71
139.788
139.853
139.906
139.949
139.983
140.01
140.03
140.046
140.057
140.066
140.071
140.074
140.075
140.074
140.072
140.07
140.066
140.062
140.057
140.051
140.046
140.04
140.034
140.027
140.021
140.015
134.805
135.553
136.232
136.825
137.343
137.791
138.178
138.51
138.794
139.036
139.242
139.416
139.563
139.687
139.791
139.878
139.949
140.009
140.057
140.097
140.128
140.152
140.171
140.186
140.196
140.203
140.208
140.21
140.21
140.208
140.206
140.202
140.197
140.191
140.185
140.178
140.171
140.163
140.155
140.147
140.139
134.797
135.553
136.24
136.838
137.362
137.818
138.213
138.554
138.848
139.101
139.317
139.502
139.659
139.793
139.906
140.002
140.082
140.149
140.204
140.249
140.285
140.313
140.335
140.352
140.365
140.373
140.378
140.381
140.381
140.379
140.376
140.371
140.365
140.358
140.35
140.342
140.332
140.323
140.313
140.302
140.292
134.788
135.556
136.255
136.862
137.396
137.862
138.268
138.621
138.927
139.192
139.421
139.619
139.789
139.934
140.058
140.164
140.253
140.328
140.39
140.441
140.483
140.515
140.541
140.561
140.575
140.585
140.591
140.594
140.594
140.592
140.588
140.582
140.575
140.566
140.556
140.545
140.534
140.522
140.509
140.496
140.483
134.779
135.564
136.279
136.899
137.446
137.926
138.346
138.714
139.035
139.315
139.559
139.77
139.954
140.112
140.248
140.365
140.464
140.548
140.618
140.676
140.723
140.759
140.788
140.811
140.828
140.839
140.846
140.849
140.848
140.845
140.84
140.832
140.823
140.812
140.8
140.786
140.772
140.757
140.741
140.724
140.708
134.769
135.577
136.314
136.952
137.516
138.013
138.45
138.835
139.173
139.469
139.729
139.957
140.155
140.328
140.477
140.606
140.716
140.81
140.888
140.953
141.007
141.047
141.08
141.106
141.124
141.136
141.143
141.146
141.145
141.141
141.134
141.124
141.112
141.099
141.084
141.067
141.049
141.03
141.01
140.99
140.969
134.76
135.597
136.36
137.02
137.605
138.123
138.579
138.984
139.341
139.657
139.935
140.18
140.395
140.583
140.747
140.889
141.012
141.116
141.204
141.276
141.336
141.381
141.418
141.446
141.466
141.479
141.487
141.489
141.487
141.481
141.472
141.459
141.445
141.428
141.409
141.388
141.366
141.343
141.318
141.293
141.268
134.75
135.623
136.418
137.104
137.714
138.256
138.735
139.162
139.541
139.878
140.177
140.441
140.675
140.881
141.061
141.217
141.353
141.468
141.566
141.647
141.714
141.763
141.804
141.836
141.857
141.871
141.878
141.88
141.876
141.868
141.856
141.84
141.821
141.8
141.777
141.752
141.725
141.696
141.667
141.636
141.605
134.742
135.655
136.488
137.204
137.845
138.413
138.919
139.371
139.775
140.136
140.457
140.743
140.998
141.223
141.42
141.593
141.743
141.871
141.98
142.07
142.144
142.199
142.243
142.277
142.301
142.315
142.321
142.321
142.315
142.304
142.288
142.269
142.245
142.219
142.191
142.16
142.127
142.093
142.057
142.019
141.983
134.734
135.695
136.571
137.324
137.998
138.598
139.134
139.615
140.046
140.434
140.78
141.09
141.367
141.613
141.83
142.021
142.186
142.328
142.449
142.549
142.63
142.691
142.739
142.776
142.8
142.814
142.819
142.817
142.808
142.793
142.773
142.748
142.72
142.688
142.653
142.615
142.575
142.534
142.491
142.446
142.402
134.728
135.743
136.669
137.463
138.176
138.812
139.382
139.895
140.357
140.774
141.149
141.486
141.788
142.057
142.295
142.505
142.688
142.845
142.978
143.089
143.179
143.244
143.297
143.336
143.361
143.374
143.377
143.372
143.359
143.339
143.313
143.283
143.247
143.208
143.165
143.12
143.072
143.022
142.97
142.917
142.864
134.724
135.801
136.783
137.625
138.382
139.058
139.666
140.215
140.713
141.163
141.568
141.935
142.264
142.559
142.821
143.052
143.254
143.428
143.575
143.697
143.795
143.866
143.922
143.963
143.988
144
144
143.991
143.972
143.946
143.914
143.875
143.832
143.784
143.732
143.677
143.619
143.559
143.497
143.433
143.37
134.723
135.871
136.916
137.811
138.618
139.34
139.991
140.581
141.117
141.604
142.044
142.443
142.804
143.127
143.415
143.669
143.892
144.083
144.246
144.379
144.486
144.563
144.622
144.664
144.688
144.697
144.693
144.678
144.653
144.619
144.578
144.53
144.476
144.418
144.355
144.289
144.219
144.148
144.074
143.997
143.922
134.726
135.953
137.069
138.026
138.888
139.662
140.361
140.997
141.576
142.104
142.583
143.019
143.414
143.768
144.085
144.365
144.61
144.821
145
145.146
145.262
145.344
145.405
145.447
145.469
145.474
145.464
145.441
145.407
145.364
145.311
145.252
145.185
145.114
145.038
144.958
144.874
144.788
144.7
144.61
144.52
134.735
136.051
137.247
138.272
139.198
140.03
140.783
141.47
142.098
142.672
143.194
143.671
144.103
144.493
144.841
145.15
145.42
145.652
145.847
146.007
146.132
146.217
146.281
146.321
146.339
146.337
146.319
146.286
146.241
146.184
146.118
146.044
145.962
145.875
145.783
145.686
145.586
145.483
145.378
145.27
145.164
134.75
136.167
137.453
138.556
139.553
140.45
141.264
142.009
142.691
143.317
143.887
144.409
144.884
145.313
145.696
146.036
146.333
146.588
146.801
146.974
147.107
147.196
147.259
147.296
147.306
147.295
147.266
147.22
147.159
147.087
147.003
146.911
146.81
146.703
146.591
146.474
146.354
146.231
146.105
145.978
145.851
134.775
136.304
137.692
138.882
139.959
140.93
141.813
142.622
143.367
144.05
144.675
145.247
145.769
146.242
146.664
147.039
147.365
147.644
147.876
148.062
148.203
148.293
148.352
148.382
148.383
148.359
148.314
148.25
148.17
148.076
147.971
147.855
147.731
147.6
147.464
147.323
147.178
147.03
146.881
146.729
146.58
134.811
136.467
137.97
139.259
140.426
141.479
142.44
143.324
144.137
144.886
145.572
146.201
146.777
147.298
147.764
148.176
148.534
148.839
149.091
149.289
149.435
149.522
149.575
149.594
149.58
149.538
149.471
149.384
149.278
149.158
149.024
148.88
148.726
148.566
148.399
148.228
148.054
147.877
147.699
147.52
147.342
134.862
136.661
138.293
139.694
140.963
142.111
143.16
144.127
145.019
145.842
146.597
147.291
147.927
148.502
149.016
149.47
149.863
150.195
150.465
150.674
150.822
150.903
150.944
150.946
150.91
150.842
150.746
150.628
150.489
150.334
150.164
149.984
149.793
149.596
149.393
149.186
148.976
148.765
148.552
148.34
148.13
134.931
136.892
138.67
140.199
141.585
142.84
143.99
145.051
146.034
146.941
147.774
148.542
149.245
149.881
150.449
150.948
151.378
151.738
152.026
152.241
152.386
152.453
152.474
152.451
152.384
152.28
152.147
151.987
151.805
151.605
151.39
151.163
150.928
150.685
150.437
150.186
149.934
149.681
149.428
149.176
148.928
135.023
137.169
139.114
140.788
142.307
143.685
144.95
146.121
147.206
148.21
149.133
149.984
150.764
151.468
152.096
152.644
153.113
153.499
153.802
154.019
154.151
154.195
154.186
154.124
154.014
153.862
153.677
153.462
153.224
152.967
152.694
152.41
152.118
151.819
151.517
151.214
150.91
150.607
150.307
150.01
149.719
135.145
137.501
139.637
141.479
143.151
144.67
146.068
147.365
148.569
149.685
150.71
151.657
152.524
153.305
153.998
154.599
155.107
155.518
155.829
156.038
156.146
156.152
156.096
155.98
155.809
155.592
155.337
155.051
154.74
154.409
154.064
153.708
153.345
152.979
152.611
152.244
151.88
151.52
151.165
150.816
150.475
135.304
137.903
140.259
142.294
144.143
145.826
147.379
148.823
150.165
151.411
152.555
153.611
154.577
155.445
156.209
156.866
157.411
157.84
158.149
158.336
158.4
158.345
158.221
158.028
157.774
157.468
157.121
156.741
156.336
155.912
155.476
155.031
154.582
154.133
153.687
153.246
152.811
152.385
151.968
151.56
151.164
135.51
138.392
141.003
143.263
145.319
147.195
148.93
150.545
152.051
153.447
154.729
155.911
156.99
157.954
158.795
159.507
160.084
160.52
160.809
160.949
160.94
160.795
160.571
160.271
159.901
159.476
159.008
158.507
157.982
157.441
156.892
156.338
155.786
155.239
154.701
154.173
153.658
153.157
152.671
152.2
151.745
135.777
138.989
141.9
144.426
146.725
148.83
150.78
152.6
154.299
155.874
157.317
158.644
159.851
160.92
161.84
162.602
163.198
163.62
163.861
163.918
163.792
163.51
163.146
162.695
162.169
161.586
160.96
160.304
159.629
158.944
158.257
157.573
156.899
156.238
155.594
154.97
154.366
153.783
153.223
152.685
152.17
136.122
139.727
142.993
145.837
148.427
150.805
153.015
155.081
157.011
158.799
160.431
161.926
163.276
164.457
165.452
166.25
166.84
167.211
167.356
167.273
166.965
166.484
165.92
165.263
164.53
163.741
162.914
162.064
161.204
160.345
159.494
158.659
157.844
157.055
156.294
155.565
154.865
154.198
153.563
152.958
152.385
136.569
140.645
144.341
147.568
150.513
153.225
155.752
158.118
160.328
162.37
164.224
165.911
167.418
168.71
169.765
170.569
171.105
171.362
171.335
171.025
170.443
169.675
168.836
167.903
166.898
165.846
164.768
163.682
162.602
161.539
160.501
159.495
158.527
157.599
156.715
155.876
155.081
154.331
153.624
152.958
152.335
137.146
141.803
146.025
149.727
153.11
156.237
159.158
161.896
164.45
166.8
168.913
170.814
172.481
173.869
174.944
175.689
176.087
176.127
175.809
175.144
174.155
172.984
171.774
170.48
169.132
167.756
166.378
165.016
163.685
162.395
161.153
159.966
158.837
157.768
156.761
155.817
154.933
154.108
153.341
152.627
151.968
137.898
143.283
148.167
152.47
156.41
160.065
163.487
166.694
169.677
172.397
174.806
176.932
178.742
180.172
181.181
181.748
181.859
181.512
180.721
179.517
177.944
176.225
174.535
172.79
171.025
169.27
167.551
165.885
164.285
162.758
161.31
159.943
158.659
157.458
156.34
155.304
154.346
153.464
152.655
151.913
151.24
138.869
145.181
150.916
155.997
160.659
164.998
169.066
172.87
176.382
179.537
182.26
184.587
186.466
187.813
188.58
188.753
188.334
187.343
185.824
183.842
181.473
179.056
176.783
174.513
172.281
170.119
168.047
166.078
164.218
162.47
160.835
159.312
157.898
156.589
155.385
154.282
153.274
152.359
151.534
150.791
150.134
140.124
147.58
154.381
160.436
166.011
171.209
176.079
180.607
184.731
188.339
191.327
193.737
195.501
196.515
196.742
196.195
194.912
192.962
190.44
187.459
184.137
180.939
178.055
175.26
172.585
170.054
167.678
165.46
163.397
161.485
159.717
158.086
156.587
155.211
153.957
152.819
151.791
150.87
150.056
149.34
148.729
141.641
150.458
158.525
165.741
172.404
178.619
184.42
189.755
194.505
198.488
201.571
203.819
205.151
205.468
204.774
203.142
200.679
197.523
193.833
189.772
185.493
181.573
178.164
174.943
171.929
169.136
166.559
164.187
162.008
160.008
158.174
156.494
154.958
153.556
152.284
151.138
150.111
149.202
148.414
147.74
147.193
143.349
153.795
163.376
171.979
179.937
187.342
194.189
200.364
205.662
209.809
212.67
214.359
214.815
213.986
211.962
208.914
205.043
200.565
195.693
190.626
185.525
181.042
177.261
173.761
170.544
167.61
164.939
162.507
160.291
158.27
156.425
154.741
153.204
151.804
150.534
149.393
148.374
147.481
146.719
146.09
145.611
145.196
157.598
168.987
179.244
188.73
197.497
205.457
212.402
218.019
221.942
224.096
224.701
223.766
221.345
217.662
213.01
207.681
201.945
196.043
190.173
184.477
179.637
175.652
172.018
168.723
165.754
163.077
160.656
158.461
156.466
154.648
152.988
151.471
150.086
148.827
147.692
146.678
145.792
145.047
144.451
144.035
147.132
161.889
175.441
187.659
198.913
209.172
218.206
225.673
231.165
234.267
235.097
234.047
231.252
226.925
221.449
215.222
208.585
201.82
195.151
188.745
182.702
177.699
173.652
170.003
166.725
163.797
161.173
158.809
156.671
154.729
152.958
151.337
149.849
148.484
147.236
146.104
145.087
144.195
143.447
142.863
142.492
149.084
166.691
182.825
197.35
210.592
222.367
232.234
239.713
244.386
245.922
244.805
241.635
236.699
230.395
223.241
215.678
208.033
200.55
193.408
186.722
180.546
175.528
171.522
167.937
164.737
161.894
159.356
157.075
155.011
153.135
151.419
149.842
148.387
147.042
145.802
144.667
143.636
142.724
141.952
141.354
140.997
150.97
172.033
191.24
208.43
223.799
236.9
247.05
253.731
256.71
255.969
252.469
246.972
239.891
231.802
223.296
214.765
206.46
198.565
191.203
184.437
178.278
173.344
169.44
165.963
162.873
160.138
157.7
155.509
153.526
151.718
150.059
148.525
147.101
145.774
144.539
143.396
142.344
141.398
140.58
139.941
139.556
152.709
177.963
200.804
220.985
238.421
252.311
261.832
266.688
267.133
263.669
257.701
249.977
241.003
231.515
222.084
212.96
204.3
196.236
188.837
182.124
176.075
171.278
167.507
164.158
161.19
158.567
156.232
154.132
152.227
150.485
148.879
147.386
145.989
144.678
143.445
142.29
141.211
140.225
139.342
138.638
138.171
154.231
184.567
211.654
235.016
254.099
267.787
275.48
277.527
274.917
268.743
260.578
250.946
240.476
230.055
220.105
210.689
201.898
193.83
186.511
179.925
174.034
169.398
165.769
162.553
159.706
157.194
154.957
152.942
151.109
149.428
147.869
146.412
145.04
143.74
142.507
141.341
140.233
139.203
138.243
137.459
136.839
155.501
191.967
223.9
250.318
270.099
282.201
286.877
285.519
279.867
271.428
261.529
250.365
238.835
227.922
217.766
208.26
199.482
191.512
184.336
177.916
172.203
167.732
164.243
161.153
158.421
156.01
153.863
151.925
150.158
148.529
147.013
145.588
144.236
142.946
141.712
140.532
139.397
138.323
137.282
136.409
135.559
156.513
200.33
237.55
266.355
285.347
294.408
295.292
290.525
282.335
272.29
261.087
248.719
236.549
225.502
215.341
205.865
197.191
189.375
182.371
176.13
170.596
166.285
162.926
159.951
157.321
155.002
152.934
151.065
149.354
147.772
146.293
144.894
143.559
142.278
141.042
139.851
138.689
137.576
136.455
135.491
134.334
157.33
209.834
252.39
282.214
298.649
303.607
300.589
292.933
282.957
271.939
259.705
246.404
233.984
223.062
212.999
203.619
195.1
187.464
180.638
174.572
169.207
165.043
161.802
158.93
156.39
154.15
152.152
150.341
148.679
147.137
145.689
144.313
142.993
141.718
140.48
139.278
138.095
136.947
135.753
134.7
133.17
158.008
220.402
267.643
296.574
308.968
309.522
303.126
293.413
282.407
270.887
257.744
243.766
231.422
220.766
210.838
201.59
193.245
185.789
179.135
173.232
168.02
163.988
160.851
158.07
155.61
153.439
151.501
149.74
148.121
146.613
145.192
143.834
142.526
141.256
140.016
138.806
137.604
136.426
135.172
134.035
132.088
158.535
231.564
282.223
308.369
315.965
312.538
303.639
292.728
281.28
269.525
255.483
241.109
229.08
218.708
208.902
199.801
191.631
184.342
177.843
172.087
167.012
163.093
160.038
157.331
154.939
152.83
150.944
149.227
147.644
146.166
144.768
143.428
142.13
140.866
139.626
138.409
137.194
135.992
134.695
133.484
131.091
157.377
243.242
295.937
317.601
320.174
313.447
302.889
291.454
279.969
268.103
253.064
238.617
227.163
217.069
207.341
198.372
190.359
183.213
176.843
171.207
166.24
162.445
159.464
156.811
154.469
152.404
150.556
148.869
147.312
145.854
144.471
143.141
141.85
140.589
139.348
138.125
136.899
135.679
134.353
133.097
130.272
159.604
256.588
307.473
323.008
321.64
312.499
300.68
288.966
277.636
265.735
249.486
234.894
224.145
214.531
205.045
196.323
188.559
181.64
175.476
170.024
165.217
161.51
158.655
156.092
153.826
151.829
150.038
148.399
146.882
145.455
144.098
142.786
141.509
140.256
139.017
137.794
136.561
135.325
133.979
132.686
129.714
139.882
139.88
139.879
139.876
139.874
139.871
139.869
139.866
139.862
139.859
139.855
139.851
139.847
139.842
139.837
139.831
139.825
139.819
139.812
139.804
139.796
139.786
139.777
139.766
139.754
139.741
139.728
139.712
139.696
139.678
139.659
139.638
139.614
139.589
139.562
139.532
139.5
139.465
139.427
139.386
139.342
139.294
139.242
139.186
139.127
139.063
138.994
138.921
138.843
138.76
138.673
138.581
138.485
138.384
138.279
138.17
138.057
137.941
137.823
137.703
137.581
137.458
137.335
137.212
137.091
136.971
136.853
136.738
136.627
136.521
136.42
136.324
136.239
136.149
139.935
139.934
139.932
139.93
139.927
139.924
139.921
139.918
139.914
139.91
139.906
139.902
139.897
139.892
139.886
139.88
139.873
139.866
139.858
139.849
139.84
139.83
139.819
139.807
139.794
139.78
139.765
139.748
139.73
139.71
139.689
139.666
139.641
139.614
139.584
139.552
139.518
139.481
139.44
139.397
139.35
139.3
139.246
139.188
139.126
139.06
138.989
138.914
138.835
138.751
138.663
138.57
138.473
138.371
138.266
138.157
138.045
137.93
137.812
137.692
137.571
137.449
137.327
137.204
137.083
136.964
136.847
136.732
136.622
136.515
136.415
136.317
136.237
136.135
140.009
140.009
140.007
140.004
140.001
139.998
139.995
139.992
139.988
139.984
139.979
139.975
139.969
139.964
139.958
139.951
139.944
139.936
139.928
139.918
139.908
139.898
139.886
139.873
139.859
139.844
139.827
139.809
139.79
139.769
139.746
139.721
139.694
139.665
139.634
139.599
139.563
139.523
139.48
139.434
139.384
139.331
139.274
139.213
139.148
139.079
139.005
138.927
138.845
138.758
138.666
138.571
138.471
138.367
138.259
138.148
138.034
137.917
137.798
137.677
137.554
137.432
137.309
137.186
137.065
136.946
136.829
136.715
136.605
136.499
136.4
136.302
136.224
136.108
140.132
140.131
140.129
140.126
140.123
140.12
140.117
140.113
140.109
140.104
140.099
140.094
140.088
140.082
140.075
140.068
140.06
140.051
140.041
140.031
140.02
140.007
139.994
139.979
139.964
139.946
139.928
139.908
139.886
139.862
139.836
139.808
139.778
139.745
139.71
139.672
139.631
139.586
139.539
139.488
139.434
139.375
139.313
139.247
139.177
139.102
139.023
138.94
138.853
138.761
138.665
138.565
138.461
138.354
138.243
138.129
138.013
137.894
137.773
137.651
137.528
137.405
137.282
137.16
137.039
136.92
136.804
136.692
136.583
136.478
136.379
136.281
136.205
136.076
140.282
140.281
140.28
140.277
140.273
140.269
140.266
140.261
140.257
140.252
140.246
140.24
140.233
140.226
140.218
140.21
140.201
140.191
140.18
140.168
140.155
140.141
140.125
140.109
140.091
140.071
140.049
140.026
140.001
139.974
139.944
139.912
139.878
139.841
139.801
139.758
139.712
139.662
139.609
139.552
139.491
139.427
139.358
139.286
139.209
139.128
139.043
138.953
138.86
138.762
138.661
138.556
138.448
138.336
138.221
138.104
137.985
137.864
137.741
137.618
137.494
137.371
137.248
137.127
137.007
136.89
136.775
136.663
136.556
136.452
136.355
136.257
136.182
136.044
140.471
140.47
140.468
140.464
140.46
140.456
140.451
140.446
140.441
140.435
140.428
140.421
140.413
140.405
140.396
140.386
140.375
140.363
140.35
140.336
140.321
140.304
140.286
140.267
140.245
140.222
140.197
140.17
140.14
140.109
140.074
140.037
139.997
139.955
139.908
139.859
139.806
139.75
139.689
139.625
139.557
139.485
139.409
139.328
139.244
139.155
139.062
138.966
138.865
138.761
138.653
138.542
138.428
138.312
138.193
138.073
137.95
137.827
137.703
137.579
137.455
137.331
137.209
137.088
136.97
136.854
136.741
136.631
136.526
136.424
136.328
136.23
136.158
136.015
140.693
140.691
140.689
140.685
140.68
140.675
140.669
140.663
140.657
140.65
140.642
140.633
140.624
140.614
140.603
140.591
140.578
140.564
140.548
140.531
140.513
140.493
140.471
140.448
140.423
140.395
140.365
140.333
140.298
140.261
140.221
140.177
140.131
140.081
140.027
139.97
139.909
139.845
139.776
139.703
139.626
139.545
139.46
139.37
139.277
139.18
139.078
138.974
138.865
138.754
138.639
138.522
138.403
138.282
138.159
138.034
137.909
137.784
137.658
137.533
137.409
137.286
137.165
137.045
136.928
136.814
136.703
136.596
136.492
136.392
136.299
136.203
136.131
135.99
140.951
140.949
140.946
140.941
140.935
140.929
140.922
140.915
140.907
140.898
140.888
140.878
140.866
140.854
140.841
140.826
140.81
140.793
140.774
140.753
140.731
140.707
140.681
140.653
140.622
140.589
140.554
140.515
140.474
140.429
140.382
140.33
140.276
140.217
140.155
140.089
140.018
139.944
139.865
139.782
139.695
139.604
139.509
139.41
139.306
139.2
139.089
138.976
138.859
138.74
138.619
138.496
138.371
138.244
138.117
137.99
137.862
137.735
137.608
137.483
137.358
137.236
137.116
136.998
136.883
136.771
136.662
136.557
136.456
136.359
136.268
136.174
136.104
135.97
141.246
141.243
141.239
141.233
141.225
141.217
141.209
141.2
141.19
141.179
141.167
141.154
141.14
141.125
141.108
141.09
141.071
141.049
141.026
141.001
140.974
140.945
140.913
140.878
140.841
140.802
140.759
140.713
140.663
140.61
140.553
140.493
140.429
140.36
140.287
140.21
140.129
140.044
139.954
139.86
139.762
139.659
139.553
139.443
139.329
139.213
139.093
138.97
138.846
138.719
138.591
138.461
138.331
138.2
138.069
137.939
137.809
137.68
137.553
137.427
137.304
137.182
137.063
136.947
136.834
136.725
136.619
136.517
136.419
136.324
136.236
136.145
136.076
135.954
141.579
141.575
141.57
141.562
141.552
141.542
141.532
141.52
141.508
141.494
141.479
141.463
141.445
141.426
141.405
141.383
141.359
141.332
141.304
141.273
141.24
141.204
141.165
141.123
141.078
141.03
140.978
140.923
140.864
140.8
140.733
140.662
140.586
140.506
140.421
140.332
140.239
140.141
140.038
139.932
139.822
139.707
139.589
139.468
139.343
139.216
139.087
138.956
138.823
138.689
138.554
138.418
138.283
138.149
138.015
137.882
137.75
137.621
137.493
137.368
137.245
137.125
137.008
136.895
136.784
136.677
136.574
136.475
136.38
136.289
136.203
136.116
136.048
135.941
141.952
141.945
141.939
141.928
141.916
141.904
141.89
141.876
141.86
141.842
141.824
141.803
141.781
141.757
141.731
141.703
141.673
141.64
141.605
141.567
141.526
141.482
141.435
141.384
141.329
141.271
141.209
141.142
141.072
140.996
140.917
140.833
140.744
140.651
140.552
140.45
140.343
140.231
140.115
139.996
139.872
139.745
139.615
139.482
139.347
139.209
139.071
138.931
138.79
138.649
138.508
138.368
138.228
138.09
137.954
137.819
137.687
137.557
137.43
137.306
137.184
137.066
136.951
136.84
136.732
136.628
136.528
136.432
136.34
136.252
136.17
136.087
136.019
135.928
142.365
142.356
142.347
142.334
142.318
142.302
142.285
142.267
142.246
142.224
142.201
142.175
142.147
142.117
142.085
142.05
142.013
141.972
141.928
141.881
141.831
141.777
141.719
141.657
141.591
141.521
141.446
141.367
141.283
141.194
141.1
141.002
140.898
140.79
140.677
140.559
140.437
140.311
140.181
140.047
139.91
139.771
139.628
139.484
139.338
139.19
139.043
138.894
138.747
138.599
138.453
138.309
138.166
138.025
137.887
137.752
137.619
137.49
137.364
137.241
137.121
137.005
136.893
136.785
136.68
136.579
136.482
136.389
136.3
136.216
136.136
136.058
135.991
135.915
142.82
142.808
142.796
142.779
142.759
142.739
142.717
142.693
142.667
142.64
142.61
142.578
142.543
142.505
142.465
142.421
142.374
142.324
142.27
142.213
142.151
142.085
142.015
141.94
141.86
141.776
141.686
141.592
141.493
141.388
141.278
141.164
141.044
140.92
140.79
140.657
140.519
140.378
140.233
140.085
139.934
139.781
139.627
139.471
139.315
139.158
139.002
138.847
138.693
138.541
138.39
138.242
138.097
137.955
137.816
137.68
137.548
137.42
137.295
137.174
137.057
136.944
136.834
136.729
136.627
136.529
136.436
136.346
136.261
136.179
136.103
136.029
135.964
135.9
143.319
143.302
143.286
143.264
143.239
143.213
143.185
143.155
143.122
143.087
143.049
143.009
142.965
142.918
142.868
142.814
142.756
142.694
142.627
142.557
142.481
142.401
142.316
142.226
142.131
142.03
141.924
141.813
141.696
141.574
141.447
141.314
141.177
141.035
140.889
140.738
140.584
140.427
140.267
140.105
139.941
139.776
139.61
139.444
139.278
139.113
138.95
138.788
138.629
138.473
138.319
138.169
138.022
137.879
137.74
137.605
137.474
137.347
137.225
137.106
136.992
136.881
136.775
136.673
136.574
136.48
136.39
136.303
136.221
136.143
136.069
136
135.936
135.884
143.861
143.84
143.818
143.789
143.758
143.724
143.689
143.651
143.609
143.565
143.518
143.467
143.412
143.353
143.291
143.224
143.152
143.076
142.995
142.909
142.818
142.721
142.619
142.511
142.397
142.278
142.154
142.023
141.887
141.746
141.6
141.448
141.292
141.132
140.968
140.801
140.63
140.457
140.283
140.107
139.93
139.753
139.576
139.401
139.227
139.055
138.886
138.719
138.556
138.396
138.241
138.089
137.942
137.799
137.661
137.527
137.398
137.274
137.154
137.038
136.926
136.819
136.716
136.617
136.522
136.431
136.344
136.261
136.182
136.107
136.037
135.971
135.909
135.866
144.448
144.42
144.391
144.354
144.314
144.272
144.227
144.178
144.126
144.07
144.011
143.947
143.879
143.806
143.729
143.646
143.559
143.466
143.367
143.263
143.153
143.037
142.915
142.788
142.654
142.514
142.369
142.217
142.061
141.899
141.732
141.561
141.386
141.207
141.025
140.84
140.654
140.466
140.277
140.088
139.9
139.712
139.526
139.343
139.162
138.984
138.81
138.64
138.474
138.313
138.156
138.004
137.858
137.716
137.579
137.448
137.321
137.199
137.082
136.97
136.861
136.758
136.658
136.562
136.471
136.383
136.299
136.22
136.144
136.072
136.005
135.943
135.883
135.847
145.079
145.042
145.003
144.957
144.906
144.852
144.795
144.734
144.668
144.599
144.524
144.445
144.361
144.271
144.176
144.075
143.968
143.856
143.737
143.612
143.48
143.343
143.199
143.049
142.893
142.73
142.562
142.389
142.211
142.027
141.84
141.648
141.453
141.256
141.056
140.855
140.653
140.451
140.249
140.049
139.85
139.654
139.46
139.27
139.083
138.901
138.724
138.552
138.384
138.223
138.066
137.915
137.77
137.63
137.496
137.367
137.243
137.125
137.011
136.902
136.797
136.697
136.601
136.509
136.42
136.336
136.256
136.179
136.106
136.038
135.973
135.915
135.857
135.827
145.751
145.703
145.652
145.593
145.529
145.461
145.389
145.312
145.231
145.144
145.051
144.953
144.849
144.74
144.624
144.501
144.372
144.237
144.095
143.947
143.791
143.63
143.461
143.287
143.107
142.92
142.729
142.532
142.331
142.126
141.917
141.706
141.492
141.277
141.061
140.844
140.628
140.413
140.2
139.989
139.782
139.578
139.378
139.183
138.993
138.808
138.629
138.456
138.289
138.127
137.972
137.823
137.68
137.543
137.412
137.286
137.166
137.05
136.94
136.835
136.734
136.637
136.544
136.456
136.371
136.29
136.213
136.14
136.07
136.005
135.943
135.887
135.831
135.806
146.461
146.398
146.333
146.258
146.177
146.092
146.002
145.906
145.804
145.697
145.583
145.463
145.336
145.203
145.063
144.916
144.762
144.601
144.433
144.258
144.077
143.889
143.695
143.494
143.289
143.077
142.862
142.642
142.418
142.191
141.962
141.731
141.5
141.268
141.036
140.806
140.577
140.351
140.129
139.91
139.696
139.486
139.282
139.084
138.892
138.706
138.527
138.354
138.188
138.028
137.876
137.729
137.589
137.455
137.327
137.205
137.088
136.977
136.871
136.769
136.672
136.579
136.49
136.405
136.324
136.246
136.172
136.102
136.035
135.972
135.913
135.86
135.806
135.785
147.202
147.122
147.037
146.943
146.842
146.735
146.623
146.505
146.379
146.247
146.109
145.963
145.81
145.649
145.482
145.307
145.125
144.936
144.739
144.537
144.327
144.112
143.89
143.663
143.432
143.195
142.956
142.713
142.467
142.22
141.971
141.723
141.475
141.228
140.983
140.741
140.502
140.267
140.037
139.813
139.594
139.381
139.174
138.975
138.782
138.597
138.418
138.247
138.083
137.927
137.777
137.634
137.497
137.367
137.243
137.125
137.012
136.905
136.803
136.705
136.611
136.522
136.437
136.355
136.278
136.203
136.132
136.065
136.001
135.941
135.884
135.834
135.782
135.764
147.964
147.862
147.754
147.636
147.511
147.379
147.241
147.095
146.942
146.782
146.614
146.439
146.256
146.065
145.867
145.662
145.449
145.23
145.004
144.772
144.533
144.289
144.04
143.787
143.53
143.269
143.006
142.741
142.476
142.21
141.944
141.68
141.417
141.158
140.902
140.65
140.404
140.163
139.927
139.699
139.477
139.263
139.056
138.856
138.665
138.481
138.305
138.137
137.976
137.823
137.677
137.538
137.406
137.28
137.16
137.046
136.938
136.835
136.736
136.642
136.553
136.467
136.386
136.308
136.233
136.162
136.094
136.03
135.968
135.911
135.856
135.809
135.759
135.743
148.733
148.603
148.468
148.322
148.167
148.006
147.837
147.66
147.475
147.283
147.083
146.875
146.659
146.436
146.205
145.968
145.723
145.473
145.216
144.954
144.686
144.415
144.139
143.86
143.579
143.295
143.011
142.727
142.443
142.16
141.88
141.602
141.328
141.059
140.795
140.536
140.284
140.039
139.801
139.571
139.349
139.134
138.929
138.731
138.542
138.362
138.189
138.025
137.868
137.719
137.578
137.443
137.316
137.194
137.079
136.97
136.865
136.766
136.672
136.582
136.497
136.415
136.337
136.262
136.19
136.122
136.057
135.996
135.937
135.882
135.83
135.785
135.736
135.723
149.489
149.327
149.159
148.979
148.791
148.595
148.391
148.18
147.96
147.732
147.496
147.253
147.003
146.745
146.481
146.211
145.934
145.652
145.366
145.074
144.779
144.481
144.181
143.879
143.576
143.272
142.969
142.668
142.369
142.073
141.78
141.492
141.21
140.934
140.664
140.401
140.146
139.899
139.661
139.431
139.21
138.998
138.795
138.601
138.416
138.239
138.071
137.911
137.76
137.616
137.479
137.35
137.227
137.11
137
136.895
136.795
136.7
136.61
136.524
136.442
136.364
136.289
136.218
136.15
136.084
136.022
135.963
135.907
135.854
135.804
135.762
135.714
135.704
150.205
150.007
149.8
149.583
149.356
149.122
148.88
148.63
148.373
148.108
147.835
147.556
147.27
146.979
146.681
146.379
146.072
145.76
145.446
145.128
144.808
144.486
144.164
143.842
143.52
143.2
142.881
142.566
142.255
141.949
141.648
141.353
141.065
140.784
140.512
140.248
139.992
139.746
139.509
139.282
139.064
138.855
138.657
138.467
138.287
138.115
137.953
137.798
137.652
137.514
137.382
137.258
137.14
137.029
136.923
136.822
136.727
136.637
136.55
136.468
136.39
136.315
136.244
136.176
136.11
136.048
135.988
135.932
135.878
135.828
135.779
135.739
135.693
135.685
150.85
150.61
150.361
150.102
149.834
149.559
149.277
148.987
148.691
148.388
148.079
147.765
147.446
147.122
146.794
146.462
146.128
145.79
145.451
145.111
144.77
144.429
144.089
143.75
143.413
143.08
142.75
142.425
142.106
141.792
141.486
141.187
140.897
140.615
140.342
140.079
139.825
139.582
139.349
139.125
138.912
138.709
138.516
138.332
138.157
137.992
137.835
137.686
137.546
137.413
137.287
137.168
137.056
136.949
136.848
136.753
136.662
136.575
136.493
136.415
136.34
136.269
136.201
136.135
136.073
136.013
135.956
135.902
135.85
135.802
135.756
135.718
135.672
135.666
151.383
151.097
150.803
150.5
150.19
149.874
149.552
149.224
148.891
148.553
148.211
147.866
147.517
147.165
146.811
146.456
146.098
145.74
145.382
145.024
144.667
144.311
143.957
143.606
143.259
142.916
142.579
142.248
141.924
141.607
141.299
140.999
140.709
140.428
140.158
139.898
139.649
139.41
139.182
138.965
138.757
138.561
138.374
138.196
138.028
137.869
137.719
137.576
137.442
137.315
137.195
137.082
136.974
136.873
136.777
136.685
136.599
136.517
136.438
136.364
136.292
136.224
136.159
136.097
136.037
135.98
135.925
135.873
135.824
135.778
135.733
135.697
135.653
135.648
151.758
151.427
151.088
150.742
150.392
150.037
149.679
149.317
148.952
148.586
148.217
147.847
147.475
147.103
146.731
146.358
145.985
145.612
145.241
144.871
144.502
144.137
143.774
143.416
143.063
142.715
142.374
142.04
141.714
141.397
141.09
140.792
140.505
140.229
139.963
139.709
139.465
139.233
139.012
138.801
138.601
138.412
138.232
138.062
137.901
137.748
137.605
137.469
137.341
137.22
137.106
136.998
136.896
136.799
136.708
136.621
136.539
136.461
136.386
136.315
136.247
136.182
136.12
136.06
136.003
135.949
135.896
135.846
135.799
135.755
135.711
135.677
135.634
135.631
151.924
151.552
151.173
150.79
150.405
150.019
149.633
149.247
148.861
148.475
148.09
147.705
147.321
146.938
146.555
146.174
145.793
145.413
145.035
144.658
144.284
143.914
143.547
143.186
142.83
142.481
142.139
141.806
141.482
141.168
140.865
140.572
140.29
140.02
139.761
139.514
139.278
139.053
138.84
138.637
138.445
138.264
138.092
137.929
137.776
137.631
137.494
137.365
137.243
137.128
137.02
136.917
136.82
136.729
136.642
136.56
136.481
136.407
136.336
136.269
136.204
136.142
136.083
136.026
135.971
135.919
135.868
135.821
135.775
135.733
135.691
135.658
135.616
135.615
151.833
151.428
151.019
150.61
150.204
149.801
149.401
149.004
148.611
148.22
147.832
147.446
147.062
146.678
146.296
145.914
145.533
145.153
144.774
144.397
144.022
143.651
143.284
142.923
142.568
142.22
141.882
141.552
141.233
140.924
140.627
140.341
140.067
139.804
139.554
139.315
139.088
138.873
138.668
138.475
138.291
138.118
137.954
137.8
137.654
137.516
137.386
137.264
137.149
137.04
136.937
136.84
136.748
136.661
136.579
136.501
136.427
136.356
136.289
136.224
136.163
136.104
136.047
135.993
135.94
135.89
135.842
135.796
135.752
135.712
135.671
135.64
135.599
135.599
151.437
151.017
150.598
150.181
149.771
149.371
148.978
148.59
148.209
147.832
147.457
147.085
146.714
146.342
145.969
145.596
145.221
144.846
144.471
144.097
143.725
143.356
142.992
142.634
142.283
141.94
141.606
141.283
140.97
140.669
140.38
140.103
139.838
139.586
139.345
139.116
138.899
138.693
138.498
138.314
138.14
137.975
137.82
137.674
137.536
137.406
137.283
137.167
137.058
136.955
136.858
136.766
136.68
136.597
136.519
136.445
136.375
136.308
136.244
136.183
136.124
136.068
136.014
135.962
135.911
135.863
135.817
135.773
135.731
135.692
135.653
135.623
135.582
135.584
150.701
150.291
149.889
149.491
149.106
148.735
148.375
148.023
147.677
147.334
146.992
146.649
146.303
145.953
145.598
145.238
144.875
144.508
144.14
143.771
143.404
143.039
142.68
142.327
141.981
141.645
141.318
141.003
140.7
140.408
140.129
139.862
139.608
139.366
139.136
138.919
138.712
138.517
138.332
138.157
137.993
137.837
137.69
137.552
137.422
137.299
137.183
137.074
136.972
136.874
136.783
136.696
136.614
136.536
136.463
136.392
136.326
136.262
136.201
136.143
136.087
136.033
135.982
135.932
135.884
135.838
135.793
135.751
135.71
135.673
135.635
135.607
135.567
135.57
149.614
149.249
148.9
148.557
148.232
147.926
147.632
147.345
147.059
146.772
146.479
146.178
145.866
145.544
145.21
144.867
144.515
144.157
143.796
143.432
143.07
142.711
142.356
142.009
141.671
141.343
141.025
140.72
140.426
140.146
139.878
139.623
139.38
139.15
138.932
138.726
138.53
138.345
138.171
138.006
137.851
137.704
137.566
137.436
137.314
137.198
137.089
136.986
136.889
136.798
136.711
136.63
136.552
136.479
136.409
136.343
136.279
136.219
136.161
136.106
136.052
136.001
135.952
135.904
135.858
135.814
135.771
135.73
135.691
135.655
135.618
135.592
135.552
135.557
148.262
147.979
147.724
147.476
147.249
147.044
146.849
146.652
146.448
146.231
145.996
145.74
145.464
145.167
144.852
144.521
144.177
143.825
143.467
143.107
142.749
142.394
142.045
141.704
141.373
141.054
140.746
140.45
140.168
139.899
139.642
139.399
139.168
138.95
138.743
138.547
138.363
138.188
138.023
137.868
137.721
137.583
137.453
137.33
137.215
137.106
137.003
136.906
136.815
136.728
136.647
136.569
136.496
136.426
136.36
136.297
136.237
136.179
136.124
136.071
136.02
135.971
135.924
135.878
135.834
135.791
135.75
135.711
135.673
135.638
135.602
135.577
135.538
135.544
146.801
146.633
146.507
146.389
146.294
146.218
146.142
146.051
145.935
145.788
145.606
145.39
145.14
144.86
144.554
144.228
143.886
143.534
143.177
142.818
142.461
142.109
141.764
141.43
141.106
140.794
140.496
140.21
139.938
139.679
139.434
139.201
138.981
138.773
138.577
138.391
138.216
138.05
137.894
137.747
137.608
137.477
137.354
137.238
137.128
137.025
136.928
136.836
136.749
136.667
136.589
136.516
136.446
136.38
136.317
136.257
136.199
136.144
136.091
136.04
135.992
135.944
135.899
135.855
135.812
135.771
135.731
135.693
135.656
135.622
135.587
135.563
135.525
135.531
145.309
145.284
145.321
145.365
145.431
145.506
145.563
145.58
145.548
145.463
145.323
145.132
144.896
144.621
144.315
143.985
143.639
143.283
142.923
142.562
142.206
141.856
141.515
141.186
140.869
140.565
140.275
139.998
139.736
139.487
139.251
139.028
138.818
138.619
138.432
138.255
138.088
137.93
137.782
137.641
137.509
137.385
137.267
137.157
137.053
136.954
136.862
136.774
136.691
136.613
136.539
136.469
136.402
136.339
136.278
136.22
136.165
136.112
136.061
136.013
135.965
135.92
135.876
135.833
135.792
135.752
135.713
135.676
135.64
135.608
135.574
135.55
135.512
135.52
143.826
143.97
144.205
144.446
144.698
144.939
145.131
145.251
145.29
145.251
145.136
144.956
144.72
144.439
144.124
143.785
143.43
143.067
142.702
142.339
141.982
141.633
141.296
140.972
140.661
140.364
140.081
139.813
139.559
139.319
139.092
138.877
138.675
138.485
138.305
138.136
137.976
137.825
137.683
137.549
137.423
137.304
137.192
137.086
136.986
136.892
136.803
136.72
136.64
136.565
136.494
136.427
136.363
136.302
136.243
136.188
136.135
136.084
136.035
135.987
135.942
135.898
135.855
135.813
135.773
135.734
135.697
135.661
135.625
135.594
135.56
135.538
135.5
135.509
142.372
142.711
143.183
143.656
144.116
144.527
144.848
145.055
145.148
145.135
145.029
144.844
144.596
144.301
143.971
143.619
143.253
142.881
142.51
142.144
141.786
141.439
141.105
140.785
140.479
140.188
139.913
139.652
139.405
139.172
138.953
138.746
138.552
138.368
138.195
138.033
137.879
137.734
137.598
137.469
137.348
137.233
137.125
137.024
136.928
136.837
136.752
136.671
136.595
136.523
136.454
136.389
136.328
136.269
136.212
136.159
136.107
136.058
136.01
135.964
135.92
135.877
135.836
135.795
135.756
135.718
135.681
135.646
135.612
135.581
135.548
135.527
135.489
135.498
140.95
141.513
142.266
143.008
143.688
144.265
144.699
144.974
145.099
145.093
144.979
144.778
144.511
144.196
143.848
143.48
143.102
142.721
142.344
141.974
141.615
141.27
140.938
140.622
140.321
140.036
139.766
139.511
139.271
139.045
138.833
138.633
138.444
138.267
138.1
137.943
137.795
137.655
137.523
137.399
137.282
137.171
137.067
136.969
136.877
136.789
136.707
136.629
136.555
136.485
136.419
136.356
136.296
136.239
136.185
136.132
136.082
136.034
135.988
135.944
135.9
135.859
135.818
135.779
135.74
135.703
135.667
135.633
135.599
135.569
135.537
135.516
135.479
135.488
139.561
140.377
141.461
142.506
143.408
144.134
144.66
144.981
145.117
145.103
144.969
144.744
144.452
144.114
143.746
143.363
142.972
142.583
142.2
141.827
141.468
141.123
140.793
140.48
140.184
139.903
139.639
139.39
139.156
138.935
138.728
138.534
138.351
138.179
138.017
137.865
137.721
137.585
137.458
137.337
137.224
137.117
137.016
136.921
136.831
136.746
136.666
136.591
136.519
136.451
136.387
136.326
136.268
136.212
136.159
136.109
136.06
136.013
135.968
135.924
135.882
135.841
135.802
135.763
135.726
135.689
135.654
135.62
135.587
135.558
135.526
135.506
135.469
135.479
138.209
139.302
140.771
142.147
143.258
144.11
144.706
145.049
145.179
145.144
144.983
144.729
144.41
144.049
143.662
143.263
142.861
142.464
142.076
141.7
141.34
140.995
140.668
140.358
140.065
139.789
139.529
139.285
139.055
138.84
138.638
138.448
138.27
138.102
137.945
137.796
137.656
137.525
137.4
137.283
137.173
137.069
136.971
136.878
136.791
136.708
136.631
136.557
136.487
136.421
136.359
136.299
136.242
136.188
136.136
136.087
136.039
135.994
135.949
135.907
135.866
135.826
135.787
135.749
135.712
135.676
135.642
135.609
135.576
135.547
135.516
135.496
135.459
135.47
136.905
138.285
140.196
141.921
143.213
144.166
144.81
145.157
145.267
145.204
145.011
144.726
144.38
143.996
143.591
143.178
142.766
142.361
141.968
141.59
141.229
140.885
140.56
140.252
139.962
139.69
139.434
139.194
138.968
138.757
138.559
138.373
138.199
138.035
137.881
137.736
137.6
137.471
137.35
137.236
137.128
137.026
136.93
136.84
136.755
136.674
136.598
136.527
136.458
136.394
136.333
136.275
136.219
136.166
136.115
136.067
136.02
135.976
135.932
135.891
135.85
135.811
135.773
135.736
135.699
135.664
135.63
135.598
135.565
135.537
135.506
135.487
135.45
135.461
135.671
137.32
139.74
141.81
143.249
144.28
144.95
145.284
145.367
145.27
145.045
144.73
144.358
143.953
143.531
143.105
142.683
142.272
141.875
141.495
141.133
140.79
140.466
140.161
139.874
139.604
139.351
139.114
138.893
138.685
138.49
138.308
138.137
137.977
137.826
137.684
137.55
137.424
137.305
137.193
137.088
136.988
136.895
136.806
136.723
136.644
136.57
136.499
136.433
136.369
136.309
136.252
136.198
136.146
136.096
136.049
136.003
135.959
135.917
135.876
135.836
135.797
135.76
135.723
135.688
135.653
135.619
135.587
135.556
135.527
135.497
135.478
135.442
135.453
134.527
136.403
139.399
141.789
143.339
144.428
145.107
145.418
145.469
145.338
145.08
144.737
144.341
143.916
143.479
143.042
142.612
142.195
141.795
141.413
141.051
140.708
140.385
140.081
139.797
139.529
139.279
139.045
138.827
138.622
138.43
138.251
138.083
137.925
137.777
137.638
137.506
137.383
137.266
137.156
137.052
136.955
136.862
136.776
136.694
136.616
136.543
136.474
136.409
136.347
136.288
136.232
136.179
136.128
136.079
136.032
135.987
135.944
135.902
135.862
135.823
135.785
135.748
135.712
135.677
135.643
135.609
135.578
135.546
135.519
135.488
135.47
135.434
135.445
133.48
135.54
139.173
141.833
143.465
144.595
145.267
145.55
145.568
145.403
145.114
144.744
144.327
143.885
143.435
142.988
142.551
142.129
141.726
141.342
140.979
140.637
140.315
140.013
139.73
139.465
139.217
138.985
138.769
138.567
138.378
138.201
138.035
137.88
137.734
137.597
137.467
137.346
137.231
137.122
137.02
136.924
136.834
136.748
136.668
136.592
136.52
136.452
136.388
136.327
136.269
136.214
136.161
136.111
136.063
136.017
135.973
135.93
135.889
135.849
135.81
135.773
135.737
135.701
135.666
135.633
135.6
135.569
135.538
135.51
135.48
135.462
135.427
135.438
132.509
134.736
139.038
141.916
143.613
144.767
145.423
145.674
145.659
145.463
145.145
144.752
144.316
143.859
143.397
142.941
142.498
142.072
141.666
141.281
140.917
140.575
140.254
139.953
139.671
139.408
139.162
138.933
138.719
138.519
138.332
138.157
137.993
137.84
137.696
137.56
137.433
137.313
137.199
137.092
136.992
136.897
136.808
136.724
136.644
136.569
136.499
136.432
136.368
136.308
136.251
136.197
136.145
136.095
136.048
136.003
135.959
135.917
135.876
135.837
135.799
135.762
135.726
135.691
135.657
135.623
135.591
135.56
135.529
135.502
135.473
135.455
135.419
135.431
131.57
134.082
138.998
142.021
143.767
144.934
145.568
145.789
145.742
145.516
145.173
144.76
144.306
143.836
143.364
142.901
142.452
142.023
141.614
141.227
140.863
140.521
140.201
139.901
139.621
139.359
139.115
138.887
138.674
138.476
138.291
138.118
137.956
137.804
137.662
137.528
137.402
137.283
137.171
137.066
136.966
136.873
136.784
136.701
136.623
136.549
136.479
136.413
136.35
136.291
136.235
136.181
136.13
136.081
136.034
135.99
135.946
135.905
135.865
135.826
135.788
135.752
135.716
135.682
135.648
135.615
135.583
135.552
135.522
135.495
135.466
135.448
135.413
135.425
130.432
133.504
138.991
142.142
143.924
145.091
145.699
145.891
145.815
145.563
145.198
144.766
144.298
143.816
143.336
142.866
142.413
141.98
141.569
141.181
140.816
140.474
140.154
139.855
139.576
139.315
139.073
138.846
138.635
138.438
138.255
138.083
137.923
137.772
137.631
137.499
137.374
137.256
137.146
137.041
136.943
136.85
136.763
136.681
136.603
136.53
136.461
136.396
136.334
136.275
136.22
136.167
136.116
136.068
136.022
135.977
135.935
135.894
135.854
135.816
135.778
135.742
135.707
135.673
135.639
135.607
135.575
135.544
135.514
135.488
135.459
135.441
135.406
135.419
129.435
133.38
139.007
142.248
144.073
145.233
145.817
145.981
145.88
145.604
145.22
144.772
144.291
143.799
143.311
142.836
142.378
141.942
141.53
141.141
140.776
140.434
140.114
139.815
139.537
139.277
139.035
138.81
138.6
138.405
138.223
138.052
137.893
137.744
137.604
137.473
137.349
137.232
137.123
137.019
136.922
136.83
136.744
136.662
136.585
136.513
136.445
136.38
136.319
136.261
136.206
136.153
136.103
136.056
136.01
135.966
135.924
135.883
135.844
135.806
135.769
135.733
135.698
135.664
135.631
135.599
135.567
135.537
135.508
135.481
135.452
135.435
135.401
135.413
)
;

boundaryField
{
    inlet
    {
        type            freestreamPressure;
        value           nonuniform List<scalar> 
230
(
130.998
131.002
131.008
131.015
131.023
131.031
131.04
131.049
131.058
131.068
131.079
131.09
131.101
131.114
131.127
131.14
131.155
131.17
131.186
131.203
131.221
131.24
131.261
131.282
131.304
131.328
131.353
131.38
131.408
131.438
131.469
131.503
131.538
131.575
131.614
131.656
131.7
131.746
131.795
131.847
131.901
131.958
132.017
132.08
132.145
132.214
132.285
132.359
132.436
132.515
132.597
132.681
132.766
132.854
132.943
133.032
133.122
133.212
133.302
133.39
133.476
133.56
133.64
133.717
133.789
133.856
133.917
133.971
134.017
134.056
134.084
134.106
134.111
134.138
134.001
133.246
132.595
132.045
131.591
131.224
130.932
130.705
130.534
130.41
130.324
130.27
130.243
130.238
130.249
130.273
130.306
130.344
130.385
130.427
130.469
130.509
130.548
130.586
130.622
130.656
130.689
130.72
130.749
130.776
130.802
130.826
130.849
130.87
130.89
130.909
130.926
130.943
130.958
130.973
130.987
134.832
135.613
136.312
136.922
137.447
137.893
138.269
138.584
138.846
139.063
139.241
139.388
139.508
139.605
139.683
139.746
139.796
139.835
139.866
139.889
139.906
139.919
139.927
139.933
139.936
139.937
139.937
139.936
139.933
139.93
139.927
139.923
139.919
139.915
139.91
139.906
139.902
139.897
139.893
139.889
139.886
139.882
139.88
139.879
139.876
139.874
139.871
139.869
139.866
139.862
139.859
139.855
139.851
139.847
139.842
139.837
139.831
139.825
139.819
139.812
139.804
139.796
139.786
139.777
139.766
139.754
139.741
139.728
139.712
139.696
139.678
139.659
139.638
139.614
139.589
139.562
139.532
139.5
139.465
139.427
139.386
139.342
139.294
139.242
139.186
139.127
139.063
138.994
138.921
138.843
138.76
138.673
138.581
138.485
138.384
138.279
138.17
138.057
137.941
137.823
137.703
137.581
137.458
137.335
137.212
137.091
136.971
136.853
136.738
136.627
136.521
136.42
136.324
136.239
136.149
)
;
    }
    outlet
    {
        type            freestreamPressure;
        value           nonuniform List<scalar> 
96
(
135.407
135.401
135.395
135.388
135.381
135.374
135.366
135.357
135.348
135.339
135.329
135.318
135.307
135.295
135.283
135.269
135.256
135.241
135.226
135.21
135.193
135.176
135.159
135.141
135.124
135.106
135.09
135.076
135.067
135.064
135.074
135.092
135.092
135.029
134.87
134.641
134.428
134.309
134.292
134.32
134.34
134.331
134.303
134.269
134.236
134.203
134.179
134.138
136.149
136.135
136.108
136.076
136.044
136.015
135.99
135.97
135.954
135.941
135.928
135.915
135.9
135.884
135.866
135.847
135.827
135.806
135.785
135.764
135.743
135.723
135.704
135.685
135.666
135.648
135.631
135.615
135.599
135.584
135.57
135.557
135.544
135.531
135.52
135.509
135.498
135.488
135.479
135.47
135.461
135.453
135.445
135.438
135.431
135.425
135.419
135.413
)
;
    }
    walls
    {
        type            zeroGradient;
    }
    frontAndBack
    {
        type            empty;
    }
}


// ************************************************************************* //
