# Wall shear stress
# Time       	patch        	min          	max          
0.000000e+00	walls	(-9.799634e-02 1.195137e-02 -2.331598e-20)	(-6.287595e-02 4.001220e-02 2.776155e-20)
5.000000e+01	walls	(-4.765393e-01 -7.368635e-02 -2.408224e-18)	(1.294533e-01 1.810776e+00 2.812940e-18)
1.000000e+02	walls	(-4.675261e-01 -6.969758e-02 -1.940104e-18)	(1.472797e-01 1.606888e+00 2.725672e-18)
1.500000e+02	walls	(-5.279522e-01 -8.163543e-02 -7.554112e-19)	(2.181589e-01 1.076418e+00 1.405337e-18)
2.000000e+02	walls	(-5.219847e-01 -9.835857e-02 -5.257021e-19)	(6.457658e-02 1.030693e+00 9.039474e-19)
2.500000e+02	walls	(-5.191360e-01 -9.410839e-02 -7.393086e-19)	(6.368276e-02 1.263366e+00 1.360770e-18)
3.000000e+02	walls	(-5.050343e-01 -8.536429e-02 -9.928783e-19)	(7.652530e-02 1.462484e+00 1.886063e-18)
3.500000e+02	walls	(-4.978172e-01 -8.283831e-02 -9.661196e-19)	(1.100699e-01 1.377348e+00 1.838751e-18)
4.000000e+02	walls	(-5.150375e-01 -8.875728e-02 -7.222252e-19)	(1.168799e-01 1.158709e+00 1.323495e-18)
4.500000e+02	walls	(-5.180838e-01 -9.421851e-02 -6.434881e-19)	(7.953390e-02 1.143602e+00 1.166492e-18)
5.000000e+02	walls	(-5.153180e-01 -9.163479e-02 -7.627680e-19)	(7.444847e-02 1.263892e+00 1.409692e-18)
