/*--------------------------------*- C++ -*----------------------------------*\
| =========                 |                                                 |
| \\      /  F ield         | OpenFOAM: The Open Source CFD Toolbox           |
|  \\    /   O peration     | Version:  5.x                                   |
|   \\  /    A nd           | Web:      www.OpenFOAM.org                      |
|    \\/     M anipulation  |                                                 |
\*---------------------------------------------------------------------------*/
FoamFile
{
    version     2.0;
    format      ascii;
    class       volScalarField;
    location    "350";
    object      p;
}
// * * * * * * * * * * * * * * * * * * * * * * * * * * * * * * * * * * * * * //

dimensions      [0 2 -2 0 0 0 0];

internalField   nonuniform List<scalar> 
11040
(
0.0107132
-53.7491
-181.592
-216.362
-228.084
-235.268
-236.129
-230.634
-220.636
-206.736
-188.689
-161.027
-134.417
-115.419
-102.063
-87.8315
-73.397
-59.7674
-46.8642
-34.4172
-22.3868
-12.0146
-3.36324
4.70989
12.2416
19.2376
25.6879
31.5782
36.8756
41.5256
45.4604
48.6336
51.0656
52.8368
54.097
54.9406
55.186
54.8734
54.9381
57.0824
56.9561
19.1851
-32.857
-115.227
-157.41
-179.653
-195.993
-205.637
-207.868
-204.08
-195.216
-181.413
-158.443
-134.276
-115.609
-101.963
-87.8957
-73.6225
-60.0607
-47.1968
-34.7802
-22.7676
-12.417
-3.74563
4.34705
11.8997
18.9202
25.3999
31.3249
36.6601
41.349
45.3255
48.5433
51.0143
52.8084
54.0843
54.9553
55.2303
54.8953
54.7344
56.3302
55.8985
31.9473
-18.5783
-77.9259
-127.301
-156.827
-176.411
-188.612
-193.281
-191.67
-184.864
-173.426
-154.363
-132.538
-114.312
-100.619
-87.076
-73.2031
-59.8473
-47.1255
-34.8229
-22.892
-12.5804
-3.92892
4.15045
11.6964
18.717
25.2042
31.143
36.4975
41.2115
45.2202
48.4748
50.9795
52.7999
54.0913
54.9832
55.2868
54.9697
54.7235
55.8831
55.2545
40.794
-4.39578
-48.8762
-93.9763
-125.421
-147.774
-163.698
-172.575
-174.812
-171.422
-163.24
-148.283
-129.38
-112.184
-98.6684
-85.7147
-72.3616
-59.3181
-46.8187
-34.6944
-22.8949
-12.6675
-4.06481
3.98276
11.5081
18.5181
25.0045
30.9514
36.322
41.061
45.1036
48.3985
50.9442
52.7997
54.1095
55.011
55.3336
55.0367
54.7479
55.6205
55.1038
47.6872
8.93764
-25.619
-64.2331
-95.8541
-120.063
-138.456
-150.53
-156.182
-156.125
-151.232
-140.342
-124.84
-109.219
-96.1057
-83.7674
-71.061
-58.4563
-46.2689
-34.3987
-22.7979
-12.7064
-4.18539
3.80261
11.2841
18.2645
24.7356
30.6799
36.061
40.8242
44.9055
48.2519
50.8553
52.7653
54.1094
55.0228
55.3664
55.1029
54.7882
55.5226
55.3246
52.8895
20.5709
-6.99636
-39.0489
-68.3626
-92.6001
-112.225
-126.698
-135.434
-138.699
-137.198
-130.335
-118.542
-105.053
-92.7345
-81.1237
-69.1992
-57.1746
-45.401
-33.8678
-22.5401
-12.6377
-4.24186
3.64811
11.0528
17.975
24.4065
30.329
35.7062
40.4853
44.6041
48.0091
50.6853
52.671
54.0718
55.0112
55.3909
55.194
54.8913
55.585
55.7245
56.8022
30.3011
7.92385
-18.2921
-43.9357
-66.6832
-86.2403
-101.969
-113.008
-119.207
-120.966
-117.963
-110.045
-99.2687
-88.2984
-77.64
-66.6497
-55.3674
-44.1366
-33.0405
-22.0712
-12.4228
-4.20493
3.54228
10.8309
17.6594
24.0197
29.8929
35.2444
40.024
44.1732
47.6394
50.4011
52.4846
53.9705
54.9642
55.4101
55.326
55.0991
55.7936
56.2489
59.7433
38.1788
19.848
-1.45731
-23.0702
-43.3221
-61.6953
-77.5115
-89.845
-98.2473
-102.803
-103.257
-99.1164
-91.4596
-82.4215
-73.0599
-63.2098
-52.8698
-42.3506
-31.82
-21.3179
-12.0074
-4.03235
3.51737
10.6417
17.3325
23.5806
29.3677
34.6614
39.4162
43.5792
47.1008
49.9554
52.1573
53.7626
54.8553
55.4179
55.5055
55.4288
56.1738
56.8948
61.9383
44.4118
29.3227
12.0404
-5.77496
-23.0962
-39.5098
-54.4171
-66.9934
-76.6683
-83.287
-86.5595
-85.805
-81.376
-74.7366
-67.0728
-58.6224
-49.4604
-39.8648
-30.0655
-20.1659
-11.2957
-3.64267
3.63958
10.5386
17.0373
23.123
28.7772
33.9701
38.6622
42.8082
46.3652
49.3067
51.6381
53.3956
54.6428
55.3917
55.7275
55.8866
56.7629
57.6532
63.5473
49.267
36.8063
22.785
8.27956
-6.12997
-20.2178
-33.5494
-45.4817
-55.479
-63.2675
-68.526
-70.4977
-69.0588
-65.0304
-59.408
-52.6318
-44.8934
-36.4608
-27.5976
-18.4682
-10.1626
-2.92644
4.00261
10.6018
16.8441
22.71
28.1782
33.221
37.8044
41.8914
45.4477
48.451
50.9034
52.8297
54.2796
55.2846
55.9501
56.4379
57.5329
58.522
64.6983
53.0122
42.6933
31.3025
19.5614
7.78086
-3.96403
-15.4108
-26.1045
-35.6349
-43.7229
-50.0612
-53.9195
-54.9168
-53.3713
-49.9396
-45.0468
-38.9489
-31.9125
-24.2092
-16.0482
-8.45782
-1.75206
4.72223
10.9329
16.8437
22.425
27.6506
32.4925
36.9207
40.9049
44.4188
47.4464
49.9914
52.0766
53.7458
55.0422
56.0824
56.9635
58.334
59.4524
65.4978
55.8871
47.3196
38.0464
28.5613
19.0235
9.41955
-0.117757
-9.29753
-17.8454
-25.5443
-32.1415
-37.013
-39.6944
-40.1849
-38.809
-35.8409
-31.5047
-26.0408
-19.7012
-12.7109
-6.00351
0.0402938
5.94282
11.6619
17.1526
22.3742
27.2933
31.8802
36.1064
39.9459
43.3784
46.3929
48.9954
51.2103
53.0792
54.6493
56.0369
57.3006
58.9325
60.2652
66.0377
58.0959
50.9661
43.3974
35.7313
28.0438
20.2801
12.4926
4.85074
-2.47378
-9.34824
-15.5938
-20.7271
-24.3152
-26.2051
-26.4843
-25.2503
-22.6291
-18.7935
-13.9448
-8.28852
-2.62204
2.62499
7.83257
12.9479
17.9188
22.6944
27.2333
31.5024
35.4732
39.122
42.4318
45.3943
48.0165
50.3218
52.3471
54.1355
55.7875
57.3484
59.1475
60.7284
66.3944
59.8049
53.8611
47.6671
41.4602
35.2715
29.0325
22.7525
16.5237
10.445
4.58429
-0.950675
-5.81265
-9.65605
-12.2913
-13.6797
-13.7914
-12.6458
-10.3271
-6.9628
-2.70936
1.80882
6.14855
10.5527
14.9599
19.3125
23.5515
27.6293
31.5091
35.1613
38.5624
41.6964
44.556
47.1462
49.4872
51.6066
53.5374
55.3535
57.0942
58.9461
60.67
66.6266
61.1428
56.1825
51.1011
46.0643
41.079
36.0772
31.0476
26.0372
21.0984
16.2625
11.5813
7.28953
3.63787
0.792324
-1.16599
-2.14739
-2.09964
-1.02942
1.01051
3.92686
7.28223
10.6633
14.1986
17.8241
21.4807
25.1057
28.6469
32.0649
35.3295
38.4166
41.3095
43.9993
46.4875
48.788
50.9182
52.8983
54.7752
56.578
58.3963
60.1164
66.7878
62.2162
58.0741
53.8951
49.7971
45.774
41.7641
37.7481
33.7483
29.7902
25.8845
22.0506
18.4398
15.2237
12.525
10.422
9.0133
8.37909
8.55873
9.55492
11.3316
13.6227
16.0787
18.7487
21.5734
24.498
27.4621
30.4138
33.3129
36.1282
38.8353
41.4165
43.8607
46.1649
48.3359
50.3807
52.3079
54.1438
55.9056
57.6309
59.2617
66.9367
63.1228
59.664
56.2203
52.8778
49.6234
46.4032
43.1965
40.0126
36.8628
33.7472
30.6704
27.7263
25.0281
22.6594
20.6796
19.1713
18.2121
17.8567
18.1363
19.0527
20.4714
22.1231
24.0108
26.0862
28.3033
30.6094
32.9581
35.3118
37.6406
39.9202
42.132
44.2626
46.3052
48.2603
50.1277
51.9072
53.6116
55.2485
56.8303
58.3283
67.0684
63.8549
60.9355
58.0607
55.2975
52.6275
50.004
47.4082
44.8433
42.3139
39.8164
37.3506
34.9752
32.7632
30.7697
29.0361
27.6236
26.595
26.0012
25.8805
26.2516
27.0612
28.1132
29.3909
30.8588
32.4809
34.2153
36.0232
37.8727
39.7373
41.5945
43.4264
45.2188
46.9622
48.6532
50.2867
51.8577
53.3716
54.8303
56.2352
57.5733
67.1751
64.4258
61.9239
59.4838
57.1592
54.9285
52.7512
50.6108
48.5072
46.4417
44.4094
42.4079
40.4767
38.6645
37.0073
35.5336
34.2873
33.3153
32.6587
32.3524
32.4189
32.8479
33.4977
34.3467
35.3706
36.5422
37.8294
39.2018
40.6334
42.102
43.5882
45.0758
46.551
48.004
49.4291
50.8191
52.167
53.4738
54.7384
55.9569
57.1243
67.2727
64.8904
62.7195
60.6194
58.6341
56.7407
54.9039
53.1093
51.3551
49.6411
47.9623
46.3156
44.7288
43.2353
41.8592
40.6201
39.5492
38.6805
38.0456
37.6728
37.5828
37.785
38.1757
38.7348
39.4463
40.2899
41.2414
42.2775
43.3779
44.5246
45.7014
46.8943
48.0914
49.2829
50.4627
51.6232
52.7569
53.8627
54.938
55.9775
56.9787
67.3659
65.2808
63.3781
61.5508
59.8352
58.2081
56.6386
55.1139
53.6317
52.1908
50.7864
49.4156
48.0983
46.8585
45.7123
44.6735
43.7643
43.0094
42.4322
42.0545
41.8933
41.9657
42.1934
42.5603
43.0558
43.6649
44.3692
45.1512
45.9951
46.8868
47.8132
48.7626
49.7248
50.6914
51.6563
52.6123
53.5525
54.4752
55.3767
56.2521
57.0994
67.457
65.6168
63.9359
62.3317
60.8349
59.4224
58.0671
56.7577
55.4916
54.2669
53.0794
51.9266
50.8228
49.7857
48.8266
47.9548
47.1866
46.54
46.0319
45.6787
45.4936
45.495
45.6223
45.8631
46.2108
46.6539
47.1783
47.7708
48.4193
49.1127
49.8406
50.5936
51.3632
52.1422
52.9253
53.7062
54.4788
55.2411
55.9897
56.7199
57.4299
67.5465
65.9112
64.416
62.9972
61.6808
60.4445
59.2639
58.1293
57.038
55.9876
54.9745
53.9964
53.0639
52.1902
51.3835
50.65
50.0016
49.4516
49.0121
48.6955
48.5112
48.4767
48.5433
48.7021
48.949
49.2749
49.669
50.1211
50.622
51.163
51.7358
52.333
52.9476
53.5737
54.2068
54.8415
55.4729
56.099
56.7165
57.3217
57.9125
67.6341
66.1721
64.8344
63.5718
62.4062
61.3163
60.2804
59.29
58.342
57.4342
56.5633
55.7271
54.9337
54.193
53.5108
52.8916
52.3439
51.8774
51.5012
51.224
51.0527
51.0025
51.0332
51.1388
51.3169
51.5601
51.8597
52.208
52.5978
53.0222
53.4749
53.9496
54.4411
54.9444
55.4558
55.9708
56.4855
56.9981
57.5057
58.0053
58.4946
67.7195
66.4056
65.2027
64.0728
63.0347
62.068
61.1535
60.2833
59.4545
58.6648
57.9112
57.1917
56.5125
55.8809
55.3012
54.7766
54.3131
53.9179
53.5976
53.3584
53.2053
53.1506
53.1609
53.2321
53.3629
53.5472
53.7781
54.0493
54.3554
54.6909
55.0506
55.4298
55.8241
56.2296
56.6432
57.0614
57.4809
57.9002
58.317
58.7288
59.133
67.8022
66.6157
65.5291
64.513
63.5837
62.7218
61.9099
61.1412
60.4126
59.7217
59.066
58.4434
57.8588
57.3176
56.8229
56.3768
55.9837
55.6489
55.377
55.1726
55.0388
54.9858
54.9849
55.0338
55.132
55.2741
55.4545
55.6683
55.911
56.1784
56.4663
56.7709
57.0888
57.4168
57.7524
58.0927
58.4351
58.7786
59.1209
59.4603
59.794
67.8818
66.8058
65.82
64.9024
64.0666
63.2944
62.5702
61.8877
61.2441
60.6368
60.0634
59.5222
59.0166
58.5508
58.127
57.7464
57.4124
57.1284
56.8981
56.7244
56.6093
56.561
56.5546
56.5892
56.6644
56.776
56.919
57.0895
57.2839
57.4989
57.7311
57.9775
58.2352
58.5018
58.7753
59.0532
59.3336
59.6156
59.8973
60.1774
60.4532
67.9581
66.9782
66.0805
65.2483
64.4934
63.7987
63.15
62.5415
61.9704
61.4343
60.9308
60.4584
60.0194
59.617
59.2526
58.9271
58.6426
58.4016
58.2066
58.0596
57.9618
57.9194
57.9109
57.9361
57.9952
58.0842
58.1992
58.3368
58.4942
58.6686
58.8574
59.0581
59.2683
59.4862
59.7101
59.9381
60.1686
60.4008
60.6333
60.8651
61.0934
68.0308
67.135
66.3145
65.5569
64.8724
64.2448
63.6614
63.1167
62.6081
62.1331
61.6894
61.2755
60.8931
60.5443
60.2302
59.951
59.7083
59.5036
59.3386
59.2146
59.1322
59.096
59.0873
59.1065
59.1539
59.2262
59.3198
59.4322
59.5609
59.7036
59.8583
60.0229
60.1955
60.3746
60.5589
60.7468
60.9371
61.1291
61.3216
61.514
61.7034
68.0998
67.2776
66.525
65.8329
65.2098
64.6408
64.1142
63.625
63.1704
62.7482
62.3559
61.9922
61.658
61.355
61.0835
60.8436
60.6362
60.4623
60.3228
60.2185
60.1495
60.1193
60.1114
60.1268
60.1657
60.2253
60.3026
60.3953
60.5015
60.6193
60.747
60.8829
61.0256
61.1737
61.3262
61.4817
61.6395
61.7989
61.9588
62.1191
62.2767
68.1649
67.4076
66.7148
66.0802
65.511
64.9933
64.5163
64.0754
63.6679
63.2914
62.9437
62.6232
62.3305
62.0667
61.8316
61.6252
61.4478
61.3
61.1821
61.0947
61.0373
61.0127
61.0062
61.019
61.0517
61.1016
61.166
61.2433
61.3317
61.4297
61.5359
61.6489
61.7674
61.8905
62.0173
62.1468
62.2781
62.411
62.5444
62.6783
62.8099
68.2261
67.5259
66.8859
66.3019
65.7802
65.3075
64.874
64.4755
64.1092
63.7726
63.4636
63.1806
62.9238
62.6936
62.4898
62.312
62.1602
62.0346
61.9352
61.8622
61.8148
61.7952
61.7902
61.8015
61.8294
61.8717
61.9262
61.9911
62.0653
62.1475
62.2363
62.3308
62.4299
62.5328
62.6387
62.7469
62.8567
62.9679
63.0796
63.1918
63.302
68.2833
67.6334
67.0401
66.5009
66.0208
65.5878
65.1927
64.8314
64.5012
64.1995
63.9244
63.674
63.4483
63.2473
63.0706
62.9174
62.7875
62.6809
62.5973
62.5365
62.4977
62.4825
62.4791
62.4894
62.5137
62.5501
62.5964
62.6515
62.7143
62.7835
62.8583
62.9378
63.021
63.1074
63.1963
63.2871
63.3793
63.4726
63.5664
63.6607
63.7532
68.3366
67.731
67.179
66.6792
66.2359
65.8379
65.4766
65.1481
64.8497
64.5788
64.3334
64.1116
63.9131
63.7374
63.5841
63.4521
63.3412
63.2508
63.1807
63.1304
63.099
63.0876
63.0859
63.0955
63.1171
63.1487
63.1886
63.2357
63.2891
63.3478
63.4112
63.4783
63.5485
63.6214
63.6963
63.7727
63.8503
63.9289
64.0079
64.0874
64.1652
68.386
67.8193
67.3037
66.8387
66.428
66.0608
65.7293
65.4299
65.1596
64.9159
64.6966
64.5
64.3252
64.1717
64.0388
63.9252
63.8306
63.7543
63.6957
63.6544
63.6294
63.6213
63.6211
63.6304
63.6497
63.6774
63.712
63.7526
63.7983
63.8485
63.9023
63.9593
64.0188
64.0804
64.1438
64.2083
64.2739
64.3402
64.4068
64.474
64.5396
68.4315
67.8989
67.4153
66.9811
66.5989
66.259
65.954
65.6803
65.4349
65.2152
65.0191
64.8446
64.6908
64.5568
64.4416
64.3442
64.2637
64.1996
64.151
64.1174
64.0979
64.0927
64.0939
64.1031
64.1207
64.1453
64.1756
64.2108
64.2502
64.2933
64.3393
64.3879
64.4385
64.4908
64.5445
64.5992
64.6546
64.7107
64.7671
64.8239
64.8792
68.4732
67.9704
67.5148
67.1075
66.7505
66.4347
66.1531
65.9022
65.6789
65.4806
65.3051
65.1502
65.0149
64.898
64.7985
64.7151
64.6471
64.5935
64.5536
64.5267
64.5118
64.5091
64.5116
64.5207
64.5369
64.559
64.5857
64.6164
64.6505
64.6876
64.7271
64.7687
64.8119
64.8564
64.902
64.9484
64.9954
65.043
65.0907
65.1388
65.1855
68.511
68.0339
67.6029
67.2191
66.8842
66.5895
66.3287
66.098
65.8944
65.7152
65.5579
65.4206
65.3016
65.2
65.1143
65.0434
64.9862
64.9419
64.9095
64.8885
64.8778
64.8775
64.8812
64.8904
64.9056
64.9257
64.9495
64.9765
65.0063
65.0385
65.0726
65.1083
65.1453
65.1833
65.2221
65.2616
65.3015
65.3418
65.3822
65.423
65.4624
68.5452
68.0901
67.6802
67.3168
67.0011
66.7251
66.4826
66.2699
66.0838
65.9216
65.7807
65.6589
65.5546
65.4665
65.3931
65.3332
65.2855
65.2493
65.2236
65.2077
65.2005
65.202
65.2068
65.2162
65.2305
65.2487
65.27
65.294
65.3201
65.3481
65.3776
65.4084
65.4401
65.4727
65.5059
65.5395
65.5734
65.6076
65.6419
65.6764
65.7097
68.5756
68.139
67.7471
67.4013
67.1023
66.8425
66.6161
66.4193
66.249
66.102
65.9757
65.8679
65.7768
65.7008
65.6384
65.5883
65.5493
65.5204
65.5007
65.4894
65.4856
65.4891
65.4952
65.505
65.5188
65.5359
65.5554
65.5769
65.6001
65.6247
65.6504
65.6771
65.7045
65.7324
65.7608
65.7895
65.8183
65.8474
65.8764
65.9056
65.9337
68.6023
68.181
67.8042
67.4732
67.1884
66.9427
66.7305
66.5478
66.3914
66.2581
66.145
66.0498
65.9705
65.9054
65.8529
65.8115
65.7801
65.7576
65.743
65.7356
65.7346
65.7395
65.7464
65.7564
65.7697
65.7856
65.8033
65.8226
65.8433
65.865
65.8875
65.9107
65.9344
65.9585
65.9829
66.0075
66.0321
66.0568
66.0814
66.1062
66.1299
68.6254
68.2161
67.8515
67.5329
67.2601
67.0265
66.8266
66.6564
66.5124
66.3913
66.2901
66.2063
66.1378
66.0826
66.0392
66.006
65.9817
65.9654
65.956
65.9528
65.9549
65.9619
65.9703
65.9812
65.9947
66.0101
66.0269
66.0448
66.0636
66.083
66.1031
66.1235
66.1441
66.165
66.1859
66.2069
66.2279
66.2488
66.2696
66.2905
66.3105
68.6448
68.2443
67.8892
67.5803
67.3174
67.094
66.9049
66.7457
66.6129
66.5028
66.4124
66.339
66.2802
66.234
66.1987
66.1726
66.1545
66.1432
66.1378
66.1375
66.1416
66.1497
66.1589
66.17
66.1831
66.1977
66.2133
66.2297
66.2467
66.2642
66.282
66.3
66.3182
66.3364
66.3546
66.3728
66.3909
66.4088
66.4266
66.4444
66.4612
68.6605
68.2659
67.9175
67.616
67.3607
67.1456
66.9655
66.816
66.6931
66.593
66.5125
66.4486
66.3989
66.3613
66.3339
66.3153
66.3039
66.2987
66.2986
66.3028
66.3105
66.3212
66.3326
66.3452
66.3593
66.3743
66.3899
66.4058
66.422
66.4383
66.4546
66.4708
66.4869
66.5029
66.5187
66.5343
66.5497
66.5649
66.5798
66.5946
66.6087
68.6729
68.2817
67.9378
67.6415
67.3918
67.1831
67.0102
66.8686
66.7541
66.6628
66.5911
66.5359
66.4944
66.4644
66.4438
66.4308
66.424
66.4224
66.4251
66.4313
66.4404
66.452
66.4639
66.4768
66.4908
66.5053
66.5202
66.5351
66.5502
66.5652
66.58
66.5948
66.6093
66.6236
66.6376
66.6514
66.6649
66.6782
66.6912
66.704
66.7162
68.6818
68.2907
67.9488
67.6556
67.4099
67.2063
67.0395
66.9046
66.7973
66.7134
66.6495
66.6021
66.5688
66.5469
66.5346
66.53
66.5313
66.5374
66.5469
66.559
66.5729
66.5882
66.6034
66.619
66.6349
66.6508
66.6666
66.682
66.6971
66.7118
66.726
66.7398
66.7532
66.7661
66.7785
66.7905
66.8021
66.8133
66.8241
66.8346
66.8446
68.6857
68.2888
67.944
67.6504
67.4063
67.2063
67.0447
66.9165
66.8165
66.7405
66.6842
66.6442
66.6173
66.6009
66.5929
66.5914
66.5951
66.6029
66.614
66.6277
66.6429
66.6589
66.6748
66.6908
66.7069
66.7227
66.7382
66.7532
66.7678
66.7819
66.7954
66.8084
66.8208
66.8327
66.8442
66.8551
66.8655
66.8755
66.8851
66.8943
66.9033
68.6845
68.2776
67.926
67.6285
67.3829
67.1839
67.0257
66.9025
66.8091
66.7409
66.6937
66.6638
66.6483
66.6443
66.6495
66.6615
66.6784
66.6984
66.7199
66.7421
66.764
66.7855
66.8062
66.8261
66.8453
66.8636
66.881
66.8974
66.9128
66.9274
66.941
66.9539
66.9659
66.9772
66.9878
66.9978
67.0071
67.0159
67.0241
67.0319
67.0395
62.3341
66.4064
69.7643
71.7172
72.9037
73.6983
74.1544
74.3629
74.4092
74.3456
74.209
74.0265
73.8177
73.5955
73.3688
73.1436
72.924
72.7125
72.5105
72.3189
72.1381
71.9679
71.8081
71.6586
71.5188
71.3882
71.2663
71.1526
71.0466
70.9475
70.855
70.7685
70.6874
70.6113
70.5398
70.4725
70.4091
70.3494
70.2931
70.2401
70.1902
70.1432
70.0989
70.0572
70.0179
69.9807
69.9457
69.9125
69.881
69.8511
69.8227
69.7957
69.7698
69.7451
69.7215
69.6988
69.6769
69.6559
69.6356
69.616
69.597
69.5785
69.5605
69.543
69.5259
69.5094
69.4932
69.4779
69.4626
69.4494
69.4347
69.4266
69.4087
69.4163
61.7236
66.1215
69.6228
71.7164
72.9671
73.7706
74.2177
74.4131
74.4459
74.3701
74.2229
74.0317
73.8159
73.5882
73.3572
73.1288
72.9069
72.6938
72.4906
72.2983
72.1171
71.9468
71.7872
71.6379
71.4985
71.3684
71.247
71.1339
71.0285
70.9301
70.8382
70.7524
70.6719
70.5964
70.5255
70.4588
70.396
70.3368
70.281
70.2285
70.1791
70.1325
70.0887
70.0474
70.0085
69.9717
69.937
69.9042
69.8731
69.8435
69.8154
69.7886
69.7631
69.7386
69.7152
69.6927
69.6711
69.6503
69.6302
69.6107
69.5919
69.5736
69.5558
69.5385
69.5216
69.5052
69.4892
69.474
69.459
69.4459
69.4313
69.4233
69.4056
69.4132
61.2647
65.4309
69.2851
71.637
72.999
73.8376
74.2877
74.4721
74.4896
74.3989
74.239
74.0375
73.8133
73.5792
73.3432
73.1111
72.8866
72.6715
72.4671
72.2741
72.0925
71.9222
71.7628
71.6139
71.475
71.3455
71.2249
71.1125
71.0078
70.9102
70.8192
70.7341
70.6544
70.5797
70.5095
70.4435
70.3813
70.3227
70.2676
70.2156
70.1667
70.1207
70.0774
70.0366
69.9981
69.9618
69.9275
69.8951
69.8644
69.8352
69.8074
69.781
69.7557
69.7315
69.7084
69.6862
69.6648
69.6442
69.6243
69.6051
69.5865
69.5684
69.5508
69.5337
69.517
69.5008
69.485
69.47
69.455
69.4421
69.4277
69.4199
69.4023
69.41
61.0107
64.8282
68.8568
71.4555
72.972
73.8721
74.3426
74.5286
74.536
74.4308
74.2568
74.0431
73.8093
73.5676
73.326
73.0896
72.862
72.6449
72.4392
72.2455
72.0636
71.8934
71.7343
71.586
71.4477
71.319
71.1993
71.0879
70.9841
70.8875
70.7974
70.7133
70.6345
70.5607
70.4914
70.4262
70.3648
70.307
70.2525
70.2013
70.153
70.1076
70.0649
70.0246
69.9867
69.9509
69.9171
69.8851
69.8548
69.8261
69.7987
69.7726
69.7477
69.7239
69.701
69.6791
69.658
69.6377
69.618
69.5991
69.5807
69.5628
69.5454
69.5285
69.512
69.4961
69.4804
69.4656
69.4509
69.4381
69.4239
69.4162
69.3988
69.4065
61.0619
64.5843
68.4973
71.1987
72.8697
73.8572
74.363
74.5603
74.5678
74.4562
74.2716
74.0463
73.8021
73.5522
73.3041
73.0631
72.8322
72.6129
72.4058
72.2114
72.0294
71.8594
71.7008
71.5533
71.4159
71.2883
71.1696
71.0594
70.9568
70.8614
70.7725
70.6895
70.6119
70.5391
70.4708
70.4066
70.3461
70.2892
70.2356
70.1851
70.1377
70.093
70.0509
70.0113
69.974
69.9389
69.9056
69.8742
69.8444
69.8161
69.7892
69.7635
69.739
69.7156
69.6931
69.6715
69.6507
69.6306
69.6113
69.5926
69.5745
69.5569
69.5397
69.523
69.5068
69.491
69.4756
69.461
69.4465
69.4339
69.4199
69.4122
69.3951
69.4028
61.2732
64.627
68.3111
70.9755
72.7175
73.7815
74.3377
74.5563
74.5677
74.4551
74.2678
74.0375
73.7866
73.5296
73.2753
73.0296
72.7954
72.5738
72.3655
72.1706
71.9886
71.819
71.6613
71.5148
71.3787
71.2523
71.1351
71.0263
70.9252
70.8312
70.7438
70.6622
70.5859
70.5145
70.4474
70.3844
70.325
70.2692
70.2165
70.167
70.1204
70.0766
70.0354
69.9966
69.96
69.9255
69.8929
69.8621
69.8329
69.8051
69.7787
69.7535
69.7295
69.7065
69.6844
69.6632
69.6427
69.623
69.604
69.5856
69.5678
69.5505
69.5336
69.5172
69.5012
69.4857
69.4705
69.4561
69.4417
69.4293
69.4155
69.4081
69.3912
69.3989
61.5542
64.83
68.2911
70.8683
72.5847
73.6652
74.2602
74.5096
74.5327
74.4199
74.2298
73.9985
73.7477
73.49
73.2336
72.9851
72.7484
72.5252
72.3161
72.121
71.9395
71.7708
71.6143
71.4692
71.3347
71.2101
71.0947
70.9877
70.8884
70.7963
70.7106
70.6307
70.5561
70.4862
70.4206
70.359
70.301
70.2464
70.1949
70.1466
70.101
70.0582
70.0179
69.98
69.9443
69.9106
69.8788
69.8486
69.8201
69.793
69.7672
69.7426
69.7191
69.6965
69.6749
69.6541
69.6341
69.6148
69.5961
69.5781
69.5606
69.5436
69.527
69.5109
69.4952
69.4799
69.465
69.4508
69.4367
69.4245
69.4109
69.4036
69.387
69.3948
61.9281
65.0872
68.3391
70.8404
72.5066
73.5557
74.1504
74.4181
74.4579
74.3523
74.1607
73.9249
73.6724
73.4167
73.1641
72.9191
72.6847
72.4626
72.2541
72.0599
71.8797
71.7125
71.5578
71.4148
71.2825
71.1601
71.047
70.9423
70.8454
70.7555
70.672
70.5942
70.5216
70.4536
70.3899
70.3299
70.2735
70.2204
70.1704
70.1233
70.079
70.0374
69.9983
69.9614
69.9267
69.8939
69.863
69.8337
69.806
69.7796
69.7545
69.7305
69.7076
69.6856
69.6645
69.6443
69.6247
69.6059
69.5876
69.57
69.5528
69.5362
69.5199
69.5041
69.4887
69.4738
69.4591
69.4452
69.4314
69.4194
69.406
69.3989
69.3826
69.3904
62.4753
65.3744
68.3344
70.783
72.4336
73.458
74.0347
74.2989
74.345
74.248
74.0615
73.8252
73.5688
73.3097
73.0573
72.817
72.5897
72.3747
72.172
71.9822
71.8053
71.6411
71.4893
71.3493
71.22
71.1006
70.9905
70.8888
70.7947
70.7076
70.6268
70.5517
70.4815
70.4159
70.3543
70.2964
70.2419
70.1906
70.1423
70.0968
70.054
70.0138
69.976
69.9404
69.9069
69.8752
69.8453
69.817
69.7902
69.7647
69.7403
69.7171
69.6949
69.6736
69.6532
69.6335
69.6144
69.5961
69.5783
69.5611
69.5444
69.5282
69.5123
69.4969
69.4818
69.4672
69.4528
69.4392
69.4256
69.4139
69.4008
69.3938
69.3779
69.3857
63.1829
65.6753
68.2421
70.6064
72.2566
73.2856
73.8817
74.1588
74.2093
74.1133
73.9294
73.6967
73.4421
73.1815
72.9259
72.6837
72.4585
72.2497
72.0561
71.8761
71.7079
71.5507
71.4046
71.2693
71.1443
71.0291
70.923
70.8251
70.7348
70.6512
70.5738
70.5018
70.4347
70.3719
70.313
70.2576
70.2054
70.1562
70.11
70.0664
70.0254
69.9869
69.9507
69.9166
69.8844
69.8541
69.8254
69.7983
69.7725
69.748
69.7246
69.7023
69.6809
69.6603
69.6406
69.6216
69.6032
69.5854
69.5682
69.5515
69.5353
69.5195
69.5041
69.489
69.4744
69.4601
69.4461
69.4328
69.4195
69.408
69.3953
69.3885
69.3729
69.3808
63.8169
65.879
68.0049
70.2256
71.8846
72.9386
73.5796
73.9152
74.0143
73.9465
73.7752
73.5467
73.2925
73.0317
72.7758
72.5329
72.3064
72.0975
71.9068
71.7337
71.5755
71.4296
71.2942
71.1682
71.0509
70.942
70.8415
70.7488
70.6632
70.5842
70.5111
70.4431
70.3797
70.3204
70.2648
70.2124
70.163
70.1165
70.0727
70.0314
69.9926
69.9561
69.9217
69.8894
69.8589
69.8302
69.8029
69.7771
69.7526
69.7293
69.707
69.6857
69.6652
69.6456
69.6267
69.6084
69.5908
69.5737
69.5571
69.541
69.5253
69.5101
69.4951
69.4806
69.4663
69.4524
69.4388
69.4259
69.413
69.4017
69.3893
69.3827
69.3675
69.3756
64.0375
65.7794
67.5177
69.5098
71.1538
72.2722
72.9981
73.4338
73.6317
73.6485
73.5423
73.3577
73.1267
72.8743
72.619
72.373
72.1429
71.9314
71.7397
71.5676
71.4132
71.2744
71.1492
71.0351
70.9298
70.8319
70.7407
70.6559
70.5771
70.5041
70.4364
70.3736
70.3149
70.2599
70.2082
70.1596
70.1136
70.0703
70.0294
69.9909
69.9547
69.9206
69.8885
69.8583
69.8298
69.8029
69.7774
69.7532
69.7301
69.7082
69.6872
69.6671
69.6478
69.6292
69.6112
69.5938
69.577
69.5607
69.5449
69.5295
69.5145
69.4998
69.4854
69.4714
69.4576
69.4442
69.431
69.4184
69.4059
69.395
69.383
69.3766
69.3619
69.37
63.7481
65.2782
66.7453
68.4504
69.9795
71.1256
71.9508
72.5276
72.8837
73.0504
73.0732
72.9944
72.8467
72.6557
72.4404
72.2148
71.9903
71.7759
71.5773
71.3982
71.2391
71.0991
70.977
70.87
70.7749
70.6893
70.611
70.5384
70.4703
70.4064
70.3465
70.2904
70.2377
70.1882
70.1416
70.0975
70.0558
70.0163
69.979
69.9438
69.9107
69.8795
69.8502
69.8225
69.7964
69.7717
69.7482
69.7259
69.7046
69.6843
69.6648
69.6461
69.6281
69.6107
69.5939
69.5776
69.5618
69.5464
69.5314
69.5168
69.5025
69.4885
69.4748
69.4614
69.4482
69.4353
69.4226
69.4105
69.3984
69.3879
69.3762
69.3701
69.3558
69.3642
63.0334
64.3975
65.6912
67.1366
68.4977
69.6146
70.4969
71.1832
71.6868
72.0218
72.215
72.2958
72.2891
72.2165
72.0974
71.948
71.7809
71.6056
71.4285
71.2555
71.0919
70.9421
70.8096
70.6954
70.5985
70.5168
70.4477
70.3875
70.3332
70.2828
70.235
70.1891
70.1449
70.1026
70.0623
70.024
69.9875
69.9528
69.92
69.8889
69.8596
69.8319
69.8058
69.7812
69.7579
69.7358
69.7147
69.6947
69.6755
69.6571
69.6395
69.6224
69.606
69.59
69.5745
69.5595
69.5448
69.5305
69.5165
69.5028
69.4894
69.4762
69.4632
69.4505
69.4379
69.4256
69.4135
69.4018
69.3902
69.3801
69.3689
69.3632
69.3494
69.358
62.021
63.2445
64.4186
65.6733
66.8777
67.9325
68.8279
69.5766
70.1819
70.6483
70.9898
71.2251
71.372
71.4463
71.4623
71.4323
71.3673
71.2765
71.1685
71.05
70.9263
70.8014
70.6782
70.5606
70.4528
70.3584
70.2795
70.2157
70.165
70.1244
70.0903
70.0591
70.0288
69.9984
69.9677
69.937
69.9069
69.8779
69.8503
69.8242
69.7995
69.7762
69.7541
69.7332
69.7133
69.6943
69.6762
69.6588
69.6422
69.6261
69.6106
69.5955
69.5809
69.5666
69.5527
69.5391
69.5258
69.5127
69.4999
69.4873
69.4748
69.4626
69.4505
69.4385
69.4267
69.4151
69.4036
69.3925
69.3815
69.3718
69.3611
69.3557
69.3426
69.3514
60.8553
61.9601
63.0342
64.1465
65.2217
66.2038
67.0824
67.8574
68.5255
69.0848
69.5403
69.9014
70.1791
70.3849
70.53
70.6246
70.6777
70.6969
70.6882
70.6569
70.6078
70.5458
70.4747
70.3982
70.3188
70.2386
70.1601
70.0866
70.0218
69.9686
69.9277
69.8977
69.8759
69.8587
69.8431
69.8267
69.8087
69.7893
69.7691
69.7491
69.7297
69.7113
69.6938
69.6773
69.6615
69.6463
69.6317
69.6175
69.6038
69.5905
69.5775
69.5648
69.5523
69.5401
69.528
69.5161
69.5044
69.4928
69.4813
69.47
69.4587
69.4475
69.4364
69.4254
69.4144
69.4036
69.3928
69.3824
69.372
69.3629
69.3527
69.3478
69.3353
69.3445
59.6821
60.6781
61.6551
62.6476
63.6126
64.5201
65.362
66.1344
66.8311
67.4475
67.9831
68.4406
68.8248
69.1417
69.3984
69.6025
69.7615
69.8822
69.9709
70.0327
70.0718
70.0917
70.0951
70.0848
70.0634
70.0335
69.9975
69.9572
69.9135
69.8677
69.8219
69.7793
69.7431
69.7153
69.696
69.6836
69.6756
69.6692
69.6625
69.6544
69.6448
69.6342
69.6232
69.6121
69.6012
69.5905
69.5801
69.5698
69.5596
69.5495
69.5395
69.5296
69.5197
69.5098
69.4999
69.4901
69.4802
69.4704
69.4605
69.4506
69.4407
69.4308
69.4208
69.4109
69.4009
69.391
69.381
69.3714
69.3617
69.3532
69.3437
69.3393
69.3274
69.3372
58.7247
59.6127
60.4902
61.3721
62.2358
63.0649
63.8537
64.5972
65.2894
65.9252
66.5017
67.018
67.4747
67.8738
68.2186
68.5131
68.762
68.9704
69.1432
69.2853
69.401
69.4942
69.5677
69.6241
69.6652
69.6924
69.7072
69.7115
69.7073
69.6964
69.6808
69.6616
69.6398
69.6163
69.5931
69.5727
69.5572
69.5476
69.5432
69.5423
69.5425
69.5421
69.5404
69.5372
69.5328
69.5276
69.522
69.5162
69.5101
69.5038
69.4972
69.4904
69.4834
69.4762
69.4689
69.4613
69.4536
69.4457
69.4376
69.4294
69.421
69.4125
69.4039
69.3951
69.3863
69.3773
69.3683
69.3595
69.3506
69.3428
69.334
69.3302
69.3191
69.3296
58.1002
58.8786
59.6541
60.4305
61.1969
61.9446
62.6689
63.365
64.0278
64.6528
65.2362
65.7755
66.2693
66.7171
67.1194
67.4779
67.7945
68.0722
68.3139
68.523
68.7028
68.8566
68.9875
69.0981
69.1909
69.2677
69.3301
69.3796
69.4172
69.4445
69.4629
69.4742
69.4799
69.4812
69.4792
69.4742
69.4668
69.4582
69.4504
69.4452
69.4438
69.4457
69.4497
69.4541
69.4574
69.4592
69.4596
69.4587
69.457
69.4547
69.4518
69.4484
69.4446
69.4403
69.4356
69.4305
69.425
69.4192
69.4131
69.4067
69.4
69.393
69.3858
69.3783
69.3706
69.3628
69.3548
69.3469
69.3389
69.3318
69.3238
69.3205
69.3102
69.3216
57.8025
58.4724
59.1452
59.8194
60.4905
61.1538
61.8053
62.4411
63.057
63.6491
64.2139
64.7482
65.2497
65.7167
66.148
66.5435
66.9034
67.2288
67.521
67.782
68.0136
68.2184
68.3984
68.556
68.6935
68.8129
68.9161
69.0049
69.0807
69.1446
69.1979
69.2414
69.2762
69.3034
69.3242
69.34
69.3514
69.3592
69.3636
69.3652
69.3651
69.3649
69.3664
69.3705
69.3767
69.384
69.3908
69.3962
69.4
69.4023
69.4035
69.4037
69.4032
69.402
69.4001
69.3977
69.3946
69.3911
69.387
69.3825
69.3776
69.3723
69.3665
69.3605
69.3541
69.3474
69.3405
69.3335
69.3264
69.3201
69.3128
69.3103
69.3007
69.3133
57.7905
58.3559
58.928
59.5042
60.0826
60.6606
61.2351
61.8029
62.3607
62.9053
63.4335
63.9424
64.4293
64.892
65.3287
65.738
66.1192
66.4718
66.7961
67.0925
67.362
67.6058
67.8253
68.0221
68.1977
68.3538
68.4922
68.6144
68.7221
68.8169
68.9
68.9726
69.0357
69.09
69.136
69.1745
69.2061
69.2318
69.2525
69.2689
69.2814
69.2905
69.2967
69.3012
69.3057
69.3115
69.3192
69.3282
69.3372
69.3451
69.3514
69.356
69.3592
69.3613
69.3625
69.3628
69.3624
69.3612
69.3594
69.3569
69.3538
69.3502
69.3461
69.3415
69.3364
69.331
69.3252
69.3193
69.3131
69.3077
69.3012
69.2995
69.2907
69.3046
58.0057
58.4747
58.9524
59.4368
59.9274
60.4224
60.9195
61.4162
61.9101
62.3986
62.8791
63.3489
63.8056
64.2469
64.6707
65.0751
65.4587
65.8204
66.1595
66.4755
66.7685
67.0387
67.2867
67.5131
67.7191
67.9056
68.0739
68.2252
68.3609
68.4823
68.5908
68.6876
68.774
68.851
68.9195
68.98
69.0329
69.0786
69.1174
69.1499
69.1769
69.1991
69.2171
69.2314
69.2424
69.2508
69.258
69.2655
69.2742
69.2841
69.2943
69.3038
69.3117
69.3178
69.3225
69.3258
69.3281
69.3295
69.33
69.3297
69.3286
69.3268
69.3244
69.3214
69.3178
69.3137
69.3091
69.3043
69.299
69.2945
69.2888
69.288
69.2799
69.2957
58.3895
58.7728
59.1655
59.5669
59.9768
60.3939
60.8167
61.2433
61.6719
62.1007
62.5275
62.9501
63.3666
63.7747
64.1723
64.5577
64.9291
65.285
65.6241
65.9455
66.2484
66.5324
66.7975
67.0436
67.2711
67.4804
67.6723
67.8476
68.0071
68.1518
68.2827
68.4011
68.5078
68.6042
68.691
68.7693
68.8398
68.903
68.9593
69.0089
69.0519
69.0887
69.1197
69.1458
69.1674
69.1852
69.1996
69.211
69.2205
69.2294
69.2388
69.2492
69.26
69.2703
69.2791
69.2862
69.2917
69.2958
69.2988
69.3008
69.3019
69.3021
69.3014
69.3001
69.298
69.2952
69.2919
69.2883
69.2841
69.2805
69.2757
69.2758
69.2683
69.2867
58.8882
59.1976
59.5162
59.8448
60.1829
60.5296
60.8837
61.2442
61.6098
61.9791
62.3506
62.7226
63.0934
63.4613
63.8244
64.181
64.5294
64.868
65.1953
65.5101
65.8112
66.0979
66.3693
66.6251
66.8651
67.0891
67.2974
67.4903
67.6683
67.8319
67.9819
68.119
68.244
68.3577
68.4612
68.5551
68.6404
68.7179
68.7881
68.8516
68.9088
68.9599
69.0048
69.0439
69.0774
69.1058
69.1298
69.1498
69.1663
69.1798
69.1909
69.2009
69.2108
69.2214
69.2324
69.243
69.2522
69.2598
69.2658
69.2703
69.2736
69.2758
69.2771
69.2775
69.277
69.2757
69.2738
69.2714
69.2683
69.2657
69.2617
69.2629
69.2559
69.2775
59.4571
59.7045
59.9603
60.2265
60.5025
60.7872
61.0801
61.3805
61.6878
62.0009
62.3187
62.6401
62.9638
63.2883
63.6123
63.9342
64.2526
64.5659
64.8727
65.1717
65.4616
65.7412
66.0096
66.2661
66.5099
66.7406
66.958
67.1619
67.3525
67.5298
67.6944
67.8465
67.9867
68.1156
68.2339
68.3421
68.4411
68.5314
68.6138
68.6889
68.7574
68.8197
68.8762
68.927
68.9724
69.0123
69.0469
69.0766
69.1018
69.123
69.1408
69.1555
69.1677
69.1784
69.1886
69.1992
69.2101
69.2206
69.2299
69.2375
69.2435
69.2481
69.2514
69.2536
69.2548
69.2551
69.2546
69.2534
69.2515
69.25
69.2469
69.2492
69.2425
69.2683
60.0609
60.2572
60.4609
60.6749
60.8983
61.13
61.3697
61.6173
61.8724
62.1343
62.4023
62.6756
62.9534
63.2346
63.5181
63.8027
64.0873
64.3705
64.651
64.9277
65.1992
65.4643
65.7221
65.9714
66.2114
66.4415
66.661
66.8694
67.0665
67.2522
67.4264
67.5893
67.741
67.882
68.0125
68.1331
68.2442
68.3463
68.4401
68.526
68.6046
68.6765
68.7422
68.8023
68.857
68.9067
68.9514
68.9911
69.0258
69.0558
69.0814
69.1032
69.1215
69.1368
69.1495
69.1605
69.1708
69.1812
69.1918
69.2019
69.211
69.2184
69.2241
69.2284
69.2314
69.2334
69.2343
69.2345
69.2338
69.2333
69.2311
69.2346
69.2279
69.2594
60.6731
60.8281
60.9892
61.1604
61.3401
61.5272
61.7218
61.924
62.1337
62.3504
62.5737
62.8032
63.0382
63.2781
63.5222
63.7695
64.0191
64.27
64.5212
64.7716
65.02
65.2654
65.5066
65.7428
65.9728
66.1959
66.4112
66.6181
66.8161
67.0047
67.1836
67.3527
67.512
67.6614
67.8011
67.9314
68.0525
68.1647
68.2686
68.3643
68.4525
68.5335
68.6078
68.676
68.7385
68.7957
68.8481
68.8959
68.9391
68.9778
69.0119
69.0416
69.0671
69.0888
69.1071
69.1224
69.1353
69.1463
69.1564
69.1664
69.1765
69.1861
69.1946
69.2014
69.2066
69.2104
69.2129
69.2145
69.215
69.2157
69.2143
69.2193
69.2118
69.2511
61.275
61.3969
61.5238
61.6602
61.804
61.9544
62.1114
62.2754
62.4464
62.6241
62.8084
62.999
63.1956
63.3978
63.605
63.8168
64.0323
64.2509
64.4718
64.6941
64.9169
65.1392
65.3602
65.5788
65.7941
66.0051
66.2112
66.4114
66.6051
66.7916
66.9706
67.1415
67.3041
67.4583
67.6038
67.7408
67.8693
67.9894
68.1015
68.2056
68.3022
68.3916
68.4741
68.55
68.6199
68.684
68.743
68.7971
68.8468
68.8922
68.9335
68.9707
69.0037
69.0326
69.0574
69.0786
69.0965
69.1114
69.124
69.1347
69.1444
69.1539
69.1633
69.1722
69.1798
69.1858
69.1903
69.1934
69.1952
69.1972
69.1964
69.203
69.1938
69.244
61.8538
61.9495
62.0492
62.1576
62.2725
62.3928
62.519
62.6513
62.79
62.9348
63.0857
63.2427
63.4056
63.5742
63.7482
63.9273
64.1109
64.2987
64.49
64.6843
64.8807
65.0786
65.2771
65.4754
65.6728
65.8683
66.0611
66.2505
66.4357
66.6159
66.7906
66.9592
67.1213
67.2764
67.4244
67.565
67.698
67.8236
67.9416
68.0523
68.1558
68.2522
68.3418
68.4248
68.5017
68.5726
68.6379
68.698
68.7533
68.8041
68.8509
68.8938
68.9329
68.9683
68.9998
69.0274
69.0512
69.0715
69.0886
69.1029
69.1148
69.125
69.1341
69.1428
69.1514
69.1592
69.1658
69.1709
69.1743
69.1776
69.1775
69.1858
69.1732
69.2391
62.4017
62.4767
62.555
62.641
62.7326
62.8288
62.9298
63.0363
63.1482
63.2656
63.3885
63.517
63.651
63.7905
63.9352
64.0852
64.24
64.3994
64.563
64.7304
64.901
65.0744
65.2499
65.4268
65.6045
65.7822
65.9592
66.1347
66.3081
66.4786
66.6455
66.8082
66.9662
67.119
67.2661
67.4071
67.5419
67.6702
67.7919
67.907
68.0154
68.1172
68.2126
68.3017
68.3846
68.4616
68.533
68.599
68.6599
68.7159
68.7676
68.8151
68.8589
68.8991
68.9359
68.9692
68.999
69.0251
69.0476
69.0667
69.0827
69.0961
69.1071
69.1163
69.1245
69.1324
69.1398
69.1465
69.1517
69.1567
69.1573
69.1676
69.1493
69.2379
62.9141
62.973
63.0343
63.1026
63.1757
63.2525
63.3333
63.4187
63.5088
63.6037
63.7034
63.808
63.9177
64.0323
64.1519
64.2765
64.4058
64.5398
64.6783
64.8209
64.9673
65.1172
65.2702
65.4257
65.5831
65.742
65.9017
66.0616
66.2209
66.3791
66.5356
66.6895
66.8405
66.9878
67.1311
67.2698
67.4035
67.532
67.655
67.7722
67.8836
67.9891
68.0886
68.1823
68.2702
68.3524
68.429
68.5003
68.5665
68.6277
68.6843
68.7364
68.7845
68.8288
68.8696
68.9071
68.9414
68.9726
69.0004
69.0248
69.0457
69.0633
69.078
69.09
69.0997
69.1078
69.1149
69.1217
69.1276
69.134
69.1356
69.1484
69.1218
69.2422
63.3892
63.4354
63.4835
63.5378
63.5962
63.6574
63.7221
63.7906
63.863
63.9395
64.0202
64.1051
64.1944
64.2882
64.3865
64.4894
64.5967
64.7085
64.8246
64.945
65.0694
65.1976
65.3293
65.4643
65.602
65.742
65.8839
66.0272
66.1713
66.3157
66.4597
66.6028
66.7444
66.8839
67.0209
67.1547
67.2849
67.4111
67.533
67.6502
67.7626
67.8698
67.9719
68.0686
68.16
68.2462
68.3271
68.4029
68.4737
68.5396
68.6009
68.6576
68.7101
68.7584
68.803
68.8441
68.8819
68.9167
68.9486
68.9774
69.0031
69.0255
69.0445
69.0604
69.0733
69.0837
69.0919
69.0987
69.1042
69.1106
69.1123
69.1276
69.092
69.2515
63.8264
63.8627
63.9005
63.9438
63.9905
64.0394
64.0912
64.1461
64.2044
64.266
64.3312
64.4
64.4726
64.5491
64.6296
64.7141
64.8027
64.8954
64.9922
65.093
65.1978
65.3065
65.4188
65.5347
65.6537
65.7756
65.9002
66.0269
66.1553
66.2851
66.4157
66.5466
66.6772
66.8071
66.9357
67.0626
67.1871
67.309
67.4277
67.5428
67.6541
67.7613
67.8641
67.9624
68.0559
68.1448
68.2288
68.3081
68.3826
68.4525
68.5179
68.5788
68.6354
68.6879
68.7364
68.7811
68.8224
68.8603
68.8952
68.9273
68.9565
68.9829
69.0062
69.0263
69.0432
69.0569
69.0678
69.0763
69.0824
69.0886
69.0893
69.1058
69.0646
69.2567
64.2269
64.2554
64.2852
64.3198
64.3572
64.3964
64.4379
64.482
64.5289
64.5786
64.6312
64.687
64.7459
64.8082
64.8739
64.9431
65.016
65.0925
65.1728
65.2568
65.3445
65.4359
65.531
65.6295
65.7315
65.8366
65.9446
66.0554
66.1685
66.2836
66.4003
66.5183
66.6371
66.7562
66.8752
66.9935
67.1107
67.2264
67.3401
67.4513
67.5598
67.6651
67.767
67.8652
67.9594
68.0496
68.1355
68.2172
68.2945
68.3675
68.4362
68.5007
68.5609
68.6172
68.6695
68.7179
68.7627
68.8039
68.8418
68.8767
68.9086
68.9378
68.9643
68.988
69.0087
69.0262
69.0405
69.0518
69.0599
69.0672
69.0683
69.0843
69.0478
69.2369
64.5917
64.6142
64.6377
64.6655
64.6956
64.7271
64.7604
64.796
64.8337
64.8738
64.9164
64.9616
65.0094
65.0601
65.1137
65.1703
65.2301
65.2931
65.3595
65.4291
65.5022
65.5787
65.6586
65.7419
65.8285
65.9184
66.0113
66.1071
66.2056
66.3066
66.4098
66.5149
66.6215
66.7292
66.8377
66.9465
67.0552
67.1634
67.2706
67.3764
67.4805
67.5824
67.6818
67.7784
67.8719
67.962
68.0486
68.1315
68.2106
68.2857
68.357
68.4242
68.4876
68.547
68.6026
68.6544
68.7026
68.7472
68.7883
68.8261
68.8608
68.8924
68.9213
68.9475
68.971
68.9917
69.0093
69.0238
69.0348
69.0439
69.0475
69.0616
69.0455
69.1699
64.9234
64.9412
64.9598
64.9822
65.0065
65.0319
65.0588
65.0874
65.118
65.1504
65.1849
65.2215
65.2604
65.3017
65.3454
65.3917
65.4408
65.4926
65.5472
65.6049
65.6655
65.7293
65.7962
65.8662
65.9393
66.0156
66.0949
66.1771
66.2622
66.35
66.4403
66.5328
66.6273
66.7236
66.8213
66.9201
67.0195
67.1193
67.219
67.3183
67.4167
67.5139
67.6095
67.7031
67.7945
67.8833
67.9693
68.0523
68.132
68.2084
68.2812
68.3505
68.4162
68.4782
68.5366
68.5914
68.6426
68.6903
68.7345
68.7753
68.8128
68.8472
68.8784
68.9067
68.9322
68.9551
68.9751
68.9923
69.0062
69.0174
69.0249
69.0347
69.0485
69.0539
65.223
65.2371
65.2519
65.2701
65.2898
65.3104
65.3322
65.3554
65.3802
65.4066
65.4346
65.4644
65.4961
65.5297
65.5655
65.6034
65.6436
65.6862
65.7313
65.7789
65.8292
65.8822
65.938
65.9967
66.0582
66.1227
66.19
66.2602
66.3331
66.4089
66.4872
66.568
66.6511
66.7362
66.8233
66.9119
67.0019
67.0928
67.1844
67.2763
67.3682
67.4596
67.5503
67.6399
67.728
67.8143
67.8986
67.9805
68.0598
68.1364
68.21
68.2805
68.3477
68.4117
68.4722
68.5294
68.5832
68.6336
68.6806
68.7243
68.7646
68.8016
68.8354
68.866
68.8936
68.9182
68.9399
68.9587
68.9747
68.9874
68.9988
69.0023
69.0389
68.9225
65.4943
65.5056
65.5174
65.5322
65.5483
65.5651
65.5828
65.6017
65.6219
65.6434
65.6663
65.6906
65.7165
65.744
65.7733
65.8044
65.8375
65.8725
65.9097
65.949
65.9907
66.0348
66.0813
66.1303
66.1819
66.2361
66.2931
66.3526
66.4149
66.4798
66.5473
66.6173
66.6898
66.7645
66.8413
66.9201
67.0006
67.0826
67.1657
67.2498
67.3345
67.4195
67.5045
67.5891
67.6729
67.7558
67.8373
67.9171
67.9951
68.0708
68.1442
68.215
68.2831
68.3482
68.4104
68.4694
68.5252
68.5779
68.6273
68.6734
68.7163
68.7559
68.7922
68.8252
68.855
68.8815
68.9047
68.9248
68.942
68.9552
68.9683
68.966
69.0052
68.825
65.7369
65.7459
65.7555
65.7676
65.7809
65.7946
65.8092
65.8247
65.8413
65.8589
65.8777
65.8977
65.919
65.9416
65.9657
65.9914
66.0186
66.0476
66.0783
66.111
66.1456
66.1822
66.221
66.262
66.3053
66.351
66.399
66.4495
66.5025
66.5579
66.6159
66.6763
66.7391
66.8042
66.8716
66.9411
67.0126
67.0859
67.1607
67.2369
67.3142
67.3924
67.4711
67.5501
67.629
67.7076
67.7855
67.8625
67.9381
68.0123
68.0846
68.1549
68.223
68.2886
68.3517
68.4119
68.4693
68.5238
68.5752
68.6234
68.6685
68.7104
68.749
68.7843
68.8162
68.8447
68.8697
68.8911
68.9092
68.9224
68.9351
68.9292
68.9538
68.7865
65.9568
65.964
65.9718
65.9819
65.9928
66.0042
66.0162
66.029
66.0427
66.0573
66.0728
66.0893
66.1069
66.1256
66.1455
66.1667
66.1893
66.2133
66.2388
66.2659
66.2947
66.3252
66.3576
66.3919
66.4282
66.4666
66.5071
66.5498
66.5948
66.642
66.6916
66.7434
66.7976
66.8541
66.9129
66.9738
67.0368
67.1017
67.1685
67.237
67.3069
67.3781
67.4503
67.5233
67.5967
67.6704
67.7441
67.8173
67.89
67.9617
68.0322
68.1012
68.1685
68.2339
68.2971
68.358
68.4164
68.472
68.5249
68.5749
68.6218
68.6657
68.7063
68.7436
68.7775
68.8079
68.8347
68.8576
68.8766
68.8902
68.9014
68.8952
68.9013
68.7922
66.1496
66.1554
66.1619
66.1703
66.1796
66.1891
66.1991
66.2098
66.2213
66.2335
66.2464
66.2602
66.2749
66.2906
66.3072
66.3249
66.3438
66.3639
66.3852
66.4079
66.4321
66.4577
66.4849
66.5138
66.5444
66.5768
66.6111
66.6474
66.6857
66.726
66.7684
66.813
66.8598
66.9087
66.9599
67.0131
67.0685
67.1259
67.1852
67.2464
67.3092
67.3737
67.4394
67.5064
67.5742
67.6428
67.7118
67.7809
67.85
67.9187
67.9868
68.0539
68.1198
68.1843
68.2471
68.308
68.3667
68.4232
68.4771
68.5283
68.5768
68.6222
68.6645
68.7036
68.7393
68.7714
68.7998
68.8241
68.8442
68.8587
68.8688
68.8652
68.8596
68.8095
66.3272
66.3319
66.3372
66.3444
66.3522
66.3602
66.3687
66.3777
66.3873
66.3975
66.4084
66.42
66.4324
66.4455
66.4595
66.4743
66.4902
66.507
66.525
66.544
66.5643
66.5859
66.6088
66.6332
66.659
66.6865
66.7155
66.7463
66.7788
66.8132
66.8495
66.8878
66.928
66.9703
67.0146
67.061
67.1094
67.1598
67.2122
67.2665
67.3226
67.3805
67.4399
67.5008
67.5629
67.6261
67.6901
67.7547
67.8197
67.8849
67.9499
68.0144
68.0783
68.1412
68.203
68.2632
68.3217
68.3783
68.4327
68.4848
68.5342
68.5809
68.6245
68.665
68.7022
68.7358
68.7656
68.7912
68.8124
68.8281
68.8381
68.8384
68.8299
68.8159
66.4755
66.4793
66.4839
66.4902
66.4969
66.5039
66.5111
66.5189
66.5272
66.536
66.5454
66.5554
66.5659
66.5772
66.5892
66.602
66.6155
66.63
66.6453
66.6617
66.679
66.6975
66.7171
66.738
66.7602
66.7837
66.8087
66.8351
66.8632
66.8928
66.9242
66.9573
66.9922
67.029
67.0677
67.1083
67.1508
67.1953
67.2417
67.29
67.3402
67.3922
67.4458
67.5011
67.5578
67.6159
67.6751
67.7353
67.7962
67.8576
67.9194
67.9811
68.0426
68.1036
68.1639
68.2231
68.281
68.3373
68.3918
68.4442
68.4943
68.5419
68.5866
68.6283
68.6666
68.7015
68.7325
68.7594
68.7816
68.7986
68.8095
68.8134
68.807
68.8081
66.6206
66.6237
66.6277
66.6331
66.639
66.6449
66.6512
66.658
66.6651
66.6727
66.6808
66.6893
66.6984
66.7081
66.7184
66.7293
66.7409
66.7533
66.7664
66.7804
66.7953
66.8111
66.8279
66.8458
66.8647
66.8849
66.9063
66.929
66.953
66.9786
67.0056
67.0341
67.0643
67.0962
67.1298
67.1652
67.2023
67.2414
67.2822
67.3249
67.3694
67.4158
67.4639
67.5136
67.565
67.6179
67.6721
67.7276
67.7841
67.8414
67.8994
67.9578
68.0164
68.0748
68.133
68.1905
68.2471
68.3025
68.3565
68.4087
68.4588
68.5067
68.552
68.5944
68.6336
68.6694
68.7013
68.7292
68.7524
68.7706
68.7828
68.7893
68.7861
68.7925
66.7262
66.7288
66.7324
66.7374
66.7427
66.7481
66.7538
66.7599
66.7663
66.7732
66.7804
66.7881
66.7962
66.8049
66.8141
66.8239
66.8342
66.8453
66.857
66.8694
66.8826
66.8966
66.9115
66.9273
66.9441
66.962
66.9809
67.001
67.0223
67.0448
67.0687
67.094
67.1208
67.1491
67.1789
67.2104
67.2435
67.2783
67.3149
67.3532
67.3934
67.4352
67.4788
67.5242
67.5711
67.6197
67.6698
67.7212
67.7739
67.8277
67.8823
67.9377
67.9936
68.0497
68.1059
68.1617
68.217
68.2715
68.3248
68.3766
68.4267
68.4748
68.5204
68.5633
68.6032
68.6398
68.6726
68.7013
68.7255
68.7448
68.7583
68.767
68.7663
68.7756
66.8526
66.8547
66.858
66.8625
66.8673
66.8721
66.8772
66.8826
66.8883
66.8944
66.9008
66.9076
66.9148
66.9225
66.9306
66.9392
66.9483
66.9579
66.9682
66.9791
66.9906
67.0029
67.0159
67.0296
67.0443
67.0598
67.0763
67.0938
67.1123
67.1319
67.1528
67.1748
67.1981
67.2228
67.2489
67.2765
67.3055
67.3362
67.3684
67.4023
67.4378
67.475
67.5139
67.5545
67.5967
67.6406
67.686
67.7329
67.7812
67.8308
67.8814
67.933
67.9854
68.0383
68.0915
68.1448
68.1978
68.2503
68.3021
68.3526
68.4017
68.4491
68.4943
68.537
68.5768
68.6135
68.6466
68.6757
68.7004
68.7205
68.7349
68.7451
68.746
68.7579
66.9097
66.9112
66.9145
66.919
66.9236
66.9282
66.9331
66.9383
66.9438
66.9496
66.9557
66.9622
66.9691
66.9764
66.9841
66.9922
67.0009
67.01
67.0197
67.0299
67.0407
67.0522
67.0644
67.0773
67.0909
67.1054
67.1207
67.137
67.1542
67.1724
67.1916
67.212
67.2336
67.2564
67.2805
67.306
67.3329
67.3612
67.391
67.4224
67.4553
67.4899
67.5261
67.564
67.6035
67.6446
67.6873
67.7316
67.7773
67.8244
67.8727
67.9221
67.9724
68.0235
68.0751
68.1269
68.1787
68.2303
68.2813
68.3313
68.3801
68.4273
68.4725
68.5154
68.5555
68.5926
68.6262
68.6558
68.6812
68.702
68.7173
68.7287
68.7309
68.7449
67.0452
67.0471
67.0503
67.0543
67.0585
67.0628
67.0673
67.072
67.077
67.0823
67.0878
67.0937
67.0999
67.1064
67.1133
67.1206
67.1283
67.1364
67.145
67.154
67.1636
67.1737
67.1844
67.1958
67.2077
67.2204
67.2338
67.248
67.263
67.2788
67.2956
67.3134
67.3321
67.352
67.373
67.3952
67.4186
67.4433
67.4694
67.4969
67.5258
67.5562
67.5881
67.6215
67.6565
67.6931
67.7312
67.7708
67.8118
67.8543
67.898
67.9429
67.9889
68.0357
68.0833
68.1312
68.1794
68.2276
68.2754
68.3226
68.3687
68.4135
68.4566
68.4976
68.5362
68.5718
68.6042
68.633
68.6576
68.6779
68.693
68.7045
68.7068
68.7221
69.1321
69.5524
69.9282
70.2557
70.537
70.7759
70.9771
71.1452
71.2848
71.4003
71.4952
71.5729
71.6361
71.6873
71.7285
71.7614
71.7874
71.8077
71.8233
71.8351
71.8439
71.85
71.8542
71.8568
71.8581
71.8583
71.8578
71.8567
71.8551
71.8532
71.8511
71.8488
71.8464
71.8439
71.8415
71.839
71.8366
71.8342
71.8319
71.8296
71.8275
69.1271
69.5366
69.9045
70.2255
70.5026
70.7398
70.9411
71.111
71.2536
71.3728
71.472
71.5542
71.6222
71.678
71.7237
71.7609
71.791
71.8152
71.8344
71.8494
71.8611
71.8697
71.8762
71.8808
71.8838
71.8855
71.8862
71.886
71.8852
71.8839
71.8821
71.8801
71.8777
71.8752
71.8726
71.8699
71.8671
71.8643
71.8615
71.8587
71.8559
69.122
69.5248
69.8886
70.2062
70.482
70.7198
70.9233
71.0966
71.2436
71.3678
71.4722
71.5597
71.6328
71.6937
71.744
71.7854
71.8193
71.8469
71.869
71.8866
71.9004
71.9106
71.9185
71.9243
71.9281
71.9305
71.9316
71.9318
71.9311
71.9298
71.928
71.9257
71.9231
71.9202
71.9171
71.9138
71.9105
71.907
71.9034
71.8998
71.8963
69.1182
69.5212
69.8863
70.2046
70.4823
70.7227
70.9298
71.1072
71.2589
71.3879
71.4974
71.59
71.668
71.7335
71.7883
71.8339
71.8717
71.9027
71.928
71.9483
71.9645
71.9767
71.9864
71.9936
71.9987
72.002
72.0038
72.0045
72.0041
72.003
72.0011
71.9986
71.9957
71.9924
71.9887
71.9848
71.9806
71.9763
71.9719
71.9673
71.9628
69.1147
69.5215
69.891
70.2122
70.4934
70.7379
70.9493
71.1318
71.2887
71.4234
71.5386
71.6369
71.7205
71.7914
71.8513
71.9017
71.9438
71.9787
72.0074
72.0308
72.0495
72.0635
72.0749
72.0835
72.0896
72.0936
72.0959
72.0967
72.0964
72.095
72.0928
72.0898
72.0862
72.0821
72.0776
72.0727
72.0675
72.062
72.0564
72.0505
72.0447
69.1108
69.5239
69.8997
70.2258
70.5122
70.7622
70.9797
71.1685
71.3322
71.4737
71.5958
71.7009
71.7911
71.8682
71.934
71.9897
72.0367
72.076
72.1085
72.1351
72.1566
72.1728
72.186
72.1961
72.2032
72.2079
72.2106
72.2117
72.2113
72.2096
72.2069
72.2033
72.1989
72.1938
72.1882
72.1821
72.1756
72.1688
72.1617
72.1542
72.147
69.1066
69.5289
69.9136
70.2467
70.5404
70.7979
71.023
71.2197
71.3913
71.5409
71.6708
71.7836
71.8811
71.9652
72.0373
72.099
72.1513
72.1953
72.232
72.2621
72.2865
72.3048
72.3199
72.3314
72.3395
72.3448
72.3478
72.3488
72.3481
72.346
72.3425
72.338
72.3325
72.3262
72.3192
72.3116
72.3035
72.2949
72.286
72.2767
72.2677
69.1025
69.5372
69.9335
70.2761
70.5792
70.8459
71.0801
71.286
71.4668
71.6254
71.7641
71.8853
71.991
72.0827
72.1619
72.23
72.2881
72.3373
72.3785
72.4124
72.4399
72.4606
72.4775
72.4905
72.4995
72.5053
72.5085
72.5093
72.5082
72.5053
72.5008
72.4951
72.4882
72.4804
72.4717
72.4623
72.4523
72.4417
72.4307
72.4192
72.4081
69.0986
69.549
69.9597
70.3141
70.6287
70.9063
71.1513
71.3677
71.5589
71.7277
71.8762
72.0069
72.1215
72.2216
72.3086
72.3838
72.4484
72.5032
72.5492
72.5873
72.6181
72.6412
72.6601
72.6744
72.6843
72.6905
72.6937
72.6942
72.6923
72.6884
72.6827
72.6754
72.6669
72.6571
72.6464
72.6349
72.6225
72.6096
72.5961
72.582
72.5683
69.0949
69.5642
69.9922
70.3608
70.689
70.9795
71.2368
71.4654
71.6684
71.8486
72.0082
72.1493
72.2739
72.3833
72.4789
72.5619
72.6334
72.6944
72.7458
72.7882
72.8227
72.8482
72.8691
72.8849
72.8956
72.902
72.905
72.9048
72.9019
72.8967
72.8894
72.8803
72.8696
72.8576
72.8444
72.8303
72.8152
72.7994
72.783
72.7659
72.7492
69.0918
69.5832
70.0314
70.4168
70.761
71.0663
71.3379
71.5802
71.7965
71.9896
72.1613
72.3142
72.4497
72.5694
72.6745
72.766
72.8452
72.913
72.9701
73.0173
73.0555
73.0837
73.1066
73.1237
73.135
73.1415
73.144
73.1429
73.1387
73.1317
73.1224
73.111
73.0978
73.083
73.0669
73.0496
73.0313
73.0122
72.9923
72.9717
72.9515
69.0894
69.6065
70.078
70.483
70.8455
71.1679
71.4556
71.7134
71.9447
72.1521
72.3375
72.5032
72.651
72.782
72.8974
72.9984
73.086
73.1611
73.2244
73.2768
73.3191
73.35
73.3748
73.3932
73.4049
73.4112
73.4129
73.4105
73.4045
73.3954
73.3835
73.3693
73.353
73.3349
73.3152
73.2943
73.2721
73.249
73.2251
73.2003
73.176
69.0881
69.6346
70.1328
70.5602
70.9437
71.2854
71.5915
71.8668
72.1148
72.3382
72.5387
72.7188
72.88
73.0235
73.1504
73.2618
73.3585
73.4416
73.5118
73.5696
73.6161
73.6498
73.6766
73.696
73.7079
73.7136
73.714
73.7099
73.7016
73.6897
73.6747
73.6569
73.6369
73.6147
73.5909
73.5655
73.5388
73.5111
73.4824
73.4527
73.4236
69.0882
69.6681
70.1966
70.6497
71.057
71.4206
71.7473
72.0423
72.3091
72.5502
72.7675
72.9635
73.1397
73.297
73.4366
73.5593
73.6662
73.758
73.8354
73.8992
73.9501
73.9866
74.0151
74.0353
74.047
74.0516
74.0503
74.0437
74.0324
74.017
73.9981
73.976
73.9513
73.9244
73.8954
73.8648
73.8326
73.7994
73.7651
73.7298
73.695
69.0902
69.7079
70.2707
70.753
71.1871
71.5755
71.9253
72.2424
72.5301
72.7911
73.0272
73.2409
73.4336
73.6062
73.7597
73.895
74.0129
74.1142
74.1996
74.2696
74.3251
74.3642
74.3942
74.4148
74.4258
74.4287
74.4248
74.415
74.3998
74.3799
74.3561
74.3287
74.2984
74.2655
74.2304
74.1934
74.1548
74.115
74.0741
74.032
73.9906
69.0948
69.7551
70.3565
70.8717
71.3361
71.7523
72.1283
72.4701
72.7813
73.0645
73.3215
73.5548
73.7659
73.9555
74.1244
74.2735
74.4036
74.5152
74.609
74.6856
74.7457
74.7873
74.8184
74.8387
74.8482
74.8486
74.8412
74.827
74.8067
74.7813
74.7512
74.7173
74.6801
74.6399
74.5974
74.5528
74.5065
74.4588
74.41
74.3601
74.3108
69.1025
69.8107
70.4556
71.008
71.5065
71.9541
72.3595
72.729
73.0665
73.3746
73.6549
73.9102
74.1418
74.3503
74.5363
74.7006
74.8439
74.9667
75.0696
75.1529
75.2176
75.2612
75.2927
75.312
75.3189
75.3155
75.3033
75.2834
75.2566
75.2239
75.1862
75.1441
75.0982
75.0493
74.9976
74.9439
74.8882
74.8312
74.773
74.7137
74.6552
69.1143
69.8764
70.5702
71.1646
71.7016
72.1845
72.6229
73.0237
73.3907
73.7268
74.0331
74.3129
74.5675
74.797
75.0019
75.183
75.3408
75.4757
75.5881
75.6784
75.7473
75.7922
75.8231
75.8401
75.8431
75.8343
75.8156
75.788
75.7528
75.7109
75.6634
75.6111
75.5546
75.4948
75.4321
75.3672
75.3003
75.2321
75.1627
75.0923
75.0228
69.1313
69.954
70.7028
71.3447
71.925
72.4477
72.9234
73.3594
73.7598
74.1272
74.4629
74.7703
75.0504
75.3034
75.5293
75.729
75.9026
76.0505
76.1728
76.2699
76.3424
76.3874
76.4164
76.4294
76.4265
76.4102
76.3826
76.345
76.2988
76.2451
76.1852
76.12
76.0504
75.9772
75.901
75.8225
75.7421
75.6604
75.5777
75.4942
75.4117
69.1547
70.0457
70.8566
71.5521
72.1813
72.7491
73.267
73.7428
74.1809
74.5838
74.9526
75.2909
75.5999
75.8791
76.1285
76.3485
76.5393
76.701
76.8335
76.9369
77.0118
77.0554
77.0803
77.0869
77.0754
77.0487
77.009
76.9582
76.8977
76.829
76.7534
76.672
76.586
76.4962
76.4035
76.3085
76.2117
76.1139
76.0153
75.9162
75.8184
69.1864
70.1545
71.0354
71.7917
72.4765
73.0953
73.6612
74.1822
74.663
75.1062
75.5124
75.8857
76.2272
76.5358
76.8112
77.0537
77.2631
77.4392
77.5817
77.6905
77.766
77.8055
77.8235
77.8202
77.7965
77.7553
77.6996
77.6313
77.5522
77.4641
77.3685
77.2669
77.1605
77.0502
76.9371
76.8221
76.7055
76.5884
76.4709
76.3533
76.2376
69.2284
70.2838
71.2441
72.0696
72.8175
73.4946
74.115
74.6877
75.2173
75.7063
76.1551
76.5682
76.9464
77.288
77.5925
77.8596
78.0888
78.2796
78.4313
78.5437
78.6169
78.6486
78.6553
78.6376
78.5965
78.5357
78.4583
78.3669
78.2637
78.1507
78.0298
77.9027
77.7708
77.6353
77.4973
77.3579
77.2176
77.0773
76.9375
76.7983
76.6616
69.2832
70.4381
71.4887
72.3933
73.2133
73.9571
74.6402
75.2721
75.8577
76.3994
76.8968
77.3552
77.7751
78.1539
78.4905
78.7844
79.0344
79.2396
79.399
79.5118
79.5781
79.5965
79.586
79.5472
79.4819
79.3942
79.288
79.1662
79.0316
78.8867
78.7338
78.5747
78.4111
78.2445
78.0762
77.9075
77.7387
77.571
77.4049
77.2406
77.0797
69.3543
70.623
71.777
72.7724
73.6753
74.496
75.2515
75.9519
76.6022
77.2045
77.7579
78.2682
78.7354
79.1561
79.5282
79.8508
80.1221
80.3403
80.5041
80.6123
80.6648
80.6617
80.6255
80.5567
80.4578
80.3336
80.1888
80.0273
79.8522
79.6665
79.473
79.274
79.0713
78.8668
78.6619
78.4579
78.2554
78.0557
77.8591
77.6658
77.4775
69.4458
70.8455
72.1188
73.2193
74.2182
75.1282
75.9679
76.748
77.4737
78.1466
78.7645
79.3344
79.8557
80.3234
80.7344
81.087
81.3787
81.6068
81.7694
81.8649
81.8931
81.8569
81.783
81.6716
81.5263
81.353
81.1572
80.9437
80.7165
80.4791
80.2349
79.9863
79.7359
79.4854
79.2367
78.9912
78.7494
78.5126
78.2813
78.0554
77.8365
69.5632
71.115
72.5269
73.75
74.861
75.8758
76.8144
77.6882
78.5025
79.2579
79.951
80.5897
81.1725
81.6926
82.1454
82.5282
82.8373
83.0691
83.221
83.291
83.2789
83.1926
83.0643
82.8933
82.6846
82.4455
82.1827
81.9021
81.6085
81.3062
80.999
80.69
80.3819
80.0768
79.7765
79.4828
79.1961
78.9175
78.6475
78.3859
78.134
69.7135
71.4437
73.0183
74.3859
75.6293
76.7682
77.8242
78.8095
79.7288
80.5817
81.3626
82.0808
82.7336
83.3112
83.8074
84.2179
84.5376
84.7619
84.8873
84.9119
84.8359
84.6751
84.4692
84.2155
83.9211
83.5948
83.245
82.8787
82.5017
82.1192
81.7355
81.354
80.9777
80.6088
80.2495
79.9013
79.5644
79.24
78.9285
78.6291
78.3432
69.906
71.848
73.6158
75.1558
76.5576
77.8456
79.0429
80.1621
81.2074
82.1764
83.0605
83.8705
84.6018
85.2409
85.7788
86.2096
86.5264
86.7234
86.7968
86.7452
86.5703
86.3005
85.9854
85.6188
85.2101
84.7703
84.3094
83.8358
83.3564
82.8769
82.4022
81.936
81.4813
81.0404
80.6153
80.2076
79.8171
79.4446
79.0903
78.7531
78.434
70.1528
72.3501
74.3507
76.0998
77.6941
79.164
80.5339
81.8166
83.015
84.1233
85.1289
86.044
86.8613
87.562
88.1337
88.568
88.8565
88.9926
88.973
88.7983
88.4736
88.0472
87.5814
87.0633
86.5054
85.9209
85.3217
84.7175
84.1159
83.5231
82.944
82.3824
81.841
81.3219
80.8268
80.3571
79.9118
79.4916
79.0962
78.7238
78.3755
70.4701
72.9808
75.2671
77.2745
79.1076
80.8036
82.3881
83.8738
85.2604
86.537
87.6845
88.7175
89.6238
90.3776
90.9621
91.3663
91.5809
91.5998
91.4227
91.0552
90.509
89.8625
89.1939
88.4783
87.7313
86.9687
86.2036
85.4466
84.7054
83.986
83.2928
82.6289
81.9966
81.3973
80.832
80.3016
79.8045
79.3405
78.9093
78.5079
78.1379
70.8803
73.7848
76.4303
78.7647
80.9012
82.8849
84.7427
86.4848
88.1058
89.5856
90.8961
92.0538
93.0402
93.8196
94.3701
94.6798
94.7404
94.5506
94.1175
93.4569
92.5924
91.647
90.7153
89.7522
88.7762
87.8045
86.8509
85.9251
85.0338
84.1818
83.372
82.6064
81.8856
81.2101
80.58
79.9953
79.4536
78.9542
78.4962
78.0759
77.6955
71.4071
74.814
77.921
80.6781
83.2083
85.5649
87.7756
89.8442
91.7557
93.4746
94.9597
96.2301
97.2579
97.9958
98.4186
98.5175
98.2923
97.7537
96.9253
95.8412
94.5433
93.2154
91.9644
90.7125
89.4796
88.2825
87.1328
86.0377
85.0008
84.0242
83.1082
82.2523
81.4553
80.716
80.0334
79.4066
78.8324
78.3098
77.8378
77.4122
77.0362
72.0862
76.1118
79.7975
83.0856
86.113
88.9386
91.5881
94.0537
96.302
98.2722
99.9058
101.227
102.197
102.76
102.893
102.604
101.912
100.853
99.4788
97.85
96.0307
94.2751
92.6882
91.1468
89.6681
88.266
86.9465
85.7113
84.5591
83.4878
82.494
81.5743
80.7251
79.9436
79.2273
78.5753
77.9835
77.4515
76.9788
76.5618
76.2053
72.906
77.6682
82.0425
85.9627
89.5837
92.9652
96.1251
99.0348
101.629
103.81
105.502
106.742
107.484
107.674
107.311
106.434
105.101
103.386
101.374
99.155
96.8106
94.6579
92.7809
91.003
89.3355
87.7857
86.3519
85.0282
83.8078
82.6836
81.6489
80.6969
79.8222
79.0204
78.2884
77.6249
77.0264
76.4934
76.0273
75.6258
75.2974
73.8287
79.4736
84.6711
89.3475
93.6767
97.7105
101.445
104.819
107.72
109.999
111.58
112.524
112.796
112.367
111.283
109.637
107.537
105.1
102.442
99.6693
96.8716
94.4069
92.322
90.3867
88.6037
86.9727
85.4832
84.122
82.8768
81.7368
80.6916
79.7324
78.852
78.045
77.308
76.6401
76.0387
75.5059
75.0458
74.6595
74.3606
74.8316
81.5371
87.7192
93.2982
98.4628
103.245
107.595
111.398
114.485
116.651
117.856
118.219
117.739
116.446
114.459
111.938
109.04
105.913
102.687
99.4709
96.3419
93.6761
91.4742
89.4612
87.6311
85.9767
84.4796
83.1204
81.8828
80.7528
79.7179
78.7675
77.8934
77.0894
76.3523
75.6815
75.0753
74.5381
74.0773
73.6988
73.4242
75.8943
83.8791
91.239
97.8901
104.024
109.628
114.575
118.676
121.706
123.434
123.926
123.393
121.901
119.568
116.601
113.216
109.599
105.903
102.252
98.7353
95.4099
92.6486
90.408
88.3818
86.557
84.9209
83.4491
82.1178
80.9081
79.8038
78.7911
77.8583
76.9964
76.1991
75.4629
74.7876
74.1723
73.6232
73.151
72.7676
72.5052
76.9878
86.5215
95.2891
103.202
110.428
116.871
122.285
126.405
128.999
129.879
129.313
127.625
124.962
121.545
117.656
113.535
109.359
105.263
101.344
97.6679
94.2624
91.4875
89.2646
87.2691
85.4835
83.891
82.4633
81.1742
80.0027
78.9318
77.9467
77.0351
76.1876
75.3977
74.6617
73.9795
73.3502
72.7815
72.2855
71.8817
71.6134
78.0802
89.4928
99.9363
109.308
117.704
124.881
130.462
134.155
135.829
135.465
133.599
130.634
126.793
122.393
117.757
113.097
108.551
104.222
100.175
96.4482
93.0461
90.3119
88.1411
86.2016
84.4733
82.9369
81.5619
80.3205
79.1909
78.1555
77.1992
76.3093
75.4762
74.6932
73.9563
73.2652
72.6183
72.0238
71.4925
71.0527
70.7533
79.1421
92.8336
105.257
116.264
125.796
133.412
138.654
141.35
141.636
139.779
136.557
132.367
127.48
122.306
117.154
112.16
107.412
102.982
98.9097
95.2051
91.858
89.1951
87.0938
85.2221
83.5582
82.0818
80.7613
79.568
78.4798
77.479
76.5502
75.6808
74.861
74.084
73.3454
72.6446
71.9781
71.3545
70.7784
70.2898
69.9268
80.1504
96.6003
111.334
124.075
134.507
142.01
146.245
147.395
146.001
142.653
138.221
132.975
127.259
121.565
116.12
110.957
106.13
101.692
97.6569
94.0177
90.753
88.1751
86.1498
84.3487
82.7496
81.332
80.064
78.9162
77.8667
76.8977
75.9942
75.1433
74.3353
73.5634
72.8227
72.1121
71.4259
70.7726
70.1458
69.6002
69.1341
81.0954
100.865
118.226
132.621
143.419
150.039
152.606
151.877
148.806
144.208
138.817
132.72
126.415
120.442
114.876
109.656
104.831
100.441
96.4806
92.9288
89.7582
87.2686
85.3183
83.5853
82.0475
80.6847
79.4649
78.3586
77.3439
76.4036
75.5224
74.6878
73.89
73.1223
72.3793
71.6596
70.955
70.2734
69.5941
68.988
68.3749
81.9781
105.716
125.925
141.591
151.927
156.856
157.322
154.708
150.234
144.75
138.633
131.866
125.203
119.15
113.573
108.365
103.592
99.2838
95.4142
91.9577
88.8832
86.4794
84.5991
82.9283
81.4459
80.1326
78.9558
77.8861
76.9021
75.9867
75.1251
74.3046
73.5155
72.7512
72.006
71.2782
70.5572
69.8502
69.1206
68.4543
67.651
82.8264
111.235
134.293
150.458
159.355
162.005
160.308
156.095
150.632
144.608
137.918
130.633
123.827
117.836
112.307
107.149
102.458
98.2454
94.4713
91.1089
88.1254
85.8013
83.9846
82.3691
80.9355
79.6654
78.5262
77.4882
76.5307
75.6369
74.792
73.9834
73.2017
72.4403
71.6932
70.9585
70.2236
69.4945
68.7204
67.9965
66.9669
83.6525
117.344
142.862
158.471
165.113
165.321
161.755
156.404
150.369
144.067
136.873
129.212
122.444
116.594
111.136
106.047
101.45
97.3336
93.6516
90.3773
87.4769
85.224
83.4636
81.8976
80.5071
79.2748
78.1682
77.1575
76.2228
75.3473
74.5167
73.7182
72.9427
72.1837
71.435
70.6945
69.9483
69.2007
68.3902
67.6127
66.3336
84.4014
123.752
151.023
165.038
169.016
167.021
162.071
156.06
149.779
143.349
135.658
127.776
121.179
115.481
110.087
105.077
100.573
96.5472
92.9491
89.7539
86.9276
84.7358
83.02
81.4944
80.1412
78.9419
77.8635
76.8765
75.9616
75.1021
74.2839
73.4944
72.7246
71.9683
71.2189
70.4743
69.7196
68.9573
68.1203
67.2963
65.7542
84.2881
130.452
158.682
170.17
171.36
167.541
161.68
155.377
149.074
142.582
134.339
126.413
120.127
114.579
109.227
104.29
99.8721
95.9244
92.3974
89.2677
86.5012
84.3769
82.7021
81.2062
79.8804
78.7055
77.6479
76.6778
75.7769
74.9284
74.1186
73.3347
72.5683
71.8135
71.0631
70.3153
69.5541
68.7808
67.9262
67.0728
65.2756
85.9027
137.911
165.042
173.138
172.167
167.025
160.486
154.036
147.814
141.3
132.391
124.388
118.489
113.202
107.983
103.179
98.8968
95.0722
91.6561
88.6266
85.9465
83.8704
82.2631
80.8157
79.5309
78.3923
77.3657
76.4215
75.5422
74.7109
73.9146
73.1405
72.381
71.6303
70.8812
70.1321
69.3669
68.5842
67.7174
66.8419
64.9459
71.8256
71.8246
71.8235
71.8222
71.8209
71.8194
71.8179
71.8162
71.8144
71.8124
71.8103
71.8081
71.8056
71.803
71.8001
71.797
71.7936
71.79
71.786
71.7817
71.7771
71.772
71.7665
71.7605
71.754
71.747
71.7393
71.731
71.7219
71.712
71.7013
71.6896
71.6769
71.6631
71.6481
71.6318
71.6141
71.5949
71.5742
71.5517
71.5275
71.5013
71.4731
71.4428
71.4102
71.3753
71.3381
71.2984
71.2562
71.2115
71.1642
71.1145
71.0623
71.0078
70.9511
70.8924
70.8317
70.7695
70.7058
70.6411
70.5755
70.5095
70.4433
70.3774
70.3119
70.2474
70.1842
70.1225
70.0629
70.0055
69.9511
69.8994
69.8542
69.8059
71.8537
71.853
71.852
71.8505
71.849
71.8474
71.8458
71.8439
71.8419
71.8398
71.8374
71.8349
71.8322
71.8293
71.8261
71.8226
71.8189
71.8148
71.8104
71.8056
71.8005
71.7948
71.7888
71.7821
71.775
71.7672
71.7587
71.7496
71.7396
71.7288
71.7171
71.7044
71.6906
71.6757
71.6596
71.6421
71.6232
71.6028
71.5808
71.5571
71.5316
71.5042
71.4748
71.4433
71.4096
71.3736
71.3354
71.2948
71.2518
71.2064
71.1586
71.1085
71.056
71.0013
70.9445
70.8858
70.8253
70.7632
70.6998
70.6354
70.5702
70.5045
70.4387
70.3731
70.308
70.2438
70.1807
70.1193
70.0598
70.0025
69.9484
69.8962
69.8529
69.7982
71.8933
71.8928
71.8919
71.8904
71.8888
71.8871
71.8853
71.8834
71.8813
71.879
71.8765
71.8739
71.871
71.8678
71.8644
71.8607
71.8567
71.8524
71.8477
71.8426
71.837
71.831
71.8244
71.8173
71.8096
71.8012
71.7921
71.7822
71.7715
71.7599
71.7473
71.7337
71.7189
71.7029
71.6857
71.667
71.6469
71.6251
71.6018
71.5766
71.5496
71.5206
71.4896
71.4564
71.4211
71.3835
71.3436
71.3013
71.2566
71.2096
71.1602
71.1085
71.0546
70.9985
70.9405
70.8806
70.819
70.7561
70.6919
70.6268
70.5611
70.495
70.429
70.3633
70.2982
70.2341
70.1713
70.1102
70.051
69.9941
69.9404
69.8878
69.8457
69.7835
71.9588
71.9583
71.9574
71.9558
71.954
71.9522
71.9503
71.9481
71.9458
71.9433
71.9406
71.9376
71.9344
71.9309
71.9271
71.9229
71.9184
71.9135
71.9082
71.9024
71.8962
71.8894
71.882
71.8739
71.8652
71.8557
71.8454
71.8343
71.8222
71.8091
71.7949
71.7796
71.763
71.7451
71.7258
71.705
71.6826
71.6585
71.6327
71.6049
71.5753
71.5436
71.5098
71.4739
71.4358
71.3954
71.3527
71.3077
71.2604
71.2108
71.1591
71.1051
71.0492
70.9912
70.9315
70.8702
70.8074
70.7434
70.6785
70.6128
70.5467
70.4805
70.4145
70.3489
70.2841
70.2204
70.1581
70.0975
70.039
69.9825
69.9294
69.8765
69.8354
69.7663
72.0395
72.039
72.038
72.0362
72.0342
72.0322
72.03
72.0276
72.025
72.0221
72.019
72.0156
72.012
72.008
72.0036
71.9989
71.9937
71.9882
71.9821
71.9755
71.9683
71.9604
71.952
71.9427
71.9327
71.9219
71.9101
71.8973
71.8835
71.8686
71.8524
71.835
71.8161
71.7958
71.774
71.7505
71.7253
71.6983
71.6693
71.6385
71.6056
71.5706
71.5334
71.494
71.4524
71.4086
71.3625
71.3142
71.2637
71.2111
71.1564
71.0997
71.0413
70.9811
70.9194
70.8563
70.7922
70.727
70.6613
70.595
70.5286
70.4624
70.3965
70.3312
70.2669
70.2039
70.1423
70.0824
70.0247
69.9689
69.9166
69.8636
69.8235
69.7489
72.1404
72.1398
72.1387
72.1366
72.1343
72.1319
72.1293
72.1265
72.1235
72.1201
72.1165
72.1125
72.1082
72.1035
72.0984
72.0929
72.0868
72.0802
72.0731
72.0653
72.0568
72.0476
72.0376
72.0268
72.0151
72.0023
71.9885
71.9736
71.9575
71.9401
71.9213
71.9011
71.8793
71.8559
71.8307
71.8038
71.775
71.7443
71.7116
71.6768
71.6398
71.6007
71.5594
71.5159
71.4701
71.4222
71.3721
71.3199
71.2657
71.2095
71.1515
71.0918
71.0305
70.9678
70.904
70.8391
70.7734
70.7071
70.6405
70.5738
70.5072
70.4409
70.3753
70.3106
70.247
70.1847
70.124
70.0652
70.0084
69.9535
69.9021
69.8494
69.8103
69.7327
72.2595
72.2586
72.2573
72.2548
72.252
72.2492
72.2461
72.2427
72.239
72.235
72.2307
72.2259
72.2207
72.2151
72.209
72.2023
72.195
72.1871
72.1786
72.1692
72.1591
72.1482
72.1363
72.1234
72.1094
72.0943
72.078
72.0603
72.0413
72.0208
71.9988
71.9751
71.9497
71.9225
71.8934
71.8623
71.8293
71.7941
71.7568
71.7173
71.6757
71.6318
71.5857
71.5374
71.487
71.4344
71.3799
71.3234
71.265
71.205
71.1434
71.0804
71.0162
70.951
70.8849
70.8182
70.751
70.6837
70.6163
70.5492
70.4825
70.4165
70.3514
70.2873
70.2246
70.1633
70.1038
70.0461
69.9905
69.9368
69.8865
69.8345
69.7962
69.7187
72.3981
72.3967
72.3951
72.3921
72.3887
72.3852
72.3814
72.3773
72.3728
72.3678
72.3625
72.3567
72.3504
72.3435
72.336
72.3279
72.319
72.3094
72.299
72.2877
72.2755
72.2622
72.2479
72.2323
72.2155
72.1974
72.1779
72.1569
72.1342
72.11
72.0839
72.056
72.0262
71.9944
71.9605
71.9246
71.8864
71.8461
71.8035
71.7587
71.7116
71.6623
71.6108
71.5573
71.5016
71.4441
71.3846
71.3235
71.2609
71.1968
71.1316
71.0653
70.9981
70.9303
70.8621
70.7937
70.7252
70.657
70.5891
70.5217
70.4552
70.3896
70.3251
70.2619
70.2002
70.1402
70.0819
70.0256
69.9714
69.919
69.8701
69.8193
69.7816
69.7074
72.5562
72.5544
72.5522
72.5485
72.5442
72.5398
72.5351
72.53
72.5244
72.5183
72.5117
72.5045
72.4966
72.4881
72.4789
72.4689
72.458
72.4462
72.4335
72.4197
72.4047
72.3886
72.3711
72.3523
72.332
72.3102
72.2867
72.2615
72.2345
72.2056
72.1748
72.1419
72.1068
72.0696
72.0302
71.9885
71.9445
71.8982
71.8496
71.7988
71.7457
71.6905
71.6331
71.5738
71.5127
71.4498
71.3854
71.3195
71.2525
71.1844
71.1155
71.046
70.976
70.9059
70.8358
70.7659
70.6963
70.6273
70.5591
70.4918
70.4256
70.3606
70.297
70.2348
70.1744
70.1157
70.0589
70.004
69.9514
69.9005
69.853
69.8039
69.7667
69.6984
72.7348
72.7321
72.7293
72.7246
72.7193
72.7137
72.7078
72.7013
72.6943
72.6867
72.6784
72.6694
72.6596
72.649
72.6376
72.6251
72.6117
72.5972
72.5814
72.5644
72.5461
72.5264
72.5051
72.4822
72.4576
72.4313
72.403
72.3728
72.3406
72.3062
72.2696
72.2308
72.1897
72.1462
72.1003
72.0521
72.0015
71.9486
71.8934
71.8359
71.7763
71.7147
71.6511
71.5858
71.5189
71.4506
71.3811
71.3105
71.2391
71.1672
71.0948
71.0223
70.9499
70.8777
70.8059
70.7348
70.6645
70.5951
70.5269
70.4598
70.3942
70.33
70.2674
70.2065
70.1474
70.0902
70.0349
69.9817
69.9307
69.8815
69.8356
69.7885
69.7517
69.6909
72.9343
72.9307
72.9269
72.9209
72.9142
72.9071
72.8996
72.8915
72.8826
72.873
72.8625
72.8512
72.839
72.8258
72.8115
72.796
72.7793
72.7613
72.7419
72.721
72.6985
72.6743
72.6484
72.6205
72.5908
72.5589
72.525
72.4888
72.4503
72.4095
72.3663
72.3206
72.2725
72.2219
72.1688
72.1133
72.0555
71.9952
71.9328
71.8683
71.8017
71.7334
71.6634
71.592
71.5193
71.4455
71.371
71.2959
71.2205
71.1449
71.0694
70.9943
70.9197
70.8458
70.7728
70.7008
70.6301
70.5606
70.4926
70.4262
70.3613
70.2982
70.2368
70.1773
70.1197
70.064
70.0104
69.9589
69.9096
69.8622
69.8179
69.773
69.7368
69.6841
73.1557
73.1508
73.1455
73.138
73.1294
73.1205
73.1109
73.1006
73.0893
73.0771
73.064
73.0498
73.0345
73.0179
73
72.9808
72.9601
72.9378
72.9138
72.888
72.8604
72.8309
72.7993
72.7655
72.7295
72.6912
72.6504
72.6073
72.5616
72.5133
72.4625
72.4091
72.3531
72.2945
72.2335
72.17
72.1042
72.0362
71.9662
71.8942
71.8205
71.7453
71.6688
71.5913
71.5129
71.434
71.3547
71.2754
71.1962
71.1174
71.0393
70.9619
70.8856
70.8105
70.7366
70.6642
70.5934
70.5243
70.4568
70.3912
70.3274
70.2655
70.2055
70.1475
70.0915
70.0376
69.9857
69.9359
69.8884
69.8428
69.8001
69.7576
69.722
69.6773
73.3996
73.3929
73.3859
73.3762
73.3653
73.3539
73.3418
73.3286
73.3143
73.299
73.2824
73.2645
73.2453
73.2245
73.2023
73.1783
73.1526
73.125
73.0955
73.0639
73.0301
72.994
72.9556
72.9148
72.8715
72.8255
72.777
72.7257
72.6718
72.6151
72.5557
72.4936
72.4289
72.3617
72.292
72.22
72.1459
72.0697
71.9917
71.9122
71.8313
71.7493
71.6665
71.583
71.4993
71.4155
71.3319
71.2488
71.1664
71.0849
71.0046
70.9255
70.848
70.772
70.6978
70.6254
70.5549
70.4864
70.4198
70.3553
70.2928
70.2323
70.1739
70.1175
70.0632
70.011
69.9609
69.9129
69.8671
69.8234
69.7823
69.7422
69.7074
69.67
73.6666
73.6576
73.6482
73.6358
73.622
73.6075
73.592
73.5753
73.5572
73.5378
73.5169
73.4945
73.4703
73.4445
73.4167
73.387
73.3552
73.3212
73.2849
73.2462
73.2051
73.1614
73.115
73.0659
73.014
72.9593
72.9017
72.8413
72.7781
72.712
72.6432
72.5716
72.4975
72.421
72.3422
72.2613
72.1784
72.094
72.0081
71.921
71.833
71.7445
71.6556
71.5667
71.478
71.3899
71.3026
71.2163
71.1312
71.0476
70.9656
70.8855
70.8072
70.7309
70.6568
70.5848
70.515
70.4474
70.382
70.3188
70.2577
70.1989
70.1421
70.0875
70.035
69.9846
69.9363
69.8901
69.8461
69.8041
69.7648
69.7269
69.693
69.6619
73.9571
73.9452
73.9327
73.9168
73.8992
73.8808
73.8611
73.8399
73.8171
73.7926
73.7663
73.7382
73.7081
73.6758
73.6414
73.6047
73.5655
73.5238
73.4795
73.4324
73.3826
73.3298
73.2742
73.2156
73.1539
73.0893
73.0216
72.951
72.8775
72.8012
72.7221
72.6405
72.5564
72.4702
72.3819
72.2919
72.2004
72.1076
72.0139
71.9196
71.825
71.7303
71.6359
71.5421
71.4491
71.3573
71.2669
71.178
71.0909
71.0059
70.9229
70.8421
70.7637
70.6876
70.614
70.5428
70.474
70.4076
70.3436
70.282
70.2226
70.1655
70.1105
70.0577
70.0071
69.9585
69.912
69.8676
69.8253
69.7852
69.7474
69.7117
69.6788
69.653
74.2712
74.2555
74.239
74.2187
74.1964
74.1729
74.148
74.1211
74.0924
74.0616
74.0287
73.9936
73.9561
73.9162
73.8737
73.8285
73.7805
73.7297
73.6759
73.619
73.5591
73.496
73.4298
73.3603
73.2877
73.212
73.1333
73.0515
72.9669
72.8796
72.7898
72.6976
72.6033
72.5071
72.4094
72.3103
72.2103
72.1096
72.0085
71.9075
71.8067
71.7066
71.6073
71.5093
71.4128
71.318
71.2252
71.1345
71.0461
70.9602
70.8768
70.7961
70.718
70.6425
70.5698
70.4998
70.4323
70.3675
70.3051
70.2452
70.1876
70.1323
70.0793
70.0284
69.9796
69.9328
69.8881
69.8455
69.805
69.7666
69.7304
69.6968
69.6649
69.6434
74.6085
74.5878
74.5662
74.5403
74.5121
74.4824
74.4508
74.417
74.3809
74.3424
74.3014
74.2578
74.2115
74.1623
74.1101
74.0549
73.9966
73.935
73.8702
73.8021
73.7306
73.6558
73.5777
73.4962
73.4116
73.3239
73.2331
73.1395
73.0432
72.9445
72.8435
72.7406
72.6361
72.5301
72.4231
72.3154
72.2073
72.0992
71.9914
71.8843
71.7782
71.6733
71.5701
71.4687
71.3695
71.2725
71.1781
71.0863
70.9974
70.9112
70.828
70.7478
70.6706
70.5962
70.5248
70.4562
70.3904
70.3273
70.2667
70.2087
70.153
70.0997
70.0485
69.9995
69.9526
69.9077
69.8648
69.824
69.7851
69.7484
69.7138
69.6821
69.6512
69.6333
74.9677
74.9408
74.9125
74.8797
74.8441
74.8066
74.7669
74.7245
74.6794
74.6315
74.5807
74.5269
74.4699
74.4097
74.3462
74.2793
74.209
74.1351
74.0578
73.9769
73.8925
73.8047
73.7136
73.6191
73.5215
73.421
73.3176
73.2117
73.1035
72.9932
72.8811
72.7677
72.6531
72.5377
72.422
72.3063
72.1909
72.0762
71.9625
71.8502
71.7396
71.6311
71.5247
71.4209
71.3198
71.2215
71.1263
71.0342
70.9453
70.8596
70.7772
70.698
70.622
70.5491
70.4793
70.4125
70.3485
70.2873
70.2287
70.1727
70.119
70.0677
70.0185
69.9714
69.9264
69.8833
69.8422
69.803
69.7658
69.7307
69.6976
69.6677
69.6378
69.6229
75.3465
75.3117
75.2752
75.2336
75.1889
75.1419
75.0921
75.0393
74.9834
74.9242
74.8617
74.7958
74.7263
74.6533
74.5766
74.4963
74.4123
74.3246
74.2333
74.1383
74.0399
73.938
73.8329
73.7247
73.6136
73.4998
73.3836
73.2653
73.1451
73.0235
72.9007
72.7772
72.6532
72.5292
72.4056
72.2827
72.1609
72.0406
71.9221
71.8057
71.6917
71.5804
71.472
71.3666
71.2645
71.1658
71.0705
70.9788
70.8906
70.8059
70.7248
70.6471
70.5728
70.5017
70.4338
70.369
70.307
70.2479
70.1914
70.1374
70.0858
70.0364
69.9892
69.9441
69.9009
69.8596
69.8202
69.7827
69.7471
69.7136
69.6818
69.6536
69.6248
69.6123
75.7413
75.6966
75.6498
75.5975
75.5416
75.4829
75.4211
75.3558
75.2868
75.2143
75.1381
75.0581
74.9742
74.8865
74.795
74.6996
74.6005
74.4976
74.391
74.2809
74.1675
74.0508
73.9312
73.8089
73.6841
73.557
73.4282
73.2978
73.1662
73.0338
72.9011
72.7683
72.6359
72.5043
72.3738
72.2449
72.1179
71.9931
71.8709
71.7515
71.6352
71.5222
71.4127
71.3068
71.2046
71.1062
71.0116
70.9209
70.834
70.7509
70.6715
70.5957
70.5233
70.4543
70.3886
70.3259
70.2662
70.2092
70.1549
70.103
70.0535
70.0061
69.9609
69.9176
69.8762
69.8367
69.799
69.7631
69.729
69.697
69.6666
69.64
69.6121
69.6016
76.1464
76.0896
76.0301
75.9647
75.8953
75.8227
75.7465
75.6663
75.5823
75.4942
75.4022
75.3061
75.2061
75.102
74.9941
74.8823
74.7667
74.6475
74.5249
74.3991
74.2702
74.1386
74.0044
73.8681
73.7298
73.5901
73.4491
73.3074
73.1653
73.0232
72.8816
72.7407
72.6011
72.4632
72.3272
72.1935
72.0626
71.9346
71.8099
71.6887
71.5712
71.4576
71.3479
71.2423
71.1409
71.0436
70.9504
70.8613
70.7762
70.6951
70.6178
70.5442
70.4741
70.4074
70.344
70.2836
70.2261
70.1714
70.1193
70.0696
70.0221
69.9768
69.9335
69.8921
69.8525
69.8147
69.7786
69.7443
69.7116
69.6811
69.6519
69.6268
69.5997
69.5911
76.5539
76.4822
76.4073
76.3264
76.241
76.152
76.0589
75.9617
75.8603
75.7547
75.645
75.5311
75.4133
75.2915
75.166
75.0368
74.9041
74.7682
74.6293
74.4876
74.3435
74.1971
74.049
73.8993
73.7485
73.597
73.4452
73.2934
73.142
72.9916
72.8424
72.695
72.5496
72.4067
72.2666
72.1297
71.9961
71.8663
71.7404
71.6185
71.5009
71.3876
71.2787
71.1743
71.0743
70.9788
70.8876
70.8006
70.7178
70.6391
70.5642
70.493
70.4254
70.3612
70.3002
70.2423
70.1872
70.1347
70.0848
70.0372
69.9919
69.9485
69.9071
69.8675
69.8297
69.7935
69.759
69.7261
69.6949
69.6657
69.6378
69.614
69.5878
69.5807
76.9528
76.8634
76.7703
76.671
76.5671
76.4592
76.3471
76.2306
76.1099
75.985
75.8561
75.7232
75.5866
75.4464
75.3027
75.1559
75.0061
74.8537
74.6989
74.5421
74.3835
74.2235
74.0625
73.9008
73.7389
73.5771
73.4159
73.2556
73.0966
72.9395
72.7845
72.632
72.4825
72.3362
72.1935
72.0547
71.92
71.7895
71.6635
71.5421
71.4254
71.3135
71.2062
71.1037
71.0059
70.9127
70.8239
70.7395
70.6594
70.5833
70.5111
70.4426
70.3777
70.3161
70.2576
70.2021
70.1494
70.0992
70.0515
70.0061
69.9627
69.9214
69.8818
69.844
69.8078
69.7732
69.7402
69.7088
69.6788
69.651
69.6242
69.6017
69.5762
69.5706
77.3285
77.2186
77.1044
76.9843
76.8594
76.7305
76.5974
76.4601
76.3187
76.1735
76.0246
75.8722
75.7166
75.558
75.3966
75.2328
75.0669
74.8991
74.7297
74.5592
74.3878
74.2158
74.0438
73.8719
73.7007
73.5306
73.3618
73.1949
73.0302
72.8682
72.7091
72.5534
72.4014
72.2533
72.1095
71.9702
71.8356
71.7058
71.5809
71.461
71.3461
71.2363
71.1314
71.0315
70.9364
70.846
70.7601
70.6786
70.6014
70.5282
70.4589
70.3932
70.331
70.2721
70.2162
70.1632
70.1129
70.065
70.0195
69.9762
69.9348
69.8953
69.8575
69.8214
69.7868
69.7538
69.7222
69.6921
69.6635
69.6369
69.6111
69.5899
69.5651
69.5607
77.6629
77.5298
77.3921
77.2489
77.1014
76.95
76.7947
76.6358
76.4734
76.3078
76.1393
75.9681
75.7945
75.6188
75.4413
75.2624
75.0822
74.9011
74.7194
74.5374
74.3555
74.1739
73.9931
73.8134
73.6351
73.4588
73.2847
73.1132
72.9447
72.7796
72.6183
72.4611
72.3082
72.1599
72.0164
71.878
71.7447
71.6166
71.4938
71.3763
71.2641
71.1571
71.0553
70.9585
70.8665
70.7793
70.6967
70.6184
70.5443
70.4742
70.4079
70.3452
70.2858
70.2295
70.1762
70.1257
70.0778
70.0322
69.9888
69.9475
69.9081
69.8704
69.8344
69.7999
69.7669
69.7352
69.705
69.6763
69.6488
69.6234
69.5986
69.5785
69.5544
69.5512
77.9335
77.7755
77.6127
77.4454
77.2744
77.1003
76.9232
76.7433
76.5609
76.3764
76.1902
76.0023
75.8133
75.6233
75.4325
75.2413
75.0499
74.8586
74.6676
74.4771
74.2875
74.0991
73.9122
73.7271
73.5442
73.364
73.1866
73.0126
72.8424
72.6762
72.5143
72.3572
72.2049
72.0578
71.916
71.7797
71.6488
71.5235
71.4037
71.2894
71.1806
71.0771
70.9787
70.8855
70.7971
70.7134
70.6342
70.5593
70.4885
70.4216
70.3584
70.2986
70.242
70.1885
70.1378
70.0897
70.0441
70.0007
69.9595
69.9201
69.8826
69.8467
69.8123
69.7794
69.7478
69.7176
69.6886
69.6611
69.6348
69.6105
69.5867
69.5677
69.5441
69.542
78.1147
77.9313
77.7436
77.5526
77.3592
77.164
76.9671
76.7689
76.5697
76.3698
76.1695
75.969
75.7686
75.5685
75.3687
75.1694
74.9708
74.773
74.5762
74.3807
74.1866
73.9943
73.804
73.6162
73.4311
73.2491
73.0707
72.8961
72.7259
72.5603
72.3995
72.244
72.0938
71.9492
71.8103
71.677
71.5496
71.4279
71.3118
71.2014
71.0965
70.9969
70.9025
70.8131
70.7285
70.6486
70.573
70.5017
70.4343
70.3706
70.3105
70.2536
70.1999
70.149
70.1009
70.0552
70.0119
69.9707
69.9314
69.894
69.8583
69.8241
69.7913
69.7598
69.7297
69.7008
69.6731
69.6467
69.6215
69.5982
69.5753
69.5573
69.5342
69.5332
78.1782
77.9714
77.7613
77.5494
77.3372
77.1251
76.9131
76.7017
76.4912
76.2816
76.0733
75.8661
75.6601
75.4554
75.2518
75.0495
74.8483
74.6483
74.4497
74.2526
74.0572
73.8638
73.6727
73.4844
73.2992
73.1176
72.9399
72.7666
72.5981
72.4346
72.2764
72.1238
71.9769
71.8359
71.7008
71.5716
71.4484
71.3309
71.2193
71.1132
71.0127
70.9174
70.8272
70.742
70.6614
70.5853
70.5135
70.4458
70.3818
70.3214
70.2643
70.2104
70.1595
70.1113
70.0656
70.0223
69.9811
69.942
69.9047
69.8692
69.8351
69.8025
69.7713
69.7413
69.7124
69.6848
69.6582
69.633
69.6087
69.5865
69.5644
69.5474
69.5248
69.5247
78.0955
77.8704
77.6438
77.4171
77.1927
76.971
76.7519
76.5355
76.3219
76.1109
75.9025
75.6963
75.492
75.2893
75.088
74.8879
74.6889
74.4909
74.294
74.0984
73.9045
73.7124
73.5228
73.336
73.1526
72.973
72.7977
72.6271
72.4617
72.3016
72.1472
71.9987
71.8561
71.7196
71.5892
71.4649
71.3465
71.2339
71.1271
71.0258
70.9299
70.8392
70.7535
70.6725
70.5961
70.524
70.456
70.3918
70.3312
70.2741
70.2201
70.1691
70.1209
70.0752
70.0319
69.9909
69.9519
69.9148
69.8794
69.8455
69.8132
69.7821
69.7523
69.7236
69.6961
69.6696
69.6442
69.62
69.5967
69.5753
69.554
69.5379
69.5158
69.5166
77.8402
77.6059
77.3728
77.1415
76.9155
76.6954
76.4806
76.2706
76.065
75.8632
75.6645
75.4682
75.2736
75.08
74.887
74.6942
74.5015
74.309
74.1167
73.9251
73.7345
73.5457
73.359
73.1753
72.995
72.8188
72.6471
72.4805
72.3192
72.1637
72.0141
71.8706
71.7332
71.602
71.477
71.358
71.245
71.1377
71.0361
70.9399
70.8489
70.7629
70.6818
70.6052
70.5329
70.4648
70.4005
70.3399
70.2827
70.2287
70.1778
70.1296
70.084
70.0408
69.9999
69.9611
69.9241
69.8889
69.8553
69.8231
69.7923
69.7628
69.7343
69.7069
69.6806
69.6552
69.6308
69.6076
69.5852
69.5647
69.5441
69.5289
69.5072
69.5088
77.3906
77.161
76.9363
76.715
76.5025
76.2995
76.1043
75.9154
75.7315
75.5513
75.3735
75.1966
75.0194
74.8413
74.6616
74.4799
74.2965
74.1115
73.9255
73.7392
73.5532
73.3685
73.1858
73.006
72.8299
72.6579
72.4909
72.3291
72.1731
72.023
71.879
71.7412
71.6098
71.4845
71.3653
71.2522
71.1449
71.0432
70.947
70.856
70.77
70.6889
70.6123
70.5401
70.472
70.4078
70.3473
70.2902
70.2363
70.1855
70.1374
70.092
70.049
70.0082
69.9695
69.9327
69.8977
69.8644
69.8325
69.8019
69.7726
69.7444
69.7173
69.6911
69.6659
69.6416
69.6181
69.5958
69.5743
69.5547
69.5347
69.5203
69.499
69.5014
76.7387
76.5325
76.3362
76.1447
75.9656
75.7996
75.643
75.4925
75.3457
75.2002
75.0538
74.9045
74.751
74.5925
74.4288
74.2599
74.0866
73.9096
73.7299
73.5488
73.3675
73.1871
73.0087
72.8333
72.6617
72.4947
72.3329
72.1768
72.0265
71.8825
71.7447
71.6133
71.4881
71.3691
71.2562
71.1491
71.0477
70.9517
70.861
70.7753
70.6943
70.618
70.546
70.4781
70.4141
70.3537
70.2968
70.2431
70.1924
70.1446
70.0993
70.0565
70.0159
69.9774
69.9408
69.906
69.8729
69.8412
69.811
69.7819
69.754
69.7271
69.7012
69.6762
69.652
69.6287
69.6062
69.5847
69.5639
69.5451
69.5258
69.5122
69.4912
69.4943
75.9316
75.7693
75.6238
75.4844
75.3607
75.2527
75.1537
75.0577
74.9608
74.8594
74.7506
74.6324
74.5038
74.3647
74.2156
74.0576
73.8923
73.7212
73.5462
73.3691
73.1913
73.0145
72.8399
72.6687
72.5017
72.3398
72.1833
72.0329
71.8886
71.7507
71.6192
71.494
71.3751
71.2623
71.1553
71.0541
70.9583
70.8678
70.7822
70.7014
70.6252
70.5533
70.4855
70.4216
70.3613
70.3045
70.2509
70.2003
70.1525
70.1073
70.0646
70.0241
69.9857
69.9493
69.9146
69.8816
69.8502
69.8201
69.7912
69.7636
69.7369
69.7112
69.6864
69.6624
69.6391
69.6167
69.595
69.5744
69.5543
69.5362
69.5174
69.5045
69.4838
69.4875
75.0588
74.9575
74.8825
74.8149
74.7656
74.7325
74.7046
74.6726
74.6309
74.5753
74.503
74.4127
74.3045
74.1798
74.0405
73.8889
73.7276
73.5593
73.3863
73.2111
73.0354
72.8611
72.6896
72.5219
72.3591
72.2017
72.0503
71.9051
71.7664
71.6342
71.5084
71.389
71.2757
71.1685
71.0669
70.9709
70.8801
70.7944
70.7134
70.6369
70.5648
70.4968
70.4327
70.3722
70.3152
70.2614
70.2106
70.1627
70.1174
70.0746
70.034
69.9956
69.9591
69.9244
69.8914
69.86
69.8299
69.8011
69.7736
69.747
69.7215
69.6968
69.6729
69.6498
69.6274
69.6057
69.5847
69.5648
69.5453
69.5278
69.5095
69.4973
69.4769
69.4811
74.1633
74.1382
74.1525
74.1757
74.2182
74.2738
74.3257
74.3614
74.3741
74.3603
74.3184
74.249
74.1541
74.0371
73.9016
73.7515
73.5904
73.4218
73.2487
73.0737
72.899
72.7264
72.5572
72.3926
72.2334
72.0801
71.9332
71.7929
71.6592
71.5321
71.4115
71.2972
71.189
71.0866
70.9899
70.8984
70.812
70.7304
70.6534
70.5807
70.5121
70.4475
70.3865
70.329
70.2748
70.2236
70.1754
70.1297
70.0866
70.0457
70.0071
69.9703
69.9355
69.9023
69.8707
69.8406
69.8118
69.7842
69.7576
69.7321
69.7075
69.6837
69.6606
69.6383
69.6166
69.5956
69.5753
69.5559
69.537
69.52
69.5022
69.4904
69.4703
69.475
73.2686
73.3335
73.4568
73.5905
73.7408
73.895
74.0302
74.1316
74.193
74.2129
74.1925
74.1352
74.0459
73.93
73.7932
73.6405
73.4766
73.3055
73.1307
72.9549
72.7803
72.6088
72.4415
72.2795
72.1235
71.9739
71.831
71.695
71.5657
71.4431
71.3271
71.2173
71.1135
71.0155
70.9229
70.8354
70.7528
70.6748
70.6012
70.5317
70.4662
70.4044
70.3462
70.2913
70.2394
70.1905
70.1443
70.1007
70.0594
70.0203
69.9832
69.9479
69.9145
69.8826
69.8522
69.8232
69.7955
69.7689
69.7433
69.7186
69.6948
69.6718
69.6494
69.6277
69.6067
69.5863
69.5665
69.5476
69.5292
69.5127
69.4952
69.484
69.4641
69.4693
72.3858
72.5546
72.8091
73.0743
73.3459
73.6037
73.8202
73.9804
74.0809
74.1241
74.1154
74.0617
73.9709
73.8508
73.7085
73.5504
73.3818
73.207
73.0296
72.8524
72.6775
72.5066
72.3408
72.1811
72.0279
71.8815
71.7422
71.6099
71.4845
71.3659
71.2539
71.148
71.0481
70.9537
70.8647
70.7806
70.7013
70.6264
70.5557
70.489
70.4261
70.3668
70.3109
70.2581
70.2084
70.1614
70.117
70.075
70.0353
69.9976
69.9619
69.928
69.8957
69.865
69.8356
69.8076
69.7808
69.755
69.7302
69.7063
69.6832
69.6609
69.6391
69.618
69.5975
69.5777
69.5583
69.54
69.5219
69.5059
69.4887
69.478
69.4582
69.4638
71.5189
71.8065
72.2175
72.6359
73.0384
73.3984
73.6893
73.8979
74.0257
74.0814
74.0753
74.0179
73.9202
73.7921
73.642
73.4768
73.3024
73.1232
72.9428
72.764
72.5886
72.4181
72.2536
72.0958
71.945
71.8014
71.6652
71.5362
71.4142
71.2991
71.1904
71.0879
70.9913
70.9002
70.8142
70.733
70.6565
70.5842
70.516
70.4517
70.3911
70.3339
70.2799
70.229
70.181
70.1357
70.0928
70.0523
70.0139
69.9775
69.943
69.9102
69.8789
69.8491
69.8207
69.7935
69.7675
69.7425
69.7184
69.6951
69.6726
69.6508
69.6296
69.6091
69.589
69.5696
69.5507
69.5328
69.5151
69.4995
69.4826
69.4722
69.4527
69.4586
70.6693
71.0909
71.6869
72.2799
72.8159
73.271
73.6254
73.8699
74.0134
74.072
74.061
73.9947
73.8866
73.7483
73.5889
73.416
73.2355
73.0518
72.8684
72.6878
72.5118
72.3417
72.1782
72.022
71.8733
71.7322
71.5986
71.4724
71.3534
71.2412
71.1355
71.0359
70.9421
70.8536
70.7703
70.6916
70.6174
70.5474
70.4814
70.4191
70.3603
70.3049
70.2526
70.2034
70.1568
70.1129
70.0714
70.0321
69.9949
69.9596
69.926
69.8942
69.8638
69.8349
69.8072
69.7808
69.7554
69.731
69.7075
69.6849
69.6629
69.6416
69.6209
69.6008
69.5812
69.5622
69.5437
69.5261
69.5087
69.4934
69.4769
69.4668
69.4474
69.4536
69.8404
70.4083
71.2207
72.0067
72.6704
73.2088
73.6144
73.882
74.0306
74.0845
74.0634
73.9848
73.8645
73.7149
73.5459
73.3653
73.1788
72.9908
72.8045
72.6223
72.4457
72.2757
72.1131
71.9583
71.8114
71.6723
71.541
71.4173
71.3007
71.191
71.0878
70.9907
70.8993
70.8132
70.732
70.6555
70.5833
70.5152
70.451
70.3904
70.3333
70.2794
70.2286
70.1806
70.1354
70.0927
70.0523
70.0141
69.9778
69.9435
69.9108
69.8798
69.8502
69.822
69.795
69.7692
69.7444
69.7206
69.6976
69.6754
69.654
69.6331
69.6128
69.5931
69.5739
69.5553
69.5371
69.5198
69.5028
69.4878
69.4715
69.4617
69.4425
69.4489
69.0401
69.758
70.8218
71.8119
72.5895
73.1979
73.6415
73.9205
74.0662
74.1101
74.0756
73.9831
73.8498
73.6889
73.5106
73.3226
73.1305
72.9385
72.7496
72.5659
72.3886
72.2188
72.057
71.9033
71.7579
71.6206
71.4912
71.3695
71.2551
71.1475
71.0464
70.9514
70.862
70.7779
70.6986
70.6239
70.5535
70.487
70.4243
70.3652
70.3094
70.2568
70.2072
70.1605
70.1163
70.0746
70.0352
69.9979
69.9625
69.929
69.8971
69.8667
69.8378
69.8102
69.7838
69.7586
69.7343
69.711
69.6885
69.6667
69.6457
69.6252
69.6053
69.5859
69.5671
69.5488
69.5309
69.5139
69.4972
69.4825
69.4664
69.4569
69.4378
69.4445
68.2807
69.1384
70.4926
71.6867
72.5593
73.2246
73.6937
73.9747
74.1119
74.1425
74.093
73.9861
73.84
73.6684
73.4813
73.2865
73.0893
72.8937
72.7024
72.5173
72.3395
72.1698
72.0085
71.8559
71.7117
71.5759
71.4481
71.3281
71.2155
71.1097
71.0104
70.9172
70.8295
70.7471
70.6694
70.5962
70.5272
70.4621
70.4007
70.3428
70.2882
70.2368
70.1882
70.1425
70.0993
70.0585
70.0199
69.9834
69.9488
69.9159
69.8847
69.8549
69.8266
69.7995
69.7737
69.7489
69.725
69.7022
69.6801
69.6587
69.638
69.6179
69.5983
69.5793
69.5607
69.5427
69.5251
69.5084
69.4919
69.4774
69.4616
69.4523
69.4334
69.4403
67.5741
68.5485
70.2337
71.6176
72.5662
73.2766
73.7602
74.0363
74.1616
74.1772
74.1124
73.9915
73.8333
73.6517
73.4568
73.2558
73.0541
72.8553
72.6619
72.4755
72.2972
72.1275
71.9667
71.8148
71.6717
71.5371
71.4107
71.2922
71.181
71.0768
70.979
70.8873
70.8011
70.72
70.6437
70.5718
70.5041
70.4401
70.3798
70.323
70.2694
70.2189
70.1713
70.1264
70.084
70.0439
70.0061
69.9702
69.9363
69.904
69.8734
69.8442
69.8163
69.7898
69.7643
69.74
69.7165
69.694
69.6723
69.6513
69.6309
69.6111
69.5918
69.5731
69.5548
69.537
69.5197
69.5033
69.487
69.4727
69.457
69.448
69.4292
69.4363
66.9244
67.9929
70.0448
71.5914
72.5992
73.3438
73.8327
74.0997
74.2113
74.2116
74.132
73.9979
73.8287
73.6381
73.436
73.2296
73.0238
72.8222
72.6269
72.4394
72.2606
72.091
71.9305
71.7793
71.637
71.5035
71.3782
71.2609
71.151
71.048
70.9516
70.8611
70.7761
70.6963
70.6211
70.5503
70.4836
70.4206
70.3613
70.3054
70.2526
70.2029
70.1561
70.1119
70.0702
70.0308
69.9936
69.9584
69.925
69.8932
69.8631
69.8344
69.807
69.7808
69.7558
69.7318
69.7087
69.6865
69.6651
69.6444
69.6243
69.6048
69.5858
69.5673
69.5492
69.5317
69.5146
69.4984
69.4823
69.4683
69.4528
69.444
69.4253
69.4325
66.3208
67.4777
69.9133
71.5927
72.6495
73.4183
73.9057
74.1614
74.2587
74.2441
74.1506
74.0045
73.8253
73.6267
73.4183
73.2071
72.9979
72.7938
72.5968
72.4083
72.2291
72.0593
71.8992
71.7484
71.6069
71.4742
71.3499
71.2336
71.1247
71.0228
70.9274
70.838
70.7541
70.6752
70.6011
70.5312
70.4653
70.4033
70.3447
70.2896
70.2376
70.1886
70.1424
70.0988
70.0578
70.019
69.9823
69.9476
69.9146
69.8834
69.8537
69.8254
69.7983
69.7725
69.7478
69.7242
69.7014
69.6795
69.6584
69.6379
69.6181
69.5989
69.5801
69.5618
69.544
69.5267
69.5098
69.4938
69.4779
69.4641
69.4487
69.4401
69.4216
69.4289
65.7388
67.0513
69.8406
71.6126
72.7091
73.4937
73.9756
74.219
74.3024
74.2738
74.1676
74.0108
73.8228
73.6171
73.4032
73.1878
72.9755
72.7692
72.5708
72.3814
72.2017
72.0319
71.8719
71.7216
71.5807
71.4486
71.3251
71.2096
71.1017
71.0007
70.9062
70.8177
70.7346
70.6566
70.5833
70.5142
70.4491
70.3877
70.3299
70.2754
70.224
70.1756
70.13
70.087
70.0465
70.0082
69.972
69.9377
69.9052
69.8744
69.845
69.8171
69.7904
69.7649
69.7405
69.7172
69.6947
69.673
69.6521
69.6319
69.6123
69.5933
69.5748
69.5567
69.5391
69.522
69.5053
69.4895
69.4738
69.4601
69.4449
69.4365
69.4181
69.4255
65.0556
66.6799
69.7935
71.6467
72.7744
73.5662
74.0402
74.2716
74.3417
74.3003
74.1829
74.0166
73.8208
73.609
73.3903
73.1712
72.9562
72.748
72.5482
72.3581
72.178
72.008
71.8482
71.6982
71.5577
71.4263
71.3034
71.1886
71.0813
70.9811
70.8874
70.7996
70.7173
70.64
70.5674
70.499
70.4345
70.3738
70.3166
70.2626
70.2118
70.1639
70.1188
70.0763
70.0362
69.9983
69.9625
69.9287
69.8966
69.8661
69.8371
69.8095
69.7831
69.7579
69.7338
69.7107
69.6884
69.667
69.6463
69.6263
69.6069
69.5881
69.5698
69.5519
69.5345
69.5176
69.5011
69.4854
69.4699
69.4564
69.4414
69.433
69.4148
69.4223
64.4399
66.5638
69.7649
71.6781
72.8389
73.6334
74.0985
74.3184
74.3764
74.3236
74.1963
74.0217
73.8192
73.602
73.3791
73.1569
72.9396
72.7296
72.5287
72.3378
72.1573
71.9873
71.8275
71.6778
71.5376
71.4066
71.2843
71.17
71.0634
70.9638
70.8707
70.7836
70.7019
70.6253
70.5532
70.4854
70.4215
70.3613
70.3045
70.2511
70.2007
70.1533
70.1086
70.0665
70.0268
69.9893
69.9539
69.9204
69.8886
69.8584
69.8298
69.8024
69.7763
69.7514
69.7275
69.7046
69.6826
69.6614
69.6409
69.6211
69.6019
69.5832
69.5651
69.5474
69.5302
69.5135
69.4971
69.4816
69.4662
69.4528
69.438
69.4298
69.4117
69.4193
)
;

boundaryField
{
    inlet
    {
        type            freestreamPressure;
        value           nonuniform List<scalar> 
230
(
67.0452
67.0471
67.0503
67.0543
67.0585
67.0628
67.0673
67.072
67.077
67.0823
67.0878
67.0937
67.0999
67.1064
67.1133
67.1206
67.1283
67.1364
67.145
67.154
67.1636
67.1737
67.1844
67.1958
67.2077
67.2204
67.2338
67.248
67.263
67.2788
67.2956
67.3134
67.3321
67.352
67.373
67.3952
67.4186
67.4433
67.4694
67.4969
67.5258
67.5562
67.5881
67.6215
67.6565
67.6931
67.7312
67.7708
67.8118
67.8543
67.898
67.9429
67.9889
68.0357
68.0833
68.1312
68.1794
68.2276
68.2754
68.3226
68.3687
68.4135
68.4566
68.4976
68.5362
68.5718
68.6042
68.633
68.6576
68.6779
68.693
68.7045
68.7068
68.7221
68.6845
68.2776
67.926
67.6285
67.3829
67.1839
67.0257
66.9025
66.8091
66.7409
66.6937
66.6638
66.6483
66.6443
66.6495
66.6615
66.6784
66.6984
66.7199
66.7421
66.764
66.7855
66.8062
66.8261
66.8453
66.8636
66.881
66.8974
66.9128
66.9274
66.941
66.9539
66.9659
66.9772
66.9878
66.9978
67.0071
67.0159
67.0241
67.0319
67.0395
69.1321
69.5524
69.9282
70.2557
70.537
70.7759
70.9771
71.1452
71.2848
71.4003
71.4952
71.5729
71.6361
71.6873
71.7285
71.7614
71.7874
71.8077
71.8233
71.8351
71.8439
71.85
71.8542
71.8568
71.8581
71.8583
71.8578
71.8567
71.8551
71.8532
71.8511
71.8488
71.8464
71.8439
71.8415
71.839
71.8366
71.8342
71.8319
71.8296
71.8275
71.8256
71.8246
71.8235
71.8222
71.8209
71.8194
71.8179
71.8162
71.8144
71.8124
71.8103
71.8081
71.8056
71.803
71.8001
71.797
71.7936
71.79
71.786
71.7817
71.7771
71.772
71.7665
71.7605
71.754
71.747
71.7393
71.731
71.7219
71.712
71.7013
71.6896
71.6769
71.6631
71.6481
71.6318
71.6141
71.5949
71.5742
71.5517
71.5275
71.5013
71.4731
71.4428
71.4102
71.3753
71.3381
71.2984
71.2562
71.2115
71.1642
71.1145
71.0623
71.0078
70.9511
70.8924
70.8317
70.7695
70.7058
70.6411
70.5755
70.5095
70.4433
70.3774
70.3119
70.2474
70.1842
70.1225
70.0629
70.0055
69.9511
69.8994
69.8542
69.8059
)
;
    }
    outlet
    {
        type            freestreamPressure;
        value           nonuniform List<scalar> 
96
(
69.4163
69.4132
69.41
69.4065
69.4028
69.3989
69.3948
69.3904
69.3857
69.3808
69.3756
69.37
69.3642
69.358
69.3514
69.3445
69.3372
69.3296
69.3216
69.3133
69.3046
69.2957
69.2867
69.2775
69.2683
69.2594
69.2511
69.244
69.2391
69.2379
69.2422
69.2515
69.2567
69.2369
69.1699
69.0539
68.9225
68.825
68.7865
68.7922
68.8095
68.8159
68.8081
68.7925
68.7756
68.7579
68.7449
68.7221
69.8059
69.7982
69.7835
69.7663
69.7489
69.7327
69.7187
69.7074
69.6984
69.6909
69.6841
69.6773
69.67
69.6619
69.653
69.6434
69.6333
69.6229
69.6123
69.6016
69.5911
69.5807
69.5706
69.5607
69.5512
69.542
69.5332
69.5247
69.5166
69.5088
69.5014
69.4943
69.4875
69.4811
69.475
69.4693
69.4638
69.4586
69.4536
69.4489
69.4445
69.4403
69.4363
69.4325
69.4289
69.4255
69.4223
69.4193
)
;
    }
    walls
    {
        type            zeroGradient;
    }
    frontAndBack
    {
        type            empty;
    }
}


// ************************************************************************* //
