/*--------------------------------*- C++ -*----------------------------------*\
| =========                 |                                                 |
| \\      /  F ield         | OpenFOAM: The Open Source CFD Toolbox           |
|  \\    /   O peration     | Version:  5.x                                   |
|   \\  /    A nd           | Web:      www.OpenFOAM.org                      |
|    \\/     M anipulation  |                                                 |
\*---------------------------------------------------------------------------*/
FoamFile
{
    version     2.0;
    format      ascii;
    class       volVectorField;
    location    "350";
    object      wallShearStress;
}
// * * * * * * * * * * * * * * * * * * * * * * * * * * * * * * * * * * * * * //

dimensions      [0 2 -2 0 0 0 0];

internalField   uniform (0 0 0);

boundaryField
{
    inlet
    {
        type            calculated;
        value           uniform (0 0 0);
    }
    outlet
    {
        type            calculated;
        value           uniform (0 0 0);
    }
    walls
    {
        type            calculated;
        value           nonuniform List<vector> 
164
(
(-617.495 -955.066 0)
(-1101.59 -849.144 -1.83912e-15)
(-1607.75 -653.681 -6.85536e-16)
(-1440.69 -483.197 2.05867e-15)
(-1345.9 -377.481 5.09427e-21)
(-1222.84 -296.042 1.40672e-15)
(-1101.88 -234.91 1.64468e-15)
(-997.962 -190.131 -1.86548e-15)
(-909.032 -156.412 -8.1852e-34)
(-832.585 -130.251 2.24978e-15)
(-765.733 -109.605 -2.461e-15)
(-708.533 -93.0639 -2.54711e-15)
(-656.878 -79.4607 2.14014e-20)
(-617.28 -68.8714 -2.7446e-15)
(-580.99 -59.8653 3.03365e-15)
(-556.377 -53.0448 2.93795e-15)
(-531.858 -46.8391 -3.05092e-15)
(-511.231 -41.6191 3.08831e-15)
(-493.479 -37.0545 3.04904e-15)
(-474.567 -32.8313 -3.19853e-15)
(-461.326 -29.3453 3.0797e-15)
(-445.661 -25.9647 6.29983e-21)
(-433.849 -23.0985 1.74009e-20)
(-422.68 -20.454 -1.17627e-20)
(-411.371 -18.0059 -6.24268e-15)
(-403.282 -15.8579 2.99437e-15)
(-393.608 -13.7828 -3.91205e-35)
(-385.391 -11.9101 1.47051e-15)
(-377.951 -10.1716 -1.46317e-15)
(-371.091 -8.55146 4.5139e-36)
(-363.591 -7.02161 -1.07222e-20)
(-356.101 -5.57959 1.05467e-20)
(-350.058 -4.26081 9.50433e-21)
(-345.261 -3.01212 -2.00661e-20)
(-339.183 -1.83966 -6.42269e-16)
(-334.86 -0.727782 -1.53755e-35)
(-329.663 0.312392 7.60025e-17)
(-325.027 1.30739 -5.96277e-16)
(-322.617 2.24709 5.66939e-16)
(-319.069 3.15473 -1.10008e-15)
(-315.398 3.99592 2.48264e-35)
(-312.194 4.81188 4.10133e-15)
(-295.108 5.25243 7.3727e-35)
(-292.497 5.83396 -1.10586e-20)
(-288.17 6.31416 -2.72908e-15)
(-285.629 6.81082 5.18932e-21)
(-282.719 7.26142 -5.1469e-21)
(-279.598 7.67289 -2.7104e-15)
(-276.629 8.0686 5.41257e-15)
(-273.363 8.41331 2.71126e-15)
(-270.532 8.76411 5.17846e-21)
(-267.834 9.07465 -2.70602e-15)
(-265.217 9.38786 2.70209e-15)
(-263.222 9.68414 -5.14031e-21)
(-260.893 9.97235 -1.85672e-23)
(-257.575 10.1849 -1.84762e-23)
(-255.513 10.4437 5.11191e-21)
(-253.292 10.6714 3.00927e-36)
(-251.23 10.9015 5.32722e-15)
(-248.901 11.1047 5.09516e-21)
(-247.777 11.3577 -5.24688e-15)
(-244.753 11.5423 5.30105e-15)
(-241.982 11.7523 -5.30266e-15)
(-240.367 11.9978 1.05317e-14)
(-237.551 12.1891 -5.27745e-15)
(-236.675 12.4605 5.19468e-15)
(-233.844 12.6379 -1.80556e-35)
(-231.566 12.8224 -2.46995e-21)
(-229.152 13.0054 -9.32281e-24)
(-226.295 13.1564 5.11756e-15)
(-223.439 13.2962 9.87564e-24)
(-220.852 13.4573 -2.46109e-21)
(-217.994 13.593 -1.01965e-14)
(-213.462 13.6187 1.24041e-21)
(-210.326 13.7273 -1.04425e-14)
(-206.911 13.8189 3.20186e-31)
(-202.385 13.8266 2.08004e-14)
(-197.373 13.7964 6.24437e-22)
(-192.461 13.7595 -1.06431e-14)
(-184.629 13.5145 1.05853e-14)
(-188.476 14.0581 -1.07274e-14)
(-0.478624 0.960715 1.81808e-14)
(516.235 -970.97 0)
(-286.47 185.24 -1.20028e-14)
(-540.751 235.423 -9.62965e-35)
(-644.47 216.767 7.014e-32)
(-661.312 183.869 -1.29615e-31)
(-653.308 156.14 5.68321e-15)
(-654.494 137.138 2.15201e-20)
(-646.645 120.627 2.93874e-39)
(-630.238 105.811 -3.42942e-20)
(-611.382 93.027 -5.32069e-15)
(-590.809 81.9852 -2.05122e-20)
(-575.706 73.0662 -5.13805e-15)
(-557.088 64.9046 2.0257e-20)
(-545.701 58.4316 -1.88237e-20)
(-528.777 52.1062 -5.17952e-15)
(-517.606 47.0024 4.85966e-15)
(-503.603 42.0769 -1.86687e-20)
(-490.863 37.7465 4.82015e-15)
(-479.949 33.878 -1.76213e-20)
(-466.33 30.1742 5.93645e-21)
(-457.774 27.0785 4.48988e-15)
(-446.065 24.0286 -7.22224e-35)
(-438.177 21.4191 -4.38201e-15)
(-429.413 18.9266 -4.2954e-15)
(-420.836 16.6242 -1.90823e-20)
(-415.135 14.5729 -4.01397e-15)
(-407.662 12.5857 4.56205e-33)
(-402.272 10.7944 1.9088e-15)
(-396.315 9.08247 -3.75736e-15)
(-391.032 7.47606 -1.30307e-20)
(-383.214 5.93255 -1.78153e-15)
(-378.033 4.51185 -8.64239e-16)
(-375.879 3.20636 -1.24701e-20)
(-369.903 1.91513 3.99965e-16)
(-365.857 0.728023 1.91255e-16)
(-360.59 -0.415745 -2.30348e-20)
(-359.485 -1.49192 1.07982e-20)
(-355.907 -2.52982 6.86615e-16)
(-351.43 -3.48797 -1.32488e-15)
(-349.626 -4.44286 -9.67494e-21)
(-347.399 -5.33122 2.40938e-15)
(-344.813 -6.19067 -2.31109e-15)
(-328.915 -6.63881 2.5443e-32)
(-327.131 -7.26278 -2.9939e-15)
(-324.709 -7.80825 -2.96779e-15)
(-320.586 -8.28979 -2.98524e-15)
(-318.022 -8.7653 5.92188e-15)
(-315.55 -9.2112 -2.95054e-15)
(-313.215 -9.64238 -2.92968e-15)
(-310.961 -10.0322 2.91251e-15)
(-308.797 -10.4216 -5.87747e-39)
(-306.737 -10.7657 2.87505e-15)
(-306.546 -11.1828 5.39308e-21)
(-304.709 -11.5012 5.61776e-15)
(-302.928 -11.8239 5.56914e-15)
(-301.135 -12.11 -3.00927e-35)
(-299.524 -12.4051 9.40916e-32)
(-297.794 -12.6667 -5.21421e-21)
(-296.298 -12.9394 1.07856e-14)
(-294.582 -13.1754 5.23722e-21)
(-293.024 -13.4231 -1.06143e-14)
(-291.366 -13.5995 -5.30735e-15)
(-290.099 -13.7786 -6.01853e-36)
(-288.537 -13.9301 -2.49067e-21)
(-287.351 -14.1004 -5.15328e-15)
(-284.634 -14.1853 -5.17264e-15)
(-282.655 -14.3077 -5.19251e-15)
(-283.544 -14.5636 5.02107e-15)
(-281.88 -14.6996 5.0599e-15)
(-279.425 -14.7918 2.38283e-21)
(-277.863 -14.924 -6.97727e-32)
(-276.56 -15.0763 -1.2001e-21)
(-276.635 -15.306 -4.82705e-15)
(-274.089 -15.3953 2.32718e-21)
(-273.3 -15.5847 4.83104e-15)
(-271.506 -15.7252 -2.28361e-21)
(-269.615 -15.863 1.12597e-21)
(-267.215 -15.9768 5.63406e-22)
(-264.974 -16.105 -9.45264e-15)
(-260.403 -16.0992 9.32705e-15)
(-266.772 -16.6966 4.16903e-22)
(-27.7207 -2.24894 -1.84466e-14)
)
;
    }
    frontAndBack
    {
        type            empty;
    }
}


// ************************************************************************* //
