/*--------------------------------*- C++ -*----------------------------------*\
| =========                 |                                                 |
| \\      /  F ield         | OpenFOAM: The Open Source CFD Toolbox           |
|  \\    /   O peration     | Version:  5.x                                   |
|   \\  /    A nd           | Web:      www.OpenFOAM.org                      |
|    \\/     M anipulation  |                                                 |
\*---------------------------------------------------------------------------*/
FoamFile
{
    version     2.0;
    format      ascii;
    class       volScalarField;
    location    "300";
    object      p;
}
// * * * * * * * * * * * * * * * * * * * * * * * * * * * * * * * * * * * * * //

dimensions      [0 2 -2 0 0 0 0];

internalField   nonuniform List<scalar> 
11040
(
0.0113689
-93.5732
-334.958
-378.45
-376.57
-369.34
-352.935
-326.095
-292.245
-252.835
-207.98
-149.727
-95.3418
-53.9054
-21.3703
11.5955
43.7024
72.9637
98.4966
119.028
133.156
140.036
143.253
145.23
146.622
147.675
148.468
149.033
149.405
149.612
149.675
149.608
149.434
149.21
149.107
149.492
150.633
152.472
156.289
162.797
158.387
53.1622
-40.6275
-191.769
-257.497
-281.694
-296.045
-299.265
-289.141
-268.053
-238.157
-200.593
-149.259
-97.8549
-56.4008
-23.2835
9.68177
41.8397
71.3425
97.2303
118.21
132.783
139.912
143.202
145.197
146.593
147.654
148.459
149.035
149.418
149.635
149.706
149.646
149.473
149.24
149.109
149.446
150.526
152.277
155.867
162.022
155.313
89.2626
-5.30235
-112.021
-196.593
-238.033
-259.447
-267.609
-262.443
-246.166
-221.013
-188.497
-144.127
-96.6521
-56.0544
-23.1115
9.06896
40.751
70.1399
96.1243
117.408
132.393
139.833
143.231
145.227
146.603
147.657
148.464
149.046
149.437
149.661
149.741
149.688
149.52
149.284
149.129
149.406
150.404
152.061
155.423
161.425
153.257
116.363
31.3266
-47.6051
-126.403
-175.274
-204.735
-221.712
-225.61
-217.324
-199.055
-172.742
-135.68
-93.2319
-54.4752
-22.0606
9.09282
40.0011
69.046
94.9833
116.503
131.91
139.75
143.321
145.323
146.669
147.699
148.494
149.074
149.469
149.699
149.786
149.741
149.576
149.335
149.15
149.349
150.229
151.745
154.818
160.57
152.205
138.796
65.848
4.66093
-63.4913
-115.606
-151.128
-174.592
-185.861
-185.043
-173.766
-153.987
-124.357
-87.8433
-51.8897
-20.4177
9.5116
39.3003
67.6954
93.3912
115.084
131.003
139.446
143.37
145.462
146.799
147.793
148.56
149.128
149.519
149.751
149.844
149.807
149.648
149.399
149.178
149.28
150.003
151.332
154.068
159.326
151.809
156.829
96.1698
47.2491
-9.64712
-59.5082
-97.5027
-125.305
-142.585
-148.74
-144.571
-131.685
-109.585
-79.6694
-47.5496
-17.7484
10.6272
38.9064
66.262
91.4031
113.07
129.49
138.735
143.266
145.604
146.989
147.955
148.683
149.223
149.598
149.823
149.919
149.89
149.738
149.482
149.219
149.208
149.738
150.835
153.206
157.749
151.819
171.321
121.807
81.9509
35.2267
-9.16003
-46.2333
-75.8141
-97.1005
-108.947
-111.381
-105.388
-90.8106
-68.0073
-40.804
-13.6395
12.7293
39.1082
64.9957
89.1911
110.505
127.262
137.397
142.798
145.64
147.216
148.2
148.885
149.38
149.723
149.93
150.019
149.994
149.848
149.586
149.28
149.144
149.454
150.291
152.28
155.989
152.07
182.926
142.829
110.078
71.9992
34.2115
0.381301
-28.6168
-51.6888
-67.3845
-75.1791
-75.4123
-67.9116
-52.3406
-30.9483
-7.49452
16.2325
40.2792
64.2454
87.0541
107.587
124.356
135.229
141.614
145.29
147.354
148.519
149.201
149.635
149.922
150.092
150.162
150.132
149.988
149.721
149.373
149.111
149.188
149.757
151.363
154.272
152.381
192.144
159.702
132.686
101.748
70.4165
41.0264
14.4031
-8.42019
-25.9811
-37.4467
-42.6708
-41.3052
-32.5479
-17.399
1.38968
21.6957
42.8923
64.4725
85.4513
104.758
121.114
132.334
139.488
144.141
147.028
148.721
149.63
150.069
150.265
150.352
150.374
150.323
150.172
149.901
149.519
149.144
149.001
149.314
150.559
152.846
152.678
199.366
173.035
150.7
125.589
99.996
75.3084
52.0348
30.9632
13.3138
-0.0128952
-8.61864
-12.0079
-9.10722
-0.0254597
13.5413
29.7023
47.4726
66.1774
84.8822
102.549
118.063
129.197
136.704
142.092
145.825
148.302
149.816
150.601
150.884
150.878
150.757
150.609
150.425
150.147
149.748
149.298
148.984
149.075
150.002
151.885
152.979
204.933
183.453
164.949
144.558
123.81
103.503
83.8534
65.376
48.9413
35.329
24.9977
18.4709
16.8906
20.6924
29.0715
40.6768
54.5339
69.8885
85.8611
101.467
115.71
126.403
133.918
139.644
143.902
147.011
149.213
150.649
151.428
151.685
151.589
151.297
150.927
150.53
150.093
149.62
149.226
149.171
149.874
151.518
153.372
209.147
191.524
176.16
159.576
142.805
126.301
110.092
94.4649
79.9798
67.2035
56.5392
48.4331
43.921
43.6771
47.5115
54.6567
64.4042
76.0838
88.9226
102.043
114.559
124.452
131.718
137.486
141.953
145.364
147.963
149.91
151.276
152.104
152.451
152.412
152.098
151.603
150.992
150.364
149.865
149.73
150.311
151.892
154.115
212.28
197.741
184.957
171.435
157.879
144.539
131.353
118.445
106.162
94.8547
84.8176
76.3783
70.366
67.4682
67.8282
71.1318
77.0076
84.9952
94.4984
104.807
115.171
123.858
130.57
136.123
140.599
144.125
146.879
149.029
150.695
151.941
152.791
153.262
153.386
153.224
152.845
152.356
151.872
151.602
151.929
153.317
155.469
214.567
202.516
191.856
180.798
169.821
159.057
148.404
137.898
127.738
118.124
109.235
101.286
94.8793
90.59
88.6793
89.1031
91.7585
96.4193
102.704
110.108
118.053
125.167
130.979
136.015
140.269
143.769
146.592
148.845
150.632
152.045
153.151
153.99
154.579
154.935
155.081
155.109
155.142
155.349
155.947
157.431
159.183
216.201
206.176
197.275
188.205
179.29
170.596
162.012
153.528
145.249
137.287
129.728
122.7
116.61
111.884
108.776
107.357
107.678
109.687
113.2
117.912
123.433
128.777
133.418
137.646
141.404
144.663
147.427
149.733
151.637
153.198
154.479
155.543
156.443
157.225
157.922
158.592
159.309
160.196
161.337
163.288
164.949
217.356
208.996
201.555
194.09
186.826
179.787
172.867
166.036
159.346
152.855
146.594
140.629
135.225
130.671
127.163
124.797
123.676
123.845
125.251
127.75
131.118
134.731
138.103
141.35
144.398
147.193
149.703
151.921
153.864
155.559
157.041
158.353
159.543
160.669
161.789
162.971
164.278
165.808
167.571
169.979
172.15
218.21
211.228
205.002
198.839
192.897
187.177
181.584
176.08
170.687
165.435
160.326
155.388
150.789
146.717
143.304
140.63
138.797
137.88
137.895
138.799
140.487
142.625
144.818
147.081
149.344
151.548
153.647
155.616
157.449
159.154
160.745
162.247
163.69
165.11
166.555
168.076
169.727
171.588
173.697
176.239
178.934
218.8
212.906
207.637
202.477
197.545
192.827
188.237
183.74
179.343
175.06
170.886
166.824
162.981
159.48
156.404
153.812
151.782
150.386
149.663
149.616
150.21
151.298
152.585
154.041
155.61
157.242
158.892
160.529
162.138
163.714
165.261
166.789
168.313
169.855
171.443
173.105
174.87
176.783
178.874
181.196
183.742
219.182
214.129
209.601
205.206
201.04
197.075
193.238
189.495
185.847
182.298
178.84
175.469
172.254
169.277
166.592
164.237
162.271
160.75
159.715
159.187
159.16
159.595
160.276
161.158
162.203
163.373
164.628
165.941
167.294
168.677
170.086
171.522
172.99
174.501
176.069
177.705
179.421
181.236
183.162
185.203
187.376
219.448
215.06
211.12
207.325
203.751
200.366
197.105
193.939
190.863
187.878
184.974
182.146
179.439
176.91
174.594
172.516
170.718
169.243
168.126
167.391
167.047
167.104
167.407
167.91
168.589
169.414
170.356
171.391
172.502
173.677
174.909
176.194
177.529
178.918
180.365
181.872
183.441
185.078
186.786
188.559
190.4
219.645
215.797
212.335
209.021
205.919
202.994
200.188
197.474
194.849
192.308
189.843
187.447
185.153
182.998
181.009
179.201
177.604
176.25
175.168
174.379
173.896
173.753
173.834
174.098
174.531
175.112
175.817
176.627
177.528
178.508
179.558
180.672
181.844
183.072
184.356
185.692
187.077
188.512
189.995
191.518
193.08
219.801
216.4
213.334
210.415
207.697
205.144
202.705
200.356
198.091
195.907
193.795
191.749
189.791
187.95
186.242
184.68
183.283
182.077
181.083
180.32
179.8
179.565
179.524
179.645
179.919
180.331
180.862
181.498
182.226
183.036
183.918
184.865
185.871
186.93
188.04
189.195
190.39
191.623
192.889
194.181
195.496
219.933
216.905
214.172
211.584
209.183
206.938
204.8
202.75
200.781
198.889
197.066
195.306
193.626
192.046
190.579
189.232
188.022
186.965
186.08
185.38
184.878
184.613
184.512
184.551
184.726
185.024
185.43
185.934
186.523
187.19
187.925
188.722
189.573
190.473
191.417
192.4
193.414
194.459
195.529
196.616
197.717
220.048
217.339
214.889
212.579
210.446
208.458
206.572
204.77
203.047
201.397
199.813
198.291
196.842
195.482
194.22
193.061
192.017
191.101
190.327
189.705
189.246
188.986
188.862
188.859
188.973
189.194
189.511
189.914
190.395
190.944
191.556
192.222
192.937
193.694
194.49
195.317
196.171
197.049
197.946
198.855
199.772
220.154
217.716
215.511
213.438
211.533
209.762
208.089
206.497
204.98
203.534
202.151
200.828
199.574
198.399
197.311
196.314
195.416
194.628
193.959
193.418
193.012
192.773
192.648
192.625
192.703
192.873
193.126
193.453
193.847
194.302
194.811
195.367
195.965
196.6
197.266
197.96
198.674
199.408
200.156
200.914
201.676
220.252
218.05
216.055
214.188
212.478
210.894
209.402
207.989
206.648
205.374
204.162
203.007
201.917
200.9
199.961
199.103
198.332
197.656
197.082
196.618
196.267
196.057
195.942
195.912
195.969
196.105
196.31
196.58
196.907
197.285
197.71
198.174
198.674
199.205
199.762
200.341
200.938
201.55
202.173
202.803
203.435
220.344
218.347
216.536
214.848
213.306
211.883
210.548
209.288
208.097
206.971
205.905
204.894
203.944
203.062
202.25
201.511
200.85
200.272
199.783
199.388
199.09
198.911
198.809
198.781
198.826
198.937
199.108
199.333
199.606
199.923
200.278
200.667
201.086
201.529
201.995
202.478
202.976
203.486
204.005
204.529
205.054
220.433
218.615
216.965
215.432
214.037
212.754
211.554
210.427
209.367
208.368
207.427
206.539
205.71
204.943
204.24
203.604
203.038
202.545
202.129
201.795
201.545
201.395
201.31
201.285
201.324
201.418
201.563
201.753
201.983
202.25
202.548
202.875
203.226
203.597
203.987
204.391
204.806
205.232
205.664
206.101
206.537
220.518
218.857
217.348
215.951
214.685
213.524
212.443
211.431
210.484
209.596
208.763
207.983
207.256
206.589
205.98
205.432
204.947
204.527
204.176
203.895
203.687
203.564
203.494
203.475
203.51
203.592
203.716
203.878
204.074
204.299
204.551
204.827
205.121
205.433
205.76
206.098
206.445
206.801
207.161
207.526
207.889
220.599
219.076
217.693
216.416
215.262
214.208
213.231
212.32
211.472
210.68
209.942
209.254
208.617
208.035
207.508
207.036
206.62
206.264
205.967
205.733
205.561
205.461
205.405
205.393
205.426
205.498
205.606
205.745
205.912
206.104
206.318
206.55
206.799
207.062
207.336
207.62
207.911
208.208
208.51
208.815
209.117
220.676
219.275
218.003
216.832
215.778
214.818
213.932
213.11
212.348
211.641
210.985
210.378
209.819
209.311
208.854
208.447
208.092
207.789
207.54
207.345
207.204
207.125
207.081
207.075
207.106
207.171
207.266
207.386
207.53
207.694
207.876
208.073
208.283
208.505
208.736
208.974
209.219
209.468
209.721
209.977
210.23
220.751
219.457
218.283
217.205
216.239
215.362
214.556
213.813
213.127
212.495
211.911
211.374
210.883
210.44
210.044
209.693
209.39
209.133
208.924
208.763
208.648
208.586
208.554
208.552
208.583
208.642
208.725
208.83
208.954
209.095
209.25
209.418
209.596
209.784
209.979
210.18
210.386
210.595
210.808
211.022
211.235
220.821
219.623
218.535
217.541
216.652
215.849
215.114
214.44
213.821
213.254
212.735
212.259
211.828
211.441
211.097
210.796
210.537
210.32
210.145
210.012
209.92
209.873
209.849
209.852
209.882
209.936
210.01
210.101
210.209
210.33
210.463
210.606
210.758
210.917
211.082
211.252
211.426
211.602
211.781
211.962
212.14
220.888
219.774
218.762
217.841
217.021
216.283
215.612
214.999
214.44
213.931
213.467
213.046
212.667
212.329
212.032
211.773
211.552
211.37
211.224
211.115
211.042
211.006
210.991
210.997
211.026
211.075
211.141
211.222
211.315
211.42
211.534
211.657
211.786
211.921
212.061
212.205
212.352
212.501
212.652
212.805
212.955
220.951
219.91
218.967
218.111
217.351
216.671
216.055
215.497
214.991
214.533
214.12
213.747
213.413
213.119
212.861
212.639
212.452
212.299
212.178
212.09
212.032
212.007
211.997
212.006
212.035
212.08
212.139
212.21
212.291
212.382
212.481
212.586
212.696
212.811
212.931
213.053
213.177
213.303
213.431
213.559
213.686
221.01
220.034
219.15
218.352
217.646
217.017
216.451
215.941
215.482
215.069
214.7
214.369
214.076
213.82
213.597
213.408
213.249
213.121
213.022
212.951
212.907
212.89
212.886
212.897
212.925
212.967
213.02
213.082
213.154
213.232
213.317
213.408
213.502
213.601
213.702
213.806
213.911
214.018
214.126
214.235
214.341
221.065
220.145
219.314
218.566
217.907
217.323
216.801
216.334
215.917
215.546
215.215
214.922
214.665
214.442
214.25
214.089
213.956
213.849
213.769
213.713
213.679
213.669
213.669
213.683
213.71
213.748
213.796
213.852
213.914
213.983
214.056
214.134
214.215
214.299
214.386
214.474
214.563
214.654
214.745
214.837
214.927
221.115
220.245
219.459
218.755
218.138
217.594
217.111
216.682
216.302
215.967
215.671
215.412
215.187
214.993
214.829
214.692
214.581
214.493
214.429
214.385
214.361
214.357
214.361
214.376
214.402
214.438
214.481
214.531
214.586
214.646
214.71
214.777
214.847
214.919
214.993
215.068
215.144
215.221
215.298
215.376
215.452
221.161
220.333
219.587
218.921
218.34
217.831
217.383
216.988
216.641
216.338
216.074
215.844
215.647
215.48
215.34
215.224
215.132
215.061
215.01
214.978
214.962
214.962
214.97
214.986
215.011
215.045
215.084
215.129
215.177
215.23
215.285
215.343
215.404
215.465
215.528
215.592
215.657
215.722
215.787
215.853
215.917
221.203
220.41
219.697
219.064
218.515
218.037
217.619
217.254
216.937
216.663
216.426
216.223
216.052
215.907
215.789
215.693
215.618
215.561
215.522
215.499
215.491
215.496
215.506
215.523
215.549
215.58
215.616
215.656
215.7
215.746
215.795
215.845
215.897
215.95
216.004
216.058
216.113
216.169
216.224
216.28
216.333
221.24
220.476
219.791
219.187
218.664
218.212
217.821
217.483
217.192
216.943
216.732
216.553
216.404
216.281
216.181
216.102
216.042
215.999
215.97
215.955
215.952
215.961
215.973
215.991
216.016
216.046
216.079
216.115
216.154
216.195
216.238
216.282
216.326
216.372
216.418
216.465
216.512
216.559
216.605
216.653
216.698
221.272
220.531
219.869
219.288
218.788
218.359
217.991
217.676
217.409
217.183
216.994
216.837
216.708
216.604
216.522
216.458
216.412
216.38
216.361
216.354
216.357
216.369
216.384
216.404
216.429
216.458
216.489
216.523
216.558
216.595
216.633
216.671
216.71
216.75
216.789
216.829
216.869
216.909
216.948
216.988
217.026
221.299
220.575
219.931
219.368
218.887
218.477
218.129
217.835
217.589
217.384
217.215
217.078
216.967
216.88
216.813
216.763
216.728
216.706
216.696
216.695
216.702
216.717
216.734
216.754
216.779
216.806
216.836
216.867
216.899
216.932
216.965
216.999
217.033
217.068
217.102
217.136
217.17
217.204
217.238
217.271
217.303
221.321
220.608
219.977
219.428
218.962
218.567
218.236
217.96
217.732
217.546
217.396
217.276
217.182
217.111
217.059
217.023
217
216.989
216.987
216.993
217.006
217.025
217.045
217.068
217.094
217.122
217.15
217.18
217.21
217.24
217.271
217.301
217.332
217.362
217.391
217.421
217.45
217.478
217.507
217.534
217.561
221.338
220.632
220.01
219.471
219.014
218.632
218.314
218.053
217.841
217.671
217.537
217.433
217.355
217.298
217.258
217.232
217.219
217.215
217.22
217.231
217.247
217.268
217.29
217.313
217.339
217.366
217.393
217.421
217.449
217.477
217.505
217.532
217.559
217.586
217.612
217.638
217.663
217.688
217.712
217.736
217.758
221.35
220.645
220.027
219.494
219.045
218.672
218.365
218.116
217.917
217.761
217.641
217.552
217.488
217.446
217.421
217.41
217.409
217.417
217.432
217.452
217.475
217.501
217.528
217.555
217.583
217.612
217.64
217.668
217.695
217.722
217.748
217.774
217.798
217.822
217.845
217.868
217.889
217.91
217.93
217.95
217.969
221.355
220.64
220.017
219.483
219.037
218.671
218.374
218.137
217.952
217.81
217.704
217.627
217.576
217.543
217.526
217.522
217.528
217.542
217.561
217.584
217.609
217.637
217.665
217.693
217.722
217.75
217.778
217.805
217.831
217.857
217.881
217.905
217.928
217.95
217.971
217.991
218.01
218.029
218.047
218.064
218.081
221.353
220.62
219.984
219.443
218.995
218.63
218.339
218.111
217.937
217.809
217.719
217.661
217.628
217.617
217.622
217.639
217.665
217.696
217.73
217.765
217.8
217.836
217.871
217.904
217.937
217.968
217.998
218.026
218.053
218.079
218.103
218.125
218.147
218.167
218.186
218.204
218.221
218.236
218.251
218.265
218.279
164.058
168.77
175.035
180.069
185.316
190.816
196.085
200.936
205.291
209.109
212.394
215.172
217.489
219.397
220.944
222.182
223.156
223.91
224.481
224.903
225.202
225.404
225.527
225.589
225.603
225.58
225.529
225.456
225.369
225.27
225.164
225.055
224.943
224.832
224.722
224.615
224.512
224.413
224.318
224.227
224.142
224.06
223.983
223.911
223.842
223.778
223.717
223.659
223.605
223.553
223.504
223.458
223.414
223.372
223.332
223.294
223.258
223.224
223.191
223.161
223.132
223.106
223.081
223.058
223.037
223.018
223.001
222.986
222.972
222.962
222.951
222.95
222.936
222.96
160.371
166.706
173.336
178.94
184.574
190.304
195.744
200.725
205.176
209.062
212.391
215.198
217.532
219.447
220.996
222.231
223.2
223.948
224.513
224.927
225.22
225.416
225.534
225.591
225.601
225.574
225.52
225.445
225.355
225.255
225.149
225.038
224.926
224.814
224.704
224.597
224.494
224.395
224.3
224.21
224.125
224.044
223.968
223.895
223.828
223.763
223.703
223.646
223.592
223.542
223.493
223.447
223.404
223.362
223.323
223.285
223.249
223.215
223.183
223.153
223.125
223.099
223.074
223.051
223.03
223.011
222.994
222.979
222.966
222.956
222.945
222.944
222.931
222.956
157.081
163.469
170.906
177.445
183.634
189.686
195.351
200.492
205.056
209.02
212.402
215.241
217.593
219.515
221.065
222.296
223.258
223.998
224.554
224.96
225.244
225.432
225.544
225.595
225.6
225.569
225.511
225.434
225.342
225.24
225.132
225.02
224.907
224.795
224.685
224.578
224.475
224.376
224.281
224.192
224.107
224.026
223.95
223.879
223.811
223.748
223.688
223.632
223.579
223.529
223.481
223.436
223.393
223.352
223.313
223.276
223.24
223.207
223.175
223.145
223.117
223.091
223.066
223.043
223.023
223.004
222.987
222.972
222.959
222.949
222.939
222.939
222.925
222.951
154.366
160.227
168.056
175.534
182.439
188.927
194.888
200.236
204.938
208.994
212.435
215.31
217.68
219.609
221.157
222.382
223.335
224.064
224.608
225.003
225.278
225.456
225.559
225.604
225.602
225.566
225.504
225.423
225.328
225.224
225.114
225.001
224.888
224.775
224.664
224.557
224.454
224.355
224.261
224.172
224.087
224.007
223.931
223.86
223.794
223.731
223.672
223.616
223.564
223.515
223.468
223.423
223.381
223.34
223.302
223.265
223.23
223.197
223.165
223.136
223.108
223.082
223.058
223.035
223.015
222.996
222.979
222.965
222.952
222.943
222.933
222.932
222.92
222.945
152.733
157.797
165.32
173.341
180.959
187.994
194.333
199.943
204.823
208.993
212.501
215.413
217.801
219.735
221.279
222.494
223.434
224.148
224.678
225.059
225.32
225.488
225.581
225.616
225.607
225.565
225.498
225.412
225.314
225.207
225.095
224.981
224.866
224.752
224.642
224.534
224.431
224.332
224.238
224.149
224.065
223.986
223.911
223.841
223.775
223.712
223.654
223.6
223.548
223.499
223.453
223.409
223.367
223.328
223.29
223.253
223.219
223.186
223.155
223.126
223.098
223.073
223.048
223.026
223.006
222.988
222.971
222.957
222.944
222.936
222.926
222.926
222.914
222.94
152.013
156.276
163.164
171.24
179.321
186.884
193.672
199.602
204.701
209.018
212.614
215.568
217.971
219.905
221.44
222.639
223.561
224.256
224.767
225.13
225.375
225.528
225.608
225.633
225.615
225.565
225.492
225.401
225.299
225.189
225.074
224.958
224.842
224.728
224.616
224.509
224.405
224.307
224.213
224.125
224.041
223.962
223.888
223.819
223.753
223.692
223.635
223.581
223.53
223.482
223.437
223.394
223.353
223.314
223.276
223.241
223.207
223.175
223.144
223.115
223.088
223.062
223.039
223.017
222.997
222.979
222.963
222.949
222.937
222.928
222.919
222.919
222.907
222.934
152.015
155.667
161.905
169.654
177.829
185.725
192.923
199.212
204.568
209.06
212.769
215.785
218.208
220.136
221.653
222.829
223.724
224.393
224.88
225.22
225.444
225.579
225.644
225.655
225.626
225.567
225.486
225.39
225.282
225.169
225.051
224.933
224.815
224.7
224.588
224.48
224.377
224.279
224.186
224.098
224.015
223.937
223.863
223.795
223.73
223.67
223.613
223.56
223.51
223.463
223.419
223.377
223.337
223.298
223.262
223.227
223.193
223.162
223.132
223.103
223.076
223.051
223.028
223.007
222.987
222.969
222.954
222.94
222.928
222.92
222.911
222.912
222.901
222.927
152.688
155.984
161.666
168.915
176.851
184.786
192.215
198.807
204.437
209.123
212.957
216.049
218.509
220.441
221.936
223.077
223.936
224.57
225.023
225.333
225.532
225.644
225.689
225.684
225.642
225.571
225.481
225.377
225.264
225.146
225.025
224.904
224.785
224.668
224.555
224.447
224.344
224.246
224.154
224.067
223.985
223.908
223.835
223.767
223.704
223.645
223.589
223.537
223.489
223.443
223.399
223.358
223.319
223.281
223.245
223.211
223.179
223.148
223.118
223.09
223.064
223.039
223.017
222.996
222.976
222.959
222.944
222.931
222.919
222.912
222.904
222.905
222.894
222.92
153.948
157.175
162.443
169.179
176.693
184.388
191.79
198.511
204.34
209.22
213.189
216.356
218.854
220.8
222.286
223.396
224.211
224.797
225.206
225.478
225.642
225.725
225.746
225.721
225.662
225.578
225.477
225.364
225.244
225.12
224.995
224.871
224.75
224.632
224.518
224.41
224.307
224.21
224.118
224.032
223.951
223.875
223.804
223.737
223.675
223.617
223.563
223.512
223.464
223.419
223.377
223.337
223.299
223.262
223.228
223.194
223.162
223.132
223.103
223.076
223.05
223.027
223.004
222.984
222.965
222.948
222.934
222.921
222.91
222.903
222.895
222.897
222.887
222.913
155.606
159.043
164.146
170.436
177.486
184.784
191.92
198.539
204.396
209.381
213.466
216.712
219.246
221.196
222.67
223.757
224.538
225.08
225.439
225.661
225.781
225.827
225.818
225.768
225.688
225.587
225.473
225.349
225.221
225.091
224.961
224.833
224.709
224.59
224.476
224.367
224.265
224.168
224.077
223.992
223.912
223.838
223.768
223.703
223.642
223.586
223.533
223.483
223.437
223.394
223.353
223.314
223.277
223.241
223.208
223.175
223.144
223.115
223.087
223.061
223.036
223.012
222.991
222.971
222.953
222.937
222.922
222.91
222.9
222.893
222.886
222.888
222.879
222.906
157.337
161.209
166.46
172.531
179.172
186.028
192.775
199.105
204.79
209.713
213.812
217.102
219.672
221.629
223.081
224.131
224.874
225.38
225.7
225.878
225.953
225.955
225.908
225.825
225.72
225.599
225.468
225.332
225.194
225.056
224.921
224.789
224.662
224.541
224.426
224.318
224.216
224.12
224.03
223.947
223.868
223.795
223.727
223.664
223.605
223.55
223.499
223.451
223.406
223.365
223.325
223.287
223.252
223.218
223.185
223.154
223.124
223.096
223.069
223.044
223.019
222.997
222.976
222.957
222.94
222.924
222.91
222.899
222.889
222.883
222.877
222.879
222.871
222.898
158.96
163.282
168.837
174.991
181.443
187.965
194.313
200.264
205.646
210.35
214.316
217.547
220.105
222.065
223.504
224.517
225.209
225.664
225.94
226.083
226.125
226.095
226.012
225.896
225.759
225.613
225.463
225.312
225.162
225.015
224.873
224.737
224.607
224.484
224.368
224.26
224.159
224.064
223.976
223.894
223.818
223.747
223.681
223.619
223.563
223.51
223.46
223.415
223.372
223.332
223.294
223.258
223.224
223.192
223.16
223.131
223.102
223.075
223.049
223.025
223.002
222.98
222.96
222.942
222.925
222.91
222.898
222.887
222.878
222.872
222.867
222.87
222.862
222.889
161.01
165.489
171.09
177.313
183.725
190.098
196.202
201.844
206.899
211.31
215.045
218.112
220.569
222.476
223.883
224.869
225.525
225.933
226.155
226.245
226.247
226.189
226.087
225.952
225.796
225.628
225.457
225.287
225.122
224.965
224.816
224.674
224.541
224.416
224.3
224.192
224.091
223.998
223.912
223.833
223.759
223.69
223.627
223.568
223.514
223.463
223.417
223.373
223.332
223.294
223.259
223.225
223.193
223.162
223.133
223.104
223.077
223.052
223.027
223.004
222.982
222.962
222.943
222.925
222.91
222.896
222.884
222.874
222.865
222.861
222.856
222.86
222.853
222.88
165.21
168.94
173.841
179.799
185.995
192.113
197.978
203.406
208.25
212.422
215.914
218.775
221.071
222.862
224.194
225.135
225.764
226.145
226.331
226.375
226.328
226.227
226.092
225.937
225.773
225.602
225.426
225.249
225.074
224.905
224.746
224.598
224.461
224.335
224.218
224.111
224.012
223.921
223.838
223.761
223.69
223.625
223.565
223.509
223.458
223.41
223.366
223.325
223.288
223.252
223.219
223.187
223.157
223.129
223.101
223.075
223.05
223.026
223.003
222.981
222.96
222.941
222.924
222.907
222.893
222.88
222.869
222.86
222.852
222.848
222.844
222.849
222.843
222.87
171.151
174.416
178.577
183.974
189.626
195.108
200.342
205.21
209.579
213.382
216.617
219.293
221.432
223.086
224.324
225.213
225.817
226.19
226.376
226.419
226.362
226.238
226.069
225.878
225.684
225.496
225.317
225.144
224.977
224.814
224.657
224.506
224.365
224.236
224.119
224.013
223.917
223.829
223.75
223.677
223.61
223.548
223.492
223.44
223.393
223.349
223.308
223.271
223.236
223.203
223.173
223.144
223.117
223.091
223.066
223.042
223.019
222.996
222.975
222.955
222.936
222.919
222.903
222.888
222.874
222.862
222.852
222.844
222.838
222.835
222.832
222.837
222.833
222.86
177.111
180.056
183.425
187.756
192.468
197.19
201.841
206.321
210.472
214.165
217.329
219.94
222.006
223.555
224.65
225.375
225.821
226.071
226.187
226.21
226.164
226.064
225.92
225.743
225.55
225.353
225.159
224.974
224.803
224.647
224.503
224.367
224.239
224.117
224.004
223.899
223.804
223.72
223.644
223.576
223.514
223.458
223.407
223.36
223.317
223.277
223.241
223.207
223.176
223.148
223.12
223.095
223.071
223.048
223.025
223.004
222.983
222.964
222.945
222.927
222.91
222.894
222.879
222.866
222.854
222.843
222.835
222.828
222.823
222.821
222.819
222.825
222.821
222.849
182.401
185.037
187.828
191.077
194.631
198.306
202.025
205.724
209.304
212.666
215.726
218.419
220.7
222.552
223.984
225.031
225.733
226.136
226.293
226.268
226.123
225.919
225.698
225.484
225.283
225.095
224.913
224.735
224.567
224.41
224.266
224.138
224.025
223.924
223.833
223.747
223.667
223.591
223.522
223.459
223.402
223.352
223.306
223.265
223.228
223.194
223.163
223.134
223.108
223.083
223.06
223.038
223.018
222.998
222.979
222.961
222.943
222.926
222.91
222.895
222.88
222.866
222.853
222.842
222.832
222.823
222.815
222.81
222.806
222.805
222.805
222.812
222.81
222.838
186.226
188.452
190.778
193.282
195.969
198.782
201.665
204.574
207.458
210.26
212.925
215.407
217.663
219.661
221.373
222.782
223.885
224.69
225.228
225.54
225.669
225.657
225.542
225.357
225.134
224.903
224.683
224.486
224.312
224.16
224.024
223.902
223.793
223.696
223.613
223.541
223.479
223.423
223.37
223.321
223.275
223.232
223.193
223.158
223.127
223.099
223.074
223.051
223.03
223.011
222.993
222.975
222.959
222.943
222.928
222.913
222.899
222.885
222.872
222.859
222.847
222.836
222.825
222.816
222.807
222.8
222.794
222.791
222.788
222.789
222.79
222.798
222.797
222.826
189.329
191.164
193.087
195.089
197.197
199.4
201.667
203.968
206.274
208.55
210.762
212.877
214.862
216.694
218.353
219.823
221.098
222.174
223.051
223.732
224.225
224.544
224.712
224.758
224.713
224.603
224.454
224.285
224.111
223.947
223.801
223.676
223.572
223.483
223.407
223.34
223.283
223.234
223.193
223.158
223.127
223.097
223.069
223.043
223.019
222.998
222.979
222.962
222.947
222.933
222.92
222.907
222.896
222.884
222.873
222.862
222.852
222.841
222.831
222.821
222.812
222.803
222.795
222.788
222.781
222.776
222.772
222.77
222.769
222.771
222.774
222.783
222.784
222.813
192.014
193.505
195.064
196.672
198.352
200.104
201.911
203.753
205.614
207.474
209.308
211.094
212.809
214.433
215.946
217.336
218.593
219.71
220.687
221.524
222.225
222.795
223.24
223.567
223.782
223.898
223.93
223.899
223.823
223.72
223.604
223.486
223.375
223.278
223.198
223.135
223.084
223.044
223.011
222.983
222.961
222.943
222.928
222.915
222.902
222.889
222.877
222.866
222.857
222.849
222.842
222.835
222.828
222.821
222.815
222.808
222.801
222.794
222.787
222.781
222.774
222.768
222.763
222.758
222.754
222.751
222.749
222.748
222.749
222.753
222.757
222.768
222.77
222.8
194.423
195.625
196.877
198.17
199.519
200.925
202.378
203.866
205.38
206.905
208.427
209.932
211.401
212.818
214.17
215.442
216.623
217.705
218.683
219.556
220.324
220.993
221.567
222.05
222.449
222.766
223.004
223.168
223.262
223.297
223.285
223.241
223.177
223.103
223.027
222.957
222.899
222.854
222.823
222.802
222.789
222.78
222.774
222.771
222.769
222.768
222.767
222.765
222.762
222.76
222.758
222.757
222.755
222.754
222.752
222.75
222.747
222.744
222.741
222.738
222.734
222.731
222.728
222.726
222.724
222.723
222.723
222.725
222.728
222.733
222.739
222.751
222.755
222.786
196.61
197.573
198.576
199.615
200.702
201.834
203.008
204.215
205.449
206.703
207.966
209.229
210.48
211.706
212.896
214.039
215.124
216.142
217.087
217.954
218.739
219.444
220.068
220.617
221.096
221.509
221.862
222.159
222.401
222.588
222.723
222.806
222.846
222.849
222.828
222.791
222.748
222.704
222.664
222.635
222.618
222.612
222.613
222.619
222.626
222.635
222.644
222.652
222.66
222.666
222.67
222.675
222.678
222.682
222.685
222.687
222.689
222.691
222.691
222.692
222.692
222.692
222.692
222.692
222.693
222.695
222.697
222.7
222.705
222.712
222.719
222.733
222.739
222.771
198.637
199.406
200.206
201.04
201.913
202.825
203.772
204.751
205.757
206.786
207.832
208.887
209.944
210.994
212.029
213.039
214.016
214.952
215.839
216.672
217.446
218.157
218.804
219.388
219.91
220.373
220.781
221.139
221.453
221.725
221.958
222.152
222.307
222.421
222.496
222.537
222.55
222.544
222.527
222.504
222.483
222.467
222.461
222.465
222.477
222.493
222.511
222.529
222.546
222.561
222.575
222.587
222.597
222.606
222.614
222.621
222.628
222.634
222.638
222.643
222.647
222.65
222.653
222.656
222.66
222.664
222.668
222.674
222.681
222.69
222.699
222.715
222.723
222.756
200.531
201.142
201.777
202.444
203.144
203.877
204.641
205.433
206.251
207.093
207.955
208.832
209.718
210.609
211.497
212.377
213.241
214.082
214.895
215.672
216.41
217.103
217.749
218.345
218.89
219.385
219.83
220.229
220.584
220.9
221.18
221.428
221.647
221.838
222
222.13
222.228
222.294
222.333
222.351
222.355
222.351
222.344
222.34
222.342
222.354
222.374
222.398
222.423
222.448
222.47
222.491
222.509
222.525
222.539
222.552
222.563
222.573
222.582
222.591
222.598
222.605
222.612
222.618
222.625
222.631
222.638
222.646
222.655
222.666
222.677
222.695
222.705
222.74
202.302
202.784
203.287
203.819
204.379
204.966
205.58
206.219
206.882
207.569
208.276
209
209.738
210.487
211.242
211.998
212.749
213.492
214.22
214.929
215.613
216.268
216.89
217.477
218.024
218.532
218.999
219.426
219.812
220.161
220.475
220.756
221.008
221.234
221.438
221.62
221.78
221.917
222.028
222.111
222.168
222.204
222.224
222.234
222.239
222.245
222.254
222.272
222.297
222.327
222.357
222.387
222.413
222.438
222.459
222.478
222.494
222.509
222.523
222.535
222.547
222.558
222.568
222.578
222.587
222.597
222.606
222.617
222.628
222.641
222.654
222.674
222.687
222.724
203.951
204.331
204.728
205.15
205.597
206.066
206.558
207.072
207.608
208.166
208.743
209.338
209.949
210.573
211.208
211.85
212.496
213.142
213.783
214.415
215.035
215.638
216.22
216.779
217.31
217.812
218.283
218.722
219.127
219.5
219.84
220.148
220.428
220.681
220.909
221.116
221.305
221.476
221.631
221.768
221.884
221.977
222.047
222.095
222.127
222.148
222.163
222.175
222.191
222.212
222.241
222.275
222.309
222.342
222.371
222.398
222.421
222.442
222.46
222.477
222.493
222.508
222.522
222.535
222.547
222.56
222.572
222.585
222.599
222.614
222.63
222.652
222.667
222.708
205.479
205.778
206.09
206.425
206.781
207.155
207.548
207.96
208.392
208.843
209.312
209.798
210.301
210.818
211.348
211.888
212.437
212.991
213.547
214.102
214.653
215.196
215.728
216.246
216.747
217.228
217.687
218.122
218.531
218.914
219.269
219.598
219.899
220.175
220.427
220.655
220.863
221.053
221.228
221.388
221.536
221.669
221.786
221.884
221.961
222.018
222.058
222.087
222.108
222.126
222.146
222.171
222.203
222.239
222.276
222.31
222.341
222.369
222.394
222.416
222.436
222.455
222.472
222.489
222.505
222.521
222.536
222.552
222.568
222.586
222.604
222.629
222.646
222.691
206.888
207.123
207.367
207.633
207.916
208.213
208.527
208.857
209.204
209.567
209.947
210.342
210.753
211.179
211.618
212.069
212.531
213.001
213.477
213.958
214.44
214.921
215.397
215.868
216.329
216.777
217.212
217.63
218.03
218.41
218.768
219.105
219.42
219.712
219.982
220.23
220.457
220.665
220.856
221.03
221.192
221.341
221.481
221.609
221.724
221.823
221.903
221.965
222.011
222.045
222.071
222.093
222.116
222.144
222.178
222.216
222.254
222.289
222.322
222.351
222.376
222.4
222.421
222.441
222.461
222.48
222.498
222.517
222.536
222.556
222.577
222.605
222.625
222.674
208.18
208.364
208.556
208.766
208.991
209.227
209.477
209.741
210.019
210.311
210.617
210.938
211.273
211.621
211.983
212.357
212.742
213.137
213.541
213.952
214.368
214.787
215.208
215.627
216.043
216.453
216.855
217.247
217.627
217.994
218.345
218.679
218.996
219.295
219.575
219.837
220.08
220.304
220.51
220.7
220.875
221.036
221.185
221.325
221.456
221.578
221.689
221.787
221.868
221.933
221.982
222.019
222.048
222.073
222.099
222.128
222.164
222.203
222.242
222.278
222.311
222.341
222.367
222.391
222.414
222.436
222.458
222.479
222.501
222.524
222.548
222.579
222.601
222.657
209.359
209.504
209.654
209.82
209.999
210.187
210.386
210.597
210.819
211.054
211.3
211.56
211.831
212.115
212.411
212.719
213.039
213.368
213.708
214.055
214.411
214.772
215.137
215.505
215.874
216.242
216.608
216.968
217.321
217.666
218.001
218.325
218.635
218.932
219.214
219.481
219.732
219.967
220.186
220.39
220.579
220.753
220.913
221.062
221.201
221.331
221.454
221.569
221.676
221.771
221.851
221.916
221.967
222.005
222.036
222.063
222.091
222.123
222.159
222.199
222.239
222.276
222.309
222.338
222.366
222.391
222.416
222.44
222.465
222.491
222.517
222.551
222.576
222.642
210.431
210.545
210.663
210.795
210.937
211.087
211.245
211.413
211.591
211.779
211.978
212.187
212.407
212.637
212.879
213.132
213.395
213.668
213.951
214.243
214.543
214.851
215.165
215.484
215.807
216.132
216.458
216.783
217.106
217.424
217.737
218.043
218.34
218.627
218.904
219.168
219.421
219.66
219.886
220.099
220.298
220.484
220.656
220.816
220.965
221.102
221.231
221.353
221.468
221.577
221.678
221.77
221.848
221.912
221.962
222.002
222.033
222.062
222.091
222.125
222.163
222.204
222.243
222.28
222.313
222.344
222.372
222.399
222.426
222.455
222.484
222.522
222.549
222.628
211.403
211.492
211.585
211.69
211.803
211.923
212.049
212.183
212.326
212.476
212.636
212.804
212.982
213.169
213.366
213.572
213.788
214.013
214.248
214.491
214.744
215.003
215.271
215.544
215.824
216.107
216.394
216.683
216.972
217.261
217.548
217.831
218.11
218.382
218.647
218.904
219.152
219.389
219.616
219.832
220.037
220.23
220.412
220.582
220.74
220.888
221.025
221.153
221.273
221.386
221.494
221.597
221.693
221.781
221.856
221.918
221.967
222.006
222.039
222.068
222.099
222.134
222.174
222.215
222.255
222.291
222.325
222.356
222.386
222.418
222.449
222.492
222.519
222.617
212.281
212.352
212.425
212.508
212.599
212.694
212.795
212.902
213.017
213.138
213.266
213.401
213.545
213.697
213.856
214.024
214.201
214.386
214.58
214.782
214.992
215.21
215.436
215.668
215.907
216.152
216.401
216.655
216.911
217.169
217.428
217.686
217.942
218.196
218.445
218.689
218.927
219.158
219.381
219.596
219.801
219.997
220.183
220.359
220.525
220.681
220.827
220.964
221.091
221.21
221.322
221.428
221.529
221.626
221.717
221.801
221.873
221.932
221.98
222.018
222.05
222.081
222.113
222.15
222.191
222.233
222.273
222.31
222.344
222.38
222.412
222.46
222.485
222.612
213.073
213.129
213.186
213.253
213.326
213.402
213.483
213.569
213.661
213.758
213.861
213.971
214.087
214.209
214.339
214.476
214.62
214.772
214.931
215.098
215.272
215.454
215.643
215.84
216.043
216.252
216.466
216.686
216.91
217.138
217.368
217.6
217.832
218.064
218.295
218.523
218.748
218.968
219.183
219.391
219.593
219.788
219.975
220.153
220.323
220.485
220.637
220.781
220.916
221.042
221.161
221.271
221.376
221.475
221.571
221.663
221.749
221.828
221.896
221.953
221.998
222.035
222.068
222.099
222.134
222.173
222.215
222.257
222.297
222.338
222.372
222.427
222.442
222.617
213.786
213.83
213.875
213.929
213.988
214.049
214.114
214.183
214.257
214.335
214.418
214.507
214.601
214.7
214.805
214.917
215.034
215.158
215.289
215.427
215.571
215.722
215.88
216.045
216.216
216.393
216.577
216.766
216.96
217.158
217.361
217.566
217.774
217.983
218.194
218.403
218.612
218.818
219.022
219.221
219.416
219.606
219.79
219.967
220.138
220.301
220.457
220.606
220.747
220.88
221.005
221.122
221.233
221.336
221.434
221.528
221.618
221.705
221.787
221.861
221.926
221.979
222.022
222.058
222.09
222.123
222.16
222.201
222.244
222.291
222.329
222.393
222.386
222.65
214.426
214.461
214.497
214.541
214.588
214.638
214.69
214.746
214.805
214.868
214.936
215.007
215.083
215.164
215.25
215.34
215.436
215.538
215.645
215.758
215.877
216.002
216.134
216.271
216.415
216.565
216.72
216.882
217.048
217.22
217.396
217.577
217.761
217.947
218.136
218.326
218.517
218.708
218.897
219.085
219.271
219.453
219.631
219.804
219.972
220.135
220.292
220.442
220.586
220.723
220.854
220.977
221.094
221.203
221.306
221.404
221.496
221.584
221.67
221.752
221.829
221.899
221.959
222.009
222.049
222.084
222.117
222.152
222.191
222.238
222.278
222.355
222.313
222.735
214.999
215.027
215.056
215.091
215.13
215.17
215.212
215.258
215.306
215.357
215.412
215.47
215.532
215.597
215.667
215.741
215.82
215.903
215.991
216.084
216.182
216.286
216.395
216.51
216.63
216.756
216.887
217.024
217.166
217.314
217.466
217.623
217.784
217.949
218.117
218.287
218.46
218.633
218.808
218.982
219.156
219.328
219.498
219.664
219.828
219.987
220.142
220.292
220.437
220.576
220.709
220.837
220.958
221.073
221.182
221.285
221.381
221.473
221.56
221.643
221.724
221.802
221.875
221.94
221.996
222.042
222.08
222.114
222.148
222.19
222.224
222.315
222.232
222.87
215.512
215.535
215.558
215.587
215.618
215.651
215.686
215.723
215.762
215.804
215.849
215.896
215.946
216
216.057
216.117
216.182
216.25
216.322
216.399
216.48
216.566
216.656
216.752
216.852
216.958
217.069
217.184
217.305
217.431
217.562
217.697
217.837
217.982
218.13
218.281
218.435
218.592
218.75
218.91
219.071
219.231
219.391
219.549
219.706
219.86
220.011
220.158
220.301
220.44
220.575
220.704
220.828
220.947
221.061
221.168
221.27
221.367
221.457
221.543
221.625
221.705
221.781
221.855
221.923
221.983
222.034
222.076
222.112
222.152
222.178
222.276
222.174
222.977
215.969
215.987
216.006
216.03
216.056
216.083
216.111
216.141
216.174
216.208
216.244
216.283
216.325
216.369
216.416
216.465
216.518
216.575
216.634
216.698
216.765
216.836
216.911
216.991
217.075
217.163
217.256
217.354
217.456
217.564
217.675
217.792
217.913
218.038
218.168
218.301
218.438
218.578
218.721
218.866
219.012
219.16
219.309
219.457
219.605
219.752
219.897
220.04
220.181
220.318
220.451
220.581
220.706
220.827
220.943
221.055
221.161
221.262
221.358
221.448
221.534
221.615
221.692
221.767
221.839
221.908
221.97
222.026
222.07
222.115
222.142
222.239
222.17
222.915
216.377
216.392
216.407
216.427
216.449
216.471
216.494
216.519
216.546
216.575
216.605
216.637
216.671
216.707
216.746
216.787
216.831
216.878
216.927
216.98
217.035
217.094
217.157
217.223
217.294
217.368
217.446
217.529
217.615
217.706
217.802
217.902
218.006
218.115
218.227
218.344
218.465
218.589
218.716
218.846
218.979
219.114
219.251
219.389
219.527
219.665
219.803
219.94
220.076
220.21
220.341
220.469
220.594
220.716
220.833
220.947
221.056
221.161
221.261
221.355
221.445
221.53
221.61
221.685
221.758
221.828
221.895
221.959
222.015
222.068
222.106
222.189
222.21
222.585
216.735
216.747
216.76
216.777
216.795
216.813
216.833
216.854
216.876
216.9
216.925
216.952
216.981
217.011
217.043
217.078
217.114
217.153
217.194
217.238
217.285
217.334
217.387
217.442
217.501
217.564
217.63
217.7
217.773
217.851
217.933
218.018
218.108
218.202
218.3
218.402
218.508
218.617
218.73
218.847
218.966
219.089
219.213
219.34
219.468
219.598
219.727
219.857
219.987
220.116
220.243
220.369
220.493
220.613
220.731
220.846
220.957
221.063
221.166
221.264
221.358
221.447
221.531
221.609
221.683
221.753
221.82
221.884
221.945
222.004
222.056
222.111
222.23
222.056
217.057
217.067
217.078
217.092
217.107
217.123
217.14
217.157
217.176
217.196
217.217
217.24
217.264
217.289
217.316
217.345
217.376
217.408
217.443
217.48
217.519
217.561
217.605
217.652
217.702
217.754
217.81
217.87
217.932
217.998
218.068
218.141
218.219
218.3
218.385
218.473
218.566
218.662
218.762
218.866
218.973
219.083
219.196
219.312
219.429
219.549
219.67
219.793
219.915
220.038
220.161
220.283
220.403
220.522
220.639
220.753
220.865
220.973
221.077
221.178
221.274
221.366
221.453
221.535
221.612
221.684
221.75
221.813
221.872
221.927
221.986
222.003
222.161
221.559
217.33
217.338
217.347
217.36
217.373
217.386
217.401
217.416
217.432
217.449
217.467
217.487
217.507
217.529
217.552
217.577
217.603
217.631
217.66
217.692
217.725
217.761
217.798
217.838
217.881
217.926
217.974
218.025
218.078
218.135
218.195
218.259
218.326
218.396
218.47
218.548
218.629
218.714
218.802
218.895
218.99
219.089
219.192
219.297
219.405
219.515
219.628
219.742
219.858
219.974
220.092
220.209
220.326
220.442
220.557
220.67
220.781
220.889
220.995
221.096
221.195
221.289
221.379
221.463
221.543
221.617
221.685
221.746
221.803
221.849
221.903
221.887
222.007
221.32
217.583
217.59
217.598
217.609
217.62
217.632
217.644
217.658
217.672
217.686
217.702
217.719
217.736
217.755
217.775
217.796
217.819
217.842
217.868
217.895
217.923
217.954
217.986
218.02
218.057
218.096
218.137
218.18
218.226
218.275
218.327
218.382
218.44
218.501
218.566
218.633
218.705
218.779
218.858
218.939
219.025
219.113
219.205
219.301
219.399
219.5
219.604
219.71
219.818
219.928
220.039
220.151
220.263
220.376
220.487
220.598
220.708
220.815
220.921
221.023
221.122
221.218
221.309
221.395
221.477
221.552
221.622
221.684
221.739
221.779
221.82
221.791
221.84
221.362
217.777
217.783
217.79
217.8
217.81
217.82
217.832
217.843
217.856
217.869
217.883
217.898
217.913
217.93
217.948
217.966
217.986
218.007
218.03
218.054
218.079
218.106
218.134
218.164
218.196
218.23
218.267
218.305
218.346
218.389
218.435
218.483
218.534
218.588
218.645
218.706
218.769
218.836
218.906
218.979
219.056
219.136
219.22
219.307
219.397
219.49
219.586
219.685
219.786
219.89
219.995
220.102
220.21
220.318
220.427
220.536
220.643
220.75
220.855
220.957
221.057
221.153
221.245
221.333
221.415
221.492
221.563
221.625
221.679
221.718
221.751
221.731
221.729
221.532
217.984
217.988
217.995
218.004
218.013
218.022
218.032
218.043
218.054
218.065
218.078
218.091
218.105
218.12
218.135
218.152
218.169
218.188
218.207
218.228
218.25
218.274
218.299
218.325
218.353
218.383
218.415
218.448
218.484
218.522
218.562
218.604
218.649
218.697
218.747
218.8
218.856
218.915
218.978
219.043
219.112
219.184
219.259
219.338
219.42
219.505
219.593
219.685
219.779
219.875
219.974
220.075
220.177
220.281
220.385
220.49
220.595
220.699
220.802
220.903
221.001
221.097
221.189
221.277
221.36
221.437
221.507
221.57
221.624
221.664
221.694
221.695
221.68
221.667
218.092
218.095
218.101
218.11
218.119
218.128
218.137
218.147
218.157
218.169
218.18
218.193
218.206
218.219
218.234
218.249
218.266
218.283
218.301
218.321
218.341
218.363
218.386
218.411
218.437
218.464
218.493
218.524
218.557
218.592
218.629
218.668
218.709
218.753
218.799
218.848
218.9
218.954
219.012
219.072
219.136
219.203
219.273
219.347
219.423
219.503
219.587
219.673
219.762
219.854
219.949
220.046
220.145
220.246
220.347
220.45
220.553
220.656
220.758
220.858
220.957
221.052
221.145
221.233
221.316
221.394
221.464
221.528
221.582
221.625
221.657
221.677
221.672
221.724
218.289
218.293
218.299
218.307
218.315
218.323
218.331
218.34
218.35
218.36
218.37
218.382
218.393
218.406
218.419
218.433
218.448
218.463
218.479
218.497
218.515
218.535
218.555
218.577
218.6
218.624
218.65
218.678
218.707
218.738
218.77
218.805
218.842
218.881
218.922
218.965
219.011
219.06
219.112
219.166
219.223
219.284
219.347
219.414
219.483
219.556
219.632
219.712
219.794
219.879
219.967
220.057
220.15
220.244
220.341
220.438
220.536
220.634
220.731
220.828
220.922
221.015
221.104
221.19
221.271
221.346
221.415
221.476
221.529
221.573
221.607
221.638
221.654
221.712
222.155
222.903
223.568
224.144
224.634
225.048
225.394
225.68
225.916
226.109
226.266
226.394
226.496
226.578
226.643
226.694
226.734
226.764
226.787
226.803
226.814
226.821
226.825
226.827
226.827
226.825
226.822
226.818
226.813
226.808
226.803
226.798
226.792
226.787
226.782
226.776
226.771
226.766
226.761
226.757
226.753
222.147
222.876
223.527
224.091
224.575
224.986
225.333
225.623
225.864
226.064
226.229
226.365
226.475
226.565
226.638
226.696
226.742
226.778
226.806
226.828
226.843
226.854
226.862
226.866
226.868
226.868
226.867
226.864
226.861
226.856
226.851
226.846
226.84
226.835
226.829
226.823
226.817
226.811
226.805
226.799
226.793
222.14
222.858
223.501
224.06
224.542
224.955
225.305
225.602
225.851
226.06
226.234
226.379
226.498
226.597
226.677
226.742
226.795
226.837
226.87
226.895
226.914
226.928
226.937
226.944
226.947
226.948
226.947
226.945
226.942
226.937
226.932
226.926
226.92
226.913
226.907
226.899
226.892
226.885
226.878
226.87
226.863
222.138
222.856
223.502
224.062
224.548
224.966
225.323
225.627
225.884
226.102
226.285
226.438
226.566
226.672
226.759
226.831
226.89
226.937
226.974
227.004
227.026
227.042
227.055
227.063
227.068
227.07
227.069
227.067
227.064
227.059
227.053
227.047
227.04
227.032
227.024
227.015
227.007
226.998
226.988
226.979
226.97
222.137
222.863
223.517
224.083
224.576
225.001
225.366
225.678
225.945
226.172
226.365
226.528
226.665
226.779
226.875
226.955
227.02
227.073
227.116
227.149
227.175
227.194
227.208
227.218
227.224
227.227
227.227
227.224
227.22
227.215
227.208
227.2
227.192
227.182
227.172
227.162
227.151
227.139
227.128
227.116
227.105
222.138
222.875
223.541
224.116
224.618
225.053
225.429
225.753
226.032
226.271
226.475
226.649
226.797
226.922
227.027
227.115
227.188
227.248
227.296
227.334
227.364
227.385
227.401
227.413
227.419
227.422
227.422
227.419
227.414
227.408
227.399
227.39
227.379
227.367
227.355
227.342
227.328
227.314
227.3
227.285
227.271
222.139
222.894
223.576
224.164
224.68
225.128
225.518
225.856
226.148
226.401
226.619
226.806
226.966
227.102
227.218
227.315
227.395
227.462
227.516
227.559
227.592
227.616
227.634
227.647
227.654
227.657
227.656
227.652
227.646
227.637
227.627
227.615
227.602
227.587
227.572
227.555
227.539
227.521
227.503
227.485
227.467
222.143
222.92
223.624
224.229
224.762
225.227
225.633
225.988
226.296
226.565
226.797
226.999
227.172
227.321
227.447
227.555
227.644
227.718
227.779
227.827
227.864
227.89
227.91
227.923
227.931
227.933
227.931
227.926
227.917
227.906
227.893
227.878
227.861
227.843
227.824
227.804
227.783
227.761
227.739
227.717
227.694
222.149
222.955
223.685
224.312
224.866
225.351
225.776
226.149
226.477
226.763
227.012
227.229
227.418
227.58
227.719
227.837
227.937
228.019
228.086
228.139
228.18
228.208
228.23
228.244
228.251
228.252
228.249
228.241
228.23
228.216
228.199
228.18
228.159
228.137
228.113
228.088
228.062
228.036
228.009
227.981
227.953
222.157
222.998
223.759
224.413
224.992
225.501
225.948
226.343
226.691
226.997
227.266
227.501
227.706
227.883
228.036
228.166
228.276
228.368
228.442
228.5
228.545
228.575
228.598
228.613
228.619
228.619
228.613
228.602
228.587
228.569
228.548
228.524
228.498
228.47
228.441
228.41
228.378
228.346
228.313
228.279
228.245
222.169
223.051
223.849
224.533
225.142
225.677
226.151
226.57
226.942
227.271
227.561
227.816
228.039
228.234
228.402
228.546
228.667
228.768
228.85
228.914
228.963
228.995
229.019
229.033
229.038
229.035
229.026
229.011
228.992
228.968
228.941
228.912
228.879
228.845
228.809
228.771
228.733
228.693
228.652
228.611
228.571
222.185
223.114
223.955
224.675
225.318
225.884
226.387
226.835
227.233
227.587
227.901
228.178
228.423
228.636
228.821
228.98
229.114
229.225
229.315
229.386
229.439
229.472
229.497
229.51
229.512
229.506
229.493
229.473
229.447
229.418
229.384
229.346
229.306
229.264
229.22
229.174
229.127
229.078
229.029
228.98
228.93
222.205
223.189
224.078
224.841
225.522
226.124
226.66
227.14
227.569
227.951
228.291
228.594
228.861
229.096
229.299
229.474
229.622
229.745
229.845
229.922
229.978
230.013
230.037
230.049
230.048
230.037
230.018
229.991
229.959
229.921
229.878
229.832
229.782
229.73
229.676
229.62
229.562
229.504
229.445
229.385
229.325
222.231
223.277
224.222
225.032
225.758
226.4
226.974
227.49
227.952
228.367
228.737
229.068
229.361
229.619
229.843
230.037
230.2
230.336
230.445
230.529
230.589
230.625
230.648
230.656
230.651
230.634
230.607
230.572
230.53
230.482
230.429
230.371
230.31
230.246
230.18
230.111
230.042
229.971
229.899
229.827
229.756
222.264
223.379
224.388
225.252
226.028
226.716
227.333
227.89
228.391
228.842
229.246
229.607
229.93
230.214
230.462
230.675
230.856
231.006
231.125
231.216
231.279
231.315
231.336
231.34
231.329
231.303
231.267
231.222
231.168
231.107
231.04
230.969
230.893
230.814
230.733
230.65
230.566
230.48
230.394
230.307
230.221
222.304
223.499
224.58
225.506
226.338
227.078
227.744
228.346
228.89
229.382
229.824
230.221
230.576
230.89
231.164
231.401
231.6
231.765
231.896
231.994
232.06
232.094
232.112
232.11
232.09
232.054
232.005
231.946
231.877
231.8
231.717
231.628
231.535
231.439
231.34
231.238
231.136
231.032
230.928
230.824
230.721
222.355
223.638
224.8
225.796
226.692
227.49
228.212
228.866
229.459
229.997
230.482
230.919
231.311
231.658
231.962
232.224
232.445
232.627
232.769
232.874
232.943
232.975
232.986
232.976
232.944
232.895
232.83
232.753
232.666
232.569
232.465
232.355
232.24
232.121
232
231.877
231.752
231.627
231.502
231.376
231.253
222.416
223.8
225.053
226.128
227.097
227.962
228.745
229.458
230.108
230.698
231.231
231.714
232.148
232.533
232.87
233.161
233.405
233.605
233.761
233.872
233.942
233.969
233.972
233.95
233.904
233.836
233.751
233.652
233.54
233.418
233.288
233.151
233.009
232.863
232.715
232.565
232.413
232.262
232.111
231.96
231.812
222.491
223.989
225.345
226.509
227.56
228.5
229.355
230.135
230.848
231.497
232.086
232.62
233.102
233.53
233.905
234.228
234.499
234.719
234.888
235.006
235.075
235.094
235.086
235.048
234.98
234.889
234.778
234.651
234.509
234.355
234.192
234.022
233.846
233.666
233.484
233.301
233.117
232.933
232.751
232.57
232.393
222.581
224.207
225.68
226.946
228.09
229.117
230.052
230.909
231.693
232.411
233.063
233.656
234.192
234.669
235.087
235.447
235.747
235.989
236.172
236.295
236.361
236.368
236.343
236.283
236.19
236.068
235.923
235.759
235.578
235.384
235.18
234.968
234.75
234.529
234.305
234.081
233.857
233.635
233.414
233.197
232.984
222.69
224.462
226.067
227.449
228.698
229.824
230.852
231.796
232.663
233.459
234.184
234.845
235.443
235.976
236.443
236.843
237.177
237.442
237.639
237.766
237.823
237.814
237.765
237.676
237.547
237.385
237.196
236.985
236.755
236.511
236.255
235.99
235.72
235.446
235.171
234.897
234.624
234.354
234.088
233.827
233.572
222.821
224.758
226.514
228.028
229.399
230.637
231.771
232.816
233.779
234.665
235.473
236.212
236.882
237.479
238.002
238.449
238.819
239.109
239.318
239.445
239.49
239.455
239.374
239.244
239.069
238.855
238.609
238.338
238.045
237.736
237.414
237.084
236.749
236.41
236.072
235.736
235.403
235.076
234.755
234.441
234.135
222.978
225.103
227.032
228.698
230.207
231.575
232.832
233.994
235.068
236.058
236.963
237.792
238.546
239.217
239.803
240.303
240.712
241.028
241.248
241.369
241.391
241.32
241.194
241.01
240.772
240.49
240.171
239.822
239.449
239.058
238.654
238.241
237.824
237.406
236.99
236.578
236.173
235.776
235.388
235.011
234.646
223.166
225.507
227.634
229.475
231.145
232.664
234.064
235.361
236.565
237.676
238.695
239.629
240.479
241.235
241.894
242.452
242.903
243.244
243.469
243.577
243.563
243.439
243.25
242.993
242.673
242.301
241.886
241.437
240.962
240.468
239.96
239.445
238.926
238.409
237.897
237.394
236.9
236.42
235.953
235.502
235.067
223.389
225.981
228.337
230.381
232.239
233.934
235.501
236.958
238.313
239.568
240.719
241.776
242.738
243.593
244.334
244.955
245.45
245.812
246.035
246.113
246.044
245.844
245.568
245.211
244.782
244.291
243.753
243.176
242.571
241.946
241.309
240.666
240.023
239.385
238.756
238.142
237.543
236.963
236.404
235.865
235.35
223.655
226.538
229.161
231.444
233.522
235.425
237.19
238.836
240.371
241.796
243.102
244.304
245.396
246.364
247.197
247.886
248.423
248.797
249.001
249.028
248.873
248.564
248.167
247.676
247.1
246.455
245.757
245.017
244.248
243.46
242.661
241.861
241.066
240.281
239.513
238.767
238.043
237.347
236.679
236.041
235.433
223.97
227.196
230.135
232.7
235.039
237.189
239.19
241.063
242.814
244.441
245.932
247.304
248.548
249.644
250.577
251.336
251.906
252.276
252.434
252.373
252.088
251.621
251.057
250.383
249.614
248.768
247.864
246.918
245.943
244.953
243.958
242.967
241.989
241.03
240.097
239.195
238.327
237.496
236.705
235.953
235.244
224.342
227.978
231.292
234.195
236.849
239.297
241.585
243.731
245.743
247.614
249.326
250.899
252.319
253.558
254.596
255.415
256
256.333
256.4
256.195
255.713
255.021
254.225
253.304
252.28
251.175
250.011
248.807
247.581
246.346
245.114
243.897
242.704
241.541
240.416
239.337
238.303
237.32
236.391
235.515
234.696
224.78
228.912
232.679
235.994
239.032
241.846
244.485
246.968
249.301
251.467
253.445
255.253
256.873
258.266
259.403
260.262
260.82
261.057
260.96
260.522
259.744
258.731
257.618
256.371
255.016
253.582
252.095
250.578
249.048
247.523
246.016
244.537
243.097
241.703
240.363
239.083
237.866
236.717
235.637
234.627
233.692
225.291
230.034
234.361
238.187
241.702
244.973
248.051
250.956
253.685
256.215
258.51
260.591
262.431
263.975
265.184
266.029
266.483
266.525
266.143
265.338
264.123
262.661
261.122
259.45
257.677
255.837
253.961
252.073
250.193
248.337
246.518
244.748
243.035
241.388
239.813
238.317
236.902
235.573
234.334
233.183
232.129
225.882
231.395
236.428
240.902
245.028
248.882
252.522
255.963
259.194
262.171
264.841
267.229
269.291
270.952
272.161
272.884
273.092
272.768
271.914
270.547
268.699
266.624
264.531
262.323
260.041
257.721
255.396
253.09
250.823
248.608
246.457
244.378
242.378
240.465
238.643
236.92
235.297
233.779
232.372
231.074
229.9
226.537
233.036
238.979
244.294
249.215
253.83
258.2
262.331
266.193
269.711
272.807
275.506
277.744
279.42
280.471
280.864
280.582
279.627
278.029
275.837
273.119
270.252
267.478
264.638
261.774
258.925
256.122
253.383
250.722
248.149
245.669
243.287
241.006
238.83
236.763
234.812
232.976
231.263
229.681
228.228
226.931
227.255
234.977
242.067
248.441
254.369
259.95
265.235
270.219
274.832
278.951
282.46
285.388
287.645
289.105
289.707
289.441
288.322
286.399
283.751
280.48
276.698
272.928
269.422
265.931
262.494
259.145
255.905
252.782
249.781
246.903
244.145
241.505
238.982
236.574
234.285
232.12
230.077
228.167
226.403
224.788
223.36
227.975
237.16
245.62
253.263
260.399
267.134
273.501
279.459
284.883
289.567
293.358
296.298
298.274
299.157
298.92
297.606
295.301
292.124
288.222
283.755
278.876
274.243
270.084
266.037
262.135
258.399
254.834
251.434
248.193
245.1
242.145
239.319
236.613
234.022
231.546
229.19
226.952
224.845
222.888
221.091
219.511
228.567
239.51
249.616
258.786
267.373
275.481
283.098
290.113
296.323
301.411
305.201
307.776
309.029
308.868
307.35
304.619
300.855
296.264
291.059
285.441
279.582
274.241
269.582
265.136
260.916
256.93
253.165
249.601
246.219
242.998
239.921
236.971
234.135
231.402
228.769
226.239
223.81
221.497
219.326
217.314
215.545
228.922
241.982
254.065
265.071
275.39
285.097
294.104
302.179
309.01
314.162
317.491
319.174
319.165
317.477
314.303
309.914
304.594
298.617
292.233
285.655
279.042
273.207
268.231
263.548
259.154
255.043
251.186
247.551
244.106
240.825
237.683
234.659
231.732
228.889
226.122
223.432
220.812
218.28
215.866
213.594
211.582
228.929
244.547
259.01
272.22
284.584
296.106
306.56
315.534
322.6
327.255
329.5
329.688
327.9
324.314
319.293
313.225
306.461
299.302
291.993
284.726
277.621
271.503
266.372
261.588
257.135
252.995
249.125
245.482
242.03
238.736
235.57
232.504
229.516
226.588
223.706
220.868
218.061
215.3
212.615
210.036
207.716
228.451
247.178
264.509
280.353
295.089
308.569
320.348
329.802
336.453
339.862
340.353
338.515
334.601
328.985
322.177
314.633
306.705
298.672
290.74
283.054
275.69
269.46
264.295
259.509
255.076
250.968
247.135
243.526
240.101
236.822
233.656
230.572
227.544
224.55
221.571
218.598
215.613
212.62
209.644
206.714
204.014
227.345
249.86
270.649
289.613
307.012
322.42
335.1
344.29
349.652
351.037
349.25
345.097
338.987
331.481
323.177
314.504
305.759
297.167
288.882
280.999
273.55
267.327
262.207
257.479
253.112
249.072
245.303
241.75
238.37
235.122
231.971
228.884
225.83
222.785
219.726
216.635
213.485
210.268
206.994
203.679
200.527
225.468
252.615
277.567
300.163
320.378
337.367
350.128
358.027
361.187
359.983
355.72
349.28
341.183
332.14
322.746
313.319
304.076
295.186
286.753
278.826
271.407
265.261
260.23
255.594
251.316
247.361
243.668
240.181
236.853
233.643
230.515
227.433
224.364
221.281
218.155
214.965
211.669
208.246
204.678
200.964
197.285
222.702
255.521
285.469
312.157
335.027
352.774
364.422
369.948
370.249
366.315
359.757
351.314
341.605
331.47
321.388
311.524
302.025
293.024
284.578
276.703
269.379
263.349
258.428
253.897
249.717
245.851
242.238
238.818
235.544
232.375
229.273
226.2
223.124
220.012
216.834
213.561
210.14
206.536
202.69
198.583
194.306
218.971
258.737
294.604
325.618
350.453
367.634
376.863
379.24
376.517
370.164
361.733
351.666
340.774
329.974
319.529
309.45
299.862
290.87
282.494
274.726
267.531
261.632
256.827
252.403
248.321
244.543
241.006
237.65
234.429
231.299
228.222
225.162
222.082
218.949
215.73
212.39
208.866
205.108
201.012
196.536
191.592
214.26
262.525
305.209
340.287
365.764
380.811
386.615
385.631
380.212
372.024
362.168
350.829
339.161
328.053
317.463
307.315
297.747
288.839
280.578
272.944
265.891
260.127
255.434
251.111
247.119
243.422
239.956
236.659
233.485
230.392
227.34
224.292
221.212
218.064
214.813
211.421
207.812
203.928
199.615
194.807
189.139
208.666
267.256
317.386
355.513
379.825
391.377
393.384
389.372
381.879
372.478
361.53
349.218
337.145
325.991
315.388
305.26
295.779
286.993
278.868
271.374
264.462
258.826
254.238
250.007
246.096
242.471
239.068
235.823
232.691
229.631
226.602
223.566
220.486
217.328
214.052
210.618
206.944
202.958
198.466
193.37
186.938
202.327
273.144
330.686
370.096
391.456
398.838
397.362
391.012
382.163
372.057
360.213
347.189
335.021
323.978
313.427
303.37
294.008
285.359
277.37
270.012
263.233
257.712
253.219
249.071
245.234
241.674
238.326
235.127
232.032
229.001
225.992
222.967
219.89
216.724
213.429
209.963
206.237
202.171
197.536
192.2
184.988
195.498
280.055
344.193
382.864
400.112
403.428
399.177
391.255
381.669
371.187
358.53
345.055
333.019
322.139
311.651
301.69
292.457
283.939
276.078
268.844
262.185
256.765
252.345
248.266
244.492
240.988
237.688
234.53
231.468
228.462
225.472
222.458
219.383
216.213
212.905
209.414
205.649
201.522
196.781
191.25
183.255
186.064
287.732
357.695
393.766
406.22
405.886
399.559
390.673
380.78
370.104
356.613
342.96
331.289
320.601
310.165
300.306
291.2
282.802
275.054
267.927
261.366
256.065
251.717
247.689
243.963
240.501
237.237
234.107
231.069
228.08
225.103
222.095
219.021
215.847
212.527
209.019
205.225
201.053
196.239
190.577
181.827
180.02
299.123
370.981
401.696
409.405
406.514
398.693
389.082
379.012
368.18
353.686
339.8
328.596
318.251
307.992
298.324
289.421
281.215
273.645
266.684
260.268
255.042
250.817
246.876
243.222
239.824
236.615
233.532
230.532
227.574
224.619
221.627
218.561
215.388
212.061
208.539
204.721
200.508
195.634
189.882
180.661
226.749
226.746
226.744
226.741
226.738
226.735
226.731
226.728
226.724
226.72
226.716
226.711
226.706
226.701
226.695
226.689
226.682
226.675
226.667
226.659
226.65
226.64
226.63
226.619
226.607
226.594
226.579
226.564
226.547
226.53
226.51
226.489
226.467
226.442
226.416
226.388
226.357
226.324
226.289
226.25
226.209
226.165
226.118
226.068
226.014
225.957
225.897
225.832
225.765
225.693
225.618
225.539
225.457
225.372
225.284
225.193
225.099
225.003
224.906
224.807
224.707
224.607
224.507
224.408
224.31
224.213
224.119
224.029
223.942
223.86
223.784
223.714
223.656
223.599
226.788
226.786
226.783
226.78
226.777
226.773
226.769
226.765
226.761
226.757
226.752
226.746
226.741
226.735
226.729
226.722
226.715
226.707
226.698
226.689
226.679
226.669
226.658
226.645
226.632
226.618
226.603
226.586
226.569
226.55
226.529
226.507
226.483
226.457
226.429
226.399
226.367
226.333
226.296
226.256
226.214
226.168
226.12
226.068
226.013
225.955
225.893
225.828
225.76
225.687
225.612
225.532
225.45
225.364
225.276
225.185
225.091
224.995
224.898
224.799
224.7
224.6
224.5
224.401
224.303
224.207
224.113
224.023
223.936
223.854
223.778
223.708
223.652
223.586
226.857
226.855
226.852
226.849
226.845
226.841
226.837
226.832
226.828
226.823
226.818
226.812
226.806
226.8
226.793
226.785
226.777
226.769
226.76
226.75
226.74
226.728
226.716
226.703
226.689
226.674
226.657
226.64
226.621
226.6
226.578
226.554
226.529
226.501
226.471
226.439
226.405
226.369
226.329
226.287
226.242
226.194
226.143
226.088
226.031
225.97
225.905
225.837
225.765
225.69
225.612
225.53
225.445
225.357
225.267
225.174
225.078
224.981
224.882
224.783
224.683
224.582
224.482
224.383
224.285
224.19
224.097
224.007
223.921
223.839
223.764
223.692
223.637
223.56
226.962
226.96
226.957
226.953
226.949
226.944
226.94
226.935
226.93
226.924
226.918
226.912
226.905
226.898
226.89
226.882
226.873
226.864
226.853
226.842
226.83
226.818
226.804
226.789
226.773
226.756
226.738
226.718
226.696
226.673
226.649
226.622
226.593
226.563
226.53
226.494
226.457
226.416
226.373
226.327
226.278
226.226
226.17
226.112
226.05
225.984
225.916
225.843
225.768
225.689
225.607
225.522
225.434
225.343
225.25
225.155
225.058
224.959
224.859
224.759
224.658
224.557
224.457
224.358
224.261
224.166
224.074
223.985
223.9
223.819
223.744
223.671
223.617
223.53
227.095
227.092
227.089
227.084
227.079
227.075
227.069
227.064
227.058
227.052
227.045
227.038
227.03
227.022
227.013
227.003
226.993
226.982
226.97
226.958
226.944
226.93
226.914
226.897
226.879
226.859
226.838
226.815
226.791
226.764
226.736
226.706
226.673
226.638
226.601
226.562
226.519
226.474
226.426
226.374
226.32
226.263
226.202
226.138
226.071
226
225.926
225.849
225.769
225.685
225.599
225.51
225.418
225.324
225.228
225.13
225.031
224.931
224.83
224.729
224.627
224.527
224.427
224.329
224.232
224.138
224.047
223.959
223.875
223.795
223.721
223.647
223.594
223.496
227.258
227.255
227.252
227.246
227.241
227.235
227.229
227.222
227.216
227.208
227.2
227.192
227.183
227.173
227.163
227.152
227.14
227.127
227.113
227.098
227.082
227.065
227.046
227.026
227.005
226.982
226.957
226.931
226.902
226.872
226.839
226.804
226.766
226.726
226.684
226.638
226.59
226.539
226.485
226.427
226.367
226.303
226.236
226.165
226.092
226.015
225.935
225.852
225.766
225.678
225.587
225.493
225.397
225.3
225.201
225.1
224.999
224.897
224.795
224.693
224.591
224.491
224.392
224.294
224.199
224.106
224.016
223.93
223.847
223.768
223.695
223.621
223.569
223.461
227.452
227.448
227.444
227.437
227.431
227.424
227.417
227.409
227.401
227.392
227.383
227.372
227.362
227.35
227.338
227.324
227.31
227.294
227.278
227.26
227.241
227.22
227.198
227.175
227.149
227.122
227.093
227.061
227.028
226.992
226.954
226.913
226.869
226.823
226.774
226.722
226.666
226.608
226.546
226.482
226.414
226.343
226.268
226.191
226.11
226.026
225.94
225.85
225.759
225.664
225.568
225.47
225.37
225.269
225.167
225.064
224.961
224.858
224.755
224.652
224.551
224.451
224.352
224.256
224.162
224.071
223.983
223.898
223.817
223.739
223.667
223.593
223.542
223.426
227.676
227.671
227.666
227.658
227.65
227.642
227.633
227.624
227.614
227.603
227.592
227.58
227.566
227.552
227.537
227.521
227.503
227.485
227.465
227.443
227.42
227.395
227.369
227.34
227.31
227.277
227.242
227.205
227.165
227.123
227.078
227.03
226.979
226.925
226.868
226.808
226.745
226.678
226.608
226.535
226.459
226.38
226.297
226.212
226.123
226.032
225.939
225.843
225.745
225.645
225.543
225.441
225.337
225.232
225.127
225.022
224.917
224.813
224.709
224.607
224.506
224.407
224.309
224.214
224.122
224.033
223.947
223.864
223.784
223.708
223.638
223.564
223.515
223.393
227.931
227.925
227.918
227.909
227.9
227.889
227.879
227.867
227.855
227.842
227.828
227.812
227.796
227.779
227.76
227.74
227.719
227.696
227.671
227.645
227.617
227.587
227.555
227.52
227.483
227.444
227.402
227.358
227.311
227.261
227.207
227.151
227.092
227.029
226.963
226.894
226.822
226.746
226.667
226.585
226.499
226.411
226.32
226.226
226.13
226.031
225.93
225.828
225.724
225.618
225.512
225.405
225.297
225.19
225.082
224.975
224.869
224.764
224.66
224.558
224.457
224.359
224.264
224.17
224.08
223.993
223.909
223.828
223.751
223.677
223.608
223.535
223.488
223.363
228.218
228.21
228.202
228.191
228.179
228.166
228.153
228.139
228.123
228.107
228.089
228.071
228.05
228.029
228.006
227.981
227.955
227.927
227.897
227.864
227.83
227.793
227.754
227.712
227.668
227.621
227.571
227.518
227.462
227.402
227.34
227.274
227.204
227.132
227.056
226.977
226.894
226.808
226.719
226.627
226.532
226.435
226.334
226.232
226.128
226.021
225.914
225.805
225.695
225.584
225.473
225.362
225.251
225.141
225.031
224.923
224.816
224.71
224.607
224.505
224.406
224.31
224.216
224.125
224.036
223.952
223.87
223.792
223.717
223.645
223.579
223.507
223.461
223.336
228.538
228.528
228.518
228.504
228.488
228.473
228.456
228.438
228.419
228.398
228.376
228.353
228.328
228.301
228.272
228.242
228.209
228.175
228.137
228.098
228.056
228.011
227.964
227.913
227.86
227.803
227.743
227.68
227.613
227.543
227.47
227.393
227.313
227.229
227.142
227.052
226.958
226.861
226.762
226.66
226.555
226.448
226.339
226.228
226.116
226.002
225.888
225.773
225.657
225.542
225.427
225.312
225.199
225.087
224.976
224.866
224.759
224.654
224.551
224.451
224.353
224.258
224.166
224.077
223.992
223.909
223.83
223.755
223.683
223.613
223.549
223.479
223.435
223.313
228.892
228.879
228.865
228.847
228.828
228.808
228.787
228.765
228.74
228.715
228.687
228.658
228.627
228.593
228.558
228.52
228.48
228.437
228.391
228.343
228.291
228.237
228.179
228.118
228.054
227.986
227.915
227.84
227.762
227.68
227.594
227.505
227.413
227.317
227.218
227.116
227.011
226.903
226.793
226.68
226.565
226.449
226.331
226.212
226.093
225.972
225.852
225.731
225.611
225.492
225.374
225.257
225.141
225.027
224.916
224.806
224.699
224.594
224.493
224.394
224.298
224.205
224.115
224.029
223.946
223.867
223.79
223.718
223.648
223.581
223.52
223.452
223.409
223.293
229.279
229.262
229.244
229.222
229.198
229.173
229.146
229.118
229.087
229.055
229.02
228.984
228.944
228.903
228.859
228.812
228.762
228.709
228.653
228.594
228.531
228.465
228.396
228.323
228.246
228.166
228.081
227.993
227.902
227.807
227.708
227.606
227.5
227.392
227.28
227.166
227.049
226.93
226.809
226.686
226.562
226.437
226.311
226.185
226.058
225.932
225.806
225.681
225.557
225.435
225.314
225.195
225.078
224.964
224.852
224.743
224.636
224.533
224.433
224.336
224.242
224.151
224.064
223.981
223.901
223.824
223.751
223.681
223.614
223.55
223.491
223.426
223.384
223.277
229.701
229.678
229.655
229.627
229.596
229.564
229.531
229.495
229.456
229.416
229.372
229.327
229.278
229.226
229.171
229.113
229.052
228.987
228.919
228.847
228.771
228.692
228.608
228.521
228.43
228.335
228.236
228.134
228.028
227.918
227.806
227.689
227.57
227.449
227.325
227.198
227.07
226.94
226.809
226.677
226.544
226.411
226.277
226.145
226.012
225.881
225.751
225.622
225.495
225.371
225.248
225.128
225.011
224.896
224.785
224.677
224.572
224.47
224.372
224.277
224.185
224.097
224.013
223.932
223.855
223.781
223.711
223.644
223.58
223.519
223.463
223.401
223.36
223.262
230.156
230.127
230.096
230.061
230.022
229.981
229.939
229.893
229.845
229.794
229.74
229.683
229.622
229.558
229.49
229.419
229.344
229.265
229.182
229.095
229.004
228.909
228.809
228.706
228.599
228.489
228.374
228.256
228.135
228.01
227.883
227.753
227.62
227.485
227.349
227.211
227.072
226.932
226.791
226.651
226.51
226.37
226.231
226.092
225.955
225.82
225.687
225.556
225.427
225.301
225.177
225.057
224.94
224.826
224.716
224.609
224.506
224.406
224.31
224.217
224.129
224.044
223.962
223.884
223.81
223.739
223.672
223.608
223.547
223.489
223.435
223.377
223.337
223.25
230.643
230.605
230.566
230.52
230.471
230.42
230.366
230.309
230.248
230.184
230.117
230.045
229.97
229.891
229.808
229.721
229.629
229.533
229.433
229.329
229.221
229.108
228.992
228.871
228.747
228.619
228.488
228.354
228.217
228.077
227.935
227.791
227.645
227.498
227.351
227.202
227.053
226.904
226.756
226.608
226.461
226.315
226.171
226.028
225.888
225.75
225.615
225.482
225.352
225.226
225.102
224.983
224.866
224.754
224.645
224.54
224.439
224.342
224.248
224.158
224.073
223.99
223.912
223.837
223.766
223.698
223.634
223.573
223.515
223.459
223.408
223.354
223.315
223.238
231.159
231.11
231.059
231.002
230.94
230.875
230.807
230.735
230.659
230.579
230.495
230.407
230.314
230.217
230.116
230.01
229.899
229.784
229.665
229.541
229.414
229.282
229.146
229.007
228.865
228.719
228.571
228.421
228.268
228.114
227.958
227.801
227.644
227.486
227.328
227.171
227.014
226.857
226.702
226.549
226.397
226.247
226.099
225.954
225.812
225.672
225.536
225.402
225.273
225.147
225.024
224.906
224.791
224.68
224.573
224.471
224.372
224.278
224.187
224.1
224.017
223.938
223.863
223.791
223.723
223.658
223.596
223.538
223.483
223.431
223.382
223.331
223.294
223.227
231.7
231.637
231.571
231.498
231.42
231.339
231.253
231.163
231.069
230.969
230.865
230.757
230.643
230.525
230.402
230.275
230.143
230.006
229.865
229.721
229.572
229.42
229.264
229.106
228.946
228.783
228.618
228.452
228.285
228.118
227.95
227.782
227.614
227.447
227.281
227.117
226.953
226.792
226.632
226.475
226.32
226.167
226.017
225.871
225.727
225.587
225.451
225.318
225.189
225.064
224.943
224.827
224.714
224.606
224.502
224.402
224.306
224.214
224.126
224.043
223.963
223.887
223.814
223.746
223.68
223.619
223.56
223.505
223.453
223.403
223.357
223.309
223.273
223.216
232.258
232.177
232.093
232
231.902
231.8
231.693
231.581
231.464
231.341
231.214
231.081
230.944
230.801
230.654
230.502
230.346
230.186
230.022
229.855
229.685
229.512
229.337
229.16
228.982
228.803
228.623
228.444
228.264
228.086
227.908
227.731
227.556
227.383
227.211
227.041
226.874
226.709
226.547
226.387
226.23
226.077
225.926
225.78
225.637
225.497
225.362
225.23
225.103
224.98
224.861
224.747
224.637
224.531
224.43
224.333
224.24
224.151
224.067
223.986
223.909
223.837
223.767
223.702
223.64
223.581
223.525
223.472
223.423
223.376
223.333
223.288
223.254
223.205
232.823
232.719
232.611
232.495
232.372
232.244
232.111
231.973
231.829
231.679
231.524
231.364
231.199
231.029
230.855
230.677
230.495
230.31
230.123
229.933
229.741
229.548
229.355
229.161
228.968
228.775
228.583
228.393
228.204
228.017
227.833
227.65
227.471
227.293
227.118
226.946
226.777
226.611
226.448
226.288
226.131
225.978
225.828
225.683
225.541
225.403
225.269
225.14
225.015
224.895
224.779
224.667
224.56
224.457
224.359
224.265
224.175
224.09
224.009
223.931
223.858
223.788
223.722
223.659
223.6
223.544
223.491
223.441
223.395
223.35
223.309
223.268
223.235
223.194
233.378
233.246
233.109
232.963
232.811
232.652
232.489
232.319
232.143
231.962
231.776
231.585
231.389
231.19
230.987
230.781
230.573
230.363
230.153
229.941
229.73
229.52
229.311
229.104
228.898
228.696
228.496
228.298
228.104
227.914
227.726
227.541
227.36
227.182
227.007
226.835
226.666
226.5
226.338
226.179
226.024
225.873
225.725
225.581
225.441
225.306
225.175
225.048
224.926
224.809
224.696
224.587
224.484
224.384
224.289
224.199
224.112
224.03
223.952
223.878
223.808
223.741
223.678
223.618
223.562
223.509
223.459
223.411
223.367
223.325
223.287
223.249
223.217
223.183
233.902
233.736
233.564
233.382
233.194
232.999
232.799
232.593
232.381
232.165
231.944
231.719
231.492
231.261
231.029
230.796
230.563
230.331
230.099
229.87
229.644
229.42
229.2
228.984
228.772
228.565
228.362
228.163
227.968
227.777
227.591
227.408
227.228
227.052
226.879
226.71
226.543
226.38
226.22
226.064
225.912
225.763
225.618
225.477
225.34
225.208
225.08
224.956
224.838
224.724
224.614
224.509
224.409
224.313
224.221
224.134
224.051
223.972
223.897
223.827
223.759
223.696
223.636
223.579
223.525
223.475
223.427
223.383
223.341
223.301
223.265
223.23
223.199
223.172
234.366
234.159
233.944
233.72
233.49
233.254
233.012
232.765
232.514
232.259
232.001
231.742
231.482
231.221
230.962
230.704
230.45
230.199
229.952
229.711
229.475
229.244
229.02
228.802
228.591
228.385
228.184
227.989
227.799
227.613
227.431
227.253
227.079
226.908
226.739
226.574
226.412
226.253
226.097
225.944
225.795
225.65
225.508
225.371
225.238
225.109
224.985
224.865
224.75
224.639
224.533
224.432
224.335
224.243
224.155
224.071
223.992
223.916
223.845
223.777
223.713
223.652
223.595
223.541
223.49
223.442
223.397
223.355
223.316
223.279
223.244
223.212
223.183
223.161
234.732
234.476
234.211
233.938
233.66
233.377
233.089
232.798
232.505
232.211
231.916
231.623
231.333
231.046
230.764
230.488
230.219
229.957
229.703
229.458
229.221
228.993
228.773
228.562
228.358
228.16
227.969
227.784
227.603
227.427
227.254
227.085
226.918
226.753
226.592
226.432
226.275
226.121
225.97
225.822
225.677
225.536
225.398
225.265
225.135
225.011
224.89
224.774
224.663
224.557
224.455
224.357
224.264
224.175
224.091
224.011
223.934
223.862
223.794
223.729
223.668
223.611
223.556
223.505
223.457
223.411
223.369
223.329
223.291
223.257
223.224
223.195
223.166
223.15
234.95
234.638
234.316
233.988
233.657
233.323
232.987
232.651
232.316
231.984
231.656
231.335
231.02
230.715
230.419
230.134
229.86
229.599
229.349
229.111
228.885
228.67
228.465
228.269
228.081
227.901
227.726
227.555
227.389
227.226
227.065
226.906
226.749
226.594
226.44
226.287
226.136
225.988
225.842
225.698
225.558
225.421
225.288
225.159
225.034
224.914
224.797
224.686
224.579
224.476
224.378
224.284
224.195
224.11
224.029
223.952
223.879
223.81
223.745
223.684
223.625
223.571
223.519
223.47
223.425
223.382
223.341
223.304
223.268
223.236
223.205
223.178
223.151
223.139
234.96
234.585
234.2
233.813
233.426
233.039
232.656
232.277
231.904
231.541
231.188
230.848
230.521
230.209
229.913
229.633
229.371
229.124
228.894
228.678
228.476
228.286
228.107
227.936
227.773
227.616
227.463
227.313
227.165
227.018
226.871
226.725
226.578
226.432
226.287
226.141
225.997
225.855
225.714
225.576
225.44
225.308
225.18
225.055
224.935
224.819
224.707
224.599
224.496
224.398
224.304
224.214
224.128
224.047
223.969
223.896
223.827
223.761
223.699
223.64
223.585
223.533
223.483
223.437
223.394
223.353
223.315
223.28
223.246
223.216
223.187
223.162
223.136
223.129
234.689
234.246
233.796
233.348
232.905
232.469
232.043
231.629
231.229
230.846
230.482
230.139
229.817
229.518
229.241
228.987
228.754
228.541
228.347
228.17
228.006
227.854
227.712
227.577
227.446
227.319
227.192
227.065
226.938
226.809
226.678
226.544
226.409
226.273
226.135
225.997
225.86
225.723
225.588
225.455
225.325
225.197
225.074
224.954
224.838
224.726
224.619
224.516
224.417
224.322
224.232
224.146
224.064
223.986
223.912
223.842
223.776
223.713
223.654
223.598
223.546
223.496
223.45
223.406
223.365
223.326
223.29
223.257
223.225
223.197
223.17
223.147
223.122
223.118
234.051
233.54
233.027
232.52
232.028
231.552
231.095
230.66
230.251
229.869
229.516
229.193
228.901
228.639
228.407
228.202
228.023
227.866
227.728
227.606
227.496
227.395
227.3
227.207
227.115
227.021
226.924
226.823
226.717
226.606
226.49
226.369
226.245
226.118
225.988
225.857
225.726
225.595
225.465
225.337
225.212
225.089
224.97
224.855
224.744
224.636
224.533
224.435
224.34
224.25
224.163
224.081
224.003
223.928
223.858
223.791
223.728
223.668
223.612
223.559
223.509
223.462
223.418
223.376
223.337
223.301
223.267
223.235
223.206
223.179
223.153
223.133
223.109
223.108
232.953
232.378
231.81
231.255
230.725
230.226
229.759
229.328
228.936
228.584
228.273
228.004
227.775
227.584
227.427
227.301
227.202
227.124
227.063
227.013
226.971
226.931
226.89
226.846
226.795
226.737
226.67
226.593
226.508
226.414
226.312
226.203
226.089
225.969
225.847
225.722
225.596
225.471
225.346
225.223
225.102
224.985
224.87
224.76
224.653
224.55
224.451
224.357
224.266
224.18
224.097
224.019
223.944
223.873
223.806
223.742
223.682
223.625
223.572
223.521
223.474
223.429
223.387
223.348
223.311
223.276
223.244
223.214
223.187
223.161
223.137
223.119
223.096
223.098
231.293
230.667
230.059
229.474
228.929
228.434
227.989
227.597
227.261
226.981
226.755
226.582
226.457
226.376
226.331
226.317
226.325
226.35
226.384
226.421
226.456
226.484
226.502
226.508
226.499
226.475
226.437
226.383
226.316
226.237
226.147
226.048
225.941
225.829
225.712
225.593
225.472
225.351
225.231
225.113
224.997
224.883
224.774
224.668
224.565
224.467
224.372
224.282
224.196
224.113
224.034
223.959
223.888
223.821
223.756
223.696
223.638
223.584
223.533
223.485
223.44
223.398
223.358
223.321
223.286
223.253
223.223
223.195
223.168
223.145
223.122
223.106
223.083
223.088
228.968
228.309
227.688
227.098
226.572
226.121
225.744
225.442
225.215
225.062
224.977
224.953
224.983
225.056
225.162
225.292
225.435
225.583
225.727
225.861
225.979
226.078
226.155
226.208
226.238
226.246
226.231
226.197
226.144
226.077
225.996
225.904
225.803
225.696
225.584
225.469
225.353
225.236
225.12
225.006
224.895
224.786
224.681
224.579
224.481
224.387
224.297
224.211
224.128
224.049
223.974
223.903
223.835
223.77
223.709
223.652
223.597
223.546
223.497
223.452
223.409
223.368
223.331
223.295
223.262
223.231
223.203
223.176
223.151
223.129
223.108
223.093
223.071
223.079
225.903
225.238
224.636
224.082
223.621
223.269
223.023
222.878
222.831
222.874
222.996
223.183
223.421
223.695
223.991
224.294
224.592
224.877
225.138
225.371
225.571
225.736
225.866
225.961
226.023
226.055
226.058
226.038
225.996
225.935
225.86
225.773
225.676
225.573
225.464
225.353
225.24
225.127
225.016
224.906
224.798
224.694
224.593
224.495
224.402
224.312
224.226
224.143
224.064
223.989
223.918
223.85
223.785
223.723
223.665
223.61
223.558
223.509
223.463
223.42
223.379
223.341
223.305
223.271
223.24
223.211
223.184
223.158
223.135
223.115
223.094
223.081
223.06
223.069
222.234
221.585
221.041
220.566
220.224
220.038
219.995
220.083
220.289
220.599
220.99
221.441
221.929
222.435
222.94
223.427
223.885
224.302
224.673
224.995
225.265
225.484
225.654
225.78
225.864
225.911
225.925
225.912
225.875
225.818
225.745
225.66
225.566
225.464
225.358
225.249
225.139
225.029
224.921
224.814
224.71
224.61
224.513
224.419
224.329
224.243
224.161
224.082
224.006
223.935
223.866
223.801
223.739
223.68
223.625
223.572
223.522
223.476
223.432
223.39
223.352
223.315
223.281
223.249
223.219
223.192
223.166
223.142
223.12
223.101
223.082
223.07
223.049
223.061
218.272
217.655
217.197
216.841
216.67
216.71
216.936
217.321
217.84
218.464
219.163
219.903
220.656
221.397
222.104
222.763
223.362
223.894
224.354
224.744
225.065
225.322
225.518
225.661
225.757
225.811
225.829
225.818
225.781
225.725
225.652
225.567
225.473
225.372
225.267
225.159
225.051
224.944
224.838
224.734
224.634
224.536
224.443
224.352
224.266
224.183
224.104
224.028
223.955
223.886
223.821
223.758
223.699
223.642
223.589
223.538
223.491
223.446
223.404
223.364
223.327
223.292
223.259
223.229
223.2
223.174
223.149
223.127
223.106
223.088
223.07
223.059
223.039
223.052
214.158
213.577
213.229
213.032
213.085
213.414
213.971
214.709
215.586
216.559
217.583
218.619
219.631
220.593
221.484
222.292
223.008
223.629
224.157
224.595
224.95
225.228
225.439
225.589
225.688
225.743
225.76
225.747
225.709
225.65
225.576
225.489
225.394
225.293
225.189
225.082
224.976
224.87
224.766
224.665
224.567
224.472
224.381
224.294
224.21
224.13
224.054
223.98
223.911
223.844
223.781
223.72
223.663
223.608
223.557
223.508
223.462
223.419
223.378
223.34
223.305
223.271
223.24
223.21
223.183
223.158
223.134
223.113
223.093
223.076
223.058
223.049
223.03
223.044
209.997
209.443
209.228
209.231
209.566
210.243
211.187
212.322
213.586
214.922
216.273
217.593
218.846
220.005
221.054
221.983
222.79
223.478
224.052
224.521
224.895
225.184
225.399
225.55
225.646
225.697
225.711
225.693
225.651
225.589
225.512
225.424
225.328
225.226
225.122
225.016
224.91
224.806
224.704
224.605
224.509
224.417
224.328
224.243
224.161
224.084
224.009
223.939
223.871
223.806
223.745
223.686
223.631
223.578
223.528
223.481
223.437
223.395
223.356
223.319
223.284
223.252
223.222
223.193
223.167
223.143
223.12
223.099
223.08
223.064
223.048
223.039
223.021
223.037
205.861
205.318
205.261
205.516
206.191
207.272
208.646
210.205
211.868
213.564
215.227
216.808
218.273
219.599
220.776
221.801
222.676
223.409
224.013
224.499
224.881
225.172
225.384
225.531
225.622
225.667
225.675
225.652
225.605
225.54
225.46
225.369
225.271
225.169
225.064
224.958
224.854
224.75
224.65
224.552
224.458
224.367
224.281
224.198
224.118
224.043
223.97
223.901
223.836
223.773
223.713
223.656
223.602
223.551
223.503
223.457
223.414
223.373
223.335
223.3
223.266
223.235
223.205
223.178
223.152
223.129
223.107
223.087
223.069
223.053
223.038
223.03
223.012
223.029
201.803
201.251
201.387
201.955
203.027
204.555
206.385
208.378
210.433
212.469
214.417
216.229
217.874
219.338
220.616
221.711
222.634
223.397
224.017
224.51
224.892
225.18
225.387
225.526
225.61
225.647
225.648
225.62
225.568
225.498
225.415
225.322
225.223
225.119
225.014
224.908
224.804
224.702
224.602
224.506
224.413
224.324
224.239
224.158
224.08
224.006
223.936
223.869
223.804
223.743
223.685
223.63
223.577
223.527
223.48
223.435
223.393
223.354
223.317
223.282
223.249
223.219
223.19
223.164
223.139
223.116
223.095
223.076
223.058
223.043
223.028
223.022
223.004
223.022
197.861
197.277
197.656
198.607
200.122
202.122
204.418
206.836
209.262
211.609
213.808
215.817
217.612
219.186
220.54
221.687
222.641
223.422
224.049
224.542
224.919
225.2
225.398
225.529
225.604
225.634
225.628
225.594
225.537
225.463
225.377
225.281
225.18
225.076
224.97
224.865
224.761
224.659
224.56
224.465
224.374
224.286
224.203
224.123
224.047
223.974
223.905
223.839
223.776
223.717
223.66
223.606
223.554
223.505
223.459
223.416
223.375
223.336
223.3
223.266
223.234
223.204
223.176
223.15
223.126
223.104
223.083
223.065
223.048
223.034
223.019
223.013
222.996
223.015
194.066
193.422
194.118
195.524
197.506
199.985
202.739
205.558
208.322
210.946
213.362
215.536
217.452
219.111
220.522
221.704
222.678
223.468
224.095
224.584
224.954
225.226
225.415
225.536
225.603
225.625
225.613
225.572
225.511
225.433
225.344
225.246
225.144
225.038
224.932
224.826
224.722
224.621
224.523
224.429
224.339
224.252
224.17
224.091
224.016
223.945
223.877
223.813
223.751
223.693
223.637
223.584
223.533
223.486
223.441
223.398
223.358
223.32
223.284
223.251
223.22
223.191
223.163
223.138
223.114
223.093
223.073
223.055
223.038
223.025
223.011
223.006
222.989
223.009
190.448
189.712
190.821
192.736
195.187
198.14
201.328
204.513
207.579
210.443
213.043
215.352
217.364
219.088
220.541
221.748
222.733
223.524
224.149
224.63
224.992
225.253
225.433
225.545
225.604
225.619
225.6
225.554
225.489
225.407
225.315
225.216
225.111
225.005
224.898
224.792
224.689
224.588
224.49
224.397
224.307
224.222
224.141
224.063
223.989
223.919
223.853
223.789
223.729
223.671
223.616
223.564
223.515
223.468
223.424
223.382
223.342
223.305
223.27
223.237
223.207
223.178
223.151
223.127
223.104
223.082
223.063
223.045
223.029
223.016
223.003
222.998
222.982
223.002
187.038
186.167
187.808
190.26
193.161
196.568
200.154
203.667
206.998
210.066
212.818
215.237
217.326
219.1
220.583
221.805
222.795
223.585
224.204
224.677
225.029
225.281
225.451
225.555
225.606
225.614
225.589
225.539
225.469
225.385
225.29
225.188
225.083
224.975
224.868
224.762
224.658
224.558
224.461
224.368
224.28
224.195
224.114
224.038
223.965
223.896
223.83
223.768
223.708
223.652
223.598
223.547
223.498
223.452
223.408
223.367
223.328
223.292
223.257
223.225
223.195
223.167
223.14
223.116
223.093
223.072
223.054
223.036
223.021
223.008
222.995
222.991
222.975
222.996
183.865
182.81
185.11
188.088
191.412
195.244
199.186
202.986
206.545
209.785
212.664
215.172
217.32
219.132
220.636
221.868
222.859
223.646
224.257
224.722
225.064
225.307
225.469
225.564
225.608
225.61
225.58
225.525
225.452
225.364
225.267
225.164
225.057
224.949
224.841
224.735
224.632
224.531
224.435
224.343
224.254
224.17
224.091
224.015
223.943
223.875
223.81
223.748
223.69
223.634
223.581
223.53
223.483
223.437
223.394
223.354
223.315
223.279
223.245
223.214
223.184
223.156
223.13
223.106
223.084
223.063
223.045
223.028
223.013
223.001
222.988
222.984
222.968
222.991
180.943
179.67
182.748
186.202
189.918
194.137
198.391
202.44
206.193
209.577
212.56
215.14
217.335
219.174
220.694
221.931
222.922
223.703
224.307
224.763
225.097
225.331
225.484
225.572
225.609
225.606
225.571
225.513
225.436
225.346
225.247
225.142
225.034
224.925
224.817
224.711
224.607
224.507
224.411
224.319
224.232
224.148
224.069
223.994
223.923
223.855
223.791
223.73
223.672
223.618
223.565
223.516
223.468
223.424
223.381
223.341
223.304
223.268
223.234
223.203
223.174
223.146
223.121
223.097
223.075
223.055
223.036
223.02
223.005
222.993
222.981
222.978
222.962
222.985
178.267
176.775
180.705
184.575
188.656
193.216
197.739
202.002
205.919
209.424
212.492
215.129
217.361
219.222
220.752
221.991
222.98
223.755
224.352
224.8
225.125
225.351
225.497
225.579
225.61
225.602
225.563
225.501
225.421
225.329
225.228
225.122
225.013
224.904
224.795
224.689
224.585
224.485
224.389
224.298
224.211
224.128
224.049
223.975
223.904
223.837
223.774
223.714
223.657
223.603
223.551
223.502
223.456
223.412
223.37
223.33
223.293
223.258
223.224
223.193
223.164
223.137
223.112
223.088
223.066
223.046
223.029
223.012
222.998
222.987
222.974
222.972
222.957
222.98
175.793
174.232
178.982
183.181
187.595
192.451
197.204
201.65
205.705
209.31
212.448
215.131
217.392
219.27
220.807
222.047
223.032
223.802
224.391
224.832
225.15
225.369
225.508
225.584
225.61
225.597
225.555
225.49
225.407
225.313
225.211
225.104
224.994
224.884
224.775
224.668
224.565
224.465
224.37
224.278
224.192
224.109
224.031
223.957
223.887
223.821
223.758
223.699
223.642
223.589
223.538
223.49
223.444
223.4
223.359
223.32
223.283
223.248
223.215
223.184
223.155
223.129
223.103
223.08
223.059
223.039
223.021
223.005
222.991
222.98
222.968
222.966
222.951
222.975
173.292
171.986
177.508
182.003
186.712
191.816
196.766
201.367
205.538
209.225
212.421
215.142
217.425
219.315
220.857
222.097
223.079
223.843
224.426
224.86
225.171
225.383
225.517
225.588
225.609
225.592
225.547
225.479
225.394
225.299
225.195
225.087
224.976
224.866
224.756
224.65
224.546
224.447
224.351
224.26
224.174
224.092
224.014
223.941
223.872
223.806
223.744
223.685
223.629
223.576
223.526
223.478
223.433
223.39
223.349
223.31
223.274
223.239
223.207
223.176
223.147
223.121
223.096
223.072
223.051
223.032
223.014
222.998
222.984
222.974
222.962
222.96
222.946
222.97
170.908
170.476
176.244
180.997
185.979
191.291
196.406
201.138
205.405
209.161
212.404
215.155
217.457
219.356
220.901
222.141
223.118
223.878
224.455
224.882
225.187
225.394
225.522
225.589
225.606
225.586
225.538
225.467
225.381
225.284
225.179
225.07
224.959
224.848
224.739
224.632
224.529
224.429
224.334
224.244
224.157
224.076
223.999
223.926
223.857
223.792
223.73
223.672
223.617
223.565
223.515
223.468
223.423
223.381
223.34
223.302
223.266
223.231
223.199
223.168
223.14
223.113
223.088
223.065
223.044
223.025
223.007
222.992
222.978
222.968
222.957
222.955
222.941
222.965
)
;

boundaryField
{
    inlet
    {
        type            freestreamPressure;
        value           nonuniform List<scalar> 
230
(
218.289
218.293
218.299
218.307
218.315
218.323
218.331
218.34
218.35
218.36
218.37
218.382
218.393
218.406
218.419
218.433
218.448
218.463
218.479
218.497
218.515
218.535
218.555
218.577
218.6
218.624
218.65
218.678
218.707
218.738
218.77
218.805
218.842
218.881
218.922
218.965
219.011
219.06
219.112
219.166
219.223
219.284
219.347
219.414
219.483
219.556
219.632
219.712
219.794
219.879
219.967
220.057
220.15
220.244
220.341
220.438
220.536
220.634
220.731
220.828
220.922
221.015
221.104
221.19
221.271
221.346
221.415
221.476
221.529
221.573
221.607
221.638
221.654
221.712
221.353
220.62
219.984
219.443
218.995
218.63
218.339
218.111
217.937
217.809
217.719
217.661
217.628
217.617
217.622
217.639
217.665
217.696
217.73
217.765
217.8
217.836
217.871
217.904
217.937
217.968
217.998
218.026
218.053
218.079
218.103
218.125
218.147
218.167
218.186
218.204
218.221
218.236
218.251
218.265
218.279
222.155
222.903
223.568
224.144
224.634
225.048
225.394
225.68
225.916
226.109
226.266
226.394
226.496
226.578
226.643
226.694
226.734
226.764
226.787
226.803
226.814
226.821
226.825
226.827
226.827
226.825
226.822
226.818
226.813
226.808
226.803
226.798
226.792
226.787
226.782
226.776
226.771
226.766
226.761
226.757
226.753
226.749
226.746
226.744
226.741
226.738
226.735
226.731
226.728
226.724
226.72
226.716
226.711
226.706
226.701
226.695
226.689
226.682
226.675
226.667
226.659
226.65
226.64
226.63
226.619
226.607
226.594
226.579
226.564
226.547
226.53
226.51
226.489
226.467
226.442
226.416
226.388
226.357
226.324
226.289
226.25
226.209
226.165
226.118
226.068
226.014
225.957
225.897
225.832
225.765
225.693
225.618
225.539
225.457
225.372
225.284
225.193
225.099
225.003
224.906
224.807
224.707
224.607
224.507
224.408
224.31
224.213
224.119
224.029
223.942
223.86
223.784
223.714
223.656
223.599
)
;
    }
    outlet
    {
        type            freestreamPressure;
        value           nonuniform List<scalar> 
96
(
222.96
222.956
222.951
222.945
222.94
222.934
222.927
222.92
222.913
222.906
222.898
222.889
222.88
222.87
222.86
222.849
222.838
222.826
222.813
222.8
222.786
222.771
222.756
222.74
222.724
222.708
222.691
222.674
222.657
222.642
222.628
222.617
222.612
222.617
222.65
222.735
222.87
222.977
222.915
222.585
222.056
221.559
221.32
221.362
221.532
221.667
221.724
221.712
223.599
223.586
223.56
223.53
223.496
223.461
223.426
223.393
223.363
223.336
223.313
223.293
223.277
223.262
223.25
223.238
223.227
223.216
223.205
223.194
223.183
223.172
223.161
223.15
223.139
223.129
223.118
223.108
223.098
223.088
223.079
223.069
223.061
223.052
223.044
223.037
223.029
223.022
223.015
223.009
223.002
222.996
222.991
222.985
222.98
222.975
222.97
222.965
)
;
    }
    walls
    {
        type            zeroGradient;
    }
    frontAndBack
    {
        type            empty;
    }
}


// ************************************************************************* //
