/*--------------------------------*- C++ -*----------------------------------*\
| =========                 |                                                 |
| \\      /  F ield         | OpenFOAM: The Open Source CFD Toolbox           |
|  \\    /   O peration     | Version:  5.x                                   |
|   \\  /    A nd           | Web:      www.OpenFOAM.org                      |
|    \\/     M anipulation  |                                                 |
\*---------------------------------------------------------------------------*/
FoamFile
{
    version     2.0;
    format      ascii;
    class       volVectorField;
    location    "300";
    object      wallShearStress;
}
// * * * * * * * * * * * * * * * * * * * * * * * * * * * * * * * * * * * * * //

dimensions      [0 2 -2 0 0 0 0];

internalField   uniform (0 0 0);

boundaryField
{
    inlet
    {
        type            calculated;
        value           uniform (0 0 0);
    }
    outlet
    {
        type            calculated;
        value           uniform (0 0 0);
    }
    walls
    {
        type            calculated;
        value           nonuniform List<vector> 
164
(
(-609.67 -943.18 0)
(-1094.14 -843.593 -1.7303e-15)
(-1597.74 -649.67 -5.90221e-16)
(-1430.44 -479.806 1.94391e-15)
(-1334.49 -374.299 4.83542e-21)
(-1213.85 -293.876 1.3385e-15)
(-1096.66 -233.802 1.57094e-15)
(-996.079 -189.776 -1.78773e-15)
(-909.411 -156.48 1.56723e-32)
(-834.385 -130.536 2.16867e-15)
(-768.358 -109.984 -2.37639e-15)
(-712.293 -93.5614 -2.45681e-15)
(-661.323 -80.0031 2.0629e-20)
(-623.778 -69.6012 -2.63638e-15)
(-589.292 -60.7289 2.90725e-15)
(-565.894 -53.96 2.81227e-15)
(-541.998 -47.7415 -2.91843e-15)
(-521.75 -42.4838 2.95287e-15)
(-504.207 -37.8686 2.91443e-15)
(-485.473 -33.5936 -3.0554e-15)
(-472.303 -30.0511 2.94138e-15)
(-456.644 -26.6119 6.13868e-21)
(-444.899 -23.6934 1.6708e-20)
(-433.641 -20.9907 -1.12293e-20)
(-422.279 -18.4889 -5.96025e-15)
(-413.867 -16.2786 2.86155e-15)
(-403.925 -14.1492 -3.15973e-35)
(-395.423 -12.2244 1.41061e-15)
(-388.052 -10.4467 -1.39991e-15)
(-381.006 -8.78522 0)
(-374.901 -7.24503 -1.02032e-20)
(-367.691 -5.76481 9.98695e-21)
(-361.874 -4.40938 8.96569e-21)
(-356.56 -3.11423 -1.90751e-20)
(-350.814 -1.90616 -6.07038e-16)
(-346.127 -0.755426 -9.19237e-36)
(-341.274 0.32126 7.17667e-17)
(-336.749 1.35183 -5.62222e-16)
(-331.673 2.30911 5.46175e-16)
(-328.685 3.24777 -1.05317e-15)
(-325.613 4.12332 1.35417e-35)
(-322.256 4.9657 3.91706e-15)
(-304.728 5.42264 6.31946e-35)
(-301.983 6.02125 -1.0595e-20)
(-297.671 6.52014 -2.61438e-15)
(-296.07 7.05846 4.93822e-21)
(-292.178 7.50387 -4.92368e-21)
(-288.929 7.92785 -2.59459e-15)
(-285.918 8.33742 5.18233e-15)
(-283.863 8.73405 2.5777e-15)
(-281.16 9.10699 4.91955e-21)
(-278.473 9.43377 -2.57015e-15)
(-275.919 9.76663 2.56525e-15)
(-272.367 10.0211 -4.92591e-21)
(-269.874 10.3144 -1.83285e-23)
(-266.545 10.5382 -1.83018e-23)
(-264.223 10.7983 4.93184e-21)
(-264.013 11.1221 1.80556e-35)
(-259.868 11.2757 5.14518e-15)
(-259.721 11.5873 4.8313e-21)
(-256.669 11.7647 -5.03727e-15)
(-255.643 12.0541 5.02359e-15)
(-253.255 12.2988 -4.98564e-15)
(-251.334 12.5445 9.97528e-15)
(-248.812 12.7678 -4.96147e-15)
(-245.703 12.9358 4.98435e-15)
(-242.593 13.1098 -3.61112e-35)
(-240.27 13.3047 -2.3879e-21)
(-238.202 13.5176 -9.25638e-24)
(-236.943 13.7743 4.85614e-15)
(-232.391 13.8297 9.87092e-24)
(-230.1 14.0208 -2.35787e-21)
(-227.353 14.1753 -9.761e-15)
(-224.269 14.3073 1.16975e-21)
(-219.67 14.337 -1.00203e-14)
(-216.399 14.4524 2.34145e-31)
(-211.943 14.4785 1.98804e-14)
(-206.819 14.4567 5.97082e-22)
(-201.808 14.4267 -1.01718e-14)
(-194.017 14.2022 1.00815e-14)
(-197.707 14.7447 -1.02472e-14)
(-2.6019 1.1493 1.76908e-14)
(507.699 -954.827 -3.85186e-34)
(-300.16 194.309 -1.17098e-14)
(-573.402 249.522 -1.92593e-34)
(-682.485 229.413 1.1527e-31)
(-700.474 194.668 -9.34076e-32)
(-688.218 164.424 5.50934e-15)
(-683.904 143.263 2.09933e-20)
(-675.342 125.946 7.34684e-40)
(-659.16 110.633 -3.39374e-20)
(-640.13 97.3703 -5.10766e-15)
(-618.756 85.8367 -1.96372e-20)
(-602.539 76.4488 -4.91491e-15)
(-582.629 67.8595 1.93652e-20)
(-570.062 61.0237 -1.79997e-20)
(-551.956 54.3762 -4.95122e-15)
(-539.764 49.002 4.64609e-15)
(-524.794 43.8362 -1.78469e-20)
(-511.182 39.2995 4.60708e-15)
(-499.474 35.2478 -1.68417e-20)
(-485.184 31.3863 5.8468e-21)
(-475.894 28.1437 4.29105e-15)
(-463.681 24.9717 1.08334e-34)
(-455.148 22.2437 -4.18691e-15)
(-445.914 19.6496 -4.10238e-15)
(-437.729 17.2883 -1.81956e-20)
(-431.333 15.1377 -3.82626e-15)
(-421.204 12.9999 -3.03966e-32)
(-415.215 11.1382 1.84619e-15)
(-409.572 9.38277 -3.60705e-15)
(-403.876 7.7215 -1.24936e-20)
(-399.357 6.18214 -1.67577e-15)
(-394.054 4.6993 -8.1207e-16)
(-387.908 3.3094 -1.1988e-20)
(-384.525 1.99293 3.7986e-16)
(-380.417 0.754506 1.81552e-16)
(-375.765 -0.43636 -2.16302e-20)
(-369.832 -1.53598 1.05027e-20)
(-366.088 -2.60224 6.6813e-16)
(-365.497 -3.628 -1.24984e-15)
(-361.117 -4.5895 -9.3087e-21)
(-359.496 -5.51717 2.30553e-15)
(-356.866 -6.40876 -2.21134e-15)
(-339.417 -6.85274 3.40886e-32)
(-337.442 -7.49216 -2.88377e-15)
(-334.918 -8.05062 -2.85949e-15)
(-334.164 -8.63739 -2.82664e-15)
(-331.728 -9.14306 5.60241e-15)
(-329.223 -9.61036 -2.79104e-15)
(-326.892 -10.0635 -2.77047e-15)
(-324.645 -10.4737 2.75346e-15)
(-322.486 -10.8835 1.52814e-37)
(-320.453 -11.2512 2.71653e-15)
(-316.44 -11.548 5.20194e-21)
(-314.487 -11.8705 5.42116e-15)
(-312.738 -12.2069 5.3734e-15)
(-310.951 -12.5048 -2.10649e-35)
(-309.363 -12.8127 5.59303e-32)
(-307.657 -13.0862 -5.02975e-21)
(-306.213 -13.3725 1.04015e-14)
(-304.527 -13.6186 5.04472e-21)
(-302.211 -13.8423 -1.03748e-14)
(-300.442 -14.0248 -5.19448e-15)
(-300.259 -14.2613 0)
(-297.924 -14.3832 -2.43194e-21)
(-297.689 -14.6054 -4.96006e-15)
(-297.769 -14.8377 -4.89849e-15)
(-296.728 -15.0221 -4.8473e-15)
(-293.425 -15.0729 4.88715e-15)
(-292.599 -15.258 4.86172e-15)
(-293.18 -15.5179 2.23141e-21)
(-291.607 -15.662 -7.62898e-32)
(-290.193 -15.8205 -1.12867e-21)
(-288.148 -15.9431 -4.61957e-15)
(-287.297 -16.1363 2.19335e-21)
(-284.633 -16.2316 4.64605e-15)
(-283.329 -16.4096 -2.18254e-21)
(-281.871 -16.5835 1.07359e-21)
(-279.554 -16.7146 5.37078e-22)
(-277.305 -16.8546 -9.0138e-15)
(-272.756 -16.8629 8.88524e-15)
(-279.673 -17.5034 3.97162e-22)
(-30.0911 -2.40397 -1.78945e-14)
)
;
    }
    frontAndBack
    {
        type            empty;
    }
}


// ************************************************************************* //
