/*--------------------------------*- C++ -*----------------------------------*\
| =========                 |                                                 |
| \\      /  F ield         | OpenFOAM: The Open Source CFD Toolbox           |
|  \\    /   O peration     | Version:  5.x                                   |
|   \\  /    A nd           | Web:      www.OpenFOAM.org                      |
|    \\/     M anipulation  |                                                 |
\*---------------------------------------------------------------------------*/
FoamFile
{
    version     2.0;
    format      ascii;
    class       volScalarField;
    location    "400";
    object      p;
}
// * * * * * * * * * * * * * * * * * * * * * * * * * * * * * * * * * * * * * //

dimensions      [0 2 -2 0 0 0 0];

internalField   nonuniform List<scalar> 
11040
(
-0.00316095
-53.7963
-181.636
-216.402
-228.124
-235.308
-236.167
-230.671
-220.673
-206.772
-188.726
-161.065
-134.458
-115.46
-102.105
-87.8746
-73.4414
-59.8129
-46.9111
-34.4654
-22.4365
-12.0658
-3.41563
4.6564
12.1873
19.1829
25.6334
31.5241
36.8224
41.4745
45.4128
48.5906
51.0275
52.8029
54.0665
54.9131
55.1609
54.8491
54.9131
57.0551
56.9323
19.1616
-32.8997
-115.27
-157.451
-179.694
-196.033
-205.676
-207.906
-204.117
-195.254
-181.451
-158.482
-134.317
-115.65
-102.006
-87.939
-73.6668
-60.1062
-47.2436
-34.8283
-22.8173
-12.4681
-3.79794
4.29363
11.8455
18.8655
25.3452
31.2705
36.6067
41.2977
45.2777
48.5001
50.976
52.7744
54.0537
54.9277
55.2053
54.871
54.7091
56.3029
55.8751
31.9191
-18.6172
-77.9679
-127.341
-156.867
-176.451
-188.651
-193.319
-191.708
-184.902
-173.464
-154.402
-132.579
-114.354
-100.662
-87.1194
-73.2476
-59.8929
-47.1723
-34.871
-22.9416
-12.6314
-3.98115
4.09711
11.6422
18.6623
25.1494
31.0885
36.444
41.16
45.1722
48.4313
50.9409
52.7657
54.0607
54.9556
55.2618
54.9455
54.6984
55.8562
55.2316
40.7622
-4.43393
-48.9178
-94.0173
-125.461
-147.815
-163.738
-172.615
-174.851
-171.461
-163.28
-148.323
-129.422
-112.226
-98.7113
-85.7584
-72.4062
-59.3638
-46.8655
-34.7424
-22.9444
-12.7184
-4.11693
3.92953
11.454
18.4634
24.9497
30.8968
36.2684
41.0094
45.0554
48.3548
50.9054
52.7654
54.0789
54.9832
55.3085
55.0126
54.723
55.5943
55.0813
47.6529
8.89956
-25.66
-64.2741
-95.8949
-120.104
-138.496
-150.57
-156.222
-156.166
-151.272
-140.383
-124.882
-109.262
-96.149
-83.8113
-71.1058
-58.502
-46.3157
-34.4467
-22.8474
-12.7571
-4.23732
3.7496
11.2302
18.21
24.6808
30.6254
36.0075
40.7726
44.8571
48.2079
50.8162
52.7307
54.0785
54.9949
55.3412
55.0787
54.7635
55.4974
55.3022
52.8537
20.5326
-7.03697
-39.09
-68.4037
-92.6413
-112.267
-126.74
-135.475
-138.741
-137.239
-130.377
-118.585
-105.097
-92.7781
-81.1679
-69.2441
-57.2204
-45.4478
-33.9158
-22.5893
-12.6882
-4.29352
3.5954
10.9992
17.9208
24.352
30.2747
35.6528
40.4337
44.5555
47.9647
50.6457
52.6359
54.0405
54.983
55.3654
55.1699
54.867
55.5605
55.7025
56.7656
30.2626
7.8836
-18.3329
-43.9769
-66.7247
-86.2819
-102.01
-113.05
-119.249
-121.008
-118.005
-110.088
-99.3122
-88.3423
-77.6845
-66.6948
-55.4133
-44.1833
-33.0884
-22.1203
-12.4731
-4.25622
3.49001
10.7778
17.6057
23.9657
29.8391
35.1914
39.9727
44.1247
47.5947
50.3609
52.4488
53.9386
54.9355
55.3842
55.3018
55.0751
55.7698
56.2274
59.7063
38.1403
19.8082
-1.49788
-23.1112
-43.3636
-61.7371
-77.5535
-89.8871
-98.2896
-102.846
-103.3
-99.1597
-91.5034
-82.4658
-73.1046
-63.2551
-52.9157
-42.3973
-31.8678
-21.3668
-12.0573
-4.08317
3.46566
10.5893
17.2795
23.5274
29.3146
34.609
39.3654
43.5309
47.056
49.9146
52.1207
53.7299
54.8258
55.3914
55.4811
55.4051
56.1508
56.8738
61.9012
44.3735
29.2832
12.0002
-5.81572
-23.1375
-39.5515
-54.4591
-67.0357
-76.7108
-83.3299
-86.6027
-85.8486
-81.42
-74.781
-67.1176
-58.6678
-49.5064
-39.9115
-30.113
-20.2144
-11.3451
-3.69292
3.58857
10.4869
16.9852
23.0708
28.7251
33.9187
38.6122
42.7605
46.3204
49.2655
51.6008
53.3619
54.6124
55.3643
55.7025
55.863
56.7406
57.6326
63.5103
49.229
36.7673
22.7453
8.23924
-6.17087
-20.2592
-33.5912
-45.5239
-55.5215
-63.3104
-68.5693
-70.5413
-69.1028
-65.0748
-59.4529
-52.6771
-44.9393
-36.5074
-27.6449
-18.5163
-10.2115
-2.976
3.95244
10.5511
16.7931
22.6589
28.1274
33.1709
37.7556
41.8445
45.4034
48.4098
50.8656
52.7952
54.2482
55.2561
55.9241
56.4138
57.5104
58.5012
64.6614
52.9745
42.6547
31.2633
19.5216
7.74046
-4.00496
-15.4522
-26.1463
-35.6772
-43.7656
-50.1042
-53.963
-54.9607
-53.4157
-49.9843
-45.0921
-38.9946
-31.9588
-24.2562
-16.0957
-8.50602
-1.80079
4.67302
10.8834
16.794
22.3753
27.6011
32.4438
36.8732
40.859
44.3752
47.4055
49.9533
52.0415
53.7135
55.0125
56.0551
56.9382
58.3104
59.4305
65.4612
55.8497
47.2815
38.0077
28.522
18.9837
9.37917
-0.158642
-9.33888
-17.8872
-25.5865
-32.1842
-37.0561
-39.738
-40.2289
-38.8535
-35.8858
-31.5501
-26.0867
-19.7476
-12.7578
-6.05088
-0.00748443
5.89469
11.6135
17.1041
22.3258
27.2453
31.8329
36.0602
39.9012
43.3356
46.3523
48.9573
51.1748
53.0461
54.6185
56.0081
57.2736
58.9069
60.2413
66.0014
58.0589
50.9285
43.3592
35.6926
28.0046
20.2403
12.4523
4.80997
-2.51502
-9.38993
-15.636
-20.7697
-24.3583
-26.2486
-26.5282
-25.2947
-22.6739
-18.8387
-13.9904
-8.33455
-2.66843
2.57828
7.78562
12.9008
17.8717
22.6475
27.1869
31.4566
35.4284
39.0785
42.3899
45.3543
47.9785
50.2859
52.3132
54.1036
55.7572
57.3196
59.1196
60.7017
66.3583
59.7682
53.8239
47.6294
41.422
35.2327
28.9933
22.7129
16.4835
10.4044
4.54325
-0.992167
-5.8546
-9.69844
-12.3341
-13.723
-13.835
-12.6898
-10.3714
-7.00753
-2.75441
1.76351
6.10302
10.5071
14.9142
19.2668
23.5061
27.5843
31.4647
35.1178
38.52
41.6553
44.5164
47.1083
49.4509
51.5719
53.5043
55.3217
57.0635
58.916
60.6405
66.5907
61.1064
56.1456
51.0638
46.0265
41.0407
36.0385
31.0085
25.9977
21.0585
16.2222
11.5406
7.24834
3.59626
0.750315
-1.20839
-2.19016
-2.14276
-1.07286
0.966781
3.88289
7.23807
10.619
14.1542
17.7797
21.4365
25.0617
28.6033
32.022
35.2872
38.3752
41.2692
43.9601
46.4496
48.7513
50.8828
52.8641
54.7419
56.5455
58.3643
60.0846
66.7521
62.18
58.0376
53.8582
49.7597
45.7362
41.7259
37.7096
33.7094
29.7509
25.8449
22.0105
18.3994
15.1829
12.4838
10.3805
8.97145
8.33694
8.5163
9.51225
11.2887
13.5797
16.0357
18.7056
21.5304
24.4551
27.4195
30.3715
33.2711
36.087
38.7948
41.3767
43.8218
46.127
48.2988
50.3446
52.2726
54.1092
55.8716
57.5972
59.2282
66.9011
63.0868
59.6277
56.1836
52.8408
49.586
46.3655
43.1585
39.9742
36.8241
33.7082
30.631
27.6866
24.9881
22.6191
20.639
19.1303
18.1709
17.8152
18.0946
19.0109
20.4295
22.0812
23.9689
26.0444
28.2616
30.568
32.9169
35.271
37.6002
39.8804
42.0927
44.224
46.2672
48.2229
50.091
51.871
53.5759
55.2132
56.7953
58.2935
67.033
63.8191
60.8994
58.0243
55.2608
52.5904
49.9666
47.3706
44.8053
42.2757
39.7779
37.3118
34.9361
32.7238
30.7301
28.9962
27.5835
26.5546
25.9607
25.8399
26.2108
27.0204
28.0724
29.3501
30.818
32.4403
34.1747
35.9829
37.8327
39.6976
41.5552
43.3875
45.1803
46.9241
48.6155
50.2495
51.8209
53.3351
54.7941
56.1992
57.5374
67.1398
64.3901
61.888
59.4476
57.1226
54.8917
52.7141
50.5735
48.4696
46.4039
44.3714
42.3696
40.4382
38.6257
36.9682
35.4944
34.2479
33.2756
32.6189
32.3124
32.3789
32.8079
33.4576
34.3066
35.3305
36.5023
37.7896
39.1621
40.5939
42.0628
43.5493
45.0371
46.5126
47.9659
49.3913
50.7816
52.1298
53.4368
54.7015
55.9202
57.0877
67.2374
64.8549
62.6836
60.5833
58.5977
56.7041
54.8671
53.0722
51.3178
49.6036
47.9245
46.2776
44.6906
43.197
41.8206
40.5814
39.5103
38.6415
38.0064
37.6335
37.5434
37.7456
38.1362
38.6954
39.4068
40.2506
41.2021
42.2383
43.3389
44.4857
45.6627
46.8558
48.0531
49.2448
50.4248
51.5854
52.7193
53.8253
54.9007
55.9403
56.9415
67.3307
65.2453
63.3424
61.5148
59.799
58.1717
56.6019
55.077
53.5946
52.1535
50.7489
49.378
48.0604
46.8204
45.6742
44.6351
43.7258
42.9708
42.3935
42.0157
41.8545
41.9268
42.1545
42.5213
43.0168
43.626
44.3303
45.1124
45.9564
46.8482
47.7747
48.7242
49.6866
50.6532
51.6183
52.5744
53.5148
54.4375
55.3392
56.2145
57.0619
67.4219
65.5814
63.9002
62.2958
60.7987
59.3861
58.0305
56.721
55.4547
54.2298
53.0422
51.8891
50.7852
49.7479
48.7887
47.9168
47.1485
46.5017
45.9935
45.6403
45.4551
45.4565
45.5838
45.8245
46.1722
46.6153
47.1397
47.7322
48.3808
49.0743
49.8023
50.5553
51.325
52.1041
52.8873
53.6682
54.4409
55.2033
55.9519
56.6821
57.3921
67.5114
65.8758
64.3804
62.9614
61.6448
60.4082
59.2275
58.0927
57.0012
55.9507
54.9374
53.9591
53.0265
52.1527
51.3459
50.6122
49.9637
49.4136
48.9741
48.6573
48.473
48.4384
48.505
48.6637
48.9106
49.2366
49.6307
50.0828
50.5837
51.1247
51.6976
52.2948
52.9094
53.5356
54.1688
54.8035
55.4349
56.061
56.6786
57.2838
57.8745
67.599
66.1368
64.7989
63.536
62.3702
61.2801
60.2441
59.2535
58.3054
57.3974
56.5263
55.69
54.8965
54.1556
53.4734
52.854
52.3062
51.8397
51.4634
51.1861
51.0147
50.9644
50.9952
51.1008
51.2788
51.522
51.8216
52.1699
52.5597
52.9841
53.4368
53.9115
54.403
54.9063
55.4177
55.9327
56.4474
56.96
57.4676
57.9672
58.4565
67.6844
66.3702
65.1671
64.037
62.9988
62.0319
61.1172
60.2468
59.4179
58.6281
57.8743
57.1547
56.4754
55.8437
55.2639
54.7392
54.2756
53.8803
53.5599
53.3207
53.1675
53.1128
53.123
53.1941
53.3249
53.5093
53.7401
54.0113
54.3174
54.6529
55.0126
55.3918
55.786
56.1915
56.6052
57.0233
57.4428
57.8621
58.2788
58.6906
59.0948
67.7671
66.5804
65.4935
64.4773
63.5478
62.6858
61.8737
61.1048
60.3761
59.6851
59.0292
58.4066
57.8218
57.2805
56.7857
56.3395
55.9464
55.6114
55.3395
55.135
55.0011
54.9481
54.9472
54.9961
55.0942
55.2363
55.4166
55.6304
55.8731
56.1404
56.4283
56.7329
57.0508
57.3787
57.7143
58.0546
58.397
58.7405
59.0827
59.4221
59.7558
67.8468
66.7705
65.7845
64.8667
64.0307
63.2584
62.5341
61.8514
61.2076
60.6002
60.0267
59.4854
58.9797
58.5138
58.0899
57.7093
57.3751
57.0911
56.8607
56.6869
56.5718
56.5234
56.517
56.5515
56.6267
56.7382
56.8812
57.0516
57.2461
57.461
57.6932
57.9396
58.1973
58.4638
58.7372
59.0151
59.2955
59.5774
59.8591
60.1392
60.4149
67.9231
66.9429
66.045
65.2127
64.4576
63.7627
63.1138
62.5052
61.934
61.3978
60.8942
60.4216
59.9826
59.5801
59.2156
58.89
58.6054
58.3644
58.1693
58.0222
57.9244
57.8819
57.8734
57.8985
57.9575
58.0465
58.1614
58.299
58.4564
58.6308
58.8195
59.0201
59.2304
59.4482
59.6721
59.9
60.1304
60.3626
60.5951
60.8268
61.055
67.9958
67.0997
66.279
65.5213
64.8366
64.2089
63.6253
63.0805
62.5717
62.0966
61.6528
61.2388
60.8563
60.5075
60.1932
59.914
59.6712
59.4664
59.3013
59.1773
59.0948
59.0586
59.0498
59.069
59.1163
59.1886
59.2822
59.3944
59.5231
59.6658
59.8205
59.985
60.1576
60.3367
60.5209
60.7087
60.8989
61.0909
61.2833
61.4757
61.6651
68.0647
67.2424
66.4896
65.7972
65.174
64.6049
64.0781
63.5888
63.1341
62.7117
62.3194
61.9555
61.6213
61.3182
61.0466
60.8066
60.5991
60.4252
60.2856
60.1813
60.1122
60.082
60.074
60.0893
60.1282
60.1878
60.265
60.3576
60.4637
60.5815
60.7092
60.8451
60.9877
61.1357
61.2881
61.4437
61.6013
61.7607
61.9206
62.0808
62.2384
68.1298
67.3723
66.6793
66.0445
65.4752
64.9573
64.4802
64.0392
63.6316
63.255
62.9072
62.5866
62.2938
62.0299
61.7948
61.5882
61.4108
61.2629
61.145
61.0575
61
60.9754
60.9688
60.9816
61.0142
61.064
61.1284
61.2056
61.294
61.392
61.4981
61.611
61.7295
61.8526
61.9793
62.1087
62.24
62.3728
62.5062
62.64
62.7716
68.191
67.4906
66.8504
66.2663
65.7444
65.2715
64.8379
64.4393
64.0729
63.7361
63.427
63.144
62.8871
62.6568
62.453
62.2751
62.1232
61.9975
61.8981
61.825
61.7776
61.7579
61.7529
61.7641
61.7919
61.8342
61.8886
61.9535
62.0276
62.1097
62.1985
62.2929
62.392
62.4948
62.6007
62.7089
62.8186
62.9297
63.0414
63.1535
63.2636
68.2482
67.5981
67.0046
66.4652
65.985
65.5518
65.1566
64.7952
64.4648
64.1631
63.8879
63.6374
63.4116
63.2106
63.0337
62.8805
62.7505
62.6438
62.5601
62.4993
62.4605
62.4452
62.4418
62.452
62.4762
62.5125
62.5589
62.6139
62.6766
62.7458
62.8206
62.8999
62.9831
63.0695
63.1583
63.249
63.3412
63.4344
63.5282
63.6224
63.7149
68.3015
67.6957
67.1435
66.6435
66.2001
65.8019
65.4405
65.1119
64.8134
64.5424
64.2969
64.075
63.8764
63.7007
63.5472
63.4152
63.3042
63.2138
63.1435
63.0932
63.0618
63.0503
63.0485
63.0581
63.0796
63.1111
63.151
63.198
63.2514
63.3101
63.3734
63.4405
63.5107
63.5834
63.6583
63.7347
63.8122
63.8907
63.9697
64.0491
64.1269
68.3509
67.784
67.2682
66.803
66.3921
66.0248
65.6932
65.3937
65.1233
64.8795
64.6601
64.4634
64.2885
64.135
64.0019
63.8883
63.7936
63.7172
63.6586
63.6172
63.5921
63.584
63.5837
63.5929
63.6122
63.6399
63.6744
63.7149
63.7606
63.8107
63.8645
63.9215
63.9809
64.0425
64.1058
64.1703
64.2358
64.302
64.3686
64.4357
64.5013
68.3964
67.8636
67.3798
66.9454
66.5631
66.223
65.9179
65.644
65.3985
65.1788
64.9826
64.808
64.6541
64.52
64.4047
64.3072
64.2267
64.1625
64.1139
64.0802
64.0606
64.0554
64.0565
64.0656
64.0832
64.1078
64.138
64.1732
64.2125
64.2555
64.3015
64.35
64.4006
64.4529
64.5065
64.5611
64.6165
64.6726
64.7289
64.7856
64.8409
68.438
67.935
67.4793
67.0718
66.7147
66.3987
66.117
65.8659
65.6425
65.4442
65.2685
65.1135
64.9781
64.8612
64.7616
64.6782
64.61
64.5564
64.5164
64.4894
64.4745
64.4718
64.4742
64.4832
64.4994
64.5214
64.5481
64.5787
64.6128
64.6498
64.6893
64.7308
64.774
64.8184
64.864
64.9104
64.9573
65.0048
65.0525
65.1005
65.1472
68.4759
67.9986
67.5674
67.1834
66.8483
66.5535
66.2926
66.0617
65.858
65.6787
65.5213
65.3839
65.2649
65.1631
65.0774
65.0064
64.9491
64.9047
64.8723
64.8513
64.8405
64.8401
64.8437
64.8529
64.8681
64.8881
64.9118
64.9388
64.9686
65.0007
65.0348
65.0704
65.1073
65.1453
65.1841
65.2235
65.2634
65.3037
65.344
65.3847
65.4241
68.51
68.0547
67.6446
67.2811
66.9652
66.6891
66.4464
66.2336
66.0474
65.8851
65.7441
65.6222
65.5178
65.4296
65.3561
65.2961
65.2484
65.2121
65.1864
65.1703
65.1631
65.1646
65.1693
65.1786
65.1929
65.2111
65.2324
65.2562
65.2823
65.3103
65.3398
65.3705
65.4022
65.4347
65.4678
65.5014
65.5353
65.5695
65.6037
65.6382
65.6715
68.5404
68.1036
67.7115
67.3655
67.0664
66.8064
66.5799
66.383
66.2125
66.0654
65.939
65.8311
65.7399
65.6638
65.6014
65.5512
65.5121
65.4831
65.4634
65.4521
65.4482
65.4517
65.4576
65.4674
65.4812
65.4982
65.5176
65.5391
65.5623
65.5868
65.6125
65.6392
65.6665
65.6944
65.7227
65.7514
65.7802
65.8092
65.8382
65.8674
65.8954
68.5671
68.1456
67.7686
67.4374
67.1525
66.9066
66.6942
66.5115
66.3549
66.2215
66.1083
66.013
65.9336
65.8684
65.8158
65.7744
65.7429
65.7203
65.7057
65.6982
65.6971
65.702
65.7089
65.7188
65.7321
65.7479
65.7656
65.7849
65.8054
65.8271
65.8496
65.8728
65.8965
65.9205
65.9449
65.9694
65.994
66.0186
66.0432
66.068
66.0917
68.5902
68.1807
67.8159
67.4971
67.2241
66.9904
66.7903
66.62
66.4759
66.3547
66.2534
66.1695
66.1008
66.0456
66.002
65.9688
65.9445
65.9281
65.9186
65.9153
65.9173
65.9243
65.9327
65.9435
65.957
65.9723
65.9891
66.0069
66.0257
66.0451
66.0651
66.0855
66.1061
66.1269
66.1478
66.1688
66.1897
66.2106
66.2314
66.2523
66.2722
68.6096
68.2089
67.8535
67.5445
67.2814
67.0579
66.8686
66.7093
66.5763
66.4661
66.3756
66.3021
66.2432
66.1969
66.1615
66.1354
66.1172
66.1058
66.1003
66.1
66.104
66.1121
66.1212
66.1323
66.1454
66.1599
66.1755
66.1918
66.2088
66.2263
66.244
66.262
66.2802
66.2983
66.3165
66.3347
66.3527
66.3706
66.3884
66.4061
66.423
68.6253
68.2305
67.8818
67.5801
67.3247
67.1095
66.9292
66.7795
66.6565
66.5563
66.4756
66.4116
66.3618
66.3241
66.2967
66.278
66.2665
66.2613
66.2611
66.2652
66.2728
66.2835
66.2948
66.3074
66.3215
66.3365
66.352
66.3678
66.384
66.4002
66.4165
66.4327
66.4488
66.4648
66.4805
66.4961
66.5115
66.5266
66.5415
66.5563
66.5704
68.6377
68.2463
67.9021
67.6056
67.3557
67.1469
66.9739
66.8321
66.7175
66.626
66.5542
66.4989
66.4573
66.4272
66.4065
66.3934
66.3866
66.3849
66.3875
66.3937
66.4027
66.4142
66.4261
66.439
66.4529
66.4674
66.4822
66.4971
66.5121
66.5271
66.542
66.5567
66.5712
66.5854
66.5995
66.6132
66.6267
66.64
66.653
66.6658
66.6779
68.6466
68.2553
67.9131
67.6197
67.3739
67.1701
67.0031
66.868
66.7606
66.6766
66.6125
66.5651
66.5316
66.5097
66.4972
66.4925
66.4938
66.4998
66.5092
66.5212
66.5351
66.5503
66.5655
66.581
66.5969
66.6128
66.6285
66.6439
66.6589
66.6736
66.6878
66.7016
66.7149
66.7278
66.7402
66.7522
66.7638
66.775
66.7858
66.7963
66.8062
68.6505
68.2534
67.9083
67.6145
67.3702
67.17
67.0083
66.8799
66.7798
66.7036
66.6472
66.6071
66.5801
66.5636
66.5555
66.5539
66.5575
66.5652
66.5763
66.5899
66.605
66.621
66.6368
66.6528
66.6688
66.6847
66.7001
66.7151
66.7297
66.7437
66.7572
66.7702
66.7826
66.7945
66.8059
66.8168
66.8273
66.8373
66.8469
66.856
66.865
68.6493
68.2421
67.8903
67.5926
67.3467
67.1476
66.9892
66.8658
66.7723
66.704
66.6566
66.6266
66.6109
66.6069
66.6119
66.6238
66.6406
66.6605
66.682
66.7041
66.726
66.7474
66.768
66.788
66.8071
66.8254
66.8427
66.8591
66.8745
66.889
66.9027
66.9155
66.9275
66.9388
66.9494
66.9593
66.9687
66.9774
66.9857
66.9935
67.0011
62.3162
66.3889
69.7443
71.6932
72.8769
73.6692
74.1235
74.3306
74.3758
74.3114
74.1741
73.9912
73.7821
73.5597
73.3328
73.1075
72.888
72.6765
72.4745
72.2829
72.1021
71.9319
71.7722
71.6227
71.4829
71.3523
71.2304
71.1167
71.0106
70.9115
70.819
70.7324
70.6513
70.5751
70.5036
70.4362
70.3728
70.313
70.2567
70.2037
70.1537
70.1067
70.0624
70.0206
69.9813
69.9441
69.909
69.8758
69.8444
69.8145
69.7861
69.7591
69.7333
69.7087
69.6851
69.6625
69.6407
69.6197
69.5995
69.5798
69.5608
69.5423
69.5243
69.5068
69.4897
69.4731
69.457
69.4417
69.4266
69.4135
69.399
69.3912
69.3735
69.3817
61.7067
66.1043
69.603
71.6924
72.9401
73.7414
74.1866
74.3806
74.4123
74.3356
74.1877
73.9962
73.78
73.5521
73.321
73.0926
72.8706
72.6574
72.4543
72.2621
72.0808
71.9105
71.751
71.6017
71.4623
71.3321
71.2108
71.0977
70.9922
70.8938
70.8019
70.716
70.6355
70.56
70.489
70.4223
70.3594
70.3002
70.2444
70.1919
70.1424
70.0958
70.052
70.0107
69.9717
69.935
69.9002
69.8674
69.8363
69.8067
69.7787
69.752
69.7265
69.7021
69.6788
69.6564
69.6349
69.6141
69.5941
69.5746
69.5558
69.5375
69.5196
69.5023
69.4854
69.469
69.453
69.4379
69.4229
69.41
69.3956
69.3879
69.3703
69.3787
61.2485
65.4139
69.2654
71.613
72.9718
73.8081
74.2563
74.4393
74.4557
74.3641
74.2036
74.0016
73.7772
73.5428
73.3068
73.0746
72.85
72.6349
72.4306
72.2376
72.056
71.8857
71.7263
71.5774
71.4385
71.309
71.1884
71.076
70.9713
70.8737
70.7826
70.6974
70.6177
70.543
70.4728
70.4067
70.3445
70.2859
70.2308
70.1788
70.1299
70.0838
70.0405
69.9997
69.9612
69.9249
69.8906
69.8582
69.8274
69.7983
69.7706
69.7442
69.719
69.695
69.6719
69.6498
69.6286
69.6081
69.5882
69.569
69.5504
69.5323
69.5147
69.4975
69.4808
69.4646
69.4488
69.4338
69.419
69.4062
69.392
69.3844
69.367
69.3754
60.9948
64.8113
68.8372
71.4315
72.9448
73.8424
74.311
74.4955
74.5018
74.3958
74.2211
74.007
73.7729
73.5311
73.2893
73.0529
72.8253
72.6081
72.4025
72.2087
72.0269
71.8567
71.6976
71.5493
71.4111
71.2823
71.1626
71.0511
70.9474
70.8507
70.7606
70.6764
70.5976
70.5238
70.4544
70.3892
70.3278
70.27
70.2155
70.1642
70.116
70.0706
70.0278
69.9876
69.9496
69.9139
69.8801
69.8481
69.8178
69.7891
69.7618
69.7358
69.711
69.6873
69.6645
69.6427
69.6218
69.6015
69.582
69.563
69.5447
69.5268
69.5094
69.4925
69.4759
69.4599
69.4443
69.4295
69.4149
69.4022
69.3881
69.3807
69.3635
69.3719
61.0457
64.5671
68.478
71.1751
72.8426
73.8275
74.3312
74.527
74.5334
74.4209
74.2357
74.01
73.7655
73.5154
73.2672
73.0262
72.7953
72.5759
72.3689
72.1745
71.9925
71.8225
71.664
71.5164
71.3791
71.2514
71.1327
71.0225
70.9199
70.8244
70.7355
70.6525
70.5748
70.502
70.4337
70.3695
70.309
70.2521
70.1984
70.148
70.1005
70.0558
70.0138
69.9742
69.9369
69.9017
69.8685
69.837
69.8073
69.779
69.7522
69.7266
69.7022
69.6789
69.6565
69.6351
69.6144
69.5945
69.5753
69.5566
69.5385
69.5209
69.5037
69.487
69.4707
69.4549
69.4395
69.4249
69.4104
69.398
69.3841
69.3768
69.3598
69.3682
61.2566
64.6098
68.2921
70.9526
72.6909
73.7519
74.3058
74.5227
74.533
74.4195
74.2316
74.0009
73.7497
73.4925
73.2382
72.9924
72.7582
72.5367
72.3284
72.1335
71.9515
71.782
71.6243
71.4777
71.3416
71.2153
71.098
70.9892
70.8881
70.7941
70.7066
70.625
70.5487
70.4772
70.4101
70.3471
70.2877
70.2318
70.1792
70.1297
70.0831
70.0393
69.9981
69.9593
69.9227
69.8882
69.8556
69.8248
69.7956
69.7679
69.7416
69.7165
69.6926
69.6697
69.6478
69.6267
69.6065
69.5869
69.568
69.5496
69.5318
69.5145
69.4976
69.4812
69.4651
69.4496
69.4344
69.42
69.4057
69.3934
69.3797
69.3726
69.3558
69.3643
61.5373
64.8128
68.2721
70.846
72.5585
73.6358
74.2282
74.4759
74.4978
74.384
74.1934
73.9616
73.7105
73.4527
73.1962
72.9477
72.711
72.4879
72.2787
72.0837
71.9022
71.7336
71.5771
71.432
71.2975
71.1729
71.0574
70.9504
70.8512
70.759
70.6733
70.5934
70.5187
70.4488
70.3832
70.3216
70.2636
70.2089
70.1575
70.1091
70.0636
70.0208
69.9805
69.9426
69.9069
69.8732
69.8414
69.8113
69.7828
69.7558
69.73
69.7055
69.6821
69.6597
69.6383
69.6177
69.5978
69.5787
69.5601
69.5421
69.5247
69.5077
69.4911
69.4749
69.4592
69.4439
69.4289
69.4147
69.4007
69.3886
69.3751
69.3681
69.3516
69.3602
61.9112
65.0698
68.3195
70.8179
72.4805
73.5263
74.1184
74.3843
74.4228
74.3162
74.1239
73.8878
73.6349
73.3791
73.1265
72.8815
72.6471
72.425
72.2166
72.0224
71.8422
71.6751
71.5205
71.3774
71.2451
71.1228
71.0096
70.905
70.808
70.7181
70.6345
70.5567
70.4841
70.4161
70.3523
70.2924
70.2359
70.1828
70.1328
70.0857
70.0415
69.9999
69.9607
69.9239
69.8892
69.8565
69.8256
69.7963
69.7686
69.7423
69.7172
69.6934
69.6706
69.6488
69.6279
69.6078
69.5884
69.5697
69.5516
69.534
69.5169
69.5003
69.484
69.4682
69.4527
69.4377
69.4231
69.4091
69.3954
69.3835
69.3702
69.3634
69.3472
69.3558
62.458
65.3562
68.3133
70.7591
72.4069
73.4284
74.0026
74.2649
74.3096
74.2116
74.0245
73.7878
73.5311
73.2718
73.0194
72.7791
72.5519
72.3369
72.1343
71.9445
71.7676
71.6035
71.4518
71.3117
71.1825
71.0631
70.953
70.8513
70.7572
70.6701
70.5893
70.5141
70.4439
70.3782
70.3166
70.2587
70.2042
70.1529
70.1046
70.0591
70.0164
69.9762
69.9384
69.9028
69.8693
69.8377
69.8078
69.7795
69.7527
69.7273
69.703
69.6799
69.6579
69.6367
69.6164
69.5969
69.5781
69.5599
69.5423
69.5252
69.5085
69.4923
69.4764
69.461
69.4458
69.4312
69.4168
69.4031
69.3896
69.378
69.365
69.3583
69.3425
69.3511
63.1641
65.6554
68.2193
70.5808
72.2285
73.255
73.849
74.1245
74.1737
74.0767
73.8922
73.659
73.4041
73.1434
72.8877
72.6456
72.4204
72.2117
72.0181
71.8382
71.6701
71.513
71.3669
71.2316
71.1067
70.9915
70.8853
70.7875
70.6971
70.6136
70.5361
70.4641
70.397
70.3341
70.2752
70.2198
70.1676
70.1185
70.0722
70.0286
69.9877
69.9492
69.913
69.8789
69.8468
69.8165
69.7878
69.7607
69.735
69.7105
69.6872
69.665
69.6438
69.6234
69.6038
69.585
69.5668
69.5492
69.5321
69.5155
69.4994
69.4836
69.4682
69.4531
69.4384
69.4241
69.41
69.3967
69.3835
69.3721
69.3594
69.3529
69.3374
69.3462
63.7951
65.8564
67.98
70.1981
71.8549
72.9067
73.5459
73.8802
73.9783
73.9096
73.7378
73.5089
73.2545
72.9934
72.7375
72.4945
72.2681
72.0592
71.8686
71.6956
71.5375
71.3916
71.2563
71.1304
71.0131
70.9042
70.8037
70.711
70.6255
70.5464
70.4733
70.4053
70.3419
70.2826
70.2269
70.1745
70.1251
70.0786
70.0348
69.9935
69.9547
69.9183
69.8839
69.8516
69.8212
69.7925
69.7653
69.7395
69.715
69.6918
69.6696
69.6484
69.6281
69.6086
69.5899
69.5718
69.5543
69.5374
69.521
69.505
69.4894
69.4742
69.4593
69.4447
69.4304
69.4165
69.4028
69.3898
69.377
69.3658
69.3535
69.3472
69.3321
69.3409
64.0122
65.7536
67.4904
69.4802
71.1221
72.2387
72.9631
73.3977
73.5948
73.611
73.5044
73.3196
73.0885
72.836
72.5807
72.3346
72.1045
71.893
71.7013
71.5293
71.375
71.2362
71.1111
70.9971
70.8918
70.7939
70.7028
70.618
70.5392
70.4661
70.3985
70.3356
70.2769
70.2219
70.1703
70.1216
70.0757
70.0323
69.9915
69.953
69.9168
69.8827
69.8506
69.8205
69.792
69.7651
69.7396
69.7155
69.6925
69.6706
69.6497
69.6297
69.6105
69.5921
69.5743
69.5572
69.5406
69.5245
69.5088
69.4935
69.4785
69.4639
69.4495
69.4355
69.4217
69.4082
69.395
69.3824
69.3699
69.3591
69.3471
69.3411
69.3264
69.3354
63.7199
65.2496
66.7157
68.419
69.9463
71.0908
71.9148
72.4906
72.8459
73.0122
73.0346
72.9557
72.808
72.617
72.4018
72.1763
71.9519
71.7375
71.5389
71.3598
71.2007
71.0608
70.9387
70.8318
70.7367
70.6511
70.5729
70.5003
70.4322
70.3684
70.3085
70.2523
70.1997
70.1502
70.1035
70.0594
70.0177
69.9782
69.941
69.9058
69.8727
69.8416
69.8123
69.7846
69.7585
69.7338
69.7104
69.6881
69.6669
69.6467
69.6273
69.6087
69.5909
69.5736
69.557
69.5409
69.5253
69.5101
69.4953
69.4808
69.4666
69.4526
69.4389
69.4255
69.4122
69.3993
69.3866
69.3744
69.3624
69.3519
69.3404
69.3346
69.3204
69.3295
63.003
64.3667
65.6596
67.1039
68.4637
69.5793
70.4606
71.146
71.6488
71.9832
72.1761
72.2567
72.2499
72.1773
72.0583
71.909
71.7421
71.5669
71.39
71.2171
71.0535
70.9038
70.7713
70.6571
70.5602
70.4785
70.4094
70.3492
70.2949
70.2446
70.1968
70.1509
70.1067
70.0645
70.0242
69.9858
69.9493
69.9147
69.8819
69.8508
69.8215
69.7938
69.7678
69.7432
69.7199
69.6979
69.6769
69.6569
69.6378
69.6195
69.6019
69.585
69.5687
69.5529
69.5376
69.5227
69.5083
69.4941
69.4803
69.4667
69.4534
69.4403
69.4273
69.4145
69.402
69.3896
69.3774
69.3658
69.3542
69.3442
69.3331
69.3276
69.314
69.3233
61.989
63.212
64.3856
65.6395
66.8431
67.897
68.7915
69.5395
70.1441
70.61
70.9511
71.1861
71.3327
71.4069
71.4229
71.393
71.3281
71.2375
71.1296
71.0112
70.8877
70.7629
70.6398
70.5223
70.4146
70.3201
70.2412
70.1774
70.1267
70.0861
70.0519
70.0208
69.9906
69.9602
69.9295
69.8987
69.8686
69.8397
69.8121
69.786
69.7614
69.7381
69.7161
69.6952
69.6753
69.6564
69.6383
69.621
69.6044
69.5884
69.5729
69.558
69.5435
69.5294
69.5157
69.5023
69.4892
69.4763
69.4637
69.4512
69.4388
69.4266
69.4145
69.4026
69.3907
69.3791
69.3675
69.3565
69.3454
69.3359
69.3253
69.3202
69.3071
69.3168
60.8218
61.9263
62.9999
64.1118
65.1864
66.1679
67.0459
67.8204
68.4879
69.0468
69.502
69.8627
70.1402
70.3458
70.4908
70.5853
70.6385
70.6576
70.649
70.6178
70.5689
70.5069
70.436
70.3596
70.2804
70.2002
70.1217
70.0483
69.9835
69.9302
69.8893
69.8593
69.8374
69.8203
69.8047
69.7883
69.7704
69.751
69.7309
69.7108
69.6915
69.6731
69.6557
69.6392
69.6234
69.6083
69.5937
69.5796
69.566
69.5527
69.5398
69.5272
69.5149
69.5028
69.491
69.4793
69.4678
69.4564
69.445
69.4338
69.4226
69.4115
69.4004
69.3894
69.3784
69.3675
69.3567
69.3463
69.3359
69.3269
69.3169
69.3122
69.2998
69.3099
59.6473
60.643
61.6197
62.6119
63.5766
64.4837
65.3252
66.0972
66.7935
67.4096
67.945
68.4022
68.7862
69.1029
69.3595
69.5635
69.7224
69.8431
69.9317
69.9935
70.0327
70.0526
70.0561
70.0459
70.0246
69.9948
69.9589
69.9186
69.875
69.8293
69.7835
69.7409
69.7046
69.6768
69.6576
69.6452
69.6372
69.6308
69.6241
69.616
69.6065
69.596
69.585
69.574
69.5631
69.5525
69.5421
69.5318
69.5217
69.5117
69.5018
69.492
69.4823
69.4725
69.4629
69.4532
69.4435
69.4339
69.4242
69.4144
69.4046
69.3948
69.3848
69.3749
69.3649
69.3549
69.345
69.3353
69.3257
69.3173
69.3079
69.3037
69.292
69.3026
58.6889
59.5766
60.4539
61.3357
62.1991
63.028
63.8165
64.5598
65.2517
65.8873
66.4636
66.9797
67.4362
67.8351
68.1798
68.4742
68.7231
68.9314
69.1042
69.2462
69.362
69.4551
69.5287
69.5851
69.6262
69.6535
69.6684
69.6728
69.6685
69.6577
69.6422
69.6231
69.6013
69.5778
69.5546
69.5342
69.5187
69.5092
69.5048
69.5039
69.5041
69.5038
69.5021
69.499
69.4946
69.4895
69.484
69.4782
69.4722
69.4659
69.4595
69.4528
69.446
69.439
69.4318
69.4244
69.4168
69.4091
69.4012
69.3931
69.3849
69.3764
69.3678
69.3591
69.3502
69.3413
69.3323
69.3235
69.3146
69.3069
69.2982
69.2946
69.2836
69.295
58.0636
58.8418
59.6172
60.3935
61.1597
61.9073
62.6313
63.3272
63.9899
64.6147
65.1979
65.7371
66.2307
66.6784
67.0807
67.439
67.7556
68.0332
68.2748
68.4839
68.6638
68.8176
68.9484
69.0591
69.1518
69.2287
69.2912
69.3406
69.3784
69.4057
69.4242
69.4355
69.4412
69.4426
69.4406
69.4356
69.4283
69.4197
69.4119
69.4068
69.4054
69.4073
69.4114
69.4158
69.4192
69.4211
69.4215
69.4207
69.419
69.4168
69.414
69.4108
69.4071
69.403
69.3984
69.3935
69.3882
69.3826
69.3767
69.3704
69.3638
69.3569
69.3497
69.3423
69.3346
69.3267
69.3187
69.3109
69.3028
69.2959
69.2879
69.285
69.2747
69.287
57.7654
58.4352
59.1078
59.7819
60.4529
61.116
61.7674
62.4031
63.0188
63.6108
64.1755
64.7097
65.2111
65.6779
66.1092
66.5046
66.8645
67.1898
67.482
67.7429
67.9745
68.1792
68.3593
68.517
68.6544
68.7739
68.8771
68.9659
69.0417
69.1057
69.159
69.2026
69.2374
69.2646
69.2855
69.3013
69.3128
69.3206
69.3251
69.3268
69.3267
69.3265
69.3281
69.3322
69.3385
69.3458
69.3527
69.3582
69.362
69.3644
69.3657
69.3661
69.3657
69.3646
69.363
69.3607
69.3578
69.3544
69.3506
69.3462
69.3414
69.3361
69.3304
69.3244
69.318
69.3113
69.3044
69.2975
69.2903
69.2842
69.277
69.2747
69.2653
69.2787
57.753
58.3183
58.8903
59.4663
60.0446
60.6225
61.197
61.7646
62.3223
62.8668
63.3949
63.9037
64.3905
64.8532
65.2898
65.6991
66.0802
66.4327
66.757
67.0534
67.3229
67.5667
67.7862
67.9829
68.1585
68.3147
68.4531
68.5753
68.6831
68.7779
68.861
68.9337
68.9968
69.0511
69.0972
69.1357
69.1674
69.1932
69.2139
69.2303
69.2429
69.2521
69.2583
69.2629
69.2674
69.2733
69.2811
69.2901
69.2992
69.3072
69.3136
69.3183
69.3217
69.3239
69.3253
69.3258
69.3255
69.3245
69.3228
69.3205
69.3175
69.314
69.3099
69.3054
69.3003
69.2949
69.2891
69.2832
69.2771
69.2717
69.2654
69.2639
69.2552
69.2701
57.9679
58.4368
58.9144
59.3987
59.8891
60.3841
60.8811
61.3777
61.8715
62.36
62.8403
63.3101
63.7668
64.208
64.6317
65.036
65.4196
65.7813
66.1203
66.4363
66.7293
66.9995
67.2474
67.4739
67.6799
67.8664
68.0347
68.1861
68.3218
68.4432
68.5517
68.6486
68.735
68.8121
68.8806
68.9411
68.9941
69.0398
69.0787
69.1112
69.1383
69.1605
69.1786
69.193
69.204
69.2126
69.2198
69.2274
69.2362
69.2462
69.2565
69.2661
69.2741
69.2804
69.2852
69.2887
69.2912
69.2927
69.2934
69.2932
69.2923
69.2906
69.2882
69.2852
69.2816
69.2775
69.2729
69.2682
69.263
69.2586
69.253
69.2524
69.2444
69.2613
58.3515
58.7347
59.1272
59.5286
59.9384
60.3554
60.7781
61.2046
61.6332
62.0618
62.4886
62.9112
63.3276
63.7356
64.1332
64.5186
64.8899
65.2457
65.5848
65.9062
66.2091
66.4931
66.7582
67.0043
67.2318
67.4412
67.6331
67.8084
67.9679
68.1126
68.2436
68.362
68.4688
68.5652
68.6521
68.7304
68.8009
68.8642
68.9205
68.9701
69.0132
69.0501
69.0812
69.1073
69.1291
69.1469
69.1614
69.1729
69.1824
69.1914
69.201
69.2115
69.2224
69.2328
69.2418
69.2491
69.2547
69.259
69.2622
69.2643
69.2655
69.2657
69.2652
69.2638
69.2618
69.2591
69.2558
69.2522
69.248
69.2446
69.2399
69.2402
69.2329
69.2522
58.8501
59.1594
59.4778
59.8063
60.1443
60.4909
60.8449
61.2053
61.5709
61.9401
62.3116
62.6835
63.0543
63.4221
63.7852
64.1417
64.4901
64.8286
65.1559
65.4707
65.7719
66.0585
66.3299
66.5857
66.8257
67.0498
67.2581
67.451
67.629
67.7927
67.9427
68.0798
68.2048
68.3187
68.4221
68.5161
68.6015
68.679
68.7493
68.8129
68.8701
68.9212
68.9663
69.0054
69.039
69.0675
69.0915
69.1116
69.1283
69.1418
69.1531
69.1632
69.1732
69.184
69.1951
69.2058
69.2152
69.223
69.2291
69.2337
69.2371
69.2395
69.2408
69.2412
69.2408
69.2396
69.2376
69.2352
69.2322
69.2298
69.2259
69.2273
69.2205
69.243
59.4189
59.6662
59.9218
60.1879
60.4638
60.7484
61.0412
61.3416
61.6488
61.9618
62.2796
62.6009
62.9246
63.2491
63.573
63.8949
64.2132
64.5265
64.8333
65.1322
65.4221
65.7017
65.9701
66.2266
66.4704
66.7012
66.9186
67.1225
67.3131
67.4905
67.6551
67.8072
67.9475
68.0765
68.1948
68.3031
68.4021
68.4925
68.5749
68.6501
68.7186
68.781
68.8375
68.8885
68.9339
68.9739
69.0086
69.0384
69.0637
69.085
69.1029
69.1178
69.1301
69.1409
69.1513
69.162
69.173
69.1837
69.1931
69.2009
69.2071
69.2117
69.2151
69.2173
69.2186
69.2189
69.2184
69.2173
69.2154
69.214
69.211
69.2136
69.207
69.2339
60.0226
60.2188
60.4223
60.6363
60.8596
61.0911
61.3308
61.5783
61.8333
62.0951
62.3631
62.6364
62.9141
63.1952
63.4787
63.7633
64.0478
64.331
64.6115
64.8881
65.1596
65.4248
65.6825
65.9318
66.1719
66.402
66.6215
66.8299
67.0271
67.2128
67.387
67.5499
67.7017
67.8427
67.9733
68.094
68.2051
68.3073
68.4011
68.4871
68.5658
68.6378
68.7036
68.7637
68.8185
68.8683
68.913
68.9528
68.9876
69.0178
69.0435
69.0654
69.0839
69.0993
69.1122
69.1233
69.1338
69.1443
69.155
69.1653
69.1744
69.1819
69.1878
69.1921
69.1952
69.1972
69.1981
69.1984
69.1977
69.1974
69.1952
69.1991
69.1924
69.225
60.6347
60.7896
60.9506
61.1217
61.3013
61.4883
61.6828
61.885
62.0946
62.3112
62.5344
62.7639
62.9988
63.2387
63.4827
63.73
63.9796
64.2305
64.4816
64.732
64.9804
65.2258
65.467
65.7032
65.9332
66.1563
66.3716
66.5786
66.7766
66.9652
67.1442
67.3133
67.4726
67.6221
67.7619
67.8922
68.0133
68.1257
68.2295
68.3254
68.4136
68.4947
68.5691
68.6374
68.6999
68.7573
68.8098
68.8576
68.9009
68.9398
68.974
69.0038
69.0294
69.0512
69.0697
69.0852
69.0982
69.1093
69.1196
69.1297
69.1399
69.1496
69.1582
69.1651
69.1704
69.1742
69.1767
69.1784
69.179
69.1798
69.1784
69.1837
69.1764
69.2168
61.2366
61.3584
61.4852
61.6214
61.7652
61.9155
62.0724
62.2364
62.4073
62.5849
62.7691
62.9597
63.1562
63.3584
63.5655
63.7772
63.9927
64.2113
64.4322
64.6545
64.8773
65.0996
65.3205
65.5391
65.7544
65.9655
66.1716
66.3718
66.5655
66.7521
66.9311
67.102
67.2647
67.4189
67.5645
67.7015
67.8301
67.9503
68.0624
68.1666
68.2633
68.3528
68.4353
68.5113
68.5813
68.6456
68.7046
68.7588
68.8086
68.8541
68.8956
68.9329
68.966
68.995
69.02
69.0413
69.0593
69.0745
69.0871
69.098
69.1078
69.1174
69.1269
69.1358
69.1435
69.1496
69.1541
69.1573
69.1592
69.1613
69.1606
69.1675
69.1583
69.2097
61.8154
61.911
62.0106
62.1188
62.2337
62.3539
62.48
62.6123
62.7508
62.8955
63.0464
63.2033
63.3662
63.5348
63.7087
63.8877
64.0714
64.2591
64.4504
64.6446
64.841
65.0389
65.2374
65.4358
65.6331
65.8286
66.0215
66.2109
66.3961
66.5763
66.7511
66.9197
67.0818
67.237
67.385
67.5257
67.6588
67.7844
67.9025
68.0133
68.1168
68.2133
68.303
68.3861
68.463
68.534
68.5995
68.6597
68.7151
68.766
68.8129
68.8559
68.8952
68.9307
68.9624
68.9901
69.0141
69.0345
69.0518
69.0662
69.0782
69.0885
69.0977
69.1065
69.1151
69.123
69.1296
69.1348
69.1383
69.1417
69.1417
69.1503
69.1378
69.2047
62.3633
62.4382
62.5163
62.6023
62.6938
62.7899
62.8909
62.9972
63.109
63.2264
63.3492
63.4776
63.6116
63.751
63.8957
64.0456
64.2004
64.3598
64.5234
64.6907
64.8614
65.0347
65.2102
65.3871
65.5648
65.7425
65.9195
66.0951
66.2685
66.439
66.6059
66.7687
66.9267
67.0795
67.2267
67.3678
67.5026
67.631
67.7528
67.8679
67.9764
68.0783
68.1738
68.2629
68.346
68.4231
68.4946
68.5606
68.6216
68.6778
68.7296
68.7772
68.8211
68.8615
68.8984
68.9319
68.9618
68.9881
69.0107
69.0299
69.0461
69.0595
69.0706
69.0799
69.0883
69.0961
69.1036
69.1105
69.1157
69.1208
69.1216
69.1321
69.1139
69.2034
62.8757
62.9345
62.9957
63.0639
63.1369
63.2136
63.2943
63.3797
63.4697
63.5645
63.6641
63.7687
63.8783
63.9929
64.1124
64.2369
64.3663
64.5002
64.6386
64.7812
64.9277
65.0776
65.2305
65.386
65.5435
65.7023
65.862
66.0219
66.1813
66.3395
66.496
66.65
66.801
66.9484
67.0917
67.2304
67.3642
67.4928
67.6158
67.7331
67.8446
67.9501
68.0498
68.1435
68.2315
68.3138
68.3905
68.4619
68.5282
68.5896
68.6462
68.6985
68.7467
68.7911
68.8321
68.8697
68.9042
68.9355
68.9634
68.9879
69.009
69.0267
69.0415
69.0536
69.0634
69.0716
69.0788
69.0856
69.0916
69.0982
69.0998
69.1129
69.0865
69.2077
63.3508
63.3969
63.4449
63.4991
63.5574
63.6186
63.6831
63.7516
63.8239
63.9004
63.981
64.0658
64.1551
64.2489
64.3471
64.4499
64.5572
64.6689
64.785
64.9054
65.0298
65.158
65.2897
65.4246
65.5623
65.7023
65.8443
65.9876
66.1317
66.2761
66.4201
66.5633
66.7049
66.8445
66.9814
67.1153
67.2456
67.3719
67.4938
67.6111
67.7235
67.8308
67.933
68.0298
68.1213
68.2076
68.2886
68.3645
68.4354
68.5015
68.5628
68.6197
68.6723
68.7208
68.7655
68.8067
68.8447
68.8796
68.9116
68.9406
68.9664
68.9889
69.008
69.024
69.037
69.0475
69.0558
69.0626
69.0682
69.0748
69.0766
69.0921
69.0567
69.2168
63.788
63.8242
63.8619
63.9051
63.9517
64.0006
64.0523
64.1072
64.1653
64.2269
64.292
64.3608
64.4333
64.5098
64.5902
64.6747
64.7632
64.8559
64.9526
65.0535
65.1582
65.2669
65.3792
65.495
65.6141
65.736
65.8605
65.9872
66.1157
66.2455
66.3761
66.507
66.6377
66.7676
66.8963
67.0232
67.1478
67.2697
67.3885
67.5037
67.6151
67.7223
67.8252
67.9235
68.0172
68.1061
68.1903
68.2696
68.3443
68.4143
68.4798
68.5408
68.5976
68.6502
68.6988
68.7437
68.7851
68.8232
68.8582
68.8904
68.9197
68.9462
68.9697
68.9899
69.0068
69.0207
69.0316
69.0403
69.0465
69.0528
69.0537
69.0703
69.0294
69.2218
64.1885
64.217
64.2466
64.2812
64.3185
64.3577
64.3991
64.4431
64.4899
64.5396
64.5921
64.6478
64.7067
64.7689
64.8346
64.9038
64.9766
65.0531
65.1333
65.2173
65.305
65.3964
65.4914
65.59
65.6919
65.797
65.905
66.0158
66.1289
66.244
66.3608
66.4788
66.5976
66.7168
66.8357
66.9541
67.0714
67.1871
67.3009
67.4122
67.5207
67.6261
67.7281
67.8264
67.9207
68.0109
68.097
68.1787
68.2562
68.3293
68.3981
68.4627
68.5231
68.5795
68.6319
68.6805
68.7254
68.7667
68.8048
68.8398
68.8718
68.9012
68.9278
68.9516
68.9724
68.99
69.0043
69.0157
69.024
69.0314
69.0326
69.0488
69.0126
69.2017
64.5534
64.5758
64.5992
64.6269
64.6569
64.6884
64.7216
64.7571
64.7948
64.8349
64.8774
64.9225
64.9703
65.0209
65.0745
65.1311
65.1908
65.2538
65.3201
65.3897
65.4628
65.5392
65.6191
65.7024
65.789
65.8788
65.9717
66.0676
66.1661
66.2671
66.3703
66.4754
66.582
66.6898
66.7983
66.9071
67.0159
67.1241
67.2314
67.3373
67.4415
67.5434
67.6429
67.7396
67.8332
67.9234
68.0101
68.0931
68.1722
68.2475
68.3189
68.3862
68.4497
68.5093
68.565
68.617
68.6653
68.71
68.7513
68.7892
68.824
68.8558
68.8847
68.911
68.9346
68.9554
68.9731
68.9877
68.9988
69.0081
69.0119
69.0261
69.0103
69.1345
64.885
64.9028
64.9213
64.9436
64.9678
64.9932
65.02
65.0486
65.0791
65.1115
65.1459
65.1825
65.2213
65.2626
65.3062
65.3525
65.4015
65.4533
65.5079
65.5655
65.6262
65.6899
65.7567
65.8267
65.8999
65.9761
66.0554
66.1377
66.2228
66.3106
66.4008
66.4934
66.588
66.6843
66.782
66.8808
66.9803
67.0801
67.1799
67.2792
67.3777
67.475
67.5706
67.6643
67.7558
67.8447
67.9308
68.0139
68.0937
68.1702
68.2431
68.3125
68.3783
68.4405
68.499
68.5539
68.6052
68.653
68.6974
68.7384
68.776
68.8104
68.8418
68.8702
68.8959
68.9188
68.939
68.9563
68.9703
68.9816
68.9893
68.9992
69.0133
69.0185
65.1847
65.1987
65.2135
65.2315
65.2512
65.2718
65.2935
65.3167
65.3414
65.3677
65.3957
65.4254
65.4571
65.4907
65.5264
65.5643
65.6045
65.647
65.692
65.7397
65.7899
65.8429
65.8987
65.9574
66.0189
66.0833
66.1506
66.2208
66.2938
66.3695
66.4478
66.5286
66.6118
66.697
66.784
66.8727
66.9627
67.0537
67.1453
67.2373
67.3292
67.4207
67.5115
67.6011
67.6893
67.7757
67.8601
67.9421
68.0215
68.0982
68.1719
68.2425
68.3098
68.3739
68.4346
68.4919
68.5458
68.5964
68.6435
68.6873
68.7277
68.7649
68.7988
68.8296
68.8572
68.8819
68.9037
68.9227
68.9388
68.9516
68.9631
68.9668
69.0035
68.8871
65.456
65.4672
65.4789
65.4937
65.5097
65.5265
65.5441
65.563
65.5832
65.6046
65.6274
65.6517
65.6776
65.7051
65.7343
65.7654
65.7984
65.8334
65.8705
65.9099
65.9515
65.9955
66.042
66.091
66.1426
66.1969
66.2538
66.3134
66.3756
66.4405
66.508
66.5781
66.6505
66.7253
66.8021
66.881
66.9615
67.0435
67.1267
67.2109
67.2956
67.3807
67.4657
67.5503
67.6343
67.7172
67.7988
67.8787
67.9568
68.0326
68.1061
68.177
68.2452
68.3105
68.3727
68.4319
68.4879
68.5406
68.5902
68.6364
68.6794
68.7192
68.7556
68.7887
68.8186
68.8452
68.8686
68.8888
68.9061
68.9194
68.9327
68.9305
68.9698
68.7897
65.6986
65.7075
65.717
65.7291
65.7423
65.7561
65.7706
65.786
65.8026
65.8202
65.8389
65.8589
65.8801
65.9028
65.9268
65.9524
65.9796
66.0086
66.0393
66.0719
66.1065
66.1431
66.1819
66.2229
66.2662
66.3118
66.3598
66.4103
66.4633
66.5188
66.5767
66.6371
66.7
66.7651
66.8325
66.9021
66.9736
67.0469
67.1218
67.198
67.2754
67.3536
67.4324
67.5114
67.5904
67.6691
67.7471
67.8241
67.8999
67.9741
68.0466
68.117
68.1852
68.2509
68.314
68.3744
68.432
68.4865
68.538
68.5864
68.6316
68.6736
68.7124
68.7478
68.7798
68.8084
68.8336
68.8551
68.8733
68.8867
68.8995
68.8937
68.9184
68.7513
65.9185
65.9257
65.9334
65.9434
65.9544
65.9657
65.9776
65.9904
66.0041
66.0186
66.0341
66.0506
66.0681
66.0868
66.1067
66.1279
66.1504
66.1744
66.1999
66.2269
66.2557
66.2862
66.3186
66.3529
66.3892
66.4276
66.4681
66.5108
66.5557
66.603
66.6525
66.7044
66.7586
66.8151
66.8739
66.9348
66.9978
67.0628
67.1297
67.1982
67.2681
67.3394
67.4116
67.4847
67.5582
67.632
67.7057
67.779
67.8518
67.9236
67.9941
68.0633
68.1307
68.1962
68.2595
68.3205
68.379
68.4348
68.4878
68.5379
68.5849
68.6289
68.6696
68.7071
68.7411
68.7717
68.7986
68.8215
68.8407
68.8545
68.8658
68.8597
68.8659
68.757
66.1113
66.1171
66.1235
66.1319
66.1411
66.1506
66.1606
66.1713
66.1827
66.1949
66.2078
66.2216
66.2362
66.2519
66.2685
66.2862
66.305
66.3251
66.3464
66.3691
66.3932
66.4188
66.446
66.4749
66.5055
66.5379
66.5722
66.6085
66.6468
66.6871
66.7295
66.7741
66.8209
66.8699
66.921
66.9743
67.0297
67.0871
67.1465
67.2077
67.2706
67.335
67.4009
67.4678
67.5358
67.6044
67.6734
67.7427
67.8118
67.8806
67.9488
68.016
68.082
68.1466
68.2095
68.2705
68.3294
68.3859
68.44
68.4913
68.5399
68.5854
68.6279
68.6671
68.7029
68.7352
68.7637
68.7881
68.8084
68.823
68.8332
68.8297
68.8243
68.7742
66.2889
66.2935
66.2989
66.306
66.3138
66.3218
66.3302
66.3392
66.3488
66.359
66.3699
66.3814
66.3938
66.4069
66.4208
66.4357
66.4515
66.4683
66.4862
66.5053
66.5256
66.5472
66.5701
66.5944
66.6203
66.6477
66.6767
66.7075
66.7401
66.7745
66.8108
66.849
66.8893
66.9315
66.9759
67.0223
67.0707
67.1211
67.1736
67.2279
67.2841
67.342
67.4014
67.4623
67.5245
67.5878
67.6518
67.7166
67.7816
67.8468
67.9119
67.9766
68.0406
68.1036
68.1654
68.2258
68.2844
68.3411
68.3956
68.4478
68.4973
68.5441
68.5879
68.6286
68.6658
68.6995
68.7295
68.7552
68.7765
68.7923
68.8025
68.8029
68.7945
68.7805
66.4372
66.441
66.4456
66.4518
66.4586
66.4655
66.4727
66.4805
66.4888
66.4976
66.5069
66.5169
66.5275
66.5387
66.5507
66.5634
66.577
66.5914
66.6067
66.6231
66.6404
66.6589
66.6785
66.6994
66.7215
66.7451
66.77
66.7965
66.8245
66.8542
66.8855
66.9187
66.9536
66.9904
67.0291
67.0697
67.1122
67.1568
67.2032
67.2515
67.3017
67.3537
67.4075
67.4628
67.5196
67.5777
67.637
67.6972
67.7582
67.8197
67.8815
67.9433
68.0049
68.066
68.1264
68.1857
68.2437
68.3001
68.3548
68.4073
68.4575
68.5051
68.55
68.5918
68.6303
68.6653
68.6964
68.7234
68.7458
68.7629
68.7739
68.7779
68.7716
68.7727
66.5823
66.5854
66.5893
66.5948
66.6006
66.6066
66.6129
66.6196
66.6267
66.6343
66.6423
66.6509
66.66
66.6697
66.6799
66.6908
66.7025
66.7148
66.728
66.7419
66.7568
66.7726
66.7894
66.8072
66.8262
66.8464
66.8677
66.8904
66.9145
66.94
66.9671
66.9956
67.0258
67.0577
67.0913
67.1267
67.1639
67.2029
67.2438
67.2865
67.3311
67.3775
67.4256
67.4754
67.5268
67.5798
67.6341
67.6896
67.7461
67.8035
67.8616
67.9201
67.9787
68.0373
68.0955
68.1531
68.2099
68.2654
68.3194
68.3718
68.422
68.47
68.5154
68.5579
68.5973
68.6332
68.6653
68.6932
68.7166
68.7349
68.7472
68.7539
68.7507
68.7571
66.688
66.6905
66.6942
66.6992
66.7045
66.7099
66.7155
66.7216
66.728
66.7349
66.7421
66.7498
66.7579
66.7666
66.7758
66.7855
66.7959
66.8069
66.8186
66.831
66.8442
66.8583
66.8731
66.889
66.9058
66.9236
66.9425
66.9626
66.9839
67.0065
67.0304
67.0557
67.0824
67.1107
67.1406
67.1721
67.2052
67.2401
67.2767
67.315
67.3551
67.397
67.4407
67.4861
67.5331
67.5817
67.6318
67.6833
67.736
67.7899
67.8446
67.9001
67.956
68.0123
68.0685
68.1244
68.1798
68.2344
68.2878
68.3398
68.39
68.4381
68.4839
68.5269
68.567
68.6036
68.6366
68.6654
68.6897
68.7091
68.7227
68.7315
68.7309
68.7402
66.8143
66.8164
66.8197
66.8242
66.829
66.8338
66.8389
66.8443
66.85
66.8561
66.8625
66.8693
66.8765
66.8842
66.8923
66.9009
66.91
66.9196
66.9299
66.9408
66.9523
66.9646
66.9776
66.9914
67.006
67.0215
67.038
67.0555
67.074
67.0937
67.1145
67.1366
67.1599
67.1846
67.2107
67.2383
67.2674
67.298
67.3302
67.3641
67.3997
67.4369
67.4759
67.5165
67.5588
67.6027
67.6482
67.6951
67.7435
67.7931
67.8438
67.8955
67.9479
68.0009
68.0542
68.1076
68.1607
68.2133
68.2651
68.3158
68.3651
68.4125
68.4578
68.5006
68.5406
68.5774
68.6106
68.6399
68.6647
68.6848
68.6994
68.7096
68.7107
68.7225
66.8714
66.8729
66.8762
66.8807
66.8853
66.89
66.8948
66.9001
66.9056
66.9114
66.9176
66.9241
66.9309
66.9382
66.9459
66.9541
66.9627
66.9718
66.9815
66.9918
67.0026
67.0141
67.0263
67.0392
67.0528
67.0673
67.0826
67.0988
67.116
67.1343
67.1535
67.1739
67.1955
67.2183
67.2425
67.2679
67.2948
67.3231
67.353
67.3844
67.4174
67.452
67.4882
67.5261
67.5656
67.6068
67.6496
67.6939
67.7396
67.7867
67.8351
67.8846
67.935
67.9861
68.0378
68.0897
68.1417
68.1933
68.2444
68.2946
68.3435
68.3908
68.4361
68.4791
68.5194
68.5565
68.5902
68.62
68.6455
68.6664
68.6818
68.6933
68.6955
68.7096
67.0068
67.0088
67.0119
67.016
67.0202
67.0245
67.029
67.0337
67.0387
67.044
67.0496
67.0555
67.0617
67.0682
67.0751
67.0824
67.0901
67.0982
67.1068
67.1159
67.1255
67.1356
67.1463
67.1576
67.1696
67.1823
67.1957
67.2099
67.2249
67.2407
67.2575
67.2753
67.2941
67.314
67.335
67.3572
67.3806
67.4054
67.4315
67.459
67.4879
67.5183
67.5503
67.5838
67.6188
67.6554
67.6935
67.7332
67.7743
67.8168
67.8606
67.9056
67.9516
67.9986
68.0462
68.0942
68.1425
68.1908
68.2387
68.2859
68.3322
68.3771
68.4203
68.4615
68.5001
68.5359
68.5684
68.5973
68.622
68.6424
68.6576
68.6692
68.6715
68.6868
69.0971
69.5177
69.8937
70.2214
70.5029
70.742
70.9433
71.1115
71.2512
71.3668
71.4618
71.5395
71.6028
71.6541
71.6953
71.7282
71.7543
71.7746
71.7903
71.8022
71.8109
71.817
71.8213
71.8238
71.8251
71.8254
71.8249
71.8238
71.8222
71.8203
71.8181
71.8158
71.8134
71.811
71.8085
71.806
71.8035
71.8011
71.7988
71.7965
71.7944
69.0921
69.5019
69.87
70.1911
70.4685
70.7058
70.9072
71.0772
71.2199
71.3392
71.4385
71.5209
71.5889
71.6448
71.6905
71.7278
71.7579
71.7821
71.8013
71.8164
71.8281
71.8368
71.8433
71.8479
71.8509
71.8526
71.8533
71.8531
71.8523
71.851
71.8492
71.8472
71.8448
71.8423
71.8397
71.837
71.8342
71.8313
71.8285
71.8257
71.8228
69.087
69.4901
69.8541
70.1718
70.4478
70.6858
70.8894
71.0629
71.21
71.3342
71.4387
71.5263
71.5995
71.6604
71.7108
71.7523
71.7862
71.8138
71.836
71.8536
71.8674
71.8777
71.8856
71.8914
71.8952
71.8976
71.8987
71.8989
71.8983
71.8969
71.8951
71.8928
71.8902
71.8873
71.8842
71.8809
71.8776
71.8741
71.8705
71.8669
71.8633
69.0833
69.4864
69.8518
70.1703
70.4481
70.6887
70.8959
71.0735
71.2252
71.3544
71.4639
71.5566
71.6347
71.7003
71.7551
71.8008
71.8386
71.8697
71.895
71.9154
71.9316
71.9438
71.9535
71.9608
71.9658
71.9691
71.971
71.9717
71.9713
71.9702
71.9683
71.9658
71.9629
71.9596
71.9559
71.952
71.9478
71.9435
71.9391
71.9344
71.9299
69.0798
69.4868
69.8564
70.1779
70.4592
70.7038
70.9154
71.098
71.2551
71.3898
71.5051
71.6035
71.6872
71.7582
71.8181
71.8685
71.9107
71.9456
71.9744
71.9978
72.0165
72.0306
72.042
72.0507
72.0567
72.0607
72.0631
72.064
72.0636
72.0623
72.06
72.0571
72.0535
72.0494
72.0448
72.0399
72.0347
72.0293
72.0236
72.0177
72.012
69.0758
69.4892
69.8652
70.1915
70.478
70.7282
70.9458
71.1347
71.2985
71.4401
71.5623
71.6674
71.7577
71.835
71.9008
71.9565
72.0036
72.0429
72.0755
72.1022
72.1237
72.1399
72.1531
72.1632
72.1704
72.1751
72.1778
72.1789
72.1785
72.1769
72.1742
72.1706
72.1662
72.1611
72.1555
72.1495
72.143
72.1361
72.129
72.1216
72.1143
69.0717
69.4942
69.8791
70.2124
70.5062
70.7639
70.9891
71.1859
71.3576
71.5073
71.6373
71.7501
71.8477
71.9319
72.0041
72.0658
72.1182
72.1622
72.199
72.2291
72.2536
72.272
72.287
72.2986
72.3067
72.312
72.3151
72.3161
72.3154
72.3133
72.3098
72.3053
72.2998
72.2935
72.2865
72.2789
72.2708
72.2623
72.2534
72.2441
72.2351
69.0676
69.5025
69.899
70.2417
70.545
70.8119
71.0462
71.2522
71.4331
71.5918
71.7306
71.8519
71.9576
72.0494
72.1287
72.1968
72.255
72.3043
72.3455
72.3795
72.407
72.4277
72.4447
72.4577
72.4667
72.4726
72.4758
72.4766
72.4755
72.4726
72.4682
72.4625
72.4556
72.4478
72.4391
72.4297
72.4197
72.4092
72.3982
72.3867
72.3755
69.0636
69.5143
69.9252
70.2797
70.5945
70.8723
71.1173
71.3339
71.5252
71.6941
71.8427
71.9734
72.0881
72.1883
72.2754
72.3507
72.4153
72.4702
72.5163
72.5543
72.5852
72.6083
72.6272
72.6417
72.6516
72.6578
72.661
72.6615
72.6597
72.6558
72.6501
72.6429
72.6343
72.6246
72.6139
72.6023
72.59
72.5771
72.5636
72.5495
72.5358
69.06
69.5295
69.9577
70.3264
70.6548
70.9454
71.2029
71.4316
71.6347
71.815
71.9746
72.1159
72.2405
72.35
72.4457
72.5288
72.6004
72.6614
72.7128
72.7553
72.7898
72.8154
72.8363
72.8521
72.8628
72.8693
72.8723
72.8722
72.8693
72.8641
72.8568
72.8477
72.8371
72.8251
72.8119
72.7978
72.7827
72.767
72.7506
72.7334
72.7168
69.0569
69.5485
69.9969
70.3824
70.7268
71.0323
71.3039
71.5464
71.7628
71.9559
72.1278
72.2807
72.4164
72.5361
72.6412
72.7329
72.8122
72.8799
72.9371
72.9844
73.0227
73.0509
73.0738
73.091
73.1023
73.1088
73.1114
73.1103
73.1061
73.0992
73.0899
73.0785
73.0653
73.0506
73.0345
73.0172
72.9989
72.9798
72.96
72.9393
72.9191
69.0545
69.5718
70.0435
70.4486
70.8113
71.1338
71.4216
71.6796
71.911
72.1185
72.3039
72.4698
72.6176
72.7487
72.8642
72.9653
73.0529
73.1281
73.1915
73.2439
73.2862
73.3172
73.3421
73.3605
73.3723
73.3786
73.3803
73.3779
73.372
73.3629
73.351
73.3368
73.3205
73.3025
73.2828
73.2619
73.2398
73.2167
73.1928
73.168
73.1437
69.0532
69.5999
70.0983
70.5259
70.9095
71.2514
71.5575
71.833
72.0811
72.3045
72.5052
72.6853
72.8467
72.9902
73.1172
73.2286
73.3255
73.4086
73.4788
73.5367
73.5833
73.6171
73.6439
73.6633
73.6753
73.681
73.6815
73.6773
73.6691
73.6572
73.6422
73.6245
73.6045
73.5824
73.5585
73.5332
73.5065
73.4788
73.4501
73.4205
73.3914
69.0533
69.6334
70.1621
70.6154
71.0228
71.3866
71.7134
72.0085
72.2754
72.5166
72.734
72.9301
73.1064
73.2638
73.4034
73.5262
73.6331
73.725
73.8025
73.8663
73.9174
73.9539
73.9824
74.0027
74.0144
74.0191
74.0178
74.0112
73.9999
73.9846
73.9657
73.9437
73.919
73.892
73.8631
73.8325
73.8004
73.7672
73.7329
73.6976
73.6628
69.0554
69.6733
70.2362
70.7186
71.1529
71.5414
71.8914
72.2086
72.4964
72.7575
72.9937
73.2075
73.4003
73.573
73.7266
73.8619
73.9799
74.0813
74.1667
74.2367
74.2923
74.3315
74.3616
74.3822
74.3932
74.3962
74.3923
74.3825
74.3674
74.3476
74.3237
74.2964
74.2661
74.2332
74.1982
74.1612
74.1227
74.0829
74.042
73.9999
73.9585
69.0599
69.7204
70.322
70.8374
71.3019
71.7183
72.0944
72.4363
72.7476
73.0309
73.288
73.5214
73.7326
73.9223
74.0913
74.2405
74.3706
74.4823
74.5762
74.6528
74.713
74.7546
74.7858
74.8062
74.8157
74.8161
74.8088
74.7946
74.7744
74.7489
74.719
74.6851
74.6478
74.6077
74.5652
74.5207
74.4744
74.4267
74.3779
74.328
74.2788
69.0676
69.776
70.4211
70.9737
71.4724
71.9201
72.3256
72.6952
73.0329
73.3411
73.6215
73.8768
74.1086
74.3171
74.5032
74.6676
74.811
74.9339
75.0368
75.1202
75.185
75.2286
75.2602
75.2795
75.2865
75.2831
75.271
75.2511
75.2243
75.1917
75.154
75.1119
75.0661
75.0171
74.9656
74.9118
74.8562
74.7992
74.741
74.6818
74.6232
69.0794
69.8417
70.5357
71.1303
71.6674
72.1505
72.589
72.9899
73.3571
73.6932
73.9997
74.2796
74.5342
74.7638
74.9688
75.15
75.3079
75.4429
75.5554
75.6457
75.7147
75.7596
75.7906
75.8077
75.8107
75.802
75.7833
75.7558
75.7206
75.6788
75.6313
75.579
75.5226
75.4628
75.4001
75.3352
75.2684
75.2002
75.1308
75.0605
74.991
69.0964
69.9193
70.6683
71.3104
71.8908
72.4137
72.8895
73.3256
73.7261
74.0937
74.4295
74.7369
75.0172
75.2702
75.4963
75.696
75.8698
76.0177
76.1401
76.2373
76.3098
76.355
76.384
76.397
76.3942
76.378
76.3504
76.3128
76.2666
76.2131
76.1532
76.088
76.0185
75.9453
75.8691
75.7906
75.7102
75.6286
75.5459
75.4624
75.3799
69.1199
70.0111
70.8221
71.5178
72.1472
72.7151
73.2332
73.7091
74.1473
74.5503
74.9192
75.2576
75.5667
75.846
76.0955
76.3156
76.5065
76.6683
76.8008
76.9043
76.9794
77.023
77.048
77.0546
77.0432
77.0165
76.9769
76.9261
76.8657
76.797
76.7214
76.6402
76.5542
76.4644
76.3717
76.2767
76.1799
76.0822
75.9836
75.8845
75.7867
69.1516
70.1199
71.0009
71.7574
72.4423
73.0614
73.6273
74.1485
74.6294
75.0727
75.479
75.8525
76.1941
76.5028
76.7783
77.0209
77.2304
77.4065
77.5491
77.658
77.7336
77.7732
77.7912
77.788
77.7644
77.7233
77.6676
77.5993
77.5203
77.4322
77.3367
77.2352
77.1287
77.0185
76.9055
76.7904
76.6739
76.5568
76.4393
76.3218
76.206
69.1935
70.2492
71.2097
72.0353
72.7834
73.4606
74.0812
74.654
75.1837
75.6729
76.1218
76.535
76.9133
77.2551
77.5596
77.8268
78.0562
78.247
78.3989
78.5113
78.5846
78.6164
78.6232
78.6055
78.5645
78.5037
78.4264
78.3351
78.2319
78.119
77.9981
77.8711
77.7392
77.6037
77.4658
77.3264
77.1861
77.0459
76.906
76.7669
76.6302
69.2484
70.4035
71.4543
72.359
73.1792
73.9232
74.6064
75.2385
75.8242
76.366
76.8636
77.3221
77.742
78.121
78.4577
78.7517
79.0019
79.2071
79.3666
79.4795
79.5459
79.5644
79.554
79.5153
79.45
79.3624
79.2562
79.1345
79
78.8551
78.7022
78.5432
78.3796
78.2131
78.0448
77.8761
77.7073
77.5397
77.3736
77.2093
77.0484
69.3194
70.5884
71.7426
72.7382
73.6413
74.4621
75.2177
75.9182
76.5687
77.1712
77.7247
78.2351
78.7024
79.1232
79.4955
79.8182
80.0896
80.3079
80.4718
80.5801
80.6327
80.6297
80.5936
80.5249
80.426
80.3019
80.1572
79.9957
79.8207
79.6351
79.4416
79.2426
79.04
78.8355
78.6306
78.4267
78.2243
78.0246
77.828
77.6347
77.4463
69.4109
70.8109
72.0844
73.1851
74.1841
75.0943
75.9341
76.7144
77.4403
78.1133
78.7314
79.3014
79.8228
80.2906
80.7018
81.0545
81.3463
81.5746
81.7372
81.8329
81.8611
81.825
81.7512
81.64
81.4947
81.3215
81.1258
80.9124
80.6852
80.4479
80.2037
79.9552
79.7048
79.4544
79.2056
78.9602
78.7184
78.4817
78.2503
78.0245
77.8055
69.5283
71.0803
72.4925
73.7158
74.827
75.8419
76.7806
77.6547
78.469
79.2246
79.9179
80.5567
81.1397
81.6599
82.1129
82.4958
82.805
83.037
83.189
83.2591
83.2472
83.1609
83.0327
82.8618
82.6532
82.4142
82.1515
81.8709
81.5774
81.2751
80.968
80.6591
80.351
80.0459
79.7457
79.452
79.1653
78.8867
78.6167
78.3551
78.1032
69.6786
71.4091
72.9839
74.3517
75.5953
76.7344
77.7905
78.776
79.6954
80.5485
81.3296
82.0479
82.7008
83.2786
83.7749
84.1856
84.5054
84.7299
84.8554
84.8801
84.8043
84.6436
84.4378
84.1842
83.8899
83.5637
83.214
82.8477
82.4708
82.0884
81.7047
81.3233
80.947
80.5782
80.2188
79.8707
79.5338
79.2095
78.8979
78.5985
78.3125
69.8711
71.8133
73.5814
75.1217
76.5236
77.8118
79.0092
80.1286
81.1741
82.1433
83.0276
83.8377
84.5692
85.2084
85.7465
86.1774
86.4944
86.6915
86.7651
86.7136
86.5389
86.2692
85.9542
85.5877
85.1791
84.7394
84.2786
83.805
83.3257
82.8464
82.3717
81.9055
81.4509
81.01
80.5849
80.1773
79.7867
79.4142
79.0599
78.7227
78.4036
70.1179
72.3155
74.3163
76.0656
77.6601
79.1302
80.5002
81.7832
82.9818
84.0903
85.096
86.0113
86.8287
87.5296
88.1015
88.536
88.8247
88.9609
88.9414
88.7669
88.4424
88.0161
87.5504
87.0324
86.4747
85.8903
85.2912
84.687
84.0855
83.4928
82.9138
82.3522
81.8108
81.2918
80.7967
80.327
79.8817
79.4615
79.0661
78.6937
78.3454
70.4351
72.9461
75.2327
77.2403
79.0736
80.7698
82.3545
83.8404
85.2272
86.504
87.6517
88.6848
89.5914
90.3454
90.93
91.3345
91.5492
91.5683
91.3914
91.024
90.478
89.8317
89.1632
88.4476
87.7008
86.9383
86.1733
85.4164
84.6753
83.9559
83.2628
82.599
81.9667
81.3675
80.8022
80.2718
79.7747
79.3107
78.8795
78.4781
78.108
70.8453
73.7501
76.3959
78.7305
80.8672
82.8511
84.7092
86.4515
88.0727
89.5527
90.8634
92.0213
93.0079
93.7875
94.3382
94.6481
94.709
94.5193
94.0863
93.426
92.5616
91.6164
90.6848
89.7218
88.7459
87.7744
86.8209
85.8951
85.004
84.152
83.3423
82.5767
81.856
81.1806
80.5505
79.9659
79.4242
78.9247
78.4667
78.0464
77.6659
71.372
74.7792
77.8865
80.6439
83.1743
85.5312
87.7421
89.811
91.7227
93.4417
94.9271
96.1977
97.2257
97.9639
98.3869
98.486
98.261
97.7227
96.8944
95.8105
94.5127
93.185
91.9341
90.6824
89.4496
88.2526
87.1031
86.008
84.9713
83.9947
83.0788
82.2229
81.426
80.6868
80.0042
79.3775
78.8033
78.2807
77.8087
77.3831
77.007
72.051
76.0769
79.763
83.0514
86.0791
88.9049
91.5547
94.0205
96.2691
98.2395
99.8734
101.195
102.165
102.728
102.862
102.572
101.88
100.822
99.4482
97.8195
96.0004
94.245
92.6582
91.1169
89.6384
88.2363
86.917
85.6819
84.5298
83.4586
82.4649
81.5453
80.6962
79.9147
79.1985
78.5465
77.9548
77.4228
76.9501
76.5331
76.1766
72.8706
77.6332
82.0079
85.9284
89.5497
92.9316
96.0917
99.0017
101.596
103.777
105.47
106.71
107.453
107.642
107.279
106.403
105.07
103.355
101.344
99.1247
96.7805
94.6279
92.751
90.9733
89.3059
87.7563
86.3226
84.999
83.7787
82.6547
81.62
80.6682
79.7936
78.9918
78.2599
77.5965
76.9981
76.4652
75.999
75.5976
75.2692
73.7931
79.4386
84.6365
89.3133
93.6427
97.6769
101.412
104.786
107.687
109.967
111.547
112.492
112.765
112.335
111.252
109.606
107.507
105.07
102.411
99.6392
96.8416
94.3771
92.2923
90.3572
88.5743
86.9434
85.4541
84.0929
82.8479
81.7079
80.6629
79.7038
78.8235
78.0166
77.2798
76.612
76.0107
75.478
75.018
74.6318
74.333
74.7958
81.5019
87.6844
93.2639
98.4289
103.211
107.562
111.366
114.452
116.619
117.824
118.187
117.708
116.414
114.428
111.907
109.01
105.883
102.657
99.4409
96.3121
93.6464
91.4447
89.4318
87.6019
85.9476
84.4506
83.0915
81.854
80.7241
79.6894
78.7391
77.8651
77.0613
76.3244
75.6537
75.0477
74.5107
74.0501
73.6717
73.3971
75.8583
83.8437
91.2041
97.8558
103.99
109.595
114.542
118.643
121.674
123.402
123.894
123.361
121.87
119.537
116.57
113.186
109.569
105.873
102.221
98.7054
95.3802
92.619
90.3786
88.3525
86.5279
84.8919
83.4201
82.089
80.8794
79.7753
78.7627
77.8301
76.9683
76.1712
75.4352
74.76
74.1449
73.5961
73.1241
72.7409
72.4788
76.9517
86.4861
95.2542
103.168
110.394
116.837
122.252
126.373
128.966
129.847
129.281
127.593
124.931
121.514
117.625
113.504
109.328
105.233
101.314
97.6381
94.2327
91.458
89.2352
87.2398
85.4544
83.862
82.4345
81.1454
79.9741
78.9033
77.9183
77.0069
76.1596
75.3699
74.6342
73.9521
73.3231
72.7547
72.2591
71.8555
71.5875
78.044
89.4572
99.9014
109.274
117.67
124.848
130.429
134.122
135.797
135.433
133.567
130.603
126.762
122.362
117.726
113.066
108.521
104.191
100.146
96.4184
93.0164
90.2825
88.1117
86.1724
84.4442
82.9079
81.5331
80.2918
79.1624
78.1271
77.1709
76.2812
75.4483
74.6655
73.9289
73.2381
72.5915
71.9973
71.4664
71.027
70.7281
79.1058
92.7981
105.223
116.23
125.763
133.379
138.621
141.317
141.604
139.747
136.526
132.335
127.449
122.275
117.123
112.13
107.382
102.952
98.8798
95.1754
91.8284
89.1657
87.0645
85.193
83.5292
82.0529
80.7326
79.5394
78.4513
77.4506
76.522
75.6528
74.8332
74.0564
73.3181
72.6176
71.9514
71.3282
70.7526
70.2646
69.9022
80.1143
96.565
111.3
124.041
134.473
141.977
146.212
147.363
145.969
142.621
138.189
132.943
127.228
121.534
116.089
110.927
106.1
101.662
97.6271
93.9881
90.7235
88.1457
86.1205
84.3196
82.7206
81.3032
80.0353
78.8876
77.8382
76.8694
75.966
75.1153
74.3076
73.5359
72.7954
72.0852
71.3994
70.7464
70.1202
69.5753
69.1099
81.0597
100.831
118.192
132.587
143.385
150.006
152.573
151.844
148.774
144.176
138.785
132.688
126.384
120.411
114.845
109.626
104.8
100.411
96.4508
92.8991
89.7287
87.2392
85.289
83.5562
82.0185
80.6559
79.4362
78.33
77.3155
76.3752
75.4943
74.6599
73.8623
73.0948
72.3521
71.6327
70.9285
70.2474
69.5687
68.9634
68.3512
81.9431
105.681
125.891
141.557
151.893
156.822
157.289
154.676
150.202
144.718
138.602
131.835
125.172
119.119
113.542
108.335
103.562
99.2538
95.3844
91.9281
88.8536
86.45
84.5698
82.8992
81.417
80.1037
78.9271
77.8575
76.8736
75.9584
75.097
74.2766
73.4878
72.7237
71.9789
71.2514
70.5308
69.8243
69.0954
68.4299
67.6277
82.7924
111.202
134.259
150.425
159.321
161.971
160.275
156.062
150.599
144.576
137.886
130.601
123.796
117.806
112.277
107.119
102.428
98.2155
94.4415
91.0793
88.0959
85.7719
83.9553
82.34
80.9065
79.6365
78.4975
77.4596
76.5023
75.6086
74.7639
73.9555
73.174
72.4128
71.6661
70.9317
70.1973
69.4687
68.6953
67.9723
66.9439
83.6199
117.311
142.829
158.437
165.08
165.288
161.722
156.371
150.336
144.035
136.841
129.18
122.413
116.563
111.105
106.017
101.419
97.3037
93.6218
90.3477
87.4474
85.1947
83.4344
81.8685
80.4782
79.246
78.1395
77.1289
76.1944
75.319
74.4886
73.6903
72.915
72.1563
71.4079
70.6678
69.922
69.1749
68.3652
67.5886
66.311
84.3703
123.72
150.989
165.004
168.982
166.987
162.038
156.027
149.747
143.317
135.626
127.745
121.148
115.45
110.056
105.047
100.543
96.5173
92.9193
89.7243
86.8981
84.7065
82.9908
81.4653
80.1123
78.9131
77.8349
76.8479
75.9332
75.0738
74.2558
73.4665
72.6969
71.9409
71.1918
70.4476
69.6933
68.9316
68.0954
67.2723
65.7317
84.2586
130.42
158.649
170.135
171.326
167.507
161.646
155.345
149.042
142.55
134.307
126.382
120.096
114.548
109.196
104.259
99.842
95.8945
92.3676
89.2381
86.4717
84.3476
82.6729
81.1772
79.8514
78.6767
77.6192
76.6492
75.7485
74.9002
74.0905
73.3068
72.5407
71.7861
71.036
70.2886
69.5278
68.7551
67.9013
67.049
65.2534
85.8748
137.879
165.008
173.104
172.133
166.991
160.453
154.003
147.782
141.268
132.359
124.357
118.458
113.172
107.952
103.149
98.8667
95.0423
91.6263
88.597
85.917
83.8411
82.2339
80.7866
79.502
78.3635
77.337
76.393
75.5138
74.6827
73.8865
73.1127
72.3534
71.6029
70.8542
70.1054
69.3406
68.5585
67.6925
66.8181
64.9239
71.7925
71.7914
71.7903
71.789
71.7877
71.7862
71.7846
71.7829
71.7811
71.7791
71.777
71.7747
71.7723
71.7696
71.7667
71.7636
71.7602
71.7565
71.7526
71.7483
71.7436
71.7385
71.733
71.727
71.7205
71.7135
71.7058
71.6974
71.6883
71.6785
71.6677
71.656
71.6433
71.6295
71.6145
71.5982
71.5805
71.5614
71.5406
71.5181
71.4939
71.4677
71.4395
71.4091
71.3766
71.3417
71.3044
71.2647
71.2224
71.1777
71.1304
71.0807
71.0285
70.9739
70.9172
70.8584
70.7977
70.7354
70.6716
70.6068
70.5412
70.4751
70.4089
70.3429
70.2775
70.2129
70.1497
70.088
70.0283
69.971
69.9166
69.865
69.8198
69.7716
71.8206
71.8199
71.8189
71.8174
71.8159
71.8143
71.8125
71.8107
71.8086
71.8065
71.8041
71.8016
71.7988
71.7959
71.7927
71.7892
71.7854
71.7814
71.777
71.7722
71.767
71.7614
71.7553
71.7486
71.7415
71.7337
71.7252
71.716
71.7061
71.6953
71.6835
71.6708
71.6571
71.6421
71.626
71.6085
71.5896
71.5692
71.5472
71.5235
71.498
71.4706
71.4411
71.4096
71.3759
71.34
71.3017
71.2611
71.2181
71.1727
71.1248
71.0746
71.0221
70.9674
70.9105
70.8518
70.7912
70.7291
70.6657
70.6012
70.5359
70.4702
70.4043
70.3387
70.2735
70.2093
70.1462
70.0848
70.0253
69.968
69.9139
69.8618
69.8185
69.7638
71.8603
71.8598
71.8588
71.8573
71.8556
71.854
71.8522
71.8502
71.8481
71.8458
71.8433
71.8406
71.8377
71.8345
71.8311
71.8274
71.8234
71.819
71.8143
71.8091
71.8036
71.7975
71.791
71.7838
71.7761
71.7677
71.7586
71.7487
71.738
71.7264
71.7138
71.7002
71.6854
71.6694
71.6522
71.6335
71.6133
71.5916
71.5682
71.5431
71.516
71.487
71.456
71.4229
71.3875
71.3499
71.3099
71.2676
71.2229
71.1759
71.1264
71.0747
71.0207
70.9646
70.9065
70.8466
70.785
70.7219
70.6577
70.5926
70.5268
70.4607
70.3946
70.3288
70.2637
70.1996
70.1368
70.0756
70.0165
69.9595
69.9059
69.8533
69.8113
69.7491
71.9259
71.9254
71.9245
71.9228
71.921
71.9192
71.9172
71.9151
71.9127
71.9102
71.9074
71.9044
71.9012
71.8977
71.8938
71.8897
71.8852
71.8803
71.8749
71.8692
71.8629
71.856
71.8486
71.8406
71.8318
71.8224
71.8121
71.8009
71.7888
71.7757
71.7616
71.7462
71.7296
71.7117
71.6924
71.6716
71.6492
71.6251
71.5992
71.5715
71.5418
71.5101
71.4764
71.4404
71.4022
71.3618
71.3191
71.2741
71.2267
71.1771
71.1253
71.0713
71.0153
70.9573
70.8975
70.8361
70.7733
70.7093
70.6443
70.5785
70.5124
70.4461
70.38
70.3144
70.2496
70.1859
70.1236
70.0629
70.0044
69.948
69.8949
69.842
69.801
69.7319
72.0067
72.0062
72.0052
72.0034
72.0013
71.9993
71.997
71.9946
71.992
71.9891
71.986
71.9826
71.9789
71.9749
71.9705
71.9658
71.9606
71.955
71.9489
71.9423
71.9351
71.9273
71.9188
71.9096
71.8995
71.8887
71.8769
71.8641
71.8503
71.8354
71.8192
71.8017
71.7829
71.7626
71.7407
71.7172
71.692
71.665
71.636
71.6051
71.5722
71.5372
71.5
71.4606
71.419
71.3751
71.329
71.2806
71.2301
71.1774
71.1227
71.066
71.0074
70.9472
70.8854
70.8223
70.7581
70.6929
70.627
70.5608
70.4943
70.428
70.362
70.2967
70.2324
70.1693
70.1077
70.0478
69.9901
69.9343
69.882
69.829
69.789
69.7145
72.1077
72.107
72.106
72.1039
72.1015
72.0991
72.0965
72.0937
72.0906
72.0873
72.0836
72.0796
72.0753
72.0706
72.0655
72.0599
72.0539
72.0473
72.0401
72.0323
72.0238
72.0146
72.0046
71.9938
71.982
71.9693
71.9555
71.9406
71.9245
71.907
71.8882
71.868
71.8462
71.8228
71.7976
71.7707
71.7419
71.7112
71.6784
71.6436
71.6066
71.5674
71.5261
71.4825
71.4368
71.3888
71.3387
71.2864
71.2321
71.1759
71.1178
71.058
70.9967
70.934
70.87
70.8051
70.7393
70.673
70.6063
70.5395
70.4728
70.4065
70.3408
70.276
70.2123
70.15
70.0894
70.0305
69.9737
69.9189
69.8675
69.8148
69.7758
69.6982
72.2269
72.2259
72.2246
72.2222
72.2193
72.2165
72.2134
72.21
72.2063
72.2023
72.1979
72.1931
72.188
72.1823
72.1762
72.1695
72.1622
72.1543
72.1458
72.1364
72.1263
72.1153
72.1034
72.0905
72.0766
72.0614
72.0451
72.0275
72.0084
71.9879
71.9659
71.9422
71.9168
71.8895
71.8604
71.8294
71.7963
71.7611
71.7238
71.6843
71.6426
71.5986
71.5525
71.5042
71.4537
71.4011
71.3465
71.2899
71.2315
71.1714
71.1097
71.0467
70.9824
70.9171
70.8509
70.7841
70.7169
70.6495
70.582
70.5148
70.4481
70.382
70.3168
70.2527
70.1899
70.1286
70.0691
70.0113
69.9558
69.9021
69.8518
69.7999
69.7616
69.6843
72.3655
72.3642
72.3626
72.3596
72.3561
72.3526
72.3488
72.3447
72.3402
72.3352
72.3299
72.3241
72.3177
72.3109
72.3034
72.2952
72.2864
72.2768
72.2664
72.2551
72.2428
72.2296
72.2152
72.1996
72.1829
72.1647
72.1452
72.1242
72.1015
72.0772
72.0512
72.0233
71.9934
71.9616
71.9277
71.8917
71.8535
71.8132
71.7705
71.7257
71.6786
71.6292
71.5777
71.5241
71.4684
71.4108
71.3513
71.2901
71.2274
71.1633
71.0979
71.0315
70.9643
70.8964
70.8282
70.7596
70.6911
70.6227
70.5547
70.4873
70.4207
70.355
70.2905
70.2272
70.1655
70.1054
70.0471
69.9908
69.9367
69.8843
69.8354
69.7847
69.747
69.6729
72.5237
72.5219
72.5197
72.516
72.5117
72.5074
72.5027
72.4975
72.4919
72.4858
72.4792
72.472
72.4642
72.4557
72.4464
72.4364
72.4255
72.4138
72.401
72.3872
72.3722
72.3561
72.3386
72.3198
72.2995
72.2777
72.2542
72.229
72.202
72.1731
72.1422
72.1092
72.0742
72.037
71.9975
71.9558
71.9117
71.8654
71.8168
71.7659
71.7128
71.6575
71.6001
71.5407
71.4795
71.4166
71.352
71.2861
71.219
71.1508
71.0818
71.0122
70.9422
70.872
70.8018
70.7318
70.6621
70.5931
70.5247
70.4574
70.391
70.326
70.2623
70.2001
70.1396
70.0808
70.024
69.9692
69.9166
69.8658
69.8183
69.7693
69.7321
69.6639
72.7023
72.6997
72.6969
72.6922
72.6869
72.6813
72.6754
72.669
72.6619
72.6543
72.646
72.637
72.6273
72.6167
72.6052
72.5928
72.5794
72.5648
72.5491
72.5321
72.5138
72.494
72.4727
72.4499
72.4253
72.3989
72.3706
72.3404
72.3081
72.2737
72.2371
72.1983
72.1571
72.1136
72.0678
72.0195
71.9689
71.9159
71.8606
71.8031
71.7434
71.6818
71.6181
71.5528
71.4858
71.4174
71.3478
71.2771
71.2057
71.1336
71.0612
70.9886
70.916
70.8438
70.7719
70.7007
70.6303
70.5608
70.4924
70.4253
70.3596
70.2953
70.2326
70.1717
70.1125
70.0553
70
69.9468
69.8958
69.8467
69.8008
69.7538
69.7171
69.6564
72.902
72.8984
72.8945
72.8886
72.8819
72.8749
72.8674
72.8592
72.8503
72.8407
72.8303
72.819
72.8068
72.7936
72.7793
72.7638
72.7471
72.7291
72.7097
72.6888
72.6663
72.6421
72.6162
72.5883
72.5585
72.5267
72.4927
72.4565
72.418
72.3772
72.3339
72.2883
72.2401
72.1895
72.1364
72.0808
72.0229
71.9626
71.9001
71.8355
71.769
71.7005
71.6305
71.559
71.4862
71.4124
71.3377
71.2625
71.187
71.1113
71.0358
70.9605
70.8858
70.8118
70.7387
70.6666
70.5958
70.5262
70.4581
70.3916
70.3266
70.2634
70.202
70.1424
70.0847
70.0291
69.9755
69.9239
69.8747
69.8273
69.783
69.7383
69.7022
69.6496
73.1234
73.1185
73.1133
73.1057
73.0972
73.0883
73.0788
73.0684
73.0572
73.045
73.0319
73.0177
73.0024
72.9858
72.968
72.9487
72.928
72.9057
72.8817
72.856
72.8284
72.7988
72.7672
72.7334
72.6974
72.659
72.6183
72.5751
72.5294
72.4811
72.4303
72.3768
72.3208
72.2622
72.2011
72.1376
72.0717
72.0037
71.9336
71.8615
71.7878
71.7125
71.6359
71.5583
71.4798
71.4008
71.3215
71.242
71.1628
71.0839
71.0056
70.9282
70.8517
70.7764
70.7025
70.63
70.5591
70.4898
70.4223
70.3565
70.2926
70.2307
70.1706
70.1126
70.0565
70.0025
69.9506
69.9009
69.8534
69.8078
69.7652
69.7228
69.6874
69.6427
73.3674
73.3607
73.3537
73.344
73.3332
73.3218
73.3097
73.2965
73.2823
73.2669
73.2504
73.2325
73.2133
73.1926
73.1703
73.1463
73.1206
73.0931
73.0635
73.0319
72.9981
72.9621
72.9237
72.8828
72.8395
72.7935
72.7449
72.6937
72.6397
72.583
72.5235
72.4614
72.3967
72.3294
72.2597
72.1876
72.1134
72.0372
71.9592
71.8795
71.7986
71.7165
71.6336
71.55
71.4662
71.3823
71.2986
71.2154
71.1329
71.0513
70.9709
70.8917
70.814
70.738
70.6636
70.5911
70.5205
70.4518
70.3852
70.3205
70.2579
70.1974
70.1389
70.0825
70.0281
69.9759
69.9258
69.8778
69.8321
69.7884
69.7474
69.7074
69.6727
69.6353
73.6344
73.6255
73.6161
73.6037
73.59
73.5755
73.56
73.5433
73.5253
73.5059
73.485
73.4626
73.4385
73.4126
73.3848
73.3551
73.3233
73.2893
73.2531
73.2144
73.1732
73.1295
73.0831
73.034
72.9821
72.9274
72.8698
72.8094
72.7461
72.68
72.6111
72.5395
72.4654
72.3888
72.3099
72.2289
72.1461
72.0615
71.9755
71.8884
71.8003
71.7117
71.6227
71.5337
71.445
71.3567
71.2693
71.1828
71.0977
71.014
70.9319
70.8516
70.7732
70.6968
70.6225
70.5504
70.4805
70.4127
70.3472
70.2839
70.2228
70.1638
70.107
70.0524
69.9998
69.9494
69.9011
69.8549
69.811
69.7691
69.7298
69.692
69.6583
69.6272
73.9251
73.9131
73.9007
73.8848
73.8673
73.8489
73.8292
73.808
73.7852
73.7608
73.7345
73.7064
73.6763
73.6441
73.6097
73.5729
73.5338
73.4921
73.4477
73.4007
73.3508
73.2981
73.2424
73.1838
73.1221
73.0575
72.9898
72.9192
72.8456
72.7692
72.6901
72.6084
72.5243
72.438
72.3497
72.2596
72.168
72.0752
71.9814
71.887
71.7923
71.6975
71.603
71.5091
71.416
71.3241
71.2335
71.1446
71.0574
70.9722
70.889
70.8082
70.7296
70.6534
70.5796
70.5083
70.4394
70.3729
70.3088
70.247
70.1876
70.1303
70.0753
70.0225
69.9718
69.9232
69.8767
69.8323
69.7901
69.7501
69.7124
69.6768
69.6441
69.6183
74.2393
74.2235
74.2071
74.1868
74.1645
74.1411
74.1162
74.0894
74.0606
74.0299
73.997
73.9619
73.9245
73.8846
73.8421
73.7969
73.7489
73.6981
73.6443
73.5874
73.5275
73.4644
73.3981
73.3287
73.256
73.1803
73.1015
73.0197
72.9351
72.8477
72.7578
72.6656
72.5712
72.475
72.3772
72.2781
72.178
72.0772
71.976
71.8749
71.774
71.6737
71.5744
71.4763
71.3797
71.2848
71.1918
71.101
71.0125
70.9264
70.8429
70.762
70.6838
70.6083
70.5354
70.4652
70.3977
70.3327
70.2702
70.2102
70.1525
70.0971
70.044
69.993
69.9442
69.8974
69.8528
69.8102
69.7697
69.7314
69.6953
69.6618
69.6301
69.6087
74.5766
74.556
74.5344
74.5085
74.4803
74.4507
74.4191
74.3854
74.3493
74.3108
74.2698
74.2262
74.1799
74.1307
74.0786
74.0234
73.965
73.9035
73.8387
73.7705
73.6991
73.6242
73.5461
73.4646
73.38
73.2922
73.2014
73.1077
73.0114
72.9126
72.8116
72.7087
72.604
72.498
72.3909
72.2831
72.175
72.0668
71.9589
71.8517
71.7454
71.6405
71.5371
71.4357
71.3363
71.2392
71.1447
71.0528
70.9637
70.8774
70.7941
70.7137
70.6363
70.5619
70.4903
70.4216
70.3557
70.2924
70.2317
70.1736
70.1178
70.0644
70.0131
69.9641
69.9171
69.8722
69.8294
69.7886
69.7498
69.7132
69.6787
69.6471
69.6164
69.5986
74.9359
74.909
74.8808
74.848
74.8124
74.775
74.7353
74.6929
74.6479
74.6
74.5492
74.4954
74.4385
74.3783
74.3148
74.2479
74.1775
74.1037
74.0263
73.9454
73.8611
73.7732
73.682
73.5876
73.49
73.3894
73.286
73.18
73.0717
72.9614
72.8493
72.7357
72.621
72.5056
72.3898
72.274
72.1585
72.0437
71.9299
71.8175
71.7069
71.5982
71.4917
71.3878
71.2865
71.1882
71.0928
71.0006
70.9115
70.8257
70.7432
70.6638
70.5877
70.5147
70.4448
70.3778
70.3137
70.2524
70.1937
70.1375
70.0837
70.0322
69.983
69.9359
69.8908
69.8477
69.8066
69.7675
69.7304
69.6955
69.6624
69.6327
69.603
69.5882
75.3148
75.28
75.2436
75.2021
75.1574
75.1104
75.0606
75.0079
74.9519
74.8928
74.8303
74.7644
74.695
74.6219
74.5453
74.465
74.381
74.2933
74.2019
74.107
74.0085
73.9066
73.8015
73.6932
73.582
73.4682
73.352
73.2336
73.1134
72.9917
72.8688
72.7452
72.6212
72.4971
72.3734
72.2504
72.1285
72.0081
71.8895
71.773
71.6589
71.5474
71.4389
71.3334
71.2312
71.1324
71.037
70.9451
70.8568
70.772
70.6907
70.6129
70.5384
70.4672
70.3992
70.3342
70.2721
70.2128
70.1562
70.1021
70.0504
70.0009
69.9536
69.9084
69.8652
69.824
69.7846
69.7472
69.7117
69.6783
69.6467
69.6186
69.5899
69.5776
75.7097
75.665
75.6183
75.566
75.5102
75.4515
75.3897
75.3244
75.2555
75.183
75.1068
75.0268
74.943
74.8553
74.7637
74.6684
74.5692
74.4663
74.3597
74.2496
74.1361
74.0195
73.8998
73.7774
73.6525
73.5255
73.3965
73.2661
73.1344
73.002
72.8692
72.7363
72.6038
72.4721
72.3416
72.2126
72.0855
71.9606
71.8382
71.7187
71.6023
71.4892
71.3795
71.2735
71.1712
71.0727
70.978
70.8871
70.8001
70.7169
70.6373
70.5613
70.4889
70.4198
70.3539
70.2911
70.2312
70.1741
70.1196
70.0676
70.0179
69.9705
69.9252
69.8819
69.8405
69.801
69.7633
69.7275
69.6935
69.6617
69.6314
69.6049
69.5772
69.5669
76.1149
76.0581
75.9987
75.9333
75.864
75.7914
75.7152
75.6351
75.551
75.463
75.371
75.275
75.1749
75.0709
74.9629
74.8511
74.7355
74.6163
74.4937
74.3678
74.2389
74.1072
73.973
73.8366
73.6983
73.5585
73.4175
73.2757
73.1336
72.9914
72.8496
72.7087
72.569
72.431
72.2949
72.1611
72.0301
71.902
71.7772
71.6559
71.5383
71.4245
71.3147
71.209
71.1074
71.01
70.9166
70.8274
70.7422
70.661
70.5835
70.5098
70.4396
70.3727
70.3092
70.2487
70.1911
70.1362
70.0839
70.0341
69.9865
69.9411
69.8977
69.8563
69.8167
69.7789
69.7428
69.7086
69.6761
69.6457
69.6167
69.5917
69.5649
69.5564
76.5225
76.4509
76.3761
76.2951
76.2098
76.1208
76.0278
75.9306
75.8292
75.7236
75.6139
75.5001
75.3822
75.2604
75.1349
75.0057
74.873
74.7371
74.5981
74.4564
74.3122
74.1658
74.0176
73.8679
73.717
73.5655
73.4135
73.2616
73.1102
72.9597
72.8105
72.6629
72.5175
72.3745
72.2343
72.0972
71.9636
71.8336
71.7075
71.5856
71.4678
71.3544
71.2454
71.1409
71.0408
70.9451
70.8537
70.7667
70.6837
70.6048
70.5298
70.4585
70.3908
70.3265
70.2654
70.2073
70.152
70.0994
70.0494
70.0017
69.9562
69.9127
69.8713
69.8316
69.7938
69.7576
69.7231
69.6904
69.6593
69.6303
69.6025
69.5789
69.5529
69.546
76.9215
76.8322
76.7391
76.6399
76.536
76.4281
76.316
76.1996
76.0789
75.954
75.8251
75.6922
75.5556
75.4153
75.2717
75.1248
74.975
74.8226
74.6677
74.5108
74.3522
74.1922
74.0311
73.8694
73.7074
73.5455
73.3842
73.2238
73.0648
72.9075
72.7524
72.5999
72.4503
72.3039
72.1611
72.0222
71.8873
71.7567
71.6306
71.5091
71.3923
71.2802
71.1728
71.0702
70.9722
70.8789
70.79
70.7055
70.6252
70.549
70.4767
70.4081
70.343
70.2812
70.2226
70.167
70.1141
70.0639
70.016
69.9704
69.927
69.8855
69.8458
69.808
69.7718
69.7372
69.7043
69.673
69.6432
69.6155
69.5889
69.5666
69.5413
69.5359
77.2974
77.1876
77.0734
76.9533
76.8285
76.6995
76.5664
76.4291
76.2878
76.1425
75.9936
75.8413
75.6856
75.527
75.3656
75.2018
75.0358
74.868
74.6986
74.528
74.3565
74.1845
74.0124
73.8405
73.6692
73.4989
73.3301
73.1631
72.9983
72.8362
72.677
72.5212
72.3691
72.2209
72.077
71.9376
71.8028
71.6729
71.5479
71.4279
71.3129
71.2029
71.0979
70.9979
70.9026
70.8121
70.7261
70.6445
70.5672
70.4939
70.4244
70.3586
70.2963
70.2372
70.1812
70.128
70.0776
70.0296
69.9839
69.9404
69.899
69.8594
69.8215
69.7854
69.7508
69.7177
69.6862
69.6563
69.6278
69.6013
69.5758
69.5547
69.5302
69.526
77.6319
77.4989
77.3612
77.2181
77.0705
76.9191
76.7639
76.605
76.4426
76.277
76.1084
75.9372
75.7636
75.5879
75.4104
75.2314
75.0511
74.87
74.6882
74.5062
74.3241
74.1425
73.9616
73.7818
73.6035
73.4271
73.2528
73.0813
72.9127
72.7476
72.5861
72.4288
72.2758
72.1274
71.9838
71.8452
71.7118
71.5836
71.4607
71.3431
71.2308
71.1237
71.0217
70.9248
70.8327
70.7454
70.6626
70.5842
70.51
70.4398
70.3733
70.3104
70.2509
70.1946
70.1411
70.0905
70.0424
69.9966
69.9531
69.9117
69.8721
69.8344
69.7983
69.7637
69.7307
69.6991
69.669
69.6403
69.613
69.5878
69.5633
69.5434
69.5195
69.5165
77.9027
77.7447
77.582
77.4147
77.2437
77.0696
76.8925
76.7126
76.5302
76.3457
76.1594
75.9715
75.7824
75.5924
75.4016
75.2103
75.0189
74.8275
74.6363
74.4458
74.2561
74.0676
73.8806
73.6955
73.5125
73.3321
73.1547
72.9806
72.8103
72.644
72.482
72.3248
72.1724
72.0252
71.8833
71.7468
71.6159
71.4904
71.3705
71.2561
71.1471
71.0435
70.945
70.8516
70.7631
70.6793
70.6
70.525
70.4541
70.3871
70.3237
70.2638
70.2071
70.1534
70.1026
70.0544
70.0086
69.9651
69.9237
69.8842
69.8466
69.8105
69.7761
69.7431
69.7116
69.6814
69.6525
69.6251
69.599
69.5748
69.5513
69.5325
69.5092
69.5074
78.0841
77.9007
77.7131
77.522
77.3287
77.1334
76.9365
76.7383
76.539
76.3391
76.1388
75.9383
75.7378
75.5376
75.3377
75.1384
74.9397
74.7418
74.545
74.3494
74.1552
73.9628
73.7724
73.5844
73.3992
73.2172
73.0386
72.864
72.6937
72.528
72.3671
72.2115
72.0612
71.9165
71.7774
71.6441
71.5165
71.3947
71.2785
71.168
71.0629
70.9632
70.8687
70.7792
70.6945
70.6144
70.5387
70.4673
70.3997
70.336
70.2757
70.2188
70.1649
70.1139
70.0656
70.0198
69.9763
69.935
69.8956
69.858
69.8222
69.7879
69.755
69.7235
69.6934
69.6645
69.6369
69.6107
69.5856
69.5625
69.5398
69.5221
69.4993
69.4985
78.1478
77.941
77.731
77.5191
77.3068
77.0946
76.8827
76.6713
76.4606
76.2511
76.0426
75.8354
75.6293
75.4245
75.2209
75.0184
74.8171
74.6171
74.4183
74.2211
74.0256
73.8321
73.641
73.4525
73.2673
73.0856
72.9078
72.7344
72.5657
72.4021
72.2439
72.0911
71.9442
71.803
71.6678
71.5386
71.4152
71.2977
71.1859
71.0797
70.979
70.8836
70.7933
70.7079
70.6273
70.5511
70.4791
70.4112
70.3471
70.2866
70.2295
70.1755
70.1244
70.0761
70.0303
69.9868
69.9455
69.9063
69.8688
69.8331
69.799
69.7663
69.7349
69.7049
69.6761
69.6485
69.622
69.5969
69.5728
69.5508
69.5289
69.5122
69.4899
69.4901
78.0653
77.8402
77.6136
77.387
77.1625
76.9408
76.7216
76.5052
76.2914
76.0804
75.8719
75.6655
75.4611
75.2584
75.057
74.8568
74.6576
74.4595
74.2625
74.0668
73.8728
73.6806
73.4909
73.304
73.1205
72.9408
72.7654
72.5948
72.4292
72.269
72.1145
71.9659
71.8233
71.6867
71.5562
71.4317
71.3132
71.2005
71.0936
70.9922
70.8962
70.8053
70.7195
70.6384
70.5618
70.4896
70.4215
70.3572
70.2965
70.2392
70.1851
70.134
70.0857
70.0399
69.9966
69.9554
69.9162
69.8789
69.8434
69.8094
69.7769
69.7458
69.7159
69.6872
69.6597
69.6333
69.6079
69.5838
69.5607
69.5396
69.5185
69.5027
69.4808
69.482
77.8103
77.576
77.3429
77.1115
76.8854
76.6653
76.4504
76.2403
76.0346
75.8327
75.6339
75.4375
75.2427
75.049
74.8559
74.663
74.4701
74.2774
74.085
73.8933
73.7027
73.5137
73.327
73.1431
72.9627
72.7864
72.6147
72.4479
72.2866
72.131
71.9813
71.8377
71.7002
71.569
71.4438
71.3247
71.2116
71.1042
71.0024
70.9061
70.815
70.7289
70.6476
70.5709
70.4985
70.4303
70.3659
70.3052
70.2479
70.1938
70.1427
70.0945
70.0488
70.0055
69.9645
69.9255
69.8884
69.853
69.8193
69.787
69.756
69.7264
69.6979
69.6705
69.6441
69.6188
69.5945
69.5714
69.5492
69.529
69.5086
69.4937
69.4722
69.4742
77.361
77.1314
76.9066
76.6852
76.4726
76.2696
76.0743
75.8852
75.7012
75.5209
75.3428
75.1658
74.9885
74.8102
74.6303
74.4485
74.2649
74.0798
73.8937
73.7072
73.5212
73.3363
73.1536
72.9737
72.7974
72.6254
72.4583
72.2964
72.1403
71.9901
71.8461
71.7082
71.5766
71.4513
71.332
71.2188
71.1113
71.0095
70.9132
70.8221
70.736
70.6548
70.5781
70.5058
70.4376
70.3732
70.3126
70.2554
70.2014
70.1505
70.1023
70.0568
70.0137
69.9728
69.934
69.8971
69.8619
69.8284
69.7964
69.7657
69.7362
69.708
69.6808
69.6546
69.6293
69.6051
69.5818
69.5596
69.5383
69.5189
69.4992
69.4851
69.464
69.4668
76.7095
76.5032
76.3068
76.1152
75.936
75.7698
75.6131
75.4624
75.3154
75.1698
75.0231
74.8736
74.7199
74.5612
74.3973
74.2283
74.0548
73.8776
73.6979
73.5167
73.3352
73.1547
72.9762
72.8007
72.6291
72.462
72.3002
72.1439
71.9936
71.8495
71.7117
71.5801
71.4549
71.3358
71.2228
71.1156
71.014
70.918
70.8271
70.7413
70.6602
70.5838
70.5116
70.4436
70.3795
70.319
70.262
70.2082
70.1574
70.1095
70.0641
70.0212
69.9805
69.9419
69.9052
69.8703
69.837
69.8052
69.7748
69.7456
69.7176
69.6906
69.6646
69.6396
69.6154
69.5922
69.5698
69.5485
69.5279
69.5093
69.4903
69.477
69.4562
69.4597
75.9029
75.7404
75.5948
75.4553
75.3314
75.2232
75.1239
75.0278
74.9306
74.8289
74.7198
74.6014
74.4725
74.3332
74.1839
74.0257
73.8602
73.689
73.5139
73.3366
73.1588
72.9819
72.8073
72.636
72.4689
72.3069
72.1504
71.9999
71.8555
71.7176
71.586
71.4607
71.3417
71.2288
71.1218
71.0204
70.9245
70.8339
70.7482
70.6673
70.591
70.519
70.451
70.387
70.3266
70.2697
70.216
70.1653
70.1174
70.0722
70.0293
69.9888
69.9503
69.9138
69.879
69.8459
69.8143
69.784
69.755
69.7272
69.7004
69.6746
69.6498
69.6257
69.6025
69.5802
69.5586
69.5381
69.5182
69.5003
69.4818
69.4693
69.4489
69.453
75.0305
74.9291
74.854
74.7861
74.7366
74.7033
74.6751
74.6427
74.6007
74.5447
74.4721
74.3815
74.2731
74.1481
74.0085
73.8567
73.6953
73.5268
73.3538
73.1784
73.0027
72.8283
72.6567
72.489
72.3261
72.1687
72.0172
71.872
71.7332
71.6009
71.4751
71.3556
71.2422
71.1349
71.0333
70.9371
70.8462
70.7604
70.6793
70.6027
70.5305
70.4623
70.3981
70.3375
70.2804
70.2265
70.1756
70.1276
70.0823
70.0393
69.9987
69.9602
69.9236
69.8888
69.8557
69.8242
69.794
69.7651
69.7373
69.7107
69.685
69.6602
69.6363
69.6131
69.5907
69.5692
69.5483
69.5285
69.5092
69.492
69.474
69.462
69.4419
69.4466
74.1356
74.1103
74.1244
74.1474
74.1895
74.2448
74.2963
74.3315
74.3438
74.3296
74.2873
74.2175
74.1224
74.0051
73.8694
73.7191
73.5578
73.3891
73.2159
73.0408
72.866
72.6933
72.5241
72.3595
72.2002
72.047
71.9
71.7596
71.6258
71.4987
71.378
71.2636
71.1554
71.0529
70.9561
70.8645
70.778
70.6963
70.6192
70.5464
70.4777
70.4129
70.3518
70.2942
70.2399
70.1886
70.1403
70.0945
70.0513
70.0104
69.9716
69.9349
69.8999
69.8667
69.835
69.8047
69.7758
69.748
69.7214
69.6957
69.671
69.6471
69.624
69.6016
69.5799
69.559
69.5388
69.5196
69.5009
69.4842
69.4666
69.4552
69.4353
69.4405
73.2415
73.3062
73.4293
73.5627
73.7125
73.8662
74.0009
74.1017
74.1626
74.182
74.1612
74.1035
74.0139
73.8977
73.7606
73.6077
73.4437
73.2725
73.0976
72.9218
72.7471
72.5755
72.4082
72.2462
72.0902
71.9405
71.7976
71.6615
71.5322
71.4096
71.2935
71.1836
71.0798
70.9817
70.889
70.8014
70.7187
70.6406
70.5669
70.4973
70.4317
70.3698
70.3114
70.2564
70.2044
70.1554
70.1091
70.0654
70.024
69.9848
69.9477
69.9124
69.8789
69.8469
69.8165
69.7874
69.7595
69.7327
69.707
69.6822
69.6583
69.6351
69.6127
69.591
69.57
69.5497
69.53
69.5113
69.4931
69.4769
69.4596
69.4488
69.4291
69.4348
72.3594
72.5281
72.7822
73.0469
73.318
73.5751
73.791
73.9505
74.0504
74.0931
74.0839
74.0297
73.9385
73.8181
73.6757
73.5174
73.3486
73.1737
72.9962
72.819
72.6441
72.4732
72.3074
72.1476
71.9944
71.848
71.7086
71.5763
71.4509
71.3323
71.2201
71.1142
71.0142
70.9198
70.8307
70.7465
70.6671
70.5921
70.5213
70.4545
70.3915
70.3321
70.276
70.2232
70.1733
70.1262
70.0817
70.0397
69.9999
69.9622
69.9264
69.8924
69.8601
69.8293
69.7998
69.7717
69.7447
69.7188
69.6939
69.6699
69.6467
69.6242
69.6024
69.5813
69.5608
69.541
69.5218
69.5036
69.4858
69.47
69.4531
69.4427
69.4232
69.4293
71.4932
71.7807
72.1913
72.6091
73.0108
73.37
73.6601
73.8679
73.995
74.0501
74.0434
73.9856
73.8876
73.7592
73.6088
73.4435
73.269
73.0897
72.9093
72.7304
72.555
72.3845
72.22
72.0621
71.9113
71.7678
71.6315
71.5025
71.3805
71.2653
71.1566
71.054
70.9573
70.8661
70.78
70.6988
70.6221
70.5498
70.4815
70.4171
70.3563
70.299
70.2449
70.1939
70.1458
70.1004
70.0574
70.0168
69.9784
69.942
69.9074
69.8745
69.8432
69.8134
69.7849
69.7576
69.7314
69.7063
69.682
69.6587
69.6361
69.6142
69.5929
69.5723
69.5524
69.533
69.5143
69.4964
69.479
69.4636
69.447
69.437
69.4176
69.4241
70.6444
71.0658
71.6613
72.2536
72.7886
73.2427
73.5962
73.8398
73.9825
74.0404
74.0288
73.9621
73.8537
73.715
73.5554
73.3824
73.2018
73.0181
72.8346
72.654
72.478
72.3079
72.1444
71.9882
71.8395
71.6984
71.5648
71.4386
71.3195
71.2072
71.1015
71.0018
70.9079
70.8194
70.736
70.6573
70.583
70.5129
70.4467
70.3843
70.3254
70.2699
70.2176
70.1682
70.1215
70.0775
70.0359
69.9965
69.9593
69.9239
69.8904
69.8584
69.8281
69.7991
69.7713
69.7448
69.7193
69.6948
69.6712
69.6484
69.6263
69.605
69.5842
69.5641
69.5445
69.5256
69.5072
69.4897
69.4726
69.4575
69.4412
69.4316
69.4124
69.4192
69.8162
70.384
71.1958
71.9808
72.6434
73.1806
73.5851
73.8517
73.9995
74.0527
74.0309
73.9519
73.8312
73.6814
73.5122
73.3314
73.1448
72.9568
72.7705
72.5883
72.4117
72.2417
72.0792
71.9244
71.7774
71.6384
71.5071
71.3833
71.2667
71.1569
71.0537
70.9565
70.865
70.7788
70.6976
70.621
70.5487
70.4805
70.4162
70.3555
70.2983
70.2443
70.1934
70.1453
70.1
70.0572
70.0167
69.9784
69.9421
69.9077
69.8751
69.844
69.8144
69.7861
69.759
69.7331
69.7083
69.6843
69.6613
69.639
69.6174
69.5965
69.5761
69.5564
69.5372
69.5186
69.5006
69.4835
69.4666
69.4519
69.4358
69.4264
69.4074
69.4145
69.0167
69.7345
70.7976
71.7864
72.5627
73.1697
73.6121
73.8901
74.0349
74.078
74.0429
73.9499
73.8163
73.6552
73.4767
73.2885
73.0964
72.9044
72.7154
72.5317
72.3545
72.1847
72.0229
71.8692
71.7238
71.5865
71.4571
71.3354
71.2209
71.1133
71.0121
70.9171
70.8276
70.7434
70.6641
70.5893
70.5187
70.4522
70.3894
70.3301
70.2743
70.2216
70.1719
70.125
70.0808
70.039
69.9995
69.9622
69.9268
69.8932
69.8613
69.8309
69.8019
69.7743
69.7479
69.7225
69.6982
69.6747
69.6521
69.6303
69.6091
69.5886
69.5687
69.5493
69.5304
69.5122
69.4944
69.4776
69.461
69.4465
69.4307
69.4216
69.4027
69.41
68.258
69.1158
70.4691
71.6616
72.5326
73.1963
73.6642
73.944
74.0803
74.1101
74.06
73.9526
73.8062
73.6343
73.4471
73.2522
73.0549
72.8593
72.668
72.4829
72.3052
72.1355
71.9742
71.8216
71.6774
71.5416
71.4138
71.2938
71.1811
71.0753
70.976
70.8827
70.795
70.7124
70.6347
70.5614
70.4923
70.4271
70.3657
70.3077
70.253
70.2014
70.1528
70.1069
70.0636
70.0228
69.9841
69.9475
69.9129
69.88
69.8487
69.819
69.7906
69.7636
69.7376
69.7128
69.6889
69.6659
69.6437
69.6223
69.6015
69.5813
69.5617
69.5426
69.5241
69.5061
69.4887
69.4721
69.4558
69.4415
69.4259
69.417
69.3983
69.4058
67.5522
68.5267
70.2108
71.5929
72.5396
73.2484
73.7305
74.0054
74.1297
74.1446
74.0792
73.9578
73.7993
73.6174
73.4223
73.2212
73.0195
72.8207
72.6273
72.4409
72.2626
72.093
71.9322
71.7803
71.6372
71.5027
71.3763
71.2577
71.1465
71.0422
70.9444
70.8526
70.7663
70.6852
70.6088
70.5369
70.469
70.405
70.3446
70.2877
70.234
70.1834
70.1357
70.0907
70.0482
70.0081
69.9702
69.9343
69.9003
69.868
69.8374
69.8082
69.7803
69.7537
69.7283
69.7039
69.6804
69.6578
69.636
69.6149
69.5944
69.5745
69.5552
69.5365
69.5182
69.5005
69.4833
69.4669
69.4508
69.4368
69.4214
69.4127
69.3941
69.4018
66.9032
67.972
70.0225
71.5669
72.5726
73.3155
73.8029
74.0686
74.1792
74.1787
74.0984
73.9639
73.7944
73.6035
73.4013
73.1948
72.989
72.7874
72.5921
72.4047
72.2259
72.0562
71.8958
71.7446
71.6024
71.4688
71.3436
71.2262
71.1163
71.0133
70.9167
70.8262
70.7412
70.6612
70.586
70.5152
70.4483
70.3853
70.3259
70.2699
70.2171
70.1673
70.1204
70.0761
70.0343
69.9949
69.9576
69.9223
69.8889
69.8572
69.827
69.7983
69.7709
69.7447
69.7197
69.6956
69.6725
69.6503
69.6288
69.608
69.5878
69.5682
69.5492
69.5307
69.5127
69.4952
69.4782
69.4621
69.4462
69.4323
69.4171
69.4086
69.3902
69.398
66.3002
67.4576
69.8917
71.5684
72.6229
73.3898
73.8757
74.13
74.2263
74.2109
74.1168
73.9703
73.7907
73.5919
73.3834
73.1721
72.9628
72.7587
72.5618
72.3733
72.1941
72.0244
71.8642
71.7136
71.572
71.4393
71.315
71.1987
71.0898
70.9879
70.8924
70.8029
70.719
70.64
70.5658
70.4959
70.4299
70.3678
70.3092
70.2539
70.2019
70.1528
70.1065
70.0629
70.0218
69.9829
69.9462
69.9114
69.8785
69.8472
69.8175
69.7892
69.7622
69.7364
69.7117
69.688
69.6652
69.6433
69.6221
69.6016
69.5817
69.5624
69.5436
69.5253
69.5075
69.4903
69.4734
69.4575
69.4418
69.4282
69.4131
69.4048
69.3865
69.3944
65.7188
67.0319
69.8195
71.5885
72.6825
73.4652
73.9454
74.1874
74.2697
74.2403
74.1336
73.9763
73.788
73.5821
73.3681
73.1526
72.9403
72.7339
72.5355
72.3462
72.1665
71.9967
71.8368
71.6865
71.5455
71.4135
71.29
71.1745
71.0665
70.9655
70.8709
70.7823
70.6993
70.6212
70.5478
70.4786
70.4135
70.3521
70.2942
70.2396
70.1881
70.1397
70.094
70.051
70.0103
69.972
69.9357
69.9014
69.8689
69.8381
69.8087
69.7808
69.7542
69.7287
69.7044
69.681
69.6585
69.6368
69.6159
69.5956
69.576
69.5569
69.5383
69.5202
69.5026
69.4856
69.469
69.4532
69.4377
69.4242
69.4092
69.4011
69.383
69.391
65.036
66.6612
69.7728
71.6227
72.7478
73.5375
74.0098
74.2397
74.3088
74.2666
74.1486
73.9818
73.7857
73.5737
73.3549
73.1357
72.9207
72.7125
72.5127
72.3226
72.1425
71.9726
71.8128
71.6628
71.5223
71.3909
71.268
71.1532
71.0459
70.9457
70.8519
70.7641
70.6817
70.6044
70.5317
70.4632
70.3987
70.3379
70.2806
70.2266
70.1757
70.1278
70.0826
70.0401
69.9999
69.962
69.9262
69.8923
69.8602
69.8297
69.8007
69.7731
69.7468
69.7216
69.6976
69.6744
69.6522
69.6308
69.6101
69.5901
69.5706
69.5517
69.5334
69.5155
69.4981
69.4812
69.4648
69.4492
69.4338
69.4205
69.4057
69.3977
69.3796
69.3878
64.4209
66.5456
69.7445
71.6541
72.8121
73.6045
74.0679
74.2863
74.3433
74.2897
74.1618
73.9867
73.7838
73.5664
73.3435
73.1212
72.9038
72.6938
72.4929
72.3021
72.1216
71.9516
71.7918
71.6421
71.502
71.371
71.2486
71.1344
71.0277
70.9281
70.8349
70.7478
70.6661
70.5894
70.5172
70.4494
70.3854
70.3252
70.2684
70.2149
70.1645
70.117
70.0723
70.0301
69.9904
69.9529
69.9174
69.8839
69.8521
69.8219
69.7933
69.766
69.7399
69.7151
69.6912
69.6684
69.6464
69.6252
69.6047
69.5849
69.5656
69.5469
69.5288
69.5111
69.4938
69.4771
69.4608
69.4454
69.4301
69.4169
69.4023
69.3944
69.3765
69.3847
)
;

boundaryField
{
    inlet
    {
        type            freestreamPressure;
        value           nonuniform List<scalar> 
230
(
67.0068
67.0088
67.0119
67.016
67.0202
67.0245
67.029
67.0337
67.0387
67.044
67.0496
67.0555
67.0617
67.0682
67.0751
67.0824
67.0901
67.0982
67.1068
67.1159
67.1255
67.1356
67.1463
67.1576
67.1696
67.1823
67.1957
67.2099
67.2249
67.2407
67.2575
67.2753
67.2941
67.314
67.335
67.3572
67.3806
67.4054
67.4315
67.459
67.4879
67.5183
67.5503
67.5838
67.6188
67.6554
67.6935
67.7332
67.7743
67.8168
67.8606
67.9056
67.9516
67.9986
68.0462
68.0942
68.1425
68.1908
68.2387
68.2859
68.3322
68.3771
68.4203
68.4615
68.5001
68.5359
68.5684
68.5973
68.622
68.6424
68.6576
68.6692
68.6715
68.6868
68.6493
68.2421
67.8903
67.5926
67.3467
67.1476
66.9892
66.8658
66.7723
66.704
66.6566
66.6266
66.6109
66.6069
66.6119
66.6238
66.6406
66.6605
66.682
66.7041
66.726
66.7474
66.768
66.788
66.8071
66.8254
66.8427
66.8591
66.8745
66.889
66.9027
66.9155
66.9275
66.9388
66.9494
66.9593
66.9687
66.9774
66.9857
66.9935
67.0011
69.0971
69.5177
69.8937
70.2214
70.5029
70.742
70.9433
71.1115
71.2512
71.3668
71.4618
71.5395
71.6028
71.6541
71.6953
71.7282
71.7543
71.7746
71.7903
71.8022
71.8109
71.817
71.8213
71.8238
71.8251
71.8254
71.8249
71.8238
71.8222
71.8203
71.8181
71.8158
71.8134
71.811
71.8085
71.806
71.8035
71.8011
71.7988
71.7965
71.7944
71.7925
71.7914
71.7903
71.789
71.7877
71.7862
71.7846
71.7829
71.7811
71.7791
71.777
71.7747
71.7723
71.7696
71.7667
71.7636
71.7602
71.7565
71.7526
71.7483
71.7436
71.7385
71.733
71.727
71.7205
71.7135
71.7058
71.6974
71.6883
71.6785
71.6677
71.656
71.6433
71.6295
71.6145
71.5982
71.5805
71.5614
71.5406
71.5181
71.4939
71.4677
71.4395
71.4091
71.3766
71.3417
71.3044
71.2647
71.2224
71.1777
71.1304
71.0807
71.0285
70.9739
70.9172
70.8584
70.7977
70.7354
70.6716
70.6068
70.5412
70.4751
70.4089
70.3429
70.2775
70.2129
70.1497
70.088
70.0283
69.971
69.9166
69.865
69.8198
69.7716
)
;
    }
    outlet
    {
        type            freestreamPressure;
        value           nonuniform List<scalar> 
96
(
69.3817
69.3787
69.3754
69.3719
69.3682
69.3643
69.3602
69.3558
69.3511
69.3462
69.3409
69.3354
69.3295
69.3233
69.3168
69.3099
69.3026
69.295
69.287
69.2787
69.2701
69.2613
69.2522
69.243
69.2339
69.225
69.2168
69.2097
69.2047
69.2034
69.2077
69.2168
69.2218
69.2017
69.1345
69.0185
68.8871
68.7897
68.7513
68.757
68.7742
68.7805
68.7727
68.7571
68.7402
68.7225
68.7096
68.6868
69.7716
69.7638
69.7491
69.7319
69.7145
69.6982
69.6843
69.6729
69.6639
69.6564
69.6496
69.6427
69.6353
69.6272
69.6183
69.6087
69.5986
69.5882
69.5776
69.5669
69.5564
69.546
69.5359
69.526
69.5165
69.5074
69.4985
69.4901
69.482
69.4742
69.4668
69.4597
69.453
69.4466
69.4405
69.4348
69.4293
69.4241
69.4192
69.4145
69.41
69.4058
69.4018
69.398
69.3944
69.391
69.3878
69.3847
)
;
    }
    walls
    {
        type            zeroGradient;
    }
    frontAndBack
    {
        type            empty;
    }
}


// ************************************************************************* //
