/*--------------------------------*- C++ -*----------------------------------*\
| =========                 |                                                 |
| \\      /  F ield         | OpenFOAM: The Open Source CFD Toolbox           |
|  \\    /   O peration     | Version:  5.x                                   |
|   \\  /    A nd           | Web:      www.OpenFOAM.org                      |
|    \\/     M anipulation  |                                                 |
\*---------------------------------------------------------------------------*/
FoamFile
{
    version     2.0;
    format      ascii;
    class       volVectorField;
    location    "400";
    object      wallShearStress;
}
// * * * * * * * * * * * * * * * * * * * * * * * * * * * * * * * * * * * * * //

dimensions      [0 2 -2 0 0 0 0];

internalField   uniform (0 0 0);

boundaryField
{
    inlet
    {
        type            calculated;
        value           uniform (0 0 0);
    }
    outlet
    {
        type            calculated;
        value           uniform (0 0 0);
    }
    walls
    {
        type            calculated;
        value           nonuniform List<vector> 
164
(
(-622.671 -963.399 4.81482e-35)
(-1106.35 -852.645 -1.91462e-15)
(-1613.94 -656.162 -7.50617e-16)
(-1446.25 -485.031 2.13336e-15)
(-1352.39 -379.29 5.26701e-21)
(-1228.95 -297.512 1.45356e-15)
(-1106.55 -235.899 1.69653e-15)
(-1000.81 -190.671 -1.9214e-15)
(-910.334 -156.633 1.15074e-32)
(-832.76 -130.276 2.30904e-15)
(-765.153 -109.519 -2.52212e-15)
(-707.136 -92.878 -2.61051e-15)
(-654.975 -79.228 2.19329e-20)
(-614.289 -68.5341 -2.81746e-15)
(-576.888 -59.4381 3.11855e-15)
(-551.361 -52.5621 3.02277e-15)
(-526.292 -46.344 -3.14063e-15)
(-505.29 -41.1306 3.18026e-15)
(-487.285 -36.5842 3.14067e-15)
(-468.151 -32.3828 -3.29618e-15)
(-454.772 -28.9237 3.1743e-15)
(-439.014 -25.573 6.40604e-21)
(-427.088 -22.7343 1.78682e-20)
(-415.888 -20.1214 -1.21306e-20)
(-404.446 -17.6987 -6.44264e-15)
(-396.249 -15.5773 3.09051e-15)
(-386.397 -13.5271 -1.50463e-36)
(-378.026 -11.6791 1.52214e-15)
(-370.697 -9.97281 -1.51188e-15)
(-363.763 -8.38045 7.52316e-36)
(-357.125 -6.8949 -1.10438e-20)
(-349.748 -5.47759 1.08445e-20)
(-343.948 -4.18521 9.76453e-21)
(-339.009 -2.9557 -2.06522e-20)
(-333.104 -1.80531 -6.59119e-16)
(-328.769 -0.713009 -1.45291e-35)
(-323.78 0.308443 7.78796e-17)
(-319.362 1.28596 -6.09915e-16)
(-315.106 2.19676 5.8883e-16)
(-312.084 3.087 -1.1364e-15)
(-308.755 3.91264 1.80556e-35)
(-305.496 4.70977 4.23081e-15)
(-288.243 5.13148 1.6551e-35)
(-285.609 5.69765 -1.14199e-20)
(-281.281 6.16408 -2.82303e-15)
(-279.127 6.65692 5.3527e-21)
(-275.878 7.08696 -5.31993e-21)
(-272.707 7.48482 -2.80245e-15)
(-269.721 7.86767 5.59731e-15)
(-266.946 8.21619 2.7959e-15)
(-264.196 8.55951 5.33747e-21)
(-261.52 8.86134 -2.78891e-15)
(-258.951 9.16716 2.78408e-15)
(-256.239 9.42859 -5.31963e-21)
(-253.785 9.70113 -1.88653e-23)
(-250.454 9.90372 -1.88064e-23)
(-248.185 10.1446 5.31641e-21)
(-247.081 10.4102 1.80556e-35)
(-243.801 10.5798 5.54676e-15)
(-242.784 10.8327 5.2439e-21)
(-240.473 11.0234 -5.44261e-15)
(-238.708 11.257 5.45281e-15)
(-236.094 11.4666 -5.43228e-15)
(-234.402 11.7004 1.08268e-14)
(-231.661 11.8883 -5.40534e-15)
(-229.352 12.0757 5.39002e-15)
(-226.289 12.2298 -1.20371e-35)
(-223.928 12.4004 -2.57917e-21)
(-221.79 12.5876 -9.46333e-24)
(-220.053 12.7933 5.26993e-15)
(-215.986 12.854 1.00594e-23)
(-213.636 13.0182 -2.55288e-21)
(-210.889 13.1501 -1.05692e-14)
(-207.243 13.2218 1.27466e-21)
(-203.267 13.2675 -1.08478e-14)
(-200.013 13.3583 3.80853e-31)
(-195.602 13.3637 2.15531e-14)
(-190.592 13.3225 6.4749e-22)
(-185.802 13.2842 -1.10318e-14)
(-178.3 13.0509 1.0947e-14)
(-181.824 13.5638 -1.11123e-14)
(0.611626 0.854304 1.85318e-14)
(529.7 -995.292 -7.70372e-34)
(-277.895 179.672 -1.22006e-14)
(-521.336 227.04 -1.92593e-34)
(-623.066 209.644 -1.69452e-32)
(-639.81 177.937 -1.50319e-31)
(-636.463 152.137 5.76708e-15)
(-640.178 134.153 2.17823e-20)
(-632.073 117.925 -7.34684e-40)
(-614.834 103.243 -3.44706e-20)
(-595.306 90.5985 -5.45629e-15)
(-574.513 79.741 -2.10935e-20)
(-559.642 71.042 -5.28922e-15)
(-541.538 63.1057 2.08673e-20)
(-530.68 56.8336 -1.93909e-20)
(-514.335 50.6928 -5.33732e-15)
(-503.676 45.7457 5.00773e-15)
(-490.183 40.9625 -1.92402e-20)
(-477.91 36.7566 4.96867e-15)
(-467.431 32.9999 -1.81657e-20)
(-454.172 29.3926 6.00489e-21)
(-446.035 26.3886 4.62914e-15)
(-434.604 23.4152 1.56482e-34)
(-427.098 20.8812 -4.51908e-15)
(-418.556 18.4512 -4.4327e-15)
(-410.758 16.2293 -1.95684e-20)
(-405.349 14.2314 -4.13275e-15)
(-396.408 12.24 -1.54646e-32)
(-391.044 10.4943 1.98826e-15)
(-385.859 8.84358 -3.88897e-15)
(-380.675 7.28079 -1.3507e-20)
(-375.584 5.81669 -1.81725e-15)
(-370.733 4.4242 -8.80493e-16)
(-365.99 3.12405 -1.29165e-20)
(-362.354 1.87928 4.10254e-16)
(-358.632 0.713311 1.95986e-16)
(-353.972 -0.409212 -2.34193e-20)
(-349.117 -1.44868 1.13059e-20)
(-345.561 -2.45537 7.19392e-16)
(-344.62 -3.41991 -1.3506e-15)
(-340.894 -4.33173 -1.00226e-20)
(-339.326 -5.20704 2.48305e-15)
(-336.822 -6.0477 -2.38125e-15)
(-319.823 -6.45605 -1.24204e-32)
(-317.935 -7.05865 -3.10835e-15)
(-315.473 -7.58376 -3.08257e-15)
(-313.902 -8.11431 -3.0602e-15)
(-311.548 -8.58654 6.06478e-15)
(-309.103 -9.02277 -3.02151e-15)
(-306.833 -9.44574 -2.9992e-15)
(-304.644 -9.82821 2.98068e-15)
(-302.536 -10.2101 6.58277e-37)
(-300.556 -10.5518 2.94034e-15)
(-297.154 -10.8434 5.61519e-21)
(-295.179 -11.1416 5.85368e-15)
(-293.412 -11.4525 5.80315e-15)
(-291.61 -11.727 -3.00927e-35)
(-289.998 -12.0106 1.72754e-32)
(-288.269 -12.2616 -5.43473e-21)
(-286.795 -12.5245 1.12406e-14)
(-285.081 -12.7491 5.44086e-21)
(-282.813 -12.9539 -1.12065e-14)
(-280.998 -13.117 -5.61293e-15)
(-280.718 -13.3331 -1.80556e-35)
(-278.398 -13.4405 -2.62862e-21)
(-278.066 -13.643 -5.36375e-15)
(-277.954 -13.8505 -5.30039e-15)
(-276.677 -14.0069 -5.25664e-15)
(-273.669 -14.058 5.28663e-15)
(-272.787 -14.225 5.25951e-15)
(-273.026 -14.4513 2.41946e-21)
(-271.395 -14.5766 -5.79248e-32)
(-269.924 -14.7156 -1.21853e-21)
(-268.087 -14.8333 -4.99842e-15)
(-266.889 -14.9903 2.37942e-21)
(-264.369 -15.076 5.03136e-15)
(-263.007 -15.2328 -2.36296e-21)
(-261.374 -15.3778 1.16301e-21)
(-258.959 -15.4833 5.81917e-22)
(-256.6 -15.5963 -9.76812e-15)
(-252.067 -15.5838 9.64332e-15)
(-257.878 -16.1404 4.3121e-22)
(-26.4179 -2.15777 -1.88333e-14)
)
;
    }
    frontAndBack
    {
        type            empty;
    }
}


// ************************************************************************* //
