# Wall shear stress
# Time       	patch        	min          	max          
0.000000e+00	walls	(-4.114071e+00 -1.072292e+00 -7.188545e-19)	(-2.847855e+00 6.204327e-02 3.240406e-18)
5.000000e+01	walls	(-8.854998e+02 -7.922834e+02 -2.176716e-15)	(1.614523e+01 1.629899e+02 2.662742e-15)
1.000000e+02	walls	(-9.723719e+02 -9.795275e+02 -2.079677e-15)	(2.579875e+01 1.190379e+02 2.061471e-15)
1.500000e+02	walls	(-9.941440e+02 -1.025794e+03 -2.050559e-15)	(2.660421e+01 1.119819e+02 2.045842e-15)
2.000000e+02	walls	(-1.000539e+03 -1.040820e+03 -2.041208e-15)	(2.681171e+01 1.132013e+02 2.040987e-15)
2.500000e+02	walls	(-1.002475e+03 -1.045168e+03 -2.038595e-15)	(2.686794e+01 1.136271e+02 2.039661e-15)
3.000000e+02	walls	(-1.003073e+03 -1.046559e+03 -2.037757e-15)	(2.688438e+01 1.137503e+02 2.039229e-15)
3.500000e+02	walls	(-1.003259e+03 -1.046988e+03 -2.037488e-15)	(2.688829e+01 1.137911e+02 2.039096e-15)
3.670000e+02	walls	(-1.003289e+03 -1.047049e+03 -2.037455e-15)	(2.688552e+01 1.137967e+02 2.039086e-15)
