# Wall shear stress
# Time       	patch        	min          	max          
0.000000e+00	walls	(-4.180257e+00 -5.082151e-01 -1.291104e-18)	(-2.734754e+00 5.673667e-01 2.329582e-18)
5.000000e+01	walls	(-8.331353e+02 -4.053159e+02 -2.980040e-15)	(1.342130e+01 5.009265e+02 3.230653e-15)
1.000000e+02	walls	(-8.980089e+02 -4.646456e+02 -3.556144e-15)	(2.068240e+01 4.236102e+02 3.685125e-15)
1.500000e+02	walls	(-9.200067e+02 -4.828831e+02 -3.699237e-15)	(2.172925e+01 4.036003e+02 3.792509e-15)
2.000000e+02	walls	(-9.265943e+02 -4.886128e+02 -3.740845e-15)	(2.209714e+01 3.975369e+02 3.822439e-15)
2.500000e+02	walls	(-9.286297e+02 -4.903516e+02 -3.753332e-15)	(2.221466e+01 3.957108e+02 3.831498e-15)
3.000000e+02	walls	(-9.292690e+02 -4.908992e+02 -3.757267e-15)	(2.225140e+01 3.951348e+02 3.834343e-15)
3.380000e+02	walls	(-9.294370e+02 -4.910461e+02 -3.758309e-15)	(2.226135e+01 3.949843e+02 3.835068e-15)
