# Wall shear stress
# Time       	patch        	min          	max          
0.000000e+00	walls	(-5.326578e+00 -1.507401e+00 -2.176505e-18)	(-3.726545e+00 -9.602666e-02 1.501223e-18)
5.000000e+01	walls	(-1.487894e+03 -1.600777e+03 -3.514497e-15)	(2.953459e+01 2.783861e+02 3.391031e-15)
1.000000e+02	walls	(-1.630436e+03 -1.937508e+03 -3.432616e-15)	(6.036867e+01 2.177176e+02 3.186420e-15)
1.500000e+02	walls	(-1.671510e+03 -2.028642e+03 -3.412264e-15)	(7.396660e+01 2.050336e+02 3.136323e-15)
2.000000e+02	walls	(-1.682233e+03 -2.054847e+03 -3.409175e-15)	(7.799521e+01 2.015315e+02 3.123288e-15)
2.500000e+02	walls	(-1.685400e+03 -2.062278e+03 -3.408098e-15)	(7.913230e+01 2.005558e+02 3.119421e-15)
3.000000e+02	walls	(-1.686331e+03 -2.064516e+03 -3.407836e-15)	(7.948026e+01 2.002578e+02 3.118317e-15)
3.500000e+02	walls	(-1.686606e+03 -2.065181e+03 -3.407739e-15)	(7.958025e+01 2.001728e+02 3.117996e-15)
4.000000e+02	walls	(-1.686673e+03 -2.065374e+03 -3.407717e-15)	(7.961043e+01 2.001478e+02 3.117891e-15)
4.500000e+02	walls	(-1.686701e+03 -2.065435e+03 -3.407705e-15)	(7.961907e+01 2.001401e+02 3.117853e-15)
4.530000e+02	walls	(-1.686701e+03 -2.065435e+03 -3.407705e-15)	(7.961923e+01 2.001401e+02 3.117854e-15)
