/*--------------------------------*- C++ -*----------------------------------*\
| =========                 |                                                 |
| \\      /  F ield         | OpenFOAM: The Open Source CFD Toolbox           |
|  \\    /   O peration     | Version:  5.x                                   |
|   \\  /    A nd           | Web:      www.OpenFOAM.org                      |
|    \\/     M anipulation  |                                                 |
\*---------------------------------------------------------------------------*/
FoamFile
{
    version     2.0;
    format      ascii;
    class       volScalarField;
    location    "250";
    object      p;
}
// * * * * * * * * * * * * * * * * * * * * * * * * * * * * * * * * * * * * * //

dimensions      [0 2 -2 0 0 0 0];

internalField   nonuniform List<scalar> 
11040
(
3.44841
56.1597
75.5197
78.2597
80.8147
82.3598
83.2583
83.7629
84.0024
84.0374
83.8851
83.5448
82.9966
82.2103
81.1385
79.7552
78.0486
76.0476
73.8307
71.6276
69.8912
69.1415
69.5614
71.3612
74.673
79.4693
85.5082
92.4882
99.9979
107.596
114.659
120.55
124.87
127.555
128.495
127.606
124.958
120.89
115.914
111.777
109.013
77.998
77.1061
76.3284
78.752
80.7011
82.3388
83.2953
83.8332
84.0958
84.1512
84.0208
83.7028
83.179
82.4199
81.3767
80.0192
78.3312
76.3378
74.1145
71.8792
70.0693
69.2187
69.5366
71.2359
74.4486
79.1535
85.1188
92.0453
99.5257
107.123
114.216
120.165
124.546
127.281
128.282
127.473
124.914
120.935
116.011
111.787
108.265
119.728
103.979
84.6686
80.2148
81.0545
82.3801
83.3497
83.9151
84.196
84.2668
84.1533
83.8536
83.351
82.6163
81.6004
80.2694
78.6036
76.6248
74.4068
72.1563
70.2909
69.3481
69.5635
71.1543
74.2534
78.8465
84.7121
91.5511
98.9614
106.51
113.588
119.555
123.975
126.764
127.834
127.105
124.629
120.736
115.851
111.588
107.802
138.546
120.027
101.223
86.5272
82.4871
82.7761
83.5007
84.0562
84.3531
84.4382
84.3392
84.0539
83.5683
82.8537
81.861
80.5526
78.9064
76.9382
74.7194
72.4465
70.5175
69.468
69.5601
71.0157
73.9737
78.428
84.1706
90.903
98.2274
105.713
112.764
118.734
123.185
126.024
127.161
126.514
124.13
120.331
115.499
111.178
107.163
157.281
135.968
117.929
99.7327
87.7351
84.2235
83.9865
84.2838
84.5516
84.6491
84.5685
84.3028
83.8384
83.1481
82.1817
80.8981
79.2722
77.3123
75.0858
72.776
70.7632
69.5815
69.5177
70.8003
73.5762
77.8512
83.433
90.0266
97.2405
104.646
111.658
117.628
122.107
124.995
126.203
125.646
123.367
119.669
114.904
110.442
106.25
172.653
151.843
132.786
114.922
99.1444
89.1274
85.6102
84.8862
84.8534
84.8946
84.8275
84.5874
84.1489
83.4892
82.5545
81.3006
79.6984
77.7479
75.5098
73.1527
71.035
69.69
69.431
70.4937
73.0366
77.0801
82.4507
88.8606
95.9261
103.221
110.173
116.135
120.642
123.579
124.86
124.401
122.239
118.645
113.956
109.268
104.985
183.743
165.256
146.701
129.198
113.282
99.6443
90.5954
86.7911
85.6244
85.2736
85.1236
84.8998
84.4927
83.8739
82.9802
81.7633
80.1891
78.2482
75.9933
73.5753
71.3284
69.7843
69.2831
70.0698
72.3173
76.0645
81.1614
87.3308
94.2001
101.344
108.208
114.149
118.682
121.665
123.02
122.665
120.629
117.139
112.53
107.544
103.246
191.771
175.945
159.391
142.714
127.065
112.933
100.727
92.1358
87.9037
86.3156
85.5981
85.2538
84.86
84.2925
83.4537
82.2859
80.7493
78.8208
76.543
74.0476
71.643
69.8567
69.0573
69.5001
71.3751
74.7454
79.4892
85.3469
91.9581
98.9018
105.638
111.539
116.094
119.122
120.547
120.299
118.394
115.007
110.467
105.152
100.894
197.594
184.033
169.845
154.98
140.126
126.127
113.378
102.199
93.8128
89.1119
87.016
85.8734
85.2811
84.7316
83.9621
82.8574
81.3729
79.4649
77.163
74.576
71.9818
69.9028
68.7381
68.7544
70.162
73.0536
77.344
82.7983
89.0722
95.7508
102.31
108.144
112.719
115.792
117.285
117.14
115.367
112.083
107.594
101.976
97.7917
201.673
189.933
177.824
165.086
151.881
138.638
125.979
114.336
103.956
95.723
90.5322
87.7632
86.2098
85.2581
84.4904
83.4564
82.0426
80.1641
77.8411
75.1538
72.3429
69.9209
68.3166
67.8104
68.6375
70.9247
74.6337
79.5659
85.3994
91.73
98.0503
103.778
108.366
111.494
113.055
113.012
111.37
108.195
103.735
97.9109
93.8345
204.351
194.094
183.697
172.843
161.525
149.789
137.889
126.362
115.638
105.965
97.9323
92.1936
88.7331
86.6856
85.2256
84.0648
82.7222
80.8885
78.5483
75.7515
72.7018
69.8917
67.7754
66.6492
66.7756
68.3168
71.2927
75.5537
80.8184
86.6935
92.6952
98.2632
102.851
106.055
107.705
107.769
106.264
103.216
98.8003
92.9592
89.0493
205.894
196.864
187.861
178.566
168.921
158.865
148.377
137.655
127.125
117.214
108.213
100.341
94.1563
90.0041
87.3005
85.235
83.427
81.5592
79.2259
76.324
73.0157
69.7739
67.0812
65.25
64.5677
65.231
67.3183
70.7508
75.2929
80.5864
86.1684
91.5122
96.0692
99.3849
101.181
101.398
100.071
97.235
92.9888
87.3998
83.7019
206.532
198.519
190.66
182.643
174.39
165.818
156.841
147.452
137.791
128.171
119.005
110.51
102.822
96.3579
91.5171
88.0756
85.2256
82.5012
79.7863
76.7582
73.2292
69.5514
66.2388
63.6386
62.0628
61.7479
62.8185
65.2749
68.9488
73.5368
78.6091
83.6593
88.1486
91.6041
93.6595
94.17
93.1747
90.7385
86.8881
81.8063
78.3269
206.457
199.302
192.391
185.427
178.323
170.992
163.337
155.305
146.898
138.2
129.43
120.881
112.779
105.278
98.6102
93.1155
88.8057
85.0639
81.2097
77.2482
73.2425
69.1718
65.3177
61.9687
59.4744
58.1284
58.1137
59.4832
62.1673
65.9323
70.4192
75.143
79.5813
83.227
85.6872
86.7308
86.3367
84.5336
81.3211
76.969
73.7371
205.832
199.421
193.309
187.225
181.075
174.776
168.234
161.384
154.196
146.671
138.857
130.856
122.849
115.06
107.651
100.756
94.5954
89.2986
84.5098
79.5106
74.0985
68.8738
64.3005
60.3542
57.1487
54.926
53.8899
54.1682
55.7986
58.6663
62.4825
66.8394
71.2481
75.2021
78.2459
80.0875
80.6097
79.7612
77.4607
74.0409
71.0133
204.804
199.052
193.628
188.29
182.943
177.511
171.907
166.065
159.942
153.52
146.799
139.78
132.486
125.011
117.506
110.11
102.922
96.0632
89.6871
83.708
77.6528
71.2676
65.0423
59.6748
55.5171
52.5777
50.8668
50.4565
51.3435
53.4498
56.6229
60.5905
64.9718
69.3186
73.1539
76.087
77.8701
78.3748
77.4935
75.4305
72.9355
203.548
198.392
193.57
188.873
184.209
179.509
174.702
169.723
164.527
159.083
153.382
147.406
141.132
134.551
127.671
120.528
113.178
105.687
98.1453
90.7035
83.4588
76.6992
70.3017
64.0177
58.3498
53.9568
51.1698
50.0272
50.4311
52.2613
55.33
59.3871
64.0844
69.0374
73.8582
78.1827
81.6963
84.19
85.4946
85.4635
84.3755
202.229
197.589
193.275
189.107
185.004
180.903
176.741
172.467
168.036
163.416
158.589
153.537
148.236
142.673
136.829
130.685
124.217
117.405
110.233
102.715
94.8618
87.2661
80.3562
73.9805
68.2454
63.4248
59.8538
57.8555
57.6061
59.0696
62.0281
66.238
71.3966
77.1352
83.0641
88.8038
94.0293
98.5585
102.213
104.505
105.403
200.954
196.754
192.87
189.143
185.502
181.887
178.246
174.536
170.721
166.771
162.667
158.393
153.929
149.269
144.415
139.367
134.114
128.622
122.831
116.67
110.056
103.293
96.7958
90.7382
85.3756
80.9595
77.6979
75.7849
75.3788
76.5719
79.3324
83.4443
88.5583
94.3595
100.565
106.847
112.889
118.505
123.52
127.458
130.088
199.771
195.95
192.434
189.08
185.827
182.621
179.415
176.174
172.87
169.477
165.979
162.359
158.603
154.706
150.67
146.504
142.223
137.837
133.346
128.733
123.966
119.171
114.529
110.171
106.293
103.129
100.904
99.8081
99.9596
101.41
104.131
108.017
112.884
118.467
124.398
130.322
135.998
141.298
146.121
150.162
153.085
198.68
195.194
191.995
188.963
186.04
183.183
180.343
177.498
174.623
171.7
168.711
165.646
162.493
159.253
155.925
152.524
149.064
145.575
142.084
138.633
135.258
132.09
129.218
126.718
124.678
123.219
122.468
122.561
123.594
125.619
128.61
132.477
137.059
142.15
147.506
152.874
158.015
162.731
166.889
170.31
172.573
197.683
194.488
191.568
188.814
186.176
183.614
181.09
178.579
176.067
173.538
170.98
168.383
165.741
163.054
160.331
157.583
154.829
152.097
149.423
146.855
144.457
142.36
140.643
139.352
138.541
138.261
138.571
139.523
141.166
143.518
146.572
150.269
154.515
159.166
164.049
168.922
173.544
177.698
181.275
184.15
185.853
196.769
193.833
191.155
188.643
186.25
183.943
181.686
179.461
177.254
175.057
172.859
170.653
168.436
166.21
163.985
161.772
159.594
157.477
155.455
153.575
151.893
150.522
149.521
148.919
148.751
149.037
149.801
151.051
152.797
155.029
157.731
160.863
164.37
168.172
172.175
176.241
180.216
183.918
187.179
189.846
191.39
195.932
193.224
190.76
188.455
186.275
184.184
182.157
180.17
178.221
176.299
174.403
172.52
170.654
168.803
166.982
165.198
163.477
161.836
160.314
158.942
157.776
156.892
156.34
156.122
156.262
156.759
157.62
158.829
160.378
162.24
164.394
166.798
169.418
172.201
175.103
178.051
180.976
183.791
186.394
188.699
190.23
195.163
192.657
190.379
188.255
186.256
184.351
182.516
180.732
178.995
177.305
175.653
174.037
172.452
170.906
169.403
167.959
166.587
165.31
164.15
163.143
162.322
161.752
161.454
161.433
161.686
162.213
162.999
164.031
165.281
166.728
168.338
170.083
171.923
173.83
175.766
177.696
179.577
181.384
183.063
184.633
185.796
194.456
192.128
190.012
188.045
186.201
184.453
182.78
181.165
179.605
178.101
176.65
175.246
173.887
172.578
171.325
170.139
169.03
168.016
167.116
166.354
165.752
165.361
165.191
165.238
165.491
165.946
166.583
167.387
168.33
169.393
170.545
171.762
173.013
174.279
175.529
176.747
177.906
178.997
179.991
180.912
181.619
193.804
191.634
189.659
187.827
186.114
184.501
182.962
181.488
180.071
178.72
177.426
176.191
175.007
173.884
172.818
171.825
170.905
170.079
169.352
168.747
168.272
167.969
167.84
167.88
168.069
168.405
168.865
169.439
170.099
170.833
171.614
172.428
173.248
174.066
174.857
175.617
176.327
176.985
177.575
178.114
178.536
193.204
191.171
189.321
187.604
186.004
184.501
183.076
181.715
180.417
179.184
178.017
176.911
175.864
174.876
173.952
173.094
172.312
171.608
170.995
170.479
170.071
169.793
169.656
169.643
169.743
169.943
170.233
170.594
171.015
171.475
171.966
172.469
172.977
173.472
173.953
174.405
174.831
175.218
175.569
175.888
176.137
192.649
190.739
188.995
187.378
185.874
184.465
183.132
181.866
180.661
179.523
178.453
177.447
176.5
175.613
174.789
174.027
173.334
172.71
172.162
171.692
171.305
171.019
170.843
170.76
170.761
170.832
170.966
171.147
171.369
171.616
171.882
172.154
172.43
172.699
172.959
173.203
173.436
173.647
173.84
174.024
174.157
192.139
190.334
188.685
187.152
185.73
184.397
183.143
181.951
180.823
179.757
178.763
177.83
176.959
176.142
175.388
174.688
174.053
173.473
172.96
172.504
172.114
171.798
171.57
171.412
171.317
171.272
171.273
171.308
171.372
171.454
171.551
171.654
171.762
171.869
171.974
172.073
172.171
172.262
172.346
172.434
172.489
191.668
189.959
188.389
186.93
185.575
184.31
183.117
181.989
180.919
179.913
178.973
178.097
177.276
176.512
175.8
175.143
174.537
173.984
173.479
173.024
172.613
172.262
171.977
171.751
171.569
171.428
171.32
171.24
171.181
171.14
171.111
171.092
171.079
171.072
171.066
171.065
171.068
171.073
171.079
171.095
171.093
191.236
189.608
188.11
186.713
185.417
184.206
183.066
181.988
180.967
180.006
179.109
178.272
177.489
176.759
176.077
175.443
174.855
174.31
173.805
173.339
172.904
172.515
172.18
171.892
171.64
171.421
171.228
171.06
170.909
170.777
170.657
170.55
170.452
170.365
170.283
170.212
170.148
170.093
170.043
170.008
169.964
190.839
189.285
187.846
186.505
185.257
184.094
182.996
181.961
180.979
180.056
179.19
178.384
177.627
176.92
176.256
175.637
175.055
174.513
174.001
173.521
173.063
172.643
172.266
171.929
171.622
171.345
171.09
170.859
170.646
170.451
170.27
170.105
169.952
169.812
169.683
169.565
169.461
169.367
169.283
169.214
169.144
190.477
188.985
187.601
186.305
185.102
183.977
182.917
181.916
180.969
180.074
179.235
178.451
177.716
177.024
176.374
175.762
175.186
174.641
174.124
173.631
173.157
172.712
172.308
171.936
171.593
171.275
170.982
170.71
170.457
170.223
170.007
169.806
169.622
169.452
169.296
169.154
169.028
168.914
168.812
168.728
168.644
190.147
188.712
187.372
186.118
184.951
183.86
182.833
181.863
180.944
180.075
179.259
178.494
177.775
177.097
176.458
175.853
175.281
174.737
174.218
173.719
173.236
172.78
172.359
171.969
171.606
171.268
170.954
170.661
170.39
170.138
169.906
169.691
169.494
169.314
169.15
169.002
168.869
168.753
168.648
168.561
168.477
189.848
188.46
187.162
185.941
184.807
183.747
182.748
181.805
180.912
180.067
179.271
178.525
177.822
177.158
176.53
175.934
175.369
174.829
174.313
173.816
173.335
172.878
172.454
172.06
171.693
171.35
171.032
170.736
170.463
170.21
169.978
169.765
169.571
169.395
169.236
169.095
168.969
168.859
168.762
168.681
168.607
189.578
188.233
186.968
185.779
184.673
183.638
182.666
181.747
180.879
180.056
179.282
178.554
177.869
177.221
176.607
176.024
175.471
174.942
174.437
173.95
173.48
173.034
172.62
172.235
171.876
171.543
171.235
170.95
170.687
170.447
170.228
170.029
169.849
169.688
169.544
169.417
169.306
169.21
169.127
169.059
168.998
189.337
188.027
186.792
185.628
184.546
183.537
182.587
181.692
180.848
180.049
179.296
178.589
177.923
177.295
176.699
176.135
175.598
175.087
174.599
174.132
173.683
173.259
172.865
172.5
172.162
171.85
171.562
171.299
171.059
170.84
170.643
170.465
170.307
170.166
170.043
169.935
169.842
169.763
169.696
169.641
169.595
189.122
187.842
186.63
185.489
184.429
183.44
182.513
181.641
180.82
180.046
179.317
178.633
177.991
177.385
176.813
176.272
175.759
175.273
174.811
174.371
173.951
173.556
173.192
172.855
172.546
172.262
172.003
171.766
171.553
171.361
171.189
171.035
170.9
170.782
170.679
170.59
170.516
170.453
170.401
170.36
170.326
188.932
187.675
186.484
185.361
184.319
183.35
182.443
181.593
180.796
180.048
179.345
178.688
178.072
177.494
176.95
176.438
175.955
175.5
175.07
174.664
174.279
173.921
173.592
173.291
173.016
172.765
172.538
172.334
172.151
171.987
171.842
171.715
171.603
171.507
171.425
171.355
171.296
171.248
171.21
171.18
171.156
188.766
187.527
186.351
185.243
184.216
183.263
182.375
181.547
180.774
180.053
179.378
178.75
178.165
177.618
177.107
176.629
176.182
175.763
175.37
175.003
174.659
174.341
174.051
173.786
173.547
173.332
173.138
172.964
172.811
172.675
172.555
172.451
172.362
172.285
172.22
172.165
172.12
172.084
172.055
172.032
172.015
188.623
187.395
186.23
185.132
184.117
183.179
182.308
181.501
180.752
180.057
179.413
178.817
178.265
177.754
177.28
176.84
176.432
176.053
175.702
175.377
175.077
174.802
174.553
174.329
174.128
173.948
173.788
173.647
173.522
173.413
173.317
173.235
173.165
173.105
173.054
173.012
172.976
172.948
172.924
172.906
172.891
188.501
187.279
186.118
185.027
184.021
183.094
182.238
181.45
180.725
180.058
179.444
178.882
178.367
177.894
177.461
177.062
176.696
176.361
176.053
175.772
175.514
175.282
175.073
174.886
174.719
174.572
174.442
174.327
174.227
174.14
174.064
173.999
173.942
173.895
173.854
173.82
173.79
173.766
173.745
173.727
173.711
188.399
187.176
186.015
184.925
183.923
183.003
182.16
181.389
180.687
180.047
179.466
178.937
178.459
178.026
177.634
177.279
176.958
176.668
176.407
176.171
175.959
175.771
175.603
175.456
175.326
175.212
175.112
175.026
174.95
174.885
174.828
174.779
174.736
174.699
174.667
174.639
174.613
174.591
174.569
174.549
174.531
188.315
187.086
185.921
184.829
183.825
182.908
182.072
181.313
180.629
180.015
179.467
178.977
178.541
178.152
177.804
177.494
177.217
176.971
176.752
176.558
176.386
176.235
176.103
175.987
175.885
175.797
175.72
175.653
175.594
175.543
175.498
175.458
175.422
175.39
175.361
175.334
175.308
175.283
175.259
175.234
175.209
188.25
187.008
185.833
184.735
183.727
182.809
181.978
181.228
180.556
179.956
179.425
178.96
178.558
178.211
177.909
177.646
177.417
177.219
177.048
176.9
176.773
176.666
176.574
176.496
176.429
176.373
176.324
176.283
176.247
176.215
176.186
176.161
176.136
176.113
176.089
176.066
176.041
176.015
175.988
175.958
175.928
188.204
186.934
185.735
184.618
183.596
182.67
181.838
181.099
180.449
179.885
179.396
178.975
178.616
178.308
178.044
177.819
177.628
177.467
177.33
177.217
177.121
177.042
176.975
176.92
176.872
176.833
176.798
176.769
176.741
176.716
176.692
176.669
176.645
176.621
176.595
176.567
176.538
176.506
176.471
176.432
176.394
188.18
186.871
185.638
184.49
183.44
182.488
181.63
180.86
180.179
179.587
179.097
178.716
178.419
178.168
177.954
177.776
177.631
177.514
177.424
177.353
177.301
177.262
177.237
177.219
177.209
177.203
177.201
177.2
177.2
177.199
177.196
177.191
177.183
177.171
177.155
177.135
177.11
177.08
177.046
177.005
176.962
117.985
102.891
88.2512
73.8846
59.4397
46.2522
34.7634
24.8657
16.5788
13.3748
18.668
33.0802
52.5905
71.9435
88.0087
100.729
110.961
119.572
126.841
133.089
138.486
143.231
147.51
151.448
155.144
158.665
162.052
165.292
168.409
171.286
173.85
176.143
178.203
179.971
181.411
182.685
184.187
186.165
188.994
192.346
195.746
198.466
200.451
201.549
201.787
201.663
201.002
200.171
199.149
198.141
197.107
196.1
195.142
194.203
193.291
192.355
191.425
190.437
189.402
188.311
187.151
185.923
184.646
183.318
181.956
180.546
179.03
177.321
175.231
172.495
168.968
164.058
159.06
154.587
116.061
100.452
86.5936
73.2868
60.1219
48.1883
37.6295
28.2378
20.4406
19.5854
28.3197
43.6934
61.9867
79.7623
94.6915
106.679
116.351
124.387
131.036
136.59
141.231
145.177
148.629
151.736
154.614
157.347
159.989
162.546
165.026
167.302
169.284
171.026
172.56
173.821
174.732
175.511
176.646
178.578
181.747
185.788
190.094
193.792
196.678
198.54
199.398
199.725
199.39
198.787
197.926
197.029
196.08
195.146
194.256
193.388
192.553
191.704
190.868
189.985
189.061
188.095
187.057
185.952
184.795
183.578
182.316
180.993
179.557
177.923
175.922
173.291
169.92
165.148
160.313
155.405
113.588
97.8212
84.7192
72.3469
60.3012
49.4655
39.7752
30.9485
23.7992
25.1769
36.9421
53.222
70.5015
86.9102
100.85
112.188
121.359
128.87
134.945
139.85
143.782
146.972
149.635
151.939
154.019
155.973
157.869
159.729
161.546
163.182
164.542
165.683
166.639
167.329
167.649
167.86
168.58
170.44
173.949
178.701
183.955
188.68
192.525
195.204
196.726
197.536
197.552
197.193
196.502
195.723
194.863
194.007
193.19
192.4
191.651
190.904
190.182
189.427
188.643
187.82
186.943
186.003
185.011
183.951
182.834
181.643
180.332
178.824
176.971
174.524
171.423
166.932
162.423
156.848
110.431
95.0233
82.6106
71.0218
59.8754
49.9218
40.9816
32.7483
26.3352
29.5419
43.5298
60.6095
77.2602
92.6786
105.859
116.687
125.446
132.531
138.138
142.521
145.888
148.478
150.518
152.191
153.643
154.984
156.292
157.597
158.882
159.998
160.851
161.496
161.973
162.182
161.999
161.713
162.069
163.848
167.61
172.923
178.931
184.47
189.089
192.433
194.495
195.702
196.006
195.847
195.297
194.613
193.824
193.029
192.27
191.543
190.864
190.199
189.571
188.922
188.256
187.567
186.827
186.027
185.177
184.254
183.265
182.19
180.989
179.595
177.875
175.592
172.731
168.503
164.298
158.157
106.735
92.0293
80.259
69.3537
58.9525
49.7287
41.4668
33.8614
28.344
33.0955
48.6531
66.4095
82.7315
97.46
110.063
120.468
128.874
135.586
140.788
144.726
147.617
149.709
151.237
152.393
153.335
154.176
155.004
155.854
156.697
157.377
157.804
158.033
158.108
157.908
157.3
156.597
156.659
158.389
162.388
168.175
174.797
180.996
186.243
190.125
192.629
194.157
194.698
194.703
194.268
193.662
192.932
192.187
191.476
190.802
190.182
189.587
189.04
188.482
187.918
187.333
186.71
186.032
185.305
184.501
183.623
182.652
181.548
180.255
178.653
176.518
173.87
169.88
165.953
159.322
102.543
88.8155
77.6491
67.3385
57.5666
48.9617
41.3226
34.3977
29.9466
36.049
52.667
70.994
87.2397
101.534
113.709
123.766
131.855
138.23
143.067
146.611
149.088
150.752
151.844
152.565
153.075
153.496
153.918
154.379
154.837
155.136
155.191
155.053
154.774
154.209
153.23
152.169
152.011
153.744
157.989
164.207
171.347
178.088
183.848
188.171
191.034
192.824
193.56
193.697
193.358
192.815
192.135
191.433
190.762
190.133
189.566
189.033
188.557
188.082
187.61
187.13
186.613
186.045
185.43
184.733
183.956
183.078
182.063
180.864
179.371
177.372
174.921
171.151
167.481
160.403
97.8979
85.3612
74.7754
64.9703
55.7379
47.6679
40.605
34.4126
31.1737
38.4319
55.7243
74.5462
90.9266
105.006
116.886
126.657
134.463
140.531
145.04
148.238
150.356
151.656
152.381
152.736
152.885
152.951
153.029
153.154
153.275
153.234
152.956
152.497
151.899
151.005
149.685
148.321
147.996
149.781
154.286
160.9
168.481
175.675
181.852
186.53
189.686
191.683
192.577
192.822
192.559
192.069
191.428
190.762
190.126
189.536
189.014
188.537
188.124
187.723
187.334
186.939
186.519
186.052
185.538
184.938
184.254
183.461
182.528
181.418
180.027
178.157
175.892
172.33
168.905
161.415
92.8561
81.6508
71.6397
62.2522
53.5018
45.9164
39.4064
34.0196
32.1011
40.3621
58.0736
77.3382
94.009
108.044
119.729
129.257
136.8
142.579
146.788
149.675
151.481
152.471
152.888
152.939
152.786
152.557
152.345
152.18
152.002
151.658
151.085
150.339
149.457
148.252
146.622
144.991
144.555
146.434
151.214
158.19
166.143
173.703
180.212
185.17
188.553
190.714
191.731
192.059
191.857
191.407
190.799
190.161
189.554
188.997
188.514
188.084
187.728
187.393
187.078
186.769
186.436
186.06
185.637
185.126
184.526
183.81
182.954
181.925
180.629
178.879
176.787
173.42
170.226
162.36
87.4939
77.6929
68.2602
59.2208
50.9319
43.8258
37.8846
33.3961
32.8788
42.0494
60.054
79.7128
96.7398
110.826
122.368
131.669
138.951
144.448
148.369
150.973
152.504
153.229
153.388
153.185
152.781
152.303
151.843
151.424
150.978
150.358
149.52
148.52
147.374
145.879
143.956
142.103
141.604
143.626
148.691
156
164.267
172.126
178.893
184.064
187.623
189.902
191.013
191.403
191.249
190.83
190.248
189.633
189.049
188.52
188.07
187.681
187.374
187.097
186.848
186.608
186.353
186.058
185.718
185.287
184.763
184.117
183.332
182.378
181.171
179.533
177.603
174.421
171.446
163.24
81.9239
73.5272
64.6729
55.9659
48.1784
41.6053
36.2987
32.8288
33.7947
43.8838
62.1629
82.1398
99.4742
113.609
125
134.051
141.044
146.241
149.872
152.201
153.479
153.969
153.906
153.487
152.871
152.183
151.507
150.861
150.167
149.295
148.218
146.988
145.596
143.821
141.625
139.587
139.085
141.298
146.662
154.278
162.805
170.899
177.856
183.182
186.863
189.226
190.403
190.838
190.718
190.322
189.76
189.163
188.599
188.092
187.67
187.317
187.052
186.825
186.635
186.463
186.278
186.057
185.79
185.431
184.975
184.392
183.672
182.788
181.663
180.129
178.348
175.338
172.57
164.057
76.3214
69.2332
60.9884
52.7282
45.5638
39.6348
35.0725
32.7763
35.3577
46.4863
65.0689
85.1985
102.639
116.691
127.838
136.562
143.205
148.059
151.377
153.427
154.46
154.733
154.471
153.864
153.063
152.189
151.32
150.462
149.536
148.429
147.131
145.687
144.054
142.001
139.543
137.37
136.925
139.383
145.057
152.956
161.699
169.977
177.069
182.495
186.258
188.669
189.891
190.354
190.259
189.88
189.334
188.753
188.204
187.717
187.319
186.996
186.767
186.584
186.444
186.325
186.203
186.047
185.846
185.552
185.157
184.632
183.971
183.151
182.102
180.664
179.022
176.173
173.601
164.815
70.9972
65.0732
57.5884
50.0381
43.6683
38.5
34.8392
33.9596
38.3929
50.7687
69.6349
89.5885
106.75
120.442
131.15
139.402
145.588
150.024
152.98
154.723
155.501
155.559
155.108
154.326
153.356
152.312
151.261
150.2
149.05
147.721
146.215
144.564
142.688
140.353
137.653
135.393
135.079
137.835
143.833
151.99
160.911
169.324
176.496
181.978
185.781
188.212
189.456
189.935
189.856
189.49
188.957
188.389
187.855
187.384
187.005
186.708
186.509
186.363
186.267
186.201
186.133
186.035
185.893
185.657
185.316
184.842
184.236
183.475
182.496
181.146
179.633
176.932
174.544
165.516
66.5224
61.7066
55.2144
48.6566
43.2084
38.9494
36.5318
37.5377
44.1849
57.9707
76.8908
96.0945
112.389
125.273
135.229
142.787
148.353
152.257
154.774
156.161
156.655
156.484
155.839
154.884
153.75
152.54
151.309
150.044
148.674
147.129
145.422
143.56
141.421
138.795
135.871
133.589
133.482
136.595
142.925
151.319
160.393
168.9
176.108
181.601
185.41
187.834
189.086
189.568
189.501
189.145
188.625
188.07
187.549
187.094
186.732
186.457
186.282
186.168
186.109
186.082
186.062
186.015
185.925
185.741
185.448
185.021
184.465
183.758
182.842
181.575
180.179
177.617
175.402
166.162
63.6787
59.9461
54.6216
49.3238
45.0931
42.3095
41.9874
45.662
54.8183
69.7378
87.9684
105.518
120.136
131.598
140.363
146.92
151.652
154.873
156.845
157.805
157.968
157.537
156.68
155.54
154.236
152.854
151.434
149.959
148.365
146.605
144.691
142.597
140.17
137.238
134.123
131.896
132.088
135.614
142.287
150.906
160.112
168.674
175.873
181.337
185.118
187.513
188.757
189.236
189.177
188.83
188.324
187.783
187.276
186.836
186.49
186.234
186.081
185.993
185.964
185.975
185.995
185.992
185.947
185.809
185.559
185.175
184.664
184.005
183.149
181.956
180.667
178.232
176.178
166.754
63.3315
60.8681
57.221
53.9703
52.0242
51.9666
54.7445
61.4287
72.6443
87.5592
103.688
118.356
130.346
139.672
146.735
151.93
155.577
157.942
159.247
159.694
159.466
158.731
157.631
156.286
154.794
153.224
151.602
149.903
148.077
146.092
143.951
141.587
138.827
135.579
132.32
130.245
130.836
134.833
141.86
150.708
160.026
168.606
175.754
181.152
184.877
187.223
188.45
188.92
188.87
188.535
188.045
187.522
187.032
186.609
186.28
186.042
185.907
185.84
185.836
185.874
185.927
185.961
185.955
185.857
185.645
185.3
184.831
184.217
183.414
182.289
181.098
178.778
176.874
167.295
68.2022
68.1006
67.3861
67.3821
68.7916
72.1383
78.0197
86.7898
98.1429
110.878
123.285
134.029
142.651
149.285
154.224
157.746
160.086
161.439
161.966
161.817
161.136
160.051
158.674
157.095
155.392
153.611
151.763
149.823
147.748
145.517
143.107
140.414
137.274
133.716
130.391
128.593
129.696
134.222
141.623
150.709
160.114
168.667
175.718
181.012
184.653
186.937
188.137
188.6
188.561
188.243
187.776
187.275
186.806
186.404
186.093
185.873
185.754
185.705
185.722
185.784
185.863
185.926
185.952
185.888
185.709
185.401
184.97
184.396
183.642
182.579
181.475
179.259
177.495
167.785
83.5422
86.4174
89.0972
92.436
96.8731
102.64
109.824
118.217
127.26
136.141
144.084
150.642
155.749
159.548
162.226
163.961
164.907
165.179
164.87
164.079
162.905
161.438
159.752
157.913
155.971
153.952
151.854
149.649
147.302
144.784
142.042
138.949
135.391
131.561
128.294
126.929
128.668
133.776
141.586
150.907
160.353
168.821
175.724
180.875
184.409
186.619
187.792
188.251
188.231
187.938
187.503
187.033
186.592
186.215
185.925
185.724
185.621
185.589
185.621
185.699
185.798
185.884
185.936
185.9
185.75
185.476
185.081
184.545
183.836
182.828
181.801
179.679
178.042
168.226
108.28
113.086
117.925
123.057
128.63
134.59
140.756
146.851
152.563
157.589
161.722
164.888
167.142
168.594
169.367
169.583
169.325
168.637
167.57
166.186
164.549
162.711
160.721
158.617
156.428
154.161
151.802
149.316
146.663
143.799
140.641
137.073
133.086
129.071
126.027
125.269
127.758
133.505
141.766
151.296
160.726
169.043
175.748
180.723
184.129
186.26
187.405
187.866
187.872
187.614
187.218
186.786
186.378
186.031
185.765
185.586
185.499
185.482
185.529
185.623
185.736
185.841
185.914
185.901
185.778
185.536
185.175
184.673
184.005
183.048
182.09
180.05
178.527
168.618
135.043
140.136
145.244
150.182
154.942
159.433
163.522
167.081
170.022
172.291
173.879
174.825
175.206
175.113
174.633
173.823
172.712
171.321
169.685
167.843
165.834
163.689
161.436
159.096
156.677
154.176
151.556
148.775
145.778
142.496
138.844
134.761
130.4
126.358
123.737
123.751
127.068
133.488
142.196
151.87
161.202
169.302
175.763
180.534
183.801
185.852
186.974
187.444
187.483
187.268
186.919
186.531
186.162
185.848
185.61
185.454
185.385
185.384
185.445
185.55
185.678
185.798
185.889
185.896
185.798
185.586
185.257
184.789
184.159
183.248
182.353
180.389
178.969
168.979
157.989
161.844
165.682
169.215
172.368
175.079
177.299
178.985
180.133
180.764
180.923
180.665
180.047
179.125
177.94
176.523
174.889
173.059
171.059
168.916
166.652
164.285
161.833
159.299
156.685
153.957
151.076
147.978
144.594
140.848
136.685
132.154
127.593
123.771
121.807
122.719
126.88
133.959
143.009
152.686
161.8
169.594
175.759
180.3
183.418
185.391
186.493
186.981
187.062
186.897
186.602
186.264
185.939
185.662
185.454
185.323
185.273
185.29
185.364
185.483
185.623
185.757
185.863
185.888
185.815
185.632
185.333
184.896
184.302
183.434
182.597
180.7
179.375
169.312
176.279
178.019
179.818
181.514
182.938
184.045
184.826
185.255
185.327
185.048
184.457
183.581
182.454
181.101
179.547
177.81
175.907
173.855
171.67
169.371
166.967
164.474
161.89
159.218
156.43
153.491
150.339
146.907
143.119
138.926
134.345
129.564
125.083
121.775
120.679
122.542
127.507
135.12
144.305
153.784
162.523
169.909
175.721
180.007
182.967
184.865
185.956
186.473
186.604
186.498
186.264
185.983
185.707
185.472
185.298
185.194
185.165
185.199
185.287
185.418
185.569
185.716
185.835
185.877
185.825
185.67
185.401
184.993
184.433
183.605
182.819
180.984
179.742
169.613
188.361
188.513
188.788
189.178
189.359
189.295
189.004
188.501
187.79
186.886
185.796
184.536
183.111
181.531
179.804
177.937
175.94
173.822
171.591
169.254
166.814
164.273
161.625
158.852
155.919
152.773
149.358
145.598
141.458
136.933
132.143
127.409
123.341
120.815
120.713
123.507
129.166
137.067
146.11
155.158
163.358
170.235
175.641
179.648
182.448
184.276
185.364
185.918
186.109
186.071
185.905
185.685
185.464
185.275
185.137
185.064
185.057
185.11
185.213
185.357
185.519
185.676
185.806
185.863
185.831
185.701
185.461
185.083
184.554
183.762
183.023
181.24
180.072
169.883
193.171
192.558
192.076
191.831
191.41
190.782
190
189.081
188.023
186.835
185.523
184.094
182.553
180.902
179.142
177.273
175.298
173.214
171.024
168.723
166.308
163.769
161.087
158.237
155.167
151.838
148.183
144.178
139.815
135.18
130.479
126.14
122.806
121.272
122.186
125.809
131.922
139.78
148.372
156.757
164.268
170.549
175.509
179.222
181.86
183.625
184.719
185.319
185.578
185.615
185.523
185.372
185.209
185.07
184.973
184.932
184.95
185.022
185.14
185.296
185.468
185.636
185.775
185.845
185.832
185.726
185.512
185.162
184.664
183.906
183.207
181.471
180.365
170.123
191.801
191.367
190.932
190.682
190.226
189.537
188.696
187.731
186.639
185.432
184.12
182.71
181.206
179.608
177.918
176.13
174.243
172.245
170.137
167.899
165.528
162.995
160.286
157.355
154.176
150.699
146.908
142.804
138.459
134.011
129.762
126.157
123.829
123.394
125.257
129.48
135.68
143.125
150.974
158.502
165.21
170.839
175.328
178.741
181.219
182.927
184.032
184.685
185.017
185.135
185.122
185.043
184.943
184.856
184.802
184.796
184.84
184.932
185.066
185.235
185.418
185.595
185.743
185.824
185.829
185.745
185.557
185.234
184.765
184.037
183.374
181.677
180.624
170.335
187.088
187.163
187.143
187.194
187.073
186.712
186.162
185.445
184.564
183.527
182.35
181.049
179.633
178.111
176.486
174.761
172.928
170.984
168.915
166.71
164.348
161.81
159.067
156.095
152.871
149.381
145.64
141.716
137.71
133.848
130.415
127.868
126.701
127.32
129.9
134.333
140.195
146.881
153.759
160.301
166.144
171.098
175.111
178.227
180.548
182.201
183.32
184.028
184.436
184.637
184.706
184.701
184.666
184.634
184.625
184.654
184.725
184.839
184.99
185.171
185.365
185.551
185.708
185.801
185.82
185.757
185.594
185.296
184.856
184.157
183.523
181.859
180.848
170.519
182.474
182.818
183.047
183.229
183.294
183.199
182.945
182.534
181.961
181.224
180.32
179.257
178.037
176.671
175.161
173.515
171.731
169.812
167.75
165.541
163.17
160.629
157.901
154.984
151.876
148.596
145.209
141.789
138.509
135.551
133.208
131.803
131.666
132.991
135.815
139.964
145.096
150.774
156.555
162.067
167.045
171.337
174.887
177.712
179.879
181.476
182.606
183.366
183.848
184.131
184.281
184.35
184.38
184.402
184.439
184.504
184.604
184.741
184.909
185.104
185.309
185.505
185.671
185.775
185.809
185.764
185.623
185.351
184.938
184.265
183.657
182.018
181.04
170.677
179.134
179.61
180.007
180.28
180.437
180.474
180.375
180.133
179.743
179.206
178.511
177.664
176.657
175.496
174.175
172.7
171.065
169.28
167.335
165.241
162.99
160.594
158.049
155.383
152.607
149.783
146.963
144.268
141.819
139.799
138.4
137.828
138.228
139.708
142.251
145.731
149.911
154.501
159.195
163.729
167.899
171.572
174.686
177.233
179.245
180.781
181.914
182.719
183.267
183.626
183.851
183.991
184.085
184.163
184.245
184.348
184.478
184.638
184.825
185.034
185.25
185.456
185.632
185.747
185.794
185.766
185.645
185.397
185.01
184.363
183.775
182.155
181.198
170.807
176.632
177.173
177.671
178.027
178.27
178.415
178.448
178.352
178.124
177.758
177.253
176.599
175.798
174.844
173.742
172.486
171.082
169.528
167.832
165.995
164.029
161.942
159.755
157.489
155.186
152.89
150.672
148.616
146.827
145.424
144.551
144.321
144.83
146.114
148.17
150.909
154.188
157.804
161.554
165.238
168.699
171.821
174.535
176.817
178.675
180.142
181.267
182.103
182.706
183.131
183.425
183.632
183.788
183.919
184.047
184.187
184.347
184.531
184.736
184.96
185.188
185.404
185.589
185.716
185.776
185.762
185.661
185.435
185.073
184.45
183.88
182.271
181.326
170.912
174.593
175.151
175.691
176.088
176.374
176.575
176.682
176.677
176.558
176.319
175.96
175.471
174.855
174.103
173.22
172.2
171.049
169.766
168.361
166.836
165.208
163.486
161.697
159.86
158.019
156.211
154.497
152.942
151.62
150.627
150.04
149.952
150.412
151.461
153.078
155.218
157.771
160.614
163.599
166.587
169.451
172.093
174.448
176.482
178.186
179.575
180.677
181.529
182.174
182.653
183.009
183.278
183.491
183.673
183.846
184.023
184.213
184.42
184.645
184.882
185.122
185.348
185.543
185.682
185.755
185.755
185.671
185.465
185.127
184.527
183.969
182.367
181.422
170.991
172.858
173.402
173.946
174.352
174.65
174.871
175.01
175.051
174.994
174.831
174.565
174.189
173.705
173.106
172.397
171.574
170.645
169.606
168.471
167.241
165.935
164.56
163.145
161.704
160.28
158.896
157.612
156.463
155.521
154.833
154.471
154.478
154.906
155.762
157.052
158.727
160.733
162.977
165.365
167.79
170.16
172.392
174.428
176.23
177.782
179.084
180.15
181.005
181.677
182.201
182.609
182.932
183.198
183.428
183.643
183.855
184.075
184.306
184.549
184.802
185.053
185.29
185.495
185.646
185.731
185.744
185.675
185.487
185.172
184.593
184.046
182.443
181.489
171.047
171.391
171.894
172.414
172.808
173.099
173.32
173.469
173.536
173.515
173.408
173.21
172.923
172.542
172.071
171.507
170.856
170.116
169.296
168.398
167.435
166.413
165.351
164.261
163.17
162.096
161.077
160.14
159.328
158.678
158.233
158.031
158.118
158.509
159.23
160.266
161.6
163.186
164.974
166.89
168.866
170.827
172.711
174.465
176.056
177.459
178.669
179.689
180.534
181.222
181.779
182.23
182.599
182.911
183.186
183.44
183.686
183.934
184.189
184.451
184.718
184.981
185.228
185.443
185.606
185.705
185.731
185.674
185.502
185.207
184.649
184.108
182.5
181.525
171.077
170.195
170.64
171.115
171.481
171.753
171.963
172.111
172.193
172.199
172.135
171.994
171.783
171.496
171.138
170.706
170.206
169.638
169.011
168.326
167.595
166.824
166.029
165.22
164.418
163.639
162.912
162.256
161.703
161.278
161.01
160.934
161.066
161.436
162.042
162.89
163.959
165.231
166.663
168.213
169.827
171.453
173.042
174.551
175.948
177.211
178.327
179.293
180.117
180.81
181.389
181.873
182.282
182.634
182.948
183.239
183.517
183.793
184.07
184.35
184.632
184.907
185.164
185.39
185.564
185.677
185.715
185.669
185.511
185.233
184.693
184.157
182.539
181.532
171.083
169.317
169.695
170.11
170.437
170.682
170.875
171.015
171.102
171.128
171.098
171.007
170.86
170.654
170.393
170.075
169.707
169.288
168.827
168.324
167.792
167.232
166.661
166.083
165.52
164.978
164.482
164.043
163.69
163.433
163.303
163.31
163.482
163.822
164.344
165.042
165.914
166.941
168.101
169.36
170.685
172.036
173.377
174.673
175.898
177.028
178.051
178.96
179.755
180.443
181.034
181.542
181.982
182.369
182.718
183.041
183.349
183.65
183.949
184.248
184.544
184.831
185.098
185.334
185.52
185.645
185.697
185.662
185.514
185.25
184.726
184.192
182.56
181.51
171.066
168.77
169.077
169.428
169.707
169.921
170.089
170.218
170.302
170.343
170.335
170.286
170.19
170.053
169.873
169.654
169.396
169.105
168.781
168.433
168.062
167.678
167.286
166.897
166.518
166.165
165.845
165.576
165.369
165.242
165.206
165.278
165.468
165.786
166.237
166.824
167.541
168.381
169.326
170.358
171.451
172.578
173.711
174.825
175.896
176.905
177.837
178.686
179.446
180.121
180.716
181.24
181.703
182.118
182.497
182.849
183.184
183.509
183.829
184.144
184.455
184.753
185.031
185.276
185.474
185.612
185.677
185.653
185.513
185.26
184.749
184.212
182.563
181.46
171.026
168.566
168.806
169.09
169.32
169.499
169.642
169.755
169.834
169.881
169.892
169.873
169.82
169.737
169.623
169.482
169.314
169.123
168.91
168.681
168.439
168.189
167.937
167.69
167.454
167.24
167.054
166.908
166.81
166.773
166.805
166.918
167.119
167.414
167.811
168.307
168.906
169.599
170.378
171.229
172.136
173.08
174.041
174.998
175.934
176.832
177.679
178.466
179.188
179.843
180.434
180.966
181.446
181.883
182.286
182.663
183.022
183.369
183.708
184.04
184.364
184.674
184.962
185.218
185.427
185.577
185.655
185.642
185.509
185.262
184.76
184.218
182.548
181.38
170.963
168.668
168.849
169.069
169.253
169.398
169.515
169.611
169.682
169.73
169.753
169.754
169.731
169.688
169.623
169.541
169.44
169.325
169.195
169.057
168.91
168.762
168.613
168.472
168.341
168.228
168.138
168.081
168.059
168.085
168.162
168.3
168.503
168.778
169.128
169.555
170.059
170.638
171.285
171.993
172.751
173.545
174.362
175.187
176.005
176.803
177.57
178.297
178.977
179.607
180.188
180.722
181.212
181.666
182.088
182.487
182.867
183.233
183.59
183.937
184.274
184.596
184.894
185.159
185.378
185.541
185.631
185.63
185.503
185.258
184.76
184.209
182.515
181.274
170.879
169.039
169.17
169.335
169.476
169.589
169.681
169.759
169.819
169.863
169.89
169.903
169.899
169.883
169.852
169.811
169.757
169.696
169.626
169.552
169.473
169.396
169.321
169.253
169.195
169.153
169.128
169.129
169.159
169.224
169.328
169.479
169.678
169.932
170.242
170.612
171.041
171.529
172.072
172.666
173.304
173.976
174.674
175.386
176.102
176.811
177.504
178.172
178.81
179.412
179.978
180.508
181.003
181.467
181.905
182.32
182.718
183.102
183.474
183.836
184.185
184.518
184.826
185.101
185.33
185.504
185.605
185.616
185.497
185.25
184.75
184.185
182.463
181.139
170.772
169.623
169.713
169.828
169.931
170.014
170.084
170.141
170.189
170.226
170.252
170.268
170.275
170.273
170.264
170.247
170.225
170.197
170.167
170.134
170.102
170.071
170.045
170.025
170.016
170.018
170.037
170.074
170.136
170.223
170.343
170.495
170.687
170.919
171.195
171.517
171.885
172.3
172.76
173.262
173.802
174.376
174.974
175.592
176.22
176.851
177.476
178.089
178.684
179.256
179.803
180.324
180.819
181.289
181.737
182.166
182.578
182.977
183.363
183.738
184.099
184.441
184.759
185.044
185.283
185.467
185.579
185.601
185.49
185.24
184.732
184.146
182.392
180.975
170.646
170.343
170.4
170.476
170.546
170.603
170.651
170.691
170.725
170.753
170.774
170.789
170.799
170.804
170.806
170.803
170.799
170.791
170.785
170.777
170.773
170.771
170.774
170.784
170.803
170.832
170.875
170.933
171.011
171.109
171.231
171.38
171.56
171.77
172.016
172.297
172.615
172.971
173.364
173.792
174.254
174.746
175.263
175.801
176.354
176.916
177.48
178.042
178.595
179.136
179.663
180.171
180.661
181.132
181.587
182.025
182.449
182.86
183.258
183.645
184.016
184.368
184.695
184.989
185.238
185.431
185.553
185.584
185.482
185.23
184.707
184.093
182.3
180.783
170.5
171.165
171.194
171.237
171.279
171.313
171.341
171.364
171.384
171.4
171.414
171.423
171.431
171.436
171.44
171.443
171.445
171.448
171.452
171.457
171.467
171.479
171.498
171.522
171.555
171.597
171.652
171.719
171.802
171.901
172.021
172.162
172.327
172.516
172.734
172.98
173.257
173.564
173.902
174.27
174.668
175.093
175.542
176.013
176.502
177.003
177.513
178.028
178.542
179.052
179.555
180.048
180.53
180.999
181.456
181.9
182.332
182.753
183.162
183.558
183.939
184.3
184.636
184.938
185.196
185.398
185.528
185.568
185.475
185.221
184.678
184.027
182.188
180.561
170.336
172.015
172.022
172.037
172.055
172.068
172.078
172.085
172.091
172.095
172.099
172.101
172.102
172.103
172.105
172.107
172.11
172.115
172.122
172.132
172.146
172.165
172.189
172.219
172.258
172.304
172.361
172.429
172.511
172.607
172.719
172.848
172.998
173.167
173.36
173.576
173.818
174.084
174.378
174.697
175.043
175.413
175.807
176.222
176.656
177.106
177.569
178.041
178.519
178.999
179.478
179.955
180.426
180.889
181.345
181.792
182.23
182.658
183.075
183.48
183.869
184.239
184.582
184.892
185.159
185.369
185.506
185.553
185.467
185.215
184.65
183.951
182.055
180.307
170.152
172.883
172.87
172.861
172.858
172.855
172.848
172.84
172.833
172.825
172.818
172.811
172.804
172.799
172.794
172.792
172.791
172.793
172.798
172.807
172.819
172.837
172.86
172.89
172.926
172.971
173.025
173.089
173.164
173.252
173.354
173.471
173.604
173.755
173.924
174.115
174.325
174.559
174.814
175.094
175.396
175.721
176.068
176.437
176.824
177.23
177.65
178.084
178.528
178.979
179.435
179.893
180.351
180.807
181.259
181.706
182.147
182.579
183.002
183.414
183.81
184.186
184.536
184.854
185.127
185.345
185.488
185.54
185.46
185.21
184.624
183.868
181.9
180.022
169.951
173.695
173.664
173.636
173.615
173.595
173.574
173.552
173.532
173.513
173.494
173.477
173.461
173.448
173.436
173.427
173.42
173.417
173.417
173.421
173.429
173.443
173.462
173.487
173.519
173.559
173.607
173.665
173.733
173.812
173.903
174.007
174.125
174.26
174.41
174.578
174.764
174.97
175.196
175.443
175.71
175.999
176.309
176.639
176.989
177.357
177.743
178.143
178.557
178.982
179.416
179.857
180.301
180.748
181.195
181.64
182.081
182.516
182.943
183.36
183.761
184.143
184.5
184.823
185.103
185.327
185.476
185.532
185.455
185.209
184.605
183.784
181.726
179.702
169.728
174.504
174.458
174.412
174.375
174.34
174.305
174.271
174.238
174.207
174.178
174.151
174.126
174.104
174.083
174.067
174.052
174.042
174.036
174.033
174.035
174.043
174.056
174.075
174.1
174.133
174.174
174.223
174.281
174.35
174.43
174.522
174.626
174.744
174.877
175.025
175.19
175.372
175.573
175.792
176.03
176.288
176.566
176.864
177.181
177.517
177.871
178.242
178.628
179.028
179.44
179.862
180.291
180.727
181.165
181.605
182.044
182.479
182.908
183.327
183.732
184.118
184.479
184.807
185.091
185.319
185.473
185.531
185.455
185.212
184.597
183.706
181.537
179.346
169.485
175.172
175.112
175.05
174.999
174.952
174.904
174.858
174.814
174.773
174.733
174.697
174.662
174.631
174.603
174.578
174.557
174.539
174.526
174.517
174.512
174.513
174.52
174.532
174.551
174.578
174.611
174.653
174.704
174.764
174.835
174.917
175.01
175.116
175.236
175.37
175.519
175.684
175.866
176.065
176.282
176.518
176.772
177.046
177.339
177.65
177.98
178.328
178.693
179.073
179.467
179.873
180.291
180.716
181.148
181.583
182.019
182.454
182.884
183.305
183.713
184.103
184.467
184.8
185.088
185.32
185.477
185.538
185.461
185.22
184.6
183.644
181.333
178.953
169.215
175.88
175.806
175.73
175.666
175.607
175.548
175.491
175.437
175.386
175.337
175.292
175.25
175.211
175.175
175.143
175.115
175.092
175.072
175.057
175.047
175.043
175.043
175.051
175.064
175.084
175.112
175.148
175.192
175.245
175.307
175.38
175.464
175.56
175.668
175.789
175.924
176.074
176.239
176.42
176.618
176.834
177.067
177.319
177.589
177.878
178.185
178.51
178.852
179.211
179.585
179.974
180.375
180.787
181.206
181.632
182.061
182.49
182.916
183.334
183.74
184.129
184.494
184.825
185.115
185.347
185.505
185.565
185.485
185.24
184.626
183.603
181.128
178.513
168.917
176.331
176.241
176.152
176.076
176.006
175.936
175.869
175.804
175.744
175.686
175.632
175.581
175.534
175.49
175.451
175.415
175.384
175.358
175.337
175.32
175.31
175.305
175.306
175.313
175.328
175.35
175.38
175.418
175.466
175.522
175.589
175.667
175.755
175.856
175.97
176.097
176.238
176.394
176.565
176.753
176.957
177.179
177.419
177.677
177.953
178.248
178.561
178.892
179.241
179.605
179.985
180.379
180.785
181.201
181.624
182.051
182.48
182.907
183.327
183.736
184.128
184.496
184.832
185.124
185.36
185.521
185.584
185.504
185.256
184.654
183.587
180.946
178.045
168.58
176.892
176.795
176.696
176.612
176.534
176.458
176.384
176.315
176.25
176.189
176.132
176.079
176.031
175.987
175.947
175.913
175.883
175.858
175.839
175.825
175.817
175.814
175.819
175.83
175.847
175.872
175.905
175.946
175.996
176.054
176.122
176.201
176.289
176.389
176.5
176.624
176.761
176.911
177.076
177.255
177.45
177.661
177.888
178.133
178.394
178.673
178.969
179.282
179.612
179.959
180.32
180.696
181.083
181.482
181.888
182.299
182.713
183.126
183.532
183.929
184.309
184.666
184.991
185.274
185.501
185.654
185.709
185.618
185.367
184.797
183.667
180.715
177.445
168.28
189.515
190.684
191.677
192.507
193.196
193.761
194.223
194.598
194.902
195.147
195.344
195.502
195.628
195.727
195.805
195.865
195.911
195.946
195.97
195.988
195.998
196.004
196.005
196.004
196
195.994
195.986
195.977
195.968
195.958
195.948
195.937
195.927
195.916
195.906
195.896
195.886
195.876
195.867
195.858
195.849
189.516
190.651
191.621
192.433
193.112
193.673
194.136
194.516
194.827
195.082
195.288
195.457
195.592
195.702
195.789
195.859
195.913
195.956
195.987
196.011
196.028
196.038
196.044
196.047
196.046
196.042
196.036
196.029
196.02
196.011
196
195.989
195.977
195.965
195.953
195.941
195.928
195.916
195.903
195.891
195.878
189.549
190.655
191.608
192.406
193.078
193.64
194.107
194.494
194.814
195.079
195.296
195.475
195.621
195.74
195.837
195.914
195.976
196.025
196.063
196.092
196.113
196.127
196.136
196.141
196.142
196.139
196.134
196.127
196.119
196.108
196.097
196.084
196.071
196.057
196.043
196.028
196.013
195.997
195.981
195.965
195.949
189.614
190.707
191.652
192.444
193.115
193.679
194.151
194.544
194.872
195.143
195.369
195.555
195.709
195.835
195.938
196.021
196.088
196.141
196.183
196.215
196.239
196.255
196.265
196.27
196.271
196.268
196.263
196.255
196.244
196.232
196.218
196.203
196.187
196.17
196.152
196.133
196.114
196.094
196.074
196.053
196.033
189.703
190.788
191.731
192.521
193.193
193.76
194.236
194.635
194.969
195.249
195.482
195.675
195.836
195.968
196.077
196.165
196.237
196.294
196.338
196.372
196.397
196.413
196.423
196.428
196.427
196.423
196.415
196.404
196.39
196.375
196.358
196.338
196.318
196.297
196.274
196.251
196.227
196.202
196.177
196.151
196.127
189.814
190.893
191.836
192.626
193.301
193.872
194.355
194.762
195.105
195.392
195.634
195.836
196.004
196.143
196.258
196.351
196.426
196.485
196.531
196.566
196.59
196.605
196.614
196.615
196.612
196.603
196.592
196.576
196.558
196.538
196.515
196.491
196.466
196.439
196.411
196.382
196.352
196.322
196.291
196.259
196.229
189.95
191.027
191.973
192.764
193.445
194.023
194.515
194.931
195.284
195.581
195.832
196.042
196.218
196.364
196.483
196.58
196.658
196.719
196.765
196.798
196.82
196.832
196.836
196.833
196.824
196.81
196.792
196.77
196.745
196.718
196.688
196.657
196.624
196.59
196.555
196.519
196.482
196.445
196.407
196.368
196.332
190.113
191.193
192.145
192.941
193.629
194.217
194.72
195.147
195.51
195.818
196.079
196.298
196.481
196.632
196.756
196.857
196.936
196.997
197.041
197.071
197.089
197.096
197.094
197.084
197.067
197.045
197.018
196.988
196.955
196.918
196.88
196.84
196.798
196.755
196.711
196.666
196.621
196.575
196.529
196.481
196.437
190.303
191.391
192.352
193.158
193.856
194.455
194.971
195.41
195.785
196.105
196.375
196.603
196.794
196.952
197.08
197.183
197.263
197.323
197.364
197.39
197.402
197.401
197.39
197.371
197.344
197.311
197.273
197.232
197.187
197.139
197.089
197.037
196.984
196.929
196.874
196.818
196.762
196.705
196.648
196.591
196.537
190.522
191.621
192.597
193.414
194.125
194.738
195.268
195.722
196.111
196.443
196.725
196.963
197.162
197.327
197.459
197.565
197.645
197.703
197.74
197.76
197.764
197.754
197.732
197.7
197.66
197.614
197.563
197.507
197.447
197.385
197.32
197.254
197.186
197.118
197.049
196.98
196.91
196.841
196.771
196.702
196.637
190.771
191.887
192.88
193.712
194.439
195.069
195.616
196.086
196.49
196.837
197.132
197.382
197.59
197.762
197.9
198.008
198.088
198.143
198.176
198.188
198.182
198.16
198.124
198.078
198.022
197.959
197.89
197.817
197.739
197.659
197.576
197.492
197.407
197.321
197.235
197.149
197.063
196.978
196.893
196.808
196.729
191.052
192.189
193.204
194.056
194.801
195.45
196.017
196.507
196.929
197.293
197.603
197.866
198.084
198.265
198.408
198.519
198.599
198.652
198.679
198.683
198.665
198.628
198.576
198.512
198.437
198.354
198.264
198.169
198.069
197.967
197.863
197.757
197.651
197.544
197.438
197.332
197.226
197.122
197.018
196.916
196.819
191.368
192.53
193.572
194.447
195.215
195.887
196.476
196.988
197.431
197.814
198.142
198.42
198.652
198.842
198.993
199.107
199.189
199.238
199.259
199.253
199.222
199.168
199.098
199.012
198.915
198.807
198.692
198.571
198.446
198.317
198.187
198.055
197.923
197.79
197.659
197.528
197.399
197.271
197.146
197.02
196.903
191.719
192.913
193.987
194.889
195.685
196.382
196.998
197.536
198.004
198.408
198.757
199.052
199.3
199.502
199.663
199.783
199.866
199.913
199.928
199.91
199.865
199.792
199.7
199.59
199.466
199.33
199.185
199.034
198.877
198.717
198.556
198.392
198.23
198.067
197.906
197.746
197.589
197.433
197.281
197.129
196.987
192.109
193.341
194.452
195.387
196.214
196.942
197.588
198.156
198.652
199.083
199.456
199.773
200.039
200.257
200.429
200.557
200.643
200.689
200.697
200.67
200.607
200.514
200.396
200.258
200.103
199.935
199.755
199.568
199.374
199.178
198.978
198.778
198.578
198.379
198.182
197.988
197.795
197.607
197.421
197.239
197.066
192.539
193.817
194.971
195.945
196.808
197.571
198.254
198.856
199.385
199.847
200.248
200.591
200.88
201.117
201.304
201.442
201.534
201.581
201.584
201.545
201.466
201.349
201.204
201.034
200.843
200.637
200.417
200.188
199.952
199.711
199.468
199.224
198.98
198.738
198.498
198.262
198.029
197.801
197.577
197.358
197.148
193.014
194.344
195.549
196.567
197.474
198.278
199.001
199.644
200.212
200.71
201.145
201.519
201.835
202.096
202.302
202.455
202.555
202.605
202.604
202.555
202.457
202.316
202.139
201.933
201.702
201.452
201.186
200.908
200.621
200.329
200.034
199.738
199.442
199.149
198.858
198.573
198.291
198.016
197.746
197.482
197.228
193.534
194.927
196.191
197.262
198.217
199.07
199.84
200.53
201.142
201.684
202.158
202.57
202.919
203.21
203.44
203.612
203.725
203.781
203.778
203.72
203.603
203.435
203.224
202.979
202.702
202.402
202.081
201.747
201.402
201.05
200.693
200.336
199.979
199.625
199.275
198.931
198.592
198.26
197.936
197.619
197.313
194.106
195.57
196.902
198.033
199.047
199.955
200.78
201.523
202.189
202.78
203.303
203.758
204.149
204.475
204.737
204.933
205.065
205.13
205.13
205.062
204.928
204.731
204.483
204.192
203.864
203.506
203.124
202.723
202.31
201.887
201.46
201.03
200.601
200.175
199.754
199.339
198.933
198.534
198.145
197.765
197.398
194.732
196.279
197.689
198.891
199.972
200.944
201.832
202.638
203.365
204.016
204.595
205.103
205.543
205.913
206.214
206.442
206.598
206.679
206.684
206.61
206.459
206.23
205.942
205.6
205.214
204.79
204.337
203.861
203.368
202.862
202.351
201.836
201.323
200.812
200.307
199.81
199.323
198.845
198.38
197.926
197.485
195.417
197.06
198.561
199.844
201.002
202.049
203.009
203.889
204.688
205.408
206.053
206.625
207.124
207.548
207.897
208.166
208.353
208.456
208.47
208.394
208.225
207.964
207.63
207.232
206.779
206.279
205.744
205.179
204.593
203.992
203.382
202.767
202.154
201.543
200.939
200.345
199.763
199.192
198.636
198.094
197.566
196.167
197.921
199.525
200.902
202.15
203.282
204.328
205.292
206.175
206.976
207.701
208.347
208.918
209.407
209.815
210.134
210.362
210.493
210.524
210.447
210.261
209.965
209.581
209.117
208.589
208.002
207.371
206.702
206.009
205.294
204.57
203.837
203.107
202.378
201.658
200.948
200.254
199.573
198.911
198.266
197.635
196.987
198.87
200.592
202.078
203.429
204.662
205.805
206.867
207.848
208.746
209.562
210.299
210.954
211.523
212.001
212.383
212.661
212.83
212.881
212.808
212.604
212.27
211.828
211.291
210.672
209.985
209.241
208.454
207.631
206.786
205.925
205.056
204.186
203.32
202.462
201.618
200.79
199.981
199.191
198.426
197.673
197.887
199.916
201.775
203.386
204.856
206.205
207.462
208.638
209.732
210.743
211.67
212.513
213.268
213.932
214.497
214.954
215.294
215.509
215.587
215.52
215.296
214.917
214.407
213.783
213.06
212.254
211.378
210.449
209.478
208.478
207.457
206.427
205.393
204.365
203.345
202.343
201.359
200.399
199.46
198.554
197.657
198.873
201.072
203.088
204.843
206.451
207.935
209.325
210.633
211.86
213.004
214.06
215.029
215.904
216.681
217.348
217.896
218.31
218.58
218.69
218.628
218.379
217.945
217.353
216.625
215.776
214.829
213.797
212.701
211.554
210.372
209.164
207.945
206.721
205.503
204.294
203.107
201.941
200.804
199.692
198.62
197.556
199.957
202.35
204.547
206.469
208.238
209.878
211.422
212.885
214.269
215.569
216.778
217.895
218.914
219.824
220.613
221.266
221.767
222.098
222.242
222.18
221.897
221.391
220.697
219.837
218.838
217.718
216.502
215.207
213.853
212.456
211.031
209.59
208.146
206.705
205.279
203.873
202.498
201.151
199.841
198.574
197.318
201.151
203.768
206.173
208.288
210.243
212.067
213.792
215.436
217.004
218.488
219.879
221.172
222.36
223.428
224.359
225.133
225.73
226.127
226.3
226.227
225.889
225.283
224.454
223.431
222.243
220.916
219.477
217.947
216.35
214.703
213.025
211.329
209.628
207.931
206.252
204.598
202.978
201.393
199.85
198.36
196.879
202.468
205.343
207.989
210.33
212.503
214.541
216.481
218.34
220.125
221.828
223.435
224.937
226.324
227.575
228.669
229.579
230.277
230.733
230.92
230.811
230.381
229.633
228.623
227.389
225.966
224.386
222.68
220.874
218.993
217.058
215.089
213.1
211.107
209.119
207.151
205.211
203.313
201.454
199.644
197.897
196.157
203.921
207.097
210.024
212.63
215.06
217.354
219.549
221.665
223.709
225.673
227.539
229.289
230.91
232.373
233.648
234.699
235.491
235.987
236.153
235.957
235.377
234.421
233.166
231.657
229.941
228.053
226.03
223.902
221.695
219.432
217.134
214.817
212.496
210.182
207.89
205.63
203.416
201.246
199.131
197.091
195.053
205.525
209.055
212.311
215.231
217.969
220.569
223.073
225.501
227.86
230.14
232.316
234.362
236.254
237.954
239.42
240.603
241.46
241.944
242.021
241.657
240.832
239.575
237.986
236.124
234.045
231.789
229.398
226.902
224.331
221.705
219.046
216.37
213.691
211.018
208.368
205.753
203.186
200.668
198.207
195.833
193.454
207.29
211.24
214.892
218.191
221.301
224.278
227.163
229.976
232.724
235.39
237.942
240.34
242.541
244.493
246.135
247.407
248.255
248.629
248.496
247.831
246.626
244.941
242.91
240.606
238.09
235.409
232.603
229.705
226.74
223.727
220.686
217.63
214.57
211.514
208.48
205.477
202.522
199.614
196.763
194.006
191.234
209.191
213.646
217.775
221.536
225.109
228.555
231.919
235.219
238.456
241.6
244.603
247.404
249.935
252.115
253.868
255.118
255.808
255.897
255.365
254.212
252.451
250.192
247.61
244.781
241.772
238.629
235.387
232.075
228.712
225.313
221.89
218.454
215.01
211.563
208.127
204.714
201.339
198.001
194.71
191.518
188.292
211.13
216.17
220.867
225.18
229.311
233.329
237.282
241.18
245.01
248.719
252.226
255.438
258.252
260.554
262.249
263.263
263.553
263.108
261.947
260.107
257.638
254.706
251.52
248.15
244.655
241.074
237.433
233.75
230.036
226.298
222.541
218.766
214.974
211.164
207.345
203.529
199.728
195.941
192.176
188.501
184.759
212.922
218.623
223.962
228.907
233.687
238.378
243.026
247.628
252.139
256.464
260.468
264.013
266.954
269.151
270.514
270.999
270.613
269.403
267.44
264.81
261.592
258.003
254.267
250.428
246.531
242.6
238.649
234.685
230.707
226.714
222.699
218.66
214.588
210.475
206.326
202.148
197.949
193.726
189.485
185.308
181.016
214.403
220.856
226.929
232.607
238.152
243.648
249.129
254.558
259.833
264.783
269.194
272.875
275.661
277.418
278.105
277.757
276.464
274.345
271.527
268.125
264.234
260.096
255.925
251.733
247.543
243.366
239.202
235.045
230.887
226.715
222.518
218.283
213.995
209.64
205.214
200.72
196.159
191.521
186.805
182.109
177.229
215.446
222.757
229.676
236.215
242.68
249.156
255.641
262.028
268.109
273.598
278.188
281.663
283.89
284.814
284.503
283.108
280.812
277.79
274.199
270.158
265.747
261.211
256.74
252.312
247.932
243.599
239.304
235.029
230.757
226.471
222.15
217.779
213.332
208.791
204.143
199.382
194.501
189.478
184.301
179.077
173.562
215.916
224.215
232.123
239.695
247.292
254.979
262.673
270.12
276.941
282.707
287.062
289.857
291.08
290.834
289.341
286.863
283.638
279.861
275.676
271.179
266.422
261.633
256.977
252.406
247.916
243.496
239.129
234.79
230.455
226.1
221.703
217.24
212.683
208.003
203.183
198.208
193.057
187.695
182.083
176.335
170.144
215.651
225.102
234.183
243.027
252.056
261.262
270.37
278.865
286.143
291.688
295.238
296.852
296.733
295.175
292.533
289.12
285.172
280.856
276.279
271.502
266.544
261.614
256.856
252.207
247.66
243.202
238.804
234.437
230.072
225.682
221.24
216.72
212.088
207.311
202.365
197.225
191.86
186.211
180.214
173.961
167.064
214.466
225.266
235.77
246.242
257.14
268.235
278.855
288.117
295.264
299.899
302.074
302.172
300.622
297.861
294.29
290.194
285.764
281.118
276.32
271.397
266.341
261.344
256.534
251.847
247.28
242.814
238.411
234.038
229.665
225.261
220.798
216.244
211.565
206.722
201.687
196.428
190.903
185.029
178.718
171.998
164.396
212.125
224.526
236.823
249.484
262.863
276.158
288.072
297.418
303.593
306.651
307.124
305.679
302.877
299.198
294.989
290.467
285.759
280.939
276.038
271.057
265.968
260.946
256.112
251.411
246.847
242.391
237.999
233.635
229.267
224.863
220.392
215.822
211.115
206.229
201.136
195.793
190.159
184.116
177.589
170.441
162.225
208.333
222.643
237.36
253.126
269.678
285.14
297.585
305.985
310.389
311.523
310.328
307.591
303.879
299.603
295.015
290.26
285.417
280.525
275.594
270.606
265.52
260.496
255.651
250.951
246.405
241.971
237.598
233.25
228.895
224.499
220.03
215.454
210.733
205.821
200.69
195.292
189.589
183.426
176.794
169.261
160.69
202.627
219.359
237.676
257.839
277.97
294.836
306.536
312.991
315.226
314.534
311.996
308.347
304.066
299.449
294.662
289.799
284.907
280.003
275.083
270.117
265.056
260.04
255.192
250.502
245.982
241.576
237.226
232.898
228.56
224.176
219.713
215.137
210.411
205.481
200.33
194.893
189.156
182.903
176.284
168.398
160.017
194.345
214.563
238.519
264.389
287.591
304.321
313.982
317.991
318.185
316.061
312.592
308.384
303.785
298.994
294.116
289.221
284.329
279.45
274.564
269.638
264.612
259.606
254.756
250.083
245.594
241.216
236.89
232.583
228.262
223.892
219.438
214.867
210.139
205.199
200.038
194.575
188.82
182.506
175.982
167.786
160.344
182.615
208.601
241.097
273.132
297.696
312.517
319.402
321.084
319.691
316.577
312.532
308.014
303.254
298.39
293.492
288.609
283.748
278.912
274.073
269.193
264.206
259.208
254.357
249.704
245.247
240.896
236.592
232.305
228.001
223.644
219.201
214.635
209.909
204.961
199.798
194.316
188.556
182.196
175.805
167.347
161.523
166.56
202.585
246.555
283.454
306.943
318.666
322.809
322.675
320.199
316.477
312.11
307.441
302.618
297.743
292.865
288.022
283.205
278.418
273.629
268.794
263.843
258.849
253.996
249.365
244.939
240.613
236.33
232.062
227.775
223.431
218.998
214.44
209.718
204.762
199.604
194.105
188.347
181.953
175.697
167.033
163.151
143.93
197.895
254.872
293.762
314.246
322.686
324.638
323.264
320.113
316.051
311.535
306.814
301.987
297.133
292.293
287.495
282.725
277.985
273.24
268.447
263.527
258.535
253.678
249.07
244.671
240.365
236.099
231.848
227.574
223.241
218.817
214.265
209.546
204.588
199.431
193.924
188.161
181.754
175.581
166.813
164.625
110.375
195.917
265.795
303.364
319.708
325.197
325.505
323.287
319.713
315.465
310.893
306.174
301.377
296.565
291.774
287.027
282.304
277.61
272.908
268.152
263.26
258.269
253.412
248.831
244.462
240.176
235.926
231.688
227.426
223.103
218.686
214.139
209.422
204.464
199.306
193.794
188.026
181.613
175.486
166.716
165.592
75.1881
203.608
279.65
311.373
323.282
326.444
325.703
322.913
319.005
314.593
309.972
305.268
300.515
295.763
291.038
286.357
281.701
277.068
272.424
267.721
262.869
257.882
253.022
248.467
244.128
239.868
235.639
231.418
227.171
222.86
218.453
213.914
209.201
204.247
199.087
193.572
187.793
181.379
175.229
166.634
166.216
195.841
195.835
195.827
195.82
195.813
195.806
195.798
195.791
195.783
195.774
195.766
195.757
195.747
195.738
195.727
195.717
195.706
195.694
195.682
195.67
195.657
195.643
195.628
195.614
195.598
195.582
195.565
195.547
195.528
195.509
195.489
195.468
195.447
195.424
195.401
195.377
195.351
195.326
195.298
195.271
195.241
195.211
195.179
195.147
195.111
195.075
195.036
194.995
194.951
194.904
194.852
194.797
194.736
194.67
194.597
194.518
194.43
194.335
194.23
194.117
193.994
193.861
193.72
193.571
193.416
193.257
193.097
192.94
192.791
192.656
192.543
192.461
192.423
192.428
195.866
195.855
195.843
195.831
195.819
195.807
195.795
195.783
195.771
195.759
195.747
195.735
195.722
195.71
195.697
195.684
195.671
195.657
195.643
195.629
195.615
195.6
195.585
195.569
195.553
195.537
195.52
195.503
195.484
195.466
195.447
195.428
195.407
195.387
195.365
195.344
195.32
195.297
195.273
195.248
195.221
195.194
195.165
195.136
195.104
195.071
195.034
194.996
194.954
194.91
194.86
194.807
194.747
194.683
194.611
194.532
194.444
194.348
194.241
194.125
193.998
193.863
193.716
193.563
193.401
193.236
193.069
192.904
192.747
192.603
192.479
192.382
192.328
192.272
195.931
195.915
195.897
195.879
195.863
195.846
195.829
195.813
195.796
195.78
195.764
195.748
195.732
195.716
195.7
195.684
195.668
195.652
195.636
195.62
195.604
195.587
195.57
195.553
195.536
195.519
195.501
195.483
195.465
195.446
195.427
195.408
195.388
195.368
195.348
195.327
195.306
195.283
195.261
195.238
195.215
195.19
195.164
195.137
195.109
195.079
195.047
195.012
194.975
194.934
194.889
194.838
194.782
194.719
194.649
194.569
194.481
194.382
194.272
194.15
194.016
193.87
193.713
193.545
193.369
193.187
193.002
192.817
192.639
192.472
192.326
192.2
192.128
192.019
196.008
195.987
195.962
195.938
195.915
195.892
195.87
195.848
195.826
195.805
195.784
195.763
195.742
195.722
195.702
195.682
195.662
195.642
195.622
195.603
195.583
195.564
195.544
195.525
195.505
195.486
195.466
195.446
195.427
195.407
195.388
195.368
195.348
195.328
195.309
195.288
195.269
195.249
195.229
195.209
195.189
195.168
195.147
195.125
195.102
195.078
195.052
195.024
194.993
194.958
194.92
194.875
194.824
194.765
194.697
194.619
194.53
194.427
194.312
194.182
194.038
193.878
193.705
193.519
193.322
193.116
192.906
192.694
192.487
192.291
192.115
191.957
191.862
191.701
196.095
196.068
196.036
196.004
195.974
195.945
195.917
195.889
195.861
195.834
195.808
195.781
195.756
195.73
195.705
195.681
195.656
195.632
195.609
195.585
195.562
195.538
195.516
195.493
195.47
195.448
195.426
195.404
195.382
195.361
195.34
195.319
195.299
195.278
195.259
195.24
195.222
195.204
195.188
195.171
195.155
195.139
195.124
195.108
195.093
195.077
195.06
195.04
195.018
194.992
194.962
194.924
194.88
194.826
194.762
194.685
194.594
194.487
194.364
194.224
194.065
193.888
193.694
193.484
193.26
193.025
192.783
192.538
192.297
192.065
191.855
191.659
191.537
191.325
196.19
196.156
196.116
196.077
196.04
196.004
195.969
195.934
195.9
195.867
195.834
195.802
195.77
195.739
195.709
195.678
195.649
195.619
195.591
195.562
195.534
195.506
195.479
195.452
195.426
195.399
195.374
195.348
195.324
195.3
195.277
195.254
195.233
195.213
195.194
195.176
195.16
195.144
195.131
195.119
195.109
195.1
195.093
195.086
195.081
195.075
195.07
195.062
195.053
195.038
195.02
194.992
194.957
194.908
194.848
194.771
194.678
194.565
194.432
194.276
194.1
193.9
193.68
193.44
193.183
192.912
192.633
192.348
192.067
191.794
191.544
191.307
191.152
190.89
196.284
196.243
196.194
196.147
196.102
196.059
196.016
195.974
195.933
195.893
195.853
195.814
195.776
195.738
195.701
195.664
195.628
195.593
195.558
195.524
195.489
195.456
195.423
195.391
195.359
195.328
195.297
195.268
195.24
195.213
195.187
195.163
195.14
195.119
195.1
195.084
195.07
195.06
195.051
195.046
195.044
195.046
195.049
195.057
195.065
195.075
195.085
195.094
195.1
195.102
195.096
195.083
195.057
195.017
194.96
194.883
194.785
194.663
194.516
194.342
194.142
193.915
193.662
193.387
193.09
192.778
192.454
192.125
191.797
191.478
191.184
190.901
190.711
190.399
196.38
196.331
196.273
196.217
196.163
196.111
196.06
196.01
195.96
195.911
195.864
195.817
195.77
195.725
195.679
195.635
195.591
195.548
195.505
195.464
195.422
195.381
195.341
195.302
195.263
195.226
195.19
195.155
195.122
195.091
195.061
195.035
195.01
194.989
194.971
194.958
194.948
194.943
194.943
194.948
194.958
194.974
194.994
195.019
195.046
195.077
195.108
195.139
195.166
195.187
195.2
195.202
195.187
195.155
195.102
195.024
194.918
194.784
194.618
194.42
194.191
193.93
193.639
193.322
192.98
192.621
192.247
191.868
191.49
191.119
190.776
190.445
190.215
189.857
196.47
196.411
196.343
196.276
196.212
196.151
196.09
196.029
195.97
195.912
195.854
195.798
195.742
195.687
195.632
195.578
195.525
195.472
195.42
195.369
195.318
195.268
195.219
195.171
195.124
195.08
195.036
194.995
194.955
194.919
194.885
194.856
194.831
194.811
194.795
194.786
194.783
194.788
194.799
194.82
194.847
194.883
194.925
194.975
195.029
195.087
195.146
195.204
195.258
195.304
195.338
195.357
195.355
195.331
195.278
195.195
195.078
194.926
194.736
194.509
194.244
193.943
193.608
193.243
192.851
192.439
192.011
191.576
191.142
190.718
190.322
189.94
189.667
189.265
196.557
196.487
196.407
196.328
196.253
196.18
196.108
196.036
195.966
195.896
195.827
195.759
195.691
195.624
195.558
195.492
195.427
195.363
195.299
195.236
195.173
195.112
195.052
194.993
194.936
194.881
194.828
194.778
194.732
194.69
194.651
194.62
194.593
194.575
194.564
194.563
194.57
194.589
194.618
194.66
194.711
194.775
194.848
194.931
195.019
195.113
195.208
195.3
195.386
195.46
195.518
195.555
195.566
195.547
195.492
195.4
195.266
195.089
194.869
194.604
194.298
193.95
193.566
193.147
192.7
192.23
191.744
191.25
190.758
190.275
189.824
189.389
189.07
188.624
196.635
196.553
196.459
196.366
196.278
196.192
196.106
196.021
195.936
195.853
195.77
195.688
195.606
195.525
195.444
195.364
195.284
195.205
195.127
195.049
194.972
194.897
194.822
194.75
194.68
194.613
194.549
194.489
194.434
194.386
194.343
194.31
194.285
194.271
194.268
194.279
194.303
194.343
194.398
194.469
194.555
194.656
194.77
194.896
195.03
195.168
195.306
195.439
195.561
195.667
195.75
195.805
195.825
195.806
195.744
195.635
195.477
195.269
195.011
194.702
194.347
193.947
193.507
193.03
192.523
191.992
191.445
190.889
190.336
189.794
189.285
188.794
188.427
187.938
196.709
196.612
196.502
196.394
196.29
196.188
196.086
195.985
195.884
195.784
195.685
195.586
195.487
195.389
195.29
195.192
195.095
194.997
194.9
194.805
194.71
194.616
194.524
194.435
194.349
194.267
194.189
194.118
194.053
193.998
193.951
193.918
193.896
193.891
193.902
193.932
193.98
194.051
194.141
194.254
194.385
194.538
194.704
194.886
195.073
195.267
195.454
195.635
195.796
195.935
196.04
196.11
196.134
196.11
196.031
195.899
195.707
195.46
195.155
194.796
194.385
193.928
193.427
192.889
192.319
191.725
191.114
190.496
189.881
189.276
188.707
188.159
187.741
187.205
196.774
196.66
196.531
196.405
196.283
196.162
196.042
195.921
195.801
195.681
195.562
195.442
195.322
195.202
195.082
194.962
194.842
194.722
194.602
194.484
194.366
194.25
194.137
194.027
193.921
193.821
193.728
193.643
193.569
193.507
193.46
193.428
193.417
193.426
193.46
193.518
193.603
193.715
193.856
194.024
194.217
194.433
194.668
194.915
195.17
195.424
195.67
195.899
196.101
196.27
196.395
196.472
196.492
196.453
196.35
196.182
195.949
195.653
195.294
194.877
194.408
193.887
193.323
192.721
192.087
191.429
190.755
190.071
189.392
188.725
188.094
187.485
187.014
186.427
196.836
196.701
196.551
196.403
196.26
196.118
195.975
195.831
195.688
195.544
195.4
195.255
195.109
194.963
194.816
194.668
194.52
194.372
194.224
194.077
193.932
193.788
193.648
193.512
193.384
193.262
193.151
193.052
192.968
192.901
192.857
192.834
192.839
192.873
192.94
193.04
193.177
193.348
193.556
193.796
194.068
194.363
194.68
195.006
195.338
195.66
195.967
196.244
196.486
196.678
196.816
196.889
196.895
196.829
196.69
196.477
196.193
195.839
195.421
194.941
194.406
193.822
193.193
192.526
191.827
191.104
190.366
189.619
188.875
188.143
187.45
186.778
186.252
185.606
196.89
196.73
196.555
196.383
196.214
196.046
195.876
195.705
195.533
195.36
195.186
195.01
194.832
194.653
194.473
194.291
194.109
193.925
193.742
193.56
193.38
193.203
193.031
192.865
192.709
192.564
192.433
192.321
192.23
192.164
192.127
192.124
192.156
192.23
192.345
192.506
192.712
192.964
193.258
193.593
193.96
194.354
194.764
195.182
195.595
195.991
196.357
196.681
196.951
197.159
197.296
197.355
197.333
197.228
197.041
196.773
196.428
196.011
195.526
194.98
194.379
193.728
193.034
192.302
191.539
190.753
189.951
189.14
188.333
187.536
186.778
186.04
185.457
184.745
196.943
196.755
196.55
196.348
196.15
195.95
195.748
195.544
195.337
195.129
194.917
194.703
194.487
194.267
194.045
193.821
193.595
193.368
193.141
192.916
192.693
192.475
192.264
192.064
191.876
191.706
191.556
191.433
191.339
191.282
191.264
191.293
191.37
191.501
191.688
191.932
192.232
192.588
192.992
193.44
193.922
194.429
194.947
195.463
195.961
196.428
196.848
197.209
197.499
197.708
197.829
197.859
197.794
197.637
197.39
197.057
196.645
196.158
195.605
194.99
194.32
193.604
192.845
192.05
191.225
190.376
189.512
188.639
187.768
186.906
186.083
185.277
184.633
183.847
196.988
196.767
196.527
196.29
196.056
195.819
195.578
195.333
195.084
194.831
194.575
194.314
194.048
193.778
193.505
193.228
192.949
192.668
192.388
192.11
191.836
191.57
191.314
191.074
190.853
190.658
190.492
190.364
190.278
190.242
190.261
190.342
190.487
190.702
190.986
191.342
191.764
192.248
192.787
193.37
193.985
194.617
195.25
195.865
196.448
196.978
197.443
197.826
198.119
198.313
198.402
198.386
198.264
198.042
197.725
197.32
196.834
196.275
195.649
194.966
194.231
193.449
192.627
191.771
190.886
189.978
189.053
188.119
187.186
186.26
185.37
184.492
183.785
182.918
197.034
196.772
196.491
196.212
195.935
195.653
195.364
195.069
194.769
194.463
194.15
193.83
193.504
193.172
192.834
192.492
192.146
191.8
191.454
191.112
190.777
190.455
190.149
189.866
189.612
189.395
189.221
189.1
189.037
189.043
189.122
189.283
189.525
189.856
190.27
190.769
191.341
191.984
192.679
193.417
194.176
194.942
195.689
196.403
197.059
197.642
198.133
198.523
198.799
198.959
198.998
198.918
198.726
198.429
198.033
197.549
196.987
196.353
195.658
194.907
194.106
193.264
192.383
191.468
190.526
189.56
188.579
187.587
186.592
185.6
184.642
183.69
182.917
181.96
197.071
196.762
196.43
196.102
195.772
195.435
195.088
194.732
194.367
193.994
193.611
193.219
192.818
192.408
191.991
191.569
191.143
190.716
190.292
189.875
189.471
189.085
188.726
188.401
188.119
187.889
187.722
187.627
187.613
187.689
187.862
188.136
188.514
188.996
189.578
190.251
191.008
191.831
192.705
193.608
194.521
195.419
196.279
197.078
197.795
198.411
198.91
199.282
199.522
199.626
199.597
199.441
199.165
198.782
198.303
197.739
197.099
196.392
195.627
194.812
193.952
193.05
192.114
191.145
190.148
189.13
188.093
187.043
185.989
184.932
183.906
182.875
182.033
180.98
197.103
196.737
196.345
195.957
195.563
195.158
194.739
194.308
193.864
193.407
192.938
192.455
191.961
191.455
190.941
190.42
189.896
189.373
188.856
188.353
187.871
187.419
187.007
186.645
186.346
186.122
185.985
185.945
186.014
186.199
186.507
186.938
187.495
188.169
188.955
189.838
190.803
191.829
192.893
193.97
195.035
196.059
197.018
197.887
198.643
199.269
199.753
200.085
200.265
200.295
200.181
199.934
199.567
199.094
198.528
197.881
197.166
196.389
195.561
194.684
193.766
192.812
191.823
190.803
189.757
188.687
187.599
186.495
185.382
184.26
183.164
182.053
181.136
179.98
197.119
196.683
196.218
195.755
195.283
194.794
194.286
193.762
193.219
192.66
192.082
191.488
190.878
190.255
189.622
188.982
188.341
187.705
187.084
186.485
185.921
185.403
184.946
184.563
184.27
184.081
184.01
184.068
184.266
184.609
185.1
185.739
186.518
187.429
188.453
189.575
190.768
192.01
193.268
194.518
195.724
196.861
197.899
198.814
199.586
200.197
200.638
200.907
201.007
200.944
200.732
200.385
199.92
199.354
198.701
197.976
197.188
196.345
195.456
194.525
193.556
192.551
191.515
190.448
189.355
188.238
187.1
185.944
184.775
183.589
182.421
181.225
180.23
178.963
197.112
196.59
196.036
195.482
194.913
194.32
193.702
193.062
192.397
191.709
190.998
190.266
189.515
188.748
187.97
187.189
186.411
185.647
184.909
184.21
183.566
182.993
182.51
182.133
181.882
181.771
181.817
182.026
182.411
182.969
183.701
184.597
185.647
186.828
188.123
189.5
190.936
192.393
193.844
195.25
196.584
197.811
198.905
199.84
200.598
201.167
201.541
201.724
201.724
201.556
201.235
200.781
200.217
199.558
198.821
198.02
197.165
196.263
195.319
194.337
193.32
192.272
191.192
190.082
188.946
187.785
186.602
185.396
184.171
182.921
181.68
180.396
179.318
177.932
197.062
196.432
195.769
195.101
194.413
193.691
192.937
192.151
191.336
190.489
189.613
188.711
187.787
186.847
185.899
184.952
184.019
183.114
182.254
181.459
180.749
180.146
179.671
179.346
179.189
179.218
179.444
179.875
180.51
181.348
182.376
183.58
184.937
186.421
188.002
189.648
191.323
192.991
194.617
196.164
197.599
198.891
200.011
200.937
201.653
202.152
202.436
202.513
202.399
202.113
201.677
201.116
200.451
199.702
198.887
198.017
197.1
196.144
195.151
194.126
193.068
191.978
190.859
189.711
188.535
187.333
186.106
184.853
183.574
182.26
180.945
179.568
178.403
176.89
196.94
196.182
195.381
194.574
193.738
192.856
191.932
190.967
189.964
188.921
187.843
186.735
185.603
184.457
183.309
182.175
181.072
180.021
179.046
178.172
177.426
176.836
176.425
176.216
176.228
176.473
176.959
177.685
178.645
179.823
181.201
182.752
184.446
186.248
188.123
190.032
191.936
193.797
195.576
197.237
198.745
200.071
201.187
202.074
202.722
203.128
203.301
203.256
203.015
202.604
202.051
201.381
200.621
199.789
198.9
197.968
196.998
195.995
194.96
193.894
192.799
191.675
190.519
189.335
188.122
186.883
185.616
184.318
182.987
181.609
180.219
178.745
177.488
175.839
196.715
195.795
194.825
193.844
192.824
191.743
190.609
189.422
188.186
186.903
185.578
184.221
182.841
181.456
180.082
178.742
177.463
176.274
175.207
174.294
173.568
173.059
172.792
172.789
173.061
173.616
174.449
175.551
176.901
178.477
180.243
182.17
184.212
186.336
188.497
190.654
192.765
194.791
196.695
198.439
199.991
201.319
202.403
203.224
203.777
204.069
204.113
203.934
203.559
203.021
202.351
201.578
200.727
199.818
198.866
197.88
196.863
195.819
194.747
193.648
192.52
191.362
190.176
188.959
187.713
186.439
185.135
183.794
182.413
180.971
179.503
177.928
176.573
174.781
196.327
195.21
194.027
192.833
191.583
190.258
188.861
187.401
185.88
184.304
182.681
181.027
179.359
177.701
176.08
174.529
173.086
171.789
170.68
169.797
169.176
168.847
168.833
169.145
169.787
170.751
172.021
173.571
175.371
177.381
179.563
181.871
184.263
186.694
189.12
191.497
193.785
195.946
197.941
199.737
201.3
202.604
203.627
204.357
204.796
204.955
204.857
204.535
204.023
203.359
202.576
201.705
200.773
199.796
198.788
197.755
196.7
195.621
194.518
193.389
192.233
191.047
189.831
188.584
187.308
186.002
184.664
183.283
181.852
180.347
178.801
177.12
175.662
173.718
195.715
194.353
192.906
191.447
189.914
188.285
186.566
184.769
182.9
180.968
178.989
176.986
174.988
173.03
171.154
169.405
167.835
166.494
165.429
164.684
164.293
164.277
164.647
165.403
166.529
168.001
169.786
171.843
174.13
176.596
179.195
181.879
184.599
187.31
189.969
192.531
194.961
197.221
199.277
201.094
202.642
203.894
204.833
205.451
205.756
205.768
205.52
205.051
204.402
203.615
202.727
201.768
200.763
199.727
198.673
197.602
196.513
195.406
194.277
193.123
191.942
190.73
189.488
188.214
186.91
185.576
184.205
182.787
181.309
179.741
178.113
176.323
174.756
172.653
194.788
193.123
191.351
189.564
187.682
185.678
183.561
181.351
179.056
176.695
174.295
171.89
169.527
167.257
165.14
163.241
161.624
160.349
159.467
159.014
159.015
159.473
160.38
161.71
163.429
165.493
167.851
170.45
173.236
176.156
179.157
182.188
185.202
188.156
191.006
193.716
196.252
198.579
200.665
202.476
203.984
205.162
205.995
206.483
206.64
206.497
206.093
205.477
204.695
203.793
202.808
201.77
200.703
199.619
198.526
197.423
196.309
195.179
194.028
192.852
191.648
190.414
189.148
187.85
186.521
185.161
183.761
182.308
180.784
179.152
177.443
175.538
173.856
171.588
193.442
191.405
189.231
187.037
184.724
182.254
179.647
176.927
174.115
171.241
168.347
165.491
162.741
160.175
157.875
155.927
154.405
153.371
152.866
152.911
153.501
154.612
156.207
158.233
160.632
163.342
166.301
169.447
172.722
176.068
179.434
182.772
186.037
189.187
192.19
195.009
197.616
199.979
202.069
203.852
205.298
206.382
207.094
207.437
207.437
207.132
206.572
205.812
204.904
203.896
202.825
201.719
200.6
199.476
198.353
197.226
196.091
194.943
193.773
192.58
191.356
190.101
188.815
187.495
186.143
184.759
183.332
181.846
180.279
178.584
176.79
174.766
172.963
170.524
191.554
189.06
186.387
183.689
180.839
177.79
174.572
171.224
167.781
164.294
160.834
157.49
154.363
151.566
149.21
147.393
146.192
145.653
145.787
146.574
147.969
149.91
152.324
155.133
158.261
161.636
165.19
168.858
172.583
176.312
179.996
183.59
187.056
190.36
193.472
196.366
199.013
201.387
203.458
205.192
206.56
207.535
208.112
208.301
208.136
207.667
206.954
206.057
205.033
203.93
202.784
201.621
200.46
199.305
198.159
197.014
195.864
194.7
193.516
192.307
191.066
189.794
188.487
187.147
185.775
184.37
182.92
181.403
179.794
178.037
176.156
174.009
172.079
169.465
188.988
185.931
182.635
179.305
175.778
171.998
168.011
163.881
159.669
155.461
151.369
147.533
144.101
141.227
139.045
137.655
137.108
137.401
138.485
140.279
142.684
145.596
148.914
152.544
156.405
160.422
164.53
168.671
172.794
176.848
180.792
184.591
188.21
191.624
194.809
197.743
200.404
202.767
204.803
206.475
207.75
208.605
209.036
209.064
208.733
208.102
207.241
206.216
205.086
203.9
202.691
201.482
200.288
199.11
197.948
196.79
195.628
194.454
193.257
192.035
190.78
189.49
188.167
186.81
185.42
183.996
182.525
180.98
179.33
177.511
175.543
173.268
171.205
168.411
185.631
181.885
177.817
173.691
169.305
164.592
159.63
154.524
149.383
144.348
139.596
135.334
131.773
129.11
127.485
126.959
127.507
129.028
131.382
134.411
137.967
141.917
146.15
150.574
155.114
159.709
164.303
168.848
173.298
177.615
181.763
185.712
189.439
192.922
196.145
199.094
201.747
204.083
206.069
207.668
208.843
209.571
209.851
209.716
209.219
208.432
207.432
206.291
205.067
203.811
202.551
201.306
200.088
198.895
197.723
196.556
195.387
194.205
192.998
191.765
190.496
189.193
187.854
186.481
185.076
183.637
182.147
180.576
178.888
177.007
174.95
172.543
170.342
167.367
181.613
177.05
172.058
166.96
161.514
155.656
149.513
143.261
137.08
131.194
125.862
121.373
118.013
116.005
115.448
116.294
118.367
121.428
125.232
129.562
134.246
139.154
144.191
149.287
154.388
159.447
164.423
169.278
173.976
178.483
182.771
186.818
190.606
194.122
197.356
200.296
202.927
205.227
207.162
208.686
209.763
210.367
210.502
210.214
209.564
208.637
207.516
206.277
204.979
203.667
202.37
201.1
199.868
198.666
197.489
196.318
195.144
193.956
192.743
191.5
190.22
188.904
187.552
186.166
184.748
183.295
181.789
180.196
178.47
176.528
174.38
171.838
169.491
166.335
177.331
171.852
165.801
159.57
152.886
145.707
138.239
130.743
123.508
116.853
111.127
106.716
103.976
103.129
104.151
106.78
110.634
115.321
120.526
126.018
131.647
137.322
142.98
148.582
154.097
159.493
164.744
169.819
174.685
179.314
183.687
187.785
191.598
195.119
198.342
201.261
203.862
206.126
208.011
209.468
210.458
210.95
210.959
210.538
209.759
208.718
207.501
206.186
204.831
203.48
202.158
200.873
199.634
198.43
197.252
196.08
194.904
193.713
192.494
191.244
189.955
188.628
187.264
185.866
184.437
182.974
181.454
179.84
178.079
176.076
173.835
171.154
168.656
165.319
172.949
166.453
159.19
151.649
143.552
134.909
126.018
117.252
109.021
101.755
95.883
91.8976
90.2472
91.0876
94.1415
98.8335
104.537
110.757
117.172
123.602
129.958
136.198
142.307
148.272
154.08
159.717
165.158
170.379
175.352
180.054
184.468
188.583
192.397
195.902
199.101
201.987
204.555
206.781
208.62
210.017
210.932
211.332
211.236
210.711
209.828
208.696
207.404
206.033
204.636
203.26
201.923
200.63
199.39
198.187
197.013
195.842
194.667
193.476
192.252
190.996
189.699
188.363
186.988
185.581
184.143
182.67
181.138
179.506
177.711
175.647
173.314
170.49
167.833
164.32
168.633
160.998
152.343
143.313
133.68
123.495
113.141
103.14
94.0462
86.3644
80.591
77.3818
77.2953
80.316
85.7438
92.5921
100.033
107.558
114.925
122.052
128.927
135.569
141.992
148.209
154.222
160.018
165.585
170.899
175.933
180.666
185.092
189.2
192.995
196.468
199.633
202.479
205.009
207.197
208.993
210.341
211.201
211.53
211.357
210.752
209.788
208.588
207.241
205.83
204.404
203.013
201.669
200.376
199.14
197.942
196.774
195.606
194.435
193.243
192.017
190.757
189.453
188.109
186.725
185.31
183.864
182.384
180.843
179.193
177.366
175.242
172.814
169.842
167.022
163.34
164.508
155.576
145.32
134.684
123.483
111.726
99.9257
88.7763
78.9878
71.0823
65.6193
63.5078
65.4511
71.0775
79.0626
87.9884
96.923
105.464
113.521
121.131
128.363
135.272
141.906
148.292
154.437
160.338
165.98
171.34
176.398
181.136
185.548
189.627
193.389
196.818
199.94
202.736
205.226
207.375
209.134
210.449
211.275
211.56
211.335
210.677
209.655
208.408
207.023
205.586
204.145
202.747
201.404
200.115
198.886
197.696
196.536
195.374
194.207
193.017
191.79
190.527
189.218
187.866
186.475
185.053
183.601
182.116
180.566
178.901
177.042
174.858
172.334
169.213
166.22
162.382
160.665
150.189
138.129
125.909
113.168
99.8116
86.5584
74.3788
64.1131
56.1934
51.2166
50.518
54.9333
63.4826
74.0442
84.8183
94.9327
104.202
112.724
120.653
128.116
135.204
141.974
148.463
154.685
160.634
166.309
171.684
176.735
181.449
185.825
189.864
193.579
196.952
200.022
202.759
205.206
207.316
209.046
210.345
211.165
211.43
211.182
210.497
209.437
208.166
206.759
205.311
203.863
202.468
201.131
199.849
198.631
197.451
196.301
195.145
193.983
192.797
191.57
190.306
188.993
187.636
186.239
184.812
183.355
181.865
180.308
178.63
176.74
174.497
171.875
168.599
165.428
161.449
157.137
144.744
130.826
117.179
102.929
87.9503
73.3836
60.4439
49.9826
42.1874
37.7737
38.722
45.9426
57.5499
70.5234
82.827
93.8
103.552
112.37
120.5
128.107
135.293
142.136
148.676
154.927
160.891
166.561
171.911
176.929
181.603
185.926
189.905
193.56
196.867
199.877
202.546
204.945
207.014
208.727
210.031
210.867
211.144
210.905
210.219
209.145
207.869
206.455
205.007
203.562
202.176
200.85
199.58
198.375
197.207
196.067
194.919
193.766
192.583
191.358
190.093
188.778
187.418
186.016
184.585
183.125
181.632
180.07
178.38
176.459
174.156
171.435
168.003
164.644
160.545
153.861
139.14
123.606
108.857
93.2133
76.8398
61.3708
48.1659
37.8345
30.1833
26.1778
28.7533
38.794
53.286
68.3165
81.7643
93.3023
103.348
112.341
120.588
128.272
135.512
142.378
148.921
155.157
161.086
166.717
172.02
176.982
181.586
185.839
189.752
193.334
196.564
199.501
202.088
204.435
206.461
208.166
209.498
210.386
210.706
210.509
209.851
208.783
207.521
206.114
204.678
203.244
201.872
200.561
199.306
198.115
196.96
195.834
194.695
193.551
192.374
191.153
189.89
188.575
187.212
185.808
184.375
182.913
181.419
179.852
178.15
176.2
173.838
171.018
167.422
163.87
159.675
150.721
133.462
116.909
101.371
84.4769
67.0491
51.2948
38.4038
28.5669
21.1077
17.3078
21.2249
33.7273
50.6224
67.2165
81.4379
93.3053
103.51
112.594
120.896
128.604
135.831
142.672
149.171
155.351
161.22
166.777
171.992
176.875
181.401
185.569
189.394
192.888
196.032
198.88
201.376
203.658
205.64
207.357
208.746
209.717
210.12
210
209.393
208.352
207.124
205.737
204.323
202.906
201.556
200.261
199.023
197.851
196.71
195.598
194.471
193.339
192.17
190.955
189.695
188.381
187.02
185.614
184.181
182.719
181.224
179.654
177.942
175.963
173.542
170.621
166.861
163.107
158.841
147.62
127.936
110.996
94.7857
76.7754
58.9919
43.6874
31.4036
22.0067
14.6021
10.806
15.9098
30.5514
49.3574
67.0473
81.7119
93.723
103.989
113.098
121.403
129.081
136.262
143.028
149.438
155.516
161.272
166.721
171.833
176.614
181.032
185.099
188.829
192.219
195.26
197.998
200.386
202.6
204.541
206.287
207.767
208.867
209.388
209.378
208.849
207.854
206.679
205.325
203.945
202.551
201.226
199.952
198.734
197.579
196.455
195.359
194.246
193.127
191.968
190.761
189.509
188.199
186.839
185.435
184.003
182.543
181.049
179.476
177.755
175.748
173.269
170.246
166.318
162.359
158.05
144.491
122.723
105.889
89.0013
70.4949
53.0911
38.3451
26.4432
17.3098
9.8443
6.06994
12.3928
28.9681
49.2709
67.6542
82.5159
94.5417
104.8
113.882
122.135
129.731
136.792
143.43
149.7
155.632
161.249
166.556
171.521
176.178
180.48
184.429
188.031
191.3
194.221
196.832
199.104
201.239
203.146
204.953
206.562
207.828
208.509
208.642
208.214
207.289
206.189
204.88
203.542
202.177
200.882
199.631
198.434
197.3
196.195
195.116
194.017
192.916
191.768
190.573
189.328
188.025
186.671
185.27
183.84
182.383
180.891
179.32
177.59
175.554
173.019
169.896
165.795
161.628
157.3
140.968
118.016
101.568
84.2149
65.8525
48.9291
34.5528
22.9483
14.0209
6.51329
2.9298
10.5856
28.8541
50.2377
68.9723
83.8261
95.7742
105.965
114.961
123.102
130.552
137.455
143.906
149.979
155.715
161.129
166.255
171.063
175.569
179.718
183.523
186.987
190.114
192.898
195.359
197.503
199.556
201.446
203.341
205.12
206.602
207.482
207.787
207.488
206.659
205.651
204.401
203.114
201.784
200.522
199.297
198.123
197.01
195.925
194.866
193.785
192.701
191.568
190.386
189.155
187.862
186.513
185.12
183.695
182.242
180.754
179.181
177.445
175.383
172.793
169.568
165.297
160.921
156.596
136.66
114.197
97.9216
80.4349
62.5283
46.0391
32.0394
20.7739
11.9851
4.57349
1.52269
10.6102
30.2239
52.2246
70.994
85.707
97.4936
107.556
116.393
124.35
131.581
138.23
144.427
150.244
155.728
160.914
165.821
170.415
174.74
178.727
182.361
185.651
188.62
191.248
193.549
195.558
197.54
199.429
201.458
203.453
205.199
206.3
206.816
206.681
205.959
205.069
203.887
202.66
201.367
200.144
198.947
197.797
196.71
195.647
194.609
193.547
192.486
191.371
190.207
188.988
187.708
186.371
184.985
183.566
182.12
180.637
179.067
177.324
175.238
172.595
169.274
164.825
160.249
155.94
132.026
111.245
94.7391
77.5904
60.2685
44.2785
30.7403
19.8139
11.1324
4.01338
2.04241
12.6486
33.1507
55.2661
73.7768
88.1968
99.7441
109.594
118.194
125.883
132.816
139.153
145.027
150.524
155.701
160.597
165.241
169.603
173.719
177.508
180.951
184.06
186.859
189.326
191.464
193.353
195.267
197.192
199.385
201.633
203.668
205.03
205.771
205.816
205.231
204.461
203.357
202.193
200.944
199.76
198.593
197.47
196.408
195.369
194.356
193.316
192.278
191.182
190.037
188.837
187.573
186.245
184.871
183.458
182.018
180.541
178.972
177.224
175.117
172.423
169.003
164.384
159.617
155.333
127.882
108.64
92.018
75.5975
58.967
43.6398
30.6487
20.0367
11.4236
4.95158
4.69595
16.7787
37.6204
59.3436
77.3169
91.311
102.534
112.084
120.365
127.705
134.263
140.217
145.708
150.832
155.66
160.234
164.59
168.705
172.603
176.196
179.451
182.388
185.034
187.362
189.363
191.158
193.015
194.993
197.357
199.858
202.177
203.808
204.771
204.998
204.563
203.907
202.882
201.781
200.576
199.428
198.29
197.194
196.155
195.137
194.143
193.122
192.1
191.019
189.886
188.698
187.44
186.116
184.746
183.333
181.895
180.418
178.848
177.089
174.958
172.209
168.693
163.89
158.959
154.74
123.76
105.804
89.8878
74.4487
58.7767
44.3911
32.0744
21.7624
13.2522
8.02241
10.204
23.5534
44.0414
64.8145
81.949
95.356
106.136
115.262
123.103
129.97
136.034
141.485
146.48
151.13
155.516
159.69
163.686
167.495
171.126
174.483
177.518
180.257
182.731
184.907
186.759
188.444
190.229
192.267
194.832
197.637
200.301
202.283
203.539
204.01
203.778
203.268
202.348
201.325
200.178
199.074
197.97
196.906
195.893
194.899
193.926
192.928
191.922
190.855
189.735
188.554
187.3
185.978
184.606
183.191
181.749
180.266
178.689
176.904
174.74
171.921
168.295
163.271
158.173
154.069
)
;

boundaryField
{
    inlet
    {
        type            freestreamPressure;
        value           nonuniform List<scalar> 
230
(
176.892
176.795
176.696
176.612
176.534
176.458
176.384
176.315
176.25
176.189
176.132
176.079
176.031
175.987
175.947
175.913
175.883
175.858
175.839
175.825
175.817
175.814
175.819
175.83
175.847
175.872
175.905
175.946
175.996
176.054
176.122
176.201
176.289
176.389
176.5
176.624
176.761
176.911
177.076
177.255
177.45
177.661
177.888
178.133
178.394
178.673
178.969
179.282
179.612
179.959
180.32
180.696
181.083
181.482
181.888
182.299
182.713
183.126
183.532
183.929
184.309
184.666
184.991
185.274
185.501
185.654
185.709
185.618
185.367
184.797
183.667
180.715
177.445
168.28
188.18
186.871
185.638
184.49
183.44
182.488
181.63
180.86
180.179
179.587
179.097
178.716
178.419
178.168
177.954
177.776
177.631
177.514
177.424
177.353
177.301
177.262
177.237
177.219
177.209
177.203
177.201
177.2
177.2
177.199
177.196
177.191
177.183
177.171
177.155
177.135
177.11
177.08
177.046
177.005
176.962
189.515
190.684
191.677
192.507
193.196
193.761
194.223
194.598
194.902
195.147
195.344
195.502
195.628
195.727
195.805
195.865
195.911
195.946
195.97
195.988
195.998
196.004
196.005
196.004
196
195.994
195.986
195.977
195.968
195.958
195.948
195.937
195.927
195.916
195.906
195.896
195.886
195.876
195.867
195.858
195.849
195.841
195.835
195.827
195.82
195.813
195.806
195.798
195.791
195.783
195.774
195.766
195.757
195.747
195.738
195.727
195.717
195.706
195.694
195.682
195.67
195.657
195.643
195.628
195.614
195.598
195.582
195.565
195.547
195.528
195.509
195.489
195.468
195.447
195.424
195.401
195.377
195.351
195.326
195.298
195.271
195.241
195.211
195.179
195.147
195.111
195.075
195.036
194.995
194.951
194.904
194.852
194.797
194.736
194.67
194.597
194.518
194.43
194.335
194.23
194.117
193.994
193.861
193.72
193.571
193.416
193.257
193.097
192.94
192.791
192.656
192.543
192.461
192.423
192.428
)
;
    }
    outlet
    {
        type            freestreamPressure;
        value           nonuniform List<scalar> 
96
(
154.587
155.405
156.848
158.157
159.322
160.403
161.415
162.36
163.24
164.057
164.815
165.516
166.162
166.754
167.295
167.785
168.226
168.618
168.979
169.312
169.613
169.883
170.123
170.335
170.519
170.677
170.807
170.912
170.991
171.047
171.077
171.083
171.066
171.026
170.963
170.879
170.772
170.646
170.5
170.336
170.152
169.951
169.728
169.485
169.215
168.917
168.58
168.28
192.428
192.272
192.019
191.701
191.325
190.89
190.399
189.857
189.265
188.624
187.938
187.205
186.427
185.606
184.745
183.847
182.918
181.96
180.98
179.98
178.963
177.932
176.89
175.839
174.781
173.718
172.653
171.588
170.524
169.465
168.411
167.367
166.335
165.319
164.32
163.34
162.382
161.449
160.545
159.675
158.841
158.05
157.3
156.596
155.94
155.333
154.74
154.069
)
;
    }
    walls
    {
        type            zeroGradient;
    }
    frontAndBack
    {
        type            empty;
    }
}


// ************************************************************************* //
