/*--------------------------------*- C++ -*----------------------------------*\
| =========                 |                                                 |
| \\      /  F ield         | OpenFOAM: The Open Source CFD Toolbox           |
|  \\    /   O peration     | Version:  5.x                                   |
|   \\  /    A nd           | Web:      www.OpenFOAM.org                      |
|    \\/     M anipulation  |                                                 |
\*---------------------------------------------------------------------------*/
FoamFile
{
    version     2.0;
    format      ascii;
    class       volScalarField;
    location    "150";
    object      p;
}
// * * * * * * * * * * * * * * * * * * * * * * * * * * * * * * * * * * * * * //

dimensions      [0 2 -2 0 0 0 0];

internalField   nonuniform List<scalar> 
11040
(
0.0194315
-99.3977
-335.942
-400.191
-421.699
-434.964
-436.674
-426.613
-408.161
-382.426
-348.921
-297.356
-247.693
-212.314
-187.587
-161.212
-134.41
-109.081
-85.0902
-61.9252
-39.4983
-20.1241
-3.93575
11.208
25.3819
38.6007
50.85
62.1039
72.283
81.2828
88.9828
95.2723
100.142
103.7
106.202
107.882
108.396
107.659
107.444
111.125
110.963
36.142
-60.0102
-212.121
-290.071
-331.116
-361.345
-379.331
-383.673
-376.858
-360.589
-335.069
-292.35
-247.325
-212.597
-187.328
-161.265
-134.773
-109.579
-85.6679
-62.5676
-40.1822
-20.8555
-4.63614
10.5383
24.7456
38.0044
50.3015
61.6101
71.8553
80.9315
88.7109
95.0839
100.031
103.641
106.175
107.907
108.486
107.716
107.08
109.739
109.047
60.4697
-32.9068
-142.445
-233.919
-288.718
-325.049
-347.766
-356.573
-353.733
-341.221
-320.053
-284.623
-243.992
-210.089
-184.719
-159.649
-133.922
-109.123
-85.486
-62.6063
-40.3809
-21.1333
-4.95678
10.1873
24.3764
37.6295
49.9337
61.2603
71.5372
80.6584
88.4966
94.9383
99.9509
103.616
106.183
107.956
108.597
107.871
107.081
108.926
107.889
77.5514
-5.86768
-87.8598
-171.309
-229.64
-271.1
-300.762
-317.477
-321.888
-315.819
-300.787
-273.083
-237.96
-206.003
-180.959
-157
-132.261
-108.06
-84.8496
-62.3144
-40.3451
-21.2642
-5.18618
9.8914
24.0351
37.2609
49.556
60.8897
71.1909
80.3547
88.2538
94.7698
99.8607
103.598
106.209
108
108.681
108.006
107.152
108.475
107.635
90.9738
19.5246
-44.1566
-115.556
-174.275
-219.274
-253.545
-276.19
-286.938
-287.067
-278.163
-258.072
-229.336
-200.34
-176.043
-153.233
-129.715
-106.347
-83.732
-61.6849
-40.101
-21.286
-5.37087
9.58556
23.6376
36.7978
49.0534
60.3717
70.683
79.8839
87.8486
94.4564
99.6554
103.501
106.189
108.008
108.728
108.132
107.252
108.343
108.055
101.147
41.6281
-9.17894
-68.3833
-122.782
-167.826
-204.369
-231.455
-247.942
-254.271
-251.712
-239.163
-217.392
-192.41
-169.603
-148.15
-126.103
-103.831
-81.9995
-60.5928
-39.5329
-21.0847
-5.41551
9.34583
23.242
36.2803
48.448
59.711
70.0014
79.2191
87.2418
93.9501
99.282
103.274
106.082
107.959
108.748
108.296
107.468
108.505
108.796
108.818
60.0611
18.812
-29.5647
-77.1048
-119.359
-155.747
-185.12
-205.859
-217.632
-221.147
-215.809
-201.302
-181.421
-161.15
-141.479
-121.188
-100.317
-79.509
-58.9283
-38.5503
-20.5895
-5.26529
9.21608
22.8811
35.7288
47.746
58.8989
69.1226
78.3229
86.3844
93.1917
98.6749
102.85
105.832
107.823
108.739
108.521
107.872
108.934
109.774
114.563
74.9133
41.1193
1.83706
-38.1842
-75.7642
-109.912
-139.393
-162.484
-178.318
-187.018
-188.111
-180.66
-166.627
-149.982
-132.738
-114.584
-95.4887
-76.0242
-56.511
-37.0176
-19.6997
-4.84088
9.25788
22.6004
35.1732
46.9609
57.9307
68.0228
77.1517
85.2134
92.1014
97.7421
102.134
105.349
107.539
108.68
108.812
108.49
109.683
110.973
118.809
86.5903
58.7711
26.9295
-6.02099
-38.1224
-68.587
-96.3216
-119.8
-137.944
-150.439
-156.747
-155.591
-147.584
-135.426
-121.355
-105.819
-88.9353
-71.2104
-53.0761
-34.7215
-18.2383
-3.99216
9.59369
22.4996
34.6955
46.1588
56.8558
66.7318
75.7125
83.709
90.6304
96.4073
101.026
104.526
107.016
108.516
109.146
109.318
110.805
112.366
121.869
95.6131
72.6396
46.8238
20.0243
-6.64601
-32.7569
-57.5164
-79.7361
-98.4156
-113.03
-122.979
-126.859
-124.405
-117.112
-106.845
-94.4299
-80.2084
-64.6658
-48.2911
-31.3887
-15.9736
-2.51754
10.3953
22.7256
34.4248
45.4565
55.7816
65.3483
74.092
81.94
88.8198
94.6749
99.4909
103.294
106.163
108.149
109.428
110.271
112.217
113.948
124.004
102.508
83.4841
62.5241
40.8532
19.075
-2.66358
-23.8877
-43.7575
-61.5117
-76.6245
-88.5213
-95.8539
-97.8938
-95.2033
-89.0023
-80.0854
-68.9178
-55.9827
-41.7798
-26.6951
-12.6281
-0.174308
11.8757
23.4646
34.5262
45.0054
54.853
64.0161
72.4366
80.054
86.8123
92.6704
97.6214
101.694
104.957
107.483
109.48
111.105
113.613
115.609
125.437
107.747
91.9541
74.8995
57.4075
39.7941
22.0397
4.38193
-12.6438
-28.5275
-42.868
-55.1906
-64.3474
-69.4668
-70.5263
-68.1226
-62.7651
-54.8625
-44.8498
-33.1883
-20.2913
-7.8802
3.32842
14.2989
24.9544
35.213
44.9989
54.2494
62.9077
70.9184
78.2289
84.7949
90.5871
95.6063
99.8874
103.498
106.518
109.162
111.527
114.549
116.997
126.359
111.733
98.593
84.679
70.5518
56.3683
42.0312
27.6314
13.4806
-0.102948
-12.8763
-24.5037
-34.0961
-40.8488
-44.4649
-45.1004
-42.9353
-38.1965
-31.1961
-22.2999
-11.8839
-1.41568
8.30181
17.9676
27.4839
36.7556
45.6881
54.2039
62.2401
69.7414
76.6598
82.9582
88.6146
93.6332
98.05
101.925
105.333
108.459
111.383
114.721
117.671
126.931
114.79
103.839
92.4563
81.0256
69.6161
58.1054
46.5057
34.9866
23.7312
12.8634
2.58387
-6.46807
-13.6525
-18.6118
-21.269
-21.568
-19.5397
-15.3334
-9.17918
-1.36126
6.97325
15.0005
23.1656
31.3538
39.4596
47.3739
55.0068
62.2893
69.1646
75.5861
81.5198
86.9467
91.8702
96.3216
100.346
104.001
107.42
110.676
114.108
117.324
127.273
117.168
108.033
98.6973
89.4267
80.2421
71.0213
61.7401
52.4849
43.3523
34.3989
25.7214
17.7514
10.9527
5.63547
1.95343
0.0728135
0.093835
2.00906
5.72565
11.0757
17.2572
23.5052
30.0536
36.7824
43.5835
50.3409
56.9565
63.356
69.4813
75.2862
80.7368
85.8129
90.5129
94.8586
98.8778
102.604
106.123
109.488
112.856
116.053
127.495
119.07
111.446
103.771
96.2315
88.8242
81.4372
74.0327
66.6513
59.3405
52.1187
45.0229
38.331
32.3594
27.3371
23.4112
20.764
19.546
19.8335
21.6349
24.887
29.1032
33.6392
38.582
43.8208
49.2551
54.7734
60.2785
65.6948
70.9631
76.0362
80.8793
85.4692
89.7979
93.8755
97.7126
101.322
104.751
108.031
111.227
114.253
127.706
120.68
114.316
107.993
101.848
95.8593
89.9311
84.0234
78.153
72.3412
66.587
60.9003
55.453
50.4531
46.0572
42.3766
39.5632
37.7624
37.0772
37.5678
39.2399
41.8485
44.8985
48.3926
52.2404
56.3572
60.6465
65.0208
69.4101
73.758
78.0182
82.1546
86.1409
89.9623
93.6185
97.1071
100.426
103.599
106.64
109.568
112.344
127.902
121.984
116.617
111.341
106.263
101.353
96.5265
91.7477
87.0224
82.3594
77.7512
73.1983
68.8087
64.7163
61.0239
57.8093
55.1852
53.2683
52.1543
51.9156
52.5881
54.0758
56.0192
58.385
61.1063
64.1176
67.3412
70.7052
74.1497
77.6247
81.0882
84.5057
87.8497
91.1018
94.2546
97.2975
100.22
103.032
105.737
108.335
110.81
128.066
123.006
118.409
113.933
109.663
105.563
101.56
97.6226
93.7502
89.9456
86.1993
82.5075
78.9431
75.5949
72.5304
69.8031
67.4938
65.6894
64.4671
63.8925
64.0081
64.7962
65.9977
67.5707
69.4692
71.644
74.0355
76.5871
79.2505
81.9839
84.7509
87.5206
90.2674
92.9717
95.6229
98.2067
100.71
103.133
105.476
107.728
109.885
128.224
123.842
119.856
116.005
112.361
108.883
105.508
102.209
98.982
95.8273
92.7352
89.7008
86.7748
84.019
81.4778
79.1884
77.208
75.6001
74.4232
73.7306
73.561
73.9328
74.6567
75.6939
77.0138
78.58
80.3474
82.2728
84.3183
86.4502
88.6383
90.8564
93.0816
95.2957
97.4871
99.6409
101.743
103.792
105.782
107.703
109.552
128.381
124.548
121.057
117.708
114.56
111.574
108.692
105.891
103.166
100.516
97.9319
95.4082
92.9816
90.6964
88.5828
86.6659
84.9875
83.5933
82.5266
81.8284
81.5301
81.664
82.0878
82.7696
83.6897
84.8209
86.1292
87.5819
89.1498
90.8063
92.5271
94.2904
96.0771
97.871
99.661
101.433
103.175
104.883
106.551
108.168
109.733
128.539
125.159
122.077
119.139
116.394
113.803
111.316
108.912
106.587
104.336
102.153
100.032
98.001
96.0915
94.325
92.7187
91.3029
90.1108
89.174
88.5233
88.1827
88.187
88.4259
88.8748
89.5214
90.3448
91.3192
92.4198
93.6242
94.9117
96.263
97.6604
99.0882
100.533
101.984
103.431
104.861
106.272
107.656
109.005
110.316
128.698
125.697
122.958
120.36
117.948
115.682
113.517
111.435
109.432
107.504
105.643
103.845
102.131
100.524
99.0399
97.6903
96.497
95.4847
94.6764
94.0944
93.7568
93.6956
93.8228
94.1202
94.5804
95.1868
95.9195
96.7596
97.6898
98.694
99.757
100.865
102.004
103.165
104.338
105.513
106.682
107.84
108.981
110.1
111.191
128.856
126.175
123.727
121.416
119.282
117.286
115.388
113.572
111.833
110.168
108.57
107.034
105.577
104.216
102.963
101.825
100.819
99.9619
99.2712
98.7631
98.4504
98.3608
98.422
98.6213
98.9541
99.4073
99.965
100.612
101.337
102.125
102.964
103.845
104.756
105.689
106.636
107.59
108.542
109.49
110.429
111.352
112.256
129.012
126.605
124.405
122.338
120.439
118.67
116.996
115.402
113.883
112.436
111.054
109.734
108.488
107.329
106.266
105.303
104.453
103.728
103.141
102.704
102.425
102.328
102.351
102.487
102.733
103.077
103.507
104.012
104.581
105.204
105.872
106.575
107.306
108.058
108.824
109.599
110.375
111.151
111.922
112.683
113.431
129.165
126.993
125.007
123.15
121.451
119.875
118.39
116.983
115.649
114.385
113.183
112.043
110.971
109.98
109.073
108.256
107.536
106.923
106.426
106.053
105.811
105.717
105.72
105.814
106
106.266
106.603
107.001
107.453
107.95
108.485
109.051
109.64
110.248
110.871
111.501
112.135
112.771
113.405
114.033
114.651
129.313
127.345
125.545
123.869
122.343
120.932
119.608
118.361
117.184
116.073
115.024
114.033
113.108
112.255
111.48
110.784
110.173
109.654
109.234
108.919
108.711
108.626
108.619
108.687
108.83
109.04
109.308
109.626
109.989
110.389
110.821
111.279
111.757
112.252
112.76
113.275
113.795
114.318
114.839
115.359
115.87
129.455
127.665
126.027
124.509
123.131
121.863
120.679
119.568
118.524
117.545
116.625
115.761
114.959
114.224
113.558
112.964
112.444
112.005
111.651
111.385
111.209
111.135
111.124
111.175
111.288
111.457
111.673
111.93
112.224
112.55
112.902
113.275
113.666
114.071
114.487
114.911
115.339
115.77
116.201
116.631
117.055
129.592
127.957
126.461
125.08
123.832
122.688
121.624
120.631
119.703
118.836
118.026
117.271
116.573
115.936
115.364
114.855
114.413
114.041
113.742
113.518
113.371
113.309
113.298
113.338
113.429
113.567
113.744
113.955
114.196
114.463
114.752
115.059
115.381
115.714
116.057
116.407
116.761
117.118
117.476
117.834
118.186
129.721
128.223
126.852
125.592
124.457
123.421
122.462
121.57
120.742
119.973
119.258
118.595
117.986
117.435
116.94
116.504
116.128
115.813
115.561
115.374
115.251
115.2
115.191
115.224
115.3
115.414
115.561
115.735
115.935
116.156
116.395
116.65
116.916
117.193
117.477
117.768
118.062
118.359
118.657
118.956
119.25
129.844
128.465
127.205
126.05
125.015
124.074
123.206
122.404
121.663
120.978
120.345
119.762
119.23
118.75
118.324
117.949
117.628
117.361
117.15
116.994
116.893
116.853
116.845
116.874
116.938
117.035
117.158
117.304
117.471
117.656
117.856
118.068
118.29
118.521
118.758
119
119.246
119.494
119.744
119.994
120.24
129.96
128.686
127.523
126.462
125.515
124.656
123.869
123.145
122.48
121.868
121.307
120.794
120.328
119.91
119.542
119.22
118.946
118.72
118.543
118.414
118.332
118.3
118.296
118.322
118.378
118.46
118.565
118.689
118.83
118.985
119.153
119.331
119.517
119.711
119.91
120.113
120.319
120.528
120.737
120.948
121.155
130.069
128.888
127.811
126.833
125.962
125.177
124.46
123.805
123.206
122.66
122.161
121.708
121.299
120.936
120.617
120.341
120.108
119.917
119.768
119.662
119.596
119.573
119.572
119.595
119.645
119.716
119.806
119.912
120.032
120.164
120.306
120.456
120.614
120.777
120.944
121.116
121.289
121.465
121.642
121.82
121.994
130.17
129.071
128.07
127.165
126.362
125.641
124.987
124.393
123.853
123.363
122.92
122.519
122.161
121.844
121.568
121.332
121.133
120.973
120.849
120.762
120.71
120.694
120.696
120.719
120.763
120.826
120.904
120.995
121.098
121.21
121.331
121.459
121.593
121.731
121.873
122.018
122.165
122.314
122.463
122.614
122.761
130.264
129.237
128.303
127.462
126.719
126.056
125.457
124.916
124.429
123.989
123.594
123.24
122.925
122.65
122.412
122.209
122.041
121.907
121.805
121.734
121.694
121.684
121.689
121.711
121.751
121.807
121.875
121.954
122.043
122.14
122.243
122.352
122.466
122.584
122.705
122.828
122.952
123.079
123.206
123.334
123.459
130.351
129.387
128.513
127.728
127.038
126.425
125.875
125.382
124.941
124.546
124.193
123.88
123.605
123.365
123.16
122.987
122.845
122.733
122.65
122.594
122.563
122.559
122.567
122.589
122.626
122.676
122.736
122.806
122.883
122.966
123.055
123.149
123.246
123.347
123.45
123.555
123.661
123.769
123.877
123.986
124.092
130.43
129.522
128.699
127.965
127.321
126.753
126.246
125.796
125.395
125.04
124.725
124.449
124.207
124
123.824
123.677
123.558
123.466
123.398
123.354
123.333
123.333
123.343
123.365
123.4
123.445
123.499
123.56
123.627
123.7
123.777
123.858
123.941
124.028
124.116
124.205
124.296
124.388
124.48
124.573
124.663
130.503
129.642
128.865
128.174
127.571
127.042
126.574
126.161
125.797
125.477
125.197
124.952
124.742
124.562
124.412
124.288
124.189
124.114
124.061
124.028
124.014
124.019
124.031
124.053
124.086
124.128
124.176
124.23
124.29
124.353
124.42
124.49
124.563
124.637
124.713
124.789
124.867
124.945
125.024
125.103
125.18
130.568
129.748
129.01
128.357
127.791
127.296
126.862
126.482
126.151
125.863
125.613
125.397
125.214
125.06
124.932
124.829
124.748
124.688
124.646
124.623
124.616
124.624
124.638
124.66
124.691
124.73
124.774
124.822
124.875
124.931
124.989
125.05
125.113
125.177
125.242
125.308
125.374
125.441
125.508
125.576
125.642
130.626
129.841
129.136
128.516
127.981
127.516
127.113
126.763
126.46
126.2
125.978
125.789
125.63
125.498
125.391
125.306
125.241
125.194
125.164
125.15
125.149
125.161
125.177
125.2
125.23
125.267
125.307
125.351
125.398
125.448
125.499
125.552
125.607
125.662
125.718
125.775
125.832
125.89
125.947
126.005
126.06
130.678
129.92
129.244
128.652
128.143
127.705
127.328
127.004
126.728
126.494
126.296
126.13
125.993
125.882
125.793
125.724
125.673
125.639
125.618
125.611
125.615
125.629
125.647
125.671
125.7
125.734
125.771
125.811
125.853
125.897
125.942
125.989
126.037
126.085
126.134
126.182
126.232
126.281
126.33
126.379
126.427
130.722
129.987
129.334
128.765
128.279
127.863
127.509
127.209
126.956
126.745
126.569
126.425
126.308
126.215
126.143
126.09
126.053
126.03
126.019
126.019
126.029
126.048
126.068
126.093
126.123
126.156
126.191
126.228
126.267
126.307
126.348
126.389
126.431
126.473
126.515
126.557
126.599
126.642
126.683
126.725
126.766
130.759
130.042
129.406
128.855
128.388
127.992
127.658
127.379
127.147
126.956
126.801
126.676
126.577
126.501
126.445
126.405
126.379
126.365
126.362
126.367
126.381
126.401
126.423
126.448
126.477
126.508
126.541
126.575
126.611
126.647
126.683
126.72
126.757
126.794
126.831
126.868
126.904
126.941
126.977
127.013
127.047
130.79
130.083
129.461
128.924
128.471
128.091
127.774
127.513
127.3
127.128
126.991
126.885
126.803
126.744
126.702
126.676
126.663
126.661
126.668
126.682
126.703
126.728
126.754
126.783
126.813
126.845
126.878
126.911
126.945
126.978
127.012
127.045
127.078
127.111
127.143
127.175
127.206
127.237
127.267
127.298
127.326
130.814
130.114
129.501
128.974
128.531
128.164
127.861
127.615
127.418
127.263
127.143
127.053
126.987
126.942
126.913
126.898
126.893
126.897
126.909
126.926
126.949
126.976
127.003
127.031
127.061
127.092
127.123
127.155
127.186
127.217
127.248
127.278
127.308
127.337
127.366
127.394
127.422
127.449
127.476
127.502
127.527
130.831
130.132
129.523
129.002
128.568
128.21
127.919
127.686
127.503
127.362
127.257
127.182
127.132
127.102
127.09
127.091
127.103
127.122
127.148
127.177
127.209
127.243
127.277
127.31
127.344
127.377
127.41
127.442
127.473
127.504
127.533
127.561
127.588
127.614
127.64
127.664
127.688
127.71
127.732
127.754
127.774
130.839
130.13
129.516
128.995
128.565
128.214
127.933
127.713
127.544
127.418
127.328
127.267
127.229
127.21
127.205
127.211
127.226
127.248
127.276
127.308
127.342
127.377
127.411
127.446
127.48
127.513
127.545
127.576
127.607
127.635
127.663
127.69
127.715
127.74
127.763
127.785
127.806
127.827
127.846
127.865
127.883
130.837
130.111
129.485
128.957
128.524
128.176
127.903
127.692
127.536
127.426
127.354
127.313
127.298
127.304
127.326
127.36
127.402
127.449
127.498
127.547
127.593
127.639
127.682
127.723
127.763
127.801
127.836
127.869
127.901
127.93
127.958
127.983
128.008
128.03
128.051
128.071
128.089
128.107
128.123
128.138
128.153
121.066
128.605
134.662
138.094
140.123
141.44
142.136
142.382
142.34
142.108
141.754
141.328
140.864
140.385
139.908
139.441
138.993
138.566
138.163
137.784
137.429
137.098
136.79
136.506
136.242
135.993
135.756
135.532
135.328
135.148
134.998
134.868
134.757
134.657
134.561
134.466
134.37
134.272
134.174
134.073
133.975
133.877
133.78
133.686
133.595
133.507
133.422
133.341
133.262
133.188
133.117
133.049
132.984
132.922
132.864
132.809
132.755
132.705
132.657
132.613
132.569
132.53
132.491
132.455
132.421
132.388
132.36
132.331
132.305
132.282
132.258
132.244
132.214
132.226
120.013
128.133
134.46
138.135
140.271
141.599
142.274
142.491
142.422
142.165
141.791
141.348
140.87
140.381
139.896
139.423
138.971
138.541
138.137
137.757
137.402
137.071
136.764
136.482
136.221
135.976
135.739
135.513
135.302
135.114
134.956
134.822
134.712
134.616
134.527
134.441
134.354
134.265
134.175
134.081
133.989
133.895
133.801
133.71
133.62
133.532
133.447
133.365
133.285
133.209
133.136
133.066
132.999
132.935
132.874
132.817
132.761
132.71
132.66
132.614
132.569
132.529
132.488
132.452
132.417
132.384
132.355
132.325
132.299
132.276
132.252
132.237
132.208
132.22
119.224
126.902
133.895
138.038
140.368
141.753
142.425
142.618
142.517
142.231
141.831
141.368
140.874
140.373
139.878
139.399
138.942
138.509
138.102
137.721
137.366
137.036
136.73
136.45
136.192
135.95
135.715
135.486
135.27
135.075
134.912
134.775
134.666
134.574
134.491
134.413
134.335
134.255
134.172
134.085
133.998
133.909
133.819
133.73
133.641
133.554
133.469
133.386
133.305
133.227
133.153
133.081
133.012
132.946
132.883
132.824
132.767
132.714
132.662
132.615
132.569
132.527
132.486
132.448
132.413
132.379
132.349
132.319
132.292
132.269
132.245
132.231
132.201
132.213
118.799
125.832
133.159
137.755
140.364
141.853
142.552
142.741
142.617
142.301
141.873
141.386
140.874
140.358
139.853
139.366
138.903
138.466
138.057
137.675
137.32
136.991
136.686
136.408
136.153
135.913
135.68
135.451
135.233
135.034
134.867
134.729
134.62
134.531
134.453
134.381
134.31
134.237
134.16
134.08
133.998
133.913
133.826
133.74
133.652
133.567
133.482
133.399
133.317
133.239
133.163
133.09
133.02
132.953
132.889
132.828
132.769
132.715
132.662
132.614
132.567
132.524
132.482
132.444
132.408
132.373
132.343
132.313
132.286
132.263
132.239
132.224
132.195
132.207
118.909
125.415
132.553
137.339
140.226
141.868
142.623
142.822
142.691
142.359
141.91
141.4
140.867
140.336
139.818
139.322
138.853
138.412
138.001
137.618
137.263
136.934
136.631
136.355
136.102
135.864
135.634
135.406
135.188
134.988
134.819
134.68
134.572
134.485
134.412
134.346
134.28
134.213
134.143
134.068
133.991
133.91
133.826
133.743
133.657
133.573
133.489
133.406
133.325
133.246
133.17
133.096
133.024
132.956
132.891
132.829
132.77
132.714
132.661
132.611
132.563
132.52
132.477
132.438
132.402
132.367
132.337
132.306
132.279
132.256
132.232
132.217
132.188
132.2
119.295
125.519
132.26
136.993
140
141.771
142.611
142.843
142.711
142.369
141.911
141.39
140.844
140.299
139.77
139.265
138.789
138.344
137.931
137.547
137.192
136.865
136.564
136.29
136.039
135.804
135.576
135.351
135.134
134.935
134.766
134.628
134.52
134.436
134.367
134.305
134.245
134.184
134.119
134.05
133.977
133.901
133.821
133.74
133.657
133.574
133.491
133.409
133.328
133.249
133.172
133.098
133.026
132.957
132.891
132.829
132.768
132.712
132.658
132.608
132.559
132.515
132.472
132.433
132.396
132.361
132.33
132.3
132.272
132.249
132.225
132.21
132.181
132.193
119.81
125.912
132.246
136.847
139.805
141.595
142.497
142.783
142.67
142.323
141.854
141.326
140.777
140.23
139.696
139.186
138.706
138.258
137.843
137.459
137.105
136.78
136.481
136.21
135.962
135.73
135.506
135.284
135.071
134.875
134.707
134.57
134.464
134.382
134.316
134.259
134.204
134.148
134.088
134.024
133.956
133.884
133.808
133.73
133.65
133.569
133.488
133.407
133.326
133.248
133.171
133.097
133.025
132.956
132.889
132.826
132.765
132.708
132.653
132.603
132.554
132.509
132.466
132.426
132.389
132.354
132.323
132.292
132.265
132.242
132.217
132.203
132.174
132.185
120.511
126.383
132.31
136.801
139.686
141.416
142.317
142.634
142.551
142.218
141.745
141.206
140.648
140.099
139.57
139.066
138.59
138.145
137.731
137.349
136.997
136.675
136.38
136.112
135.867
135.64
135.42
135.204
134.996
134.805
134.64
134.505
134.401
134.322
134.259
134.205
134.155
134.104
134.05
133.991
133.928
133.86
133.788
133.713
133.636
133.558
133.478
133.399
133.32
133.242
133.166
133.092
133.02
132.951
132.884
132.821
132.76
132.702
132.647
132.596
132.547
132.502
132.459
132.419
132.382
132.346
132.315
132.284
132.257
132.234
132.21
132.195
132.167
132.178
121.526
126.873
132.232
136.643
139.535
141.238
142.116
142.429
142.358
142.04
141.578
141.039
140.474
139.916
139.383
138.882
138.416
137.983
137.58
137.207
136.862
136.544
136.255
135.991
135.752
135.529
135.316
135.108
134.908
134.722
134.562
134.432
134.33
134.253
134.193
134.143
134.097
134.051
134.002
133.948
133.89
133.827
133.759
133.689
133.615
133.539
133.462
133.385
133.308
133.231
133.156
133.083
133.012
132.943
132.876
132.813
132.752
132.695
132.639
132.588
132.539
132.494
132.45
132.41
132.373
132.338
132.307
132.276
132.249
132.226
132.202
132.187
132.16
132.169
122.791
127.342
131.956
136.226
139.149
140.886
141.817
142.17
142.116
141.803
141.345
140.813
140.253
139.696
139.157
138.651
138.184
137.758
137.367
137.01
136.681
136.377
136.098
135.843
135.611
135.395
135.19
134.992
134.801
134.625
134.472
134.347
134.249
134.175
134.118
134.072
134.03
133.988
133.944
133.895
133.842
133.784
133.721
133.655
133.585
133.513
133.439
133.365
133.29
133.215
133.142
133.069
132.999
132.931
132.865
132.803
132.742
132.685
132.63
132.579
132.53
132.484
132.441
132.401
132.364
132.329
132.297
132.267
132.24
132.217
132.193
132.179
132.152
132.161
123.816
127.56
131.354
135.367
138.343
140.164
141.203
141.682
141.735
141.49
141.065
140.545
139.989
139.432
138.894
138.388
137.92
137.492
137.104
136.754
136.438
136.152
135.891
135.652
135.433
135.23
135.037
134.851
134.673
134.509
134.366
134.247
134.154
134.084
134.03
133.988
133.95
133.913
133.874
133.831
133.784
133.731
133.674
133.612
133.547
133.479
133.409
133.337
133.265
133.193
133.122
133.051
132.982
132.916
132.851
132.789
132.729
132.672
132.618
132.567
132.518
132.474
132.43
132.391
132.354
132.319
132.288
132.258
132.231
132.208
132.184
132.17
132.144
132.152
123.977
127.144
130.241
133.824
136.783
138.753
139.987
140.688
140.955
140.891
140.606
140.184
139.683
139.15
138.618
138.108
137.634
137.202
136.811
136.462
136.151
135.873
135.625
135.403
135.202
135.018
134.844
134.677
134.517
134.369
134.238
134.129
134.043
133.977
133.928
133.89
133.856
133.825
133.791
133.754
133.713
133.666
133.614
133.559
133.499
133.436
133.37
133.302
133.234
133.165
133.096
133.028
132.961
132.896
132.833
132.772
132.713
132.657
132.604
132.554
132.506
132.461
132.418
132.379
132.343
132.308
132.277
132.247
132.221
132.198
132.175
132.161
132.135
132.143
123.169
125.961
128.587
131.637
134.376
136.409
137.846
138.83
139.417
139.662
139.646
139.445
139.12
138.719
138.276
137.818
137.365
136.932
136.532
136.169
135.848
135.566
135.32
135.106
134.917
134.748
134.595
134.452
134.318
134.193
134.081
133.986
133.909
133.851
133.808
133.774
133.746
133.72
133.693
133.662
133.627
133.587
133.542
133.493
133.439
133.382
133.321
133.258
133.194
133.129
133.063
132.998
132.934
132.871
132.81
132.751
132.694
132.639
132.587
132.538
132.491
132.447
132.405
132.366
132.33
132.296
132.265
132.236
132.21
132.187
132.165
132.151
132.126
132.133
121.589
124.082
126.415
129.002
131.437
133.426
134.981
136.177
137.044
137.608
137.918
138.028
137.984
137.823
137.579
137.279
136.948
136.604
136.257
135.919
135.597
135.3
135.035
134.804
134.607
134.439
134.295
134.17
134.06
133.962
133.878
133.806
133.746
133.699
133.664
133.637
133.616
133.596
133.576
133.552
133.525
133.493
133.455
133.413
133.367
133.316
133.261
133.204
133.145
133.085
133.024
132.962
132.901
132.841
132.783
132.726
132.671
132.618
132.567
132.519
132.473
132.43
132.39
132.351
132.316
132.283
132.253
132.224
132.198
132.176
132.154
132.14
132.117
132.122
119.489
121.729
123.861
126.118
128.279
130.166
131.76
133.083
134.146
134.957
135.543
135.94
136.18
136.293
136.305
136.238
136.11
135.936
135.731
135.507
135.272
135.035
134.801
134.575
134.364
134.174
134.009
133.871
133.76
133.673
133.609
133.564
133.532
133.508
133.491
133.476
133.463
133.45
133.437
133.422
133.403
133.38
133.352
133.318
133.279
133.236
133.189
133.139
133.086
133.031
132.975
132.918
132.862
132.805
132.75
132.696
132.643
132.593
132.544
132.498
132.453
132.412
132.372
132.335
132.301
132.268
132.239
132.211
132.186
132.164
132.143
132.129
132.107
132.111
117.138
119.166
121.125
123.138
125.077
126.846
128.423
129.808
130.998
131.99
132.793
133.426
133.908
134.263
134.51
134.669
134.756
134.787
134.77
134.715
134.629
134.518
134.39
134.251
134.105
133.955
133.807
133.663
133.532
133.421
133.336
133.28
133.251
133.244
133.251
133.262
133.272
133.277
133.277
133.271
133.261
133.247
133.228
133.204
133.175
133.141
133.103
133.061
133.015
132.967
132.917
132.866
132.814
132.762
132.711
132.661
132.611
132.563
132.517
132.473
132.431
132.391
132.353
132.317
132.284
132.252
132.224
132.197
132.172
132.151
132.131
132.118
132.097
132.1
114.807
116.639
118.428
120.234
121.986
123.63
125.153
126.546
127.799
128.906
129.866
130.683
131.367
131.93
132.385
132.745
133.025
133.238
133.395
133.506
133.579
133.62
133.633
133.621
133.589
133.54
133.478
133.407
133.331
133.251
133.173
133.102
133.044
133.006
132.99
132.994
133.013
133.038
133.062
133.079
133.088
133.089
133.083
133.07
133.052
133.029
133
132.967
132.93
132.89
132.848
132.803
132.758
132.711
132.665
132.619
132.573
132.529
132.486
132.444
132.404
132.366
132.33
132.296
132.265
132.235
132.207
132.181
132.158
132.138
132.118
132.105
132.086
132.087
112.915
114.55
116.162
117.775
119.351
120.862
122.297
123.648
124.903
126.054
127.096
128.028
128.851
129.57
130.19
130.72
131.167
131.541
131.852
132.108
132.317
132.488
132.625
132.733
132.815
132.874
132.912
132.93
132.932
132.922
132.904
132.884
132.863
132.842
132.823
132.81
132.805
132.812
132.83
132.855
132.881
132.901
132.914
132.917
132.912
132.9
132.883
132.86
132.833
132.803
132.768
132.732
132.693
132.653
132.612
132.571
132.53
132.49
132.45
132.412
132.375
132.339
132.306
132.274
132.244
132.215
132.189
132.164
132.142
132.123
132.104
132.092
132.074
132.075
111.677
113.112
114.539
115.964
117.369
118.737
120.06
121.331
122.539
123.677
124.738
125.718
126.614
127.426
128.156
128.806
129.38
129.883
130.322
130.702
131.029
131.31
131.551
131.756
131.929
132.076
132.198
132.298
132.378
132.442
132.491
132.529
132.56
132.586
132.609
132.628
132.643
132.655
132.664
132.675
132.69
132.709
132.73
132.748
132.759
132.762
132.757
132.746
132.729
132.707
132.682
132.653
132.622
132.589
132.554
132.519
132.483
132.447
132.411
132.376
132.343
132.31
132.279
132.249
132.221
132.194
132.169
132.146
132.125
132.107
132.089
132.078
132.062
132.061
111.069
112.305
113.546
114.787
116.02
117.238
118.432
119.597
120.724
121.806
122.838
123.813
124.727
125.578
126.364
127.085
127.741
128.333
128.866
129.343
129.766
130.141
130.472
130.763
131.018
131.24
131.435
131.604
131.752
131.88
131.993
132.09
132.176
132.25
132.315
132.372
132.421
132.464
132.499
132.526
132.544
132.558
132.57
132.583
132.598
132.611
132.62
132.622
132.617
132.605
132.589
132.569
132.546
132.52
132.492
132.462
132.431
132.4
132.369
132.338
132.308
132.278
132.25
132.222
132.196
132.172
132.148
132.127
132.107
132.09
132.073
132.063
132.049
132.047
111.008
112.052
113.108
114.171
115.236
116.3
117.356
118.399
119.423
120.421
121.389
122.321
123.212
124.059
124.857
125.605
126.302
126.947
127.54
128.083
128.577
129.024
129.428
129.791
130.116
130.406
130.664
130.895
131.099
131.282
131.446
131.594
131.727
131.848
131.957
132.055
132.141
132.216
132.281
132.336
132.38
132.414
132.437
132.452
132.462
132.47
132.479
132.487
132.493
132.494
132.489
132.478
132.463
132.445
132.424
132.401
132.376
132.35
132.323
132.297
132.27
132.244
132.218
132.194
132.17
132.147
132.126
132.106
132.088
132.072
132.057
132.047
132.035
132.033
111.379
112.247
113.13
114.025
114.93
115.843
116.758
117.673
118.581
119.479
120.362
121.225
122.063
122.872
123.649
124.39
125.094
125.757
126.379
126.958
127.496
127.993
128.45
128.867
129.248
129.595
129.908
130.192
130.448
130.679
130.888
131.078
131.251
131.409
131.554
131.688
131.809
131.919
132.016
132.1
132.171
132.23
132.278
132.314
132.338
132.354
132.362
132.366
132.371
132.376
132.379
132.379
132.374
132.364
132.351
132.334
132.316
132.295
132.274
132.252
132.229
132.207
132.185
132.163
132.142
132.121
132.102
132.084
132.067
132.053
132.039
132.031
132.02
132.018
112.072
112.782
113.509
114.252
115.009
115.78
116.56
117.347
118.137
118.926
119.712
120.49
121.256
122.006
122.737
123.445
124.127
124.781
125.404
125.995
126.552
127.075
127.563
128.018
128.439
128.827
129.184
129.511
129.811
130.085
130.335
130.563
130.772
130.963
131.139
131.301
131.449
131.586
131.711
131.823
131.923
132.009
132.081
132.14
132.188
132.223
132.247
132.262
132.269
132.272
132.273
132.275
132.277
132.276
132.271
132.263
132.251
132.237
132.221
132.203
132.185
132.167
132.148
132.129
132.111
132.093
132.076
132.06
132.045
132.032
132.02
132.013
132.004
132.003
112.984
113.558
114.149
114.758
115.384
116.025
116.68
117.346
118.021
118.702
119.387
120.073
120.756
121.434
122.102
122.759
123.4
124.023
124.626
125.206
125.76
126.289
126.79
127.262
127.706
128.122
128.509
128.869
129.202
129.511
129.795
130.057
130.298
130.52
130.724
130.912
131.085
131.244
131.39
131.524
131.646
131.755
131.851
131.935
132.005
132.062
132.107
132.14
132.164
132.177
132.183
132.185
132.185
132.185
132.185
132.184
132.18
132.173
132.163
132.151
132.138
132.124
132.109
132.094
132.078
132.063
132.049
132.035
132.021
132.01
131.999
131.994
131.987
131.988
114.031
114.491
114.966
115.461
115.972
116.5
117.042
117.599
118.167
118.745
119.333
119.926
120.523
121.122
121.72
122.313
122.9
123.478
124.044
124.595
125.13
125.646
126.142
126.616
127.067
127.495
127.899
128.279
128.636
128.969
129.279
129.568
129.836
130.084
130.314
130.526
130.723
130.903
131.069
131.221
131.361
131.487
131.602
131.705
131.795
131.873
131.939
131.993
132.034
132.066
132.087
132.1
132.105
132.106
132.105
132.104
132.104
132.103
132.1
132.094
132.087
132.077
132.067
132.055
132.043
132.031
132.019
132.007
131.996
131.987
131.977
131.974
131.969
131.973
115.145
115.511
115.891
116.289
116.705
117.135
117.58
118.039
118.512
118.997
119.493
119.998
120.512
121.031
121.555
122.081
122.606
123.129
123.647
124.158
124.66
125.15
125.626
126.088
126.533
126.96
127.367
127.756
128.124
128.471
128.799
129.106
129.395
129.664
129.915
130.148
130.365
130.565
130.75
130.921
131.077
131.219
131.349
131.466
131.572
131.666
131.75
131.822
131.882
131.931
131.97
131.998
132.017
132.029
132.034
132.034
132.033
132.032
132.032
132.032
132.03
132.027
132.021
132.014
132.005
131.996
131.987
131.978
131.969
131.962
131.953
131.953
131.948
131.96
116.278
116.568
116.869
117.189
117.524
117.872
118.234
118.61
118.999
119.402
119.816
120.241
120.677
121.121
121.573
122.03
122.492
122.956
123.42
123.883
124.343
124.797
125.244
125.681
126.108
126.522
126.922
127.307
127.676
128.029
128.365
128.683
128.984
129.267
129.534
129.783
130.016
130.234
130.436
130.623
130.795
130.953
131.098
131.229
131.348
131.455
131.551
131.637
131.712
131.777
131.832
131.877
131.912
131.937
131.955
131.965
131.97
131.971
131.97
131.97
131.97
131.971
131.971
131.968
131.964
131.959
131.953
131.947
131.94
131.935
131.928
131.93
131.924
131.949
117.393
117.622
117.861
118.116
118.385
118.666
118.959
119.265
119.583
119.914
120.257
120.611
120.976
121.351
121.735
122.128
122.527
122.932
123.342
123.753
124.166
124.578
124.988
125.393
125.792
126.184
126.567
126.94
127.301
127.65
127.985
128.305
128.611
128.902
129.178
129.439
129.684
129.914
130.13
130.331
130.517
130.689
130.848
130.993
131.125
131.245
131.352
131.449
131.536
131.613
131.68
131.739
131.788
131.828
131.86
131.883
131.899
131.909
131.913
131.915
131.915
131.916
131.917
131.919
131.92
131.919
131.916
131.913
131.909
131.906
131.901
131.906
131.896
131.942
118.466
118.647
118.836
119.04
119.256
119.482
119.718
119.966
120.225
120.495
120.777
121.069
121.372
121.686
122.01
122.342
122.683
123.032
123.387
123.747
124.112
124.479
124.847
125.216
125.582
125.946
126.304
126.657
127.002
127.338
127.665
127.981
128.285
128.577
128.856
129.122
129.374
129.613
129.838
130.049
130.247
130.431
130.601
130.758
130.903
131.035
131.155
131.263
131.36
131.447
131.524
131.593
131.653
131.705
131.75
131.786
131.815
131.836
131.851
131.86
131.865
131.867
131.868
131.869
131.872
131.874
131.876
131.876
131.875
131.875
131.871
131.881
131.862
131.944
119.483
119.627
119.776
119.939
120.112
120.293
120.484
120.684
120.894
121.114
121.344
121.584
121.834
122.095
122.364
122.644
122.932
123.229
123.533
123.844
124.161
124.484
124.81
125.139
125.469
125.799
126.129
126.456
126.779
127.097
127.409
127.713
128.009
128.295
128.572
128.838
129.092
129.334
129.565
129.783
129.988
130.181
130.361
130.529
130.684
130.827
130.957
131.077
131.185
131.282
131.369
131.446
131.515
131.576
131.63
131.677
131.717
131.75
131.776
131.795
131.809
131.818
131.823
131.825
131.827
131.829
131.833
131.836
131.838
131.842
131.839
131.853
131.819
131.96
120.436
120.549
120.667
120.798
120.937
121.082
121.236
121.397
121.567
121.746
121.933
122.13
122.335
122.55
122.774
123.007
123.248
123.498
123.756
124.022
124.295
124.574
124.859
125.148
125.441
125.737
126.035
126.332
126.629
126.924
127.216
127.504
127.786
128.062
128.331
128.591
128.842
129.084
129.316
129.536
129.746
129.944
130.131
130.306
130.47
130.622
130.762
130.891
131.009
131.116
131.213
131.3
131.378
131.447
131.509
131.563
131.611
131.653
131.689
131.719
131.743
131.761
131.773
131.782
131.787
131.789
131.792
131.795
131.799
131.805
131.803
131.824
131.769
131.995
121.319
121.409
121.503
121.608
121.72
121.837
121.961
122.091
122.229
122.374
122.526
122.686
122.855
123.031
123.216
123.409
123.61
123.819
124.036
124.261
124.494
124.733
124.979
125.23
125.487
125.748
126.012
126.28
126.548
126.818
127.086
127.353
127.618
127.879
128.135
128.385
128.629
128.866
129.094
129.314
129.524
129.725
129.915
130.096
130.265
130.424
130.571
130.709
130.835
130.951
131.057
131.153
131.24
131.318
131.387
131.449
131.504
131.553
131.596
131.634
131.666
131.693
131.715
131.731
131.743
131.751
131.755
131.758
131.761
131.767
131.766
131.793
131.715
132.044
122.133
122.205
122.28
122.364
122.455
122.549
122.649
122.755
122.866
122.984
123.108
123.239
123.376
123.521
123.673
123.832
123.999
124.173
124.355
124.544
124.74
124.943
125.153
125.37
125.592
125.82
126.052
126.288
126.528
126.77
127.014
127.258
127.502
127.744
127.984
128.221
128.454
128.682
128.903
129.118
129.326
129.526
129.717
129.899
130.072
130.235
130.388
130.531
130.665
130.788
130.902
131.006
131.102
131.188
131.265
131.335
131.397
131.452
131.502
131.545
131.584
131.618
131.648
131.672
131.691
131.706
131.716
131.723
131.727
131.733
131.729
131.761
131.671
132.078
122.879
122.937
122.997
123.065
123.138
123.215
123.296
123.382
123.472
123.568
123.669
123.776
123.888
124.007
124.132
124.263
124.401
124.545
124.696
124.854
125.019
125.191
125.369
125.554
125.744
125.941
126.143
126.35
126.561
126.776
126.993
127.213
127.435
127.657
127.879
128.099
128.318
128.533
128.745
128.952
129.154
129.349
129.538
129.719
129.893
130.058
130.214
130.362
130.5
130.63
130.75
130.861
130.964
131.057
131.143
131.22
131.289
131.352
131.407
131.457
131.501
131.54
131.575
131.606
131.632
131.654
131.671
131.683
131.692
131.7
131.697
131.729
131.654
132.05
123.559
123.605
123.654
123.71
123.77
123.832
123.898
123.968
124.042
124.12
124.202
124.29
124.382
124.479
124.581
124.689
124.803
124.923
125.048
125.18
125.318
125.462
125.612
125.769
125.931
126.099
126.273
126.452
126.637
126.825
127.018
127.214
127.412
127.613
127.815
128.017
128.22
128.421
128.62
128.816
129.009
129.198
129.381
129.559
129.731
129.895
130.053
130.202
130.344
130.477
130.603
130.719
130.828
130.928
131.02
131.104
131.181
131.25
131.312
131.368
131.418
131.463
131.502
131.537
131.568
131.595
131.618
131.637
131.651
131.664
131.667
131.695
131.666
131.921
124.177
124.215
124.255
124.3
124.35
124.401
124.455
124.512
124.573
124.637
124.704
124.776
124.851
124.931
125.016
125.105
125.198
125.297
125.401
125.511
125.626
125.746
125.873
126.005
126.142
126.285
126.434
126.588
126.747
126.911
127.08
127.252
127.428
127.608
127.789
127.973
128.158
128.343
128.528
128.711
128.893
129.072
129.248
129.42
129.588
129.749
129.905
130.055
130.198
130.334
130.462
130.583
130.696
130.801
130.899
130.989
131.072
131.147
131.216
131.279
131.334
131.384
131.429
131.468
131.503
131.534
131.561
131.585
131.604
131.621
131.632
131.653
131.684
131.704
124.736
124.767
124.8
124.838
124.878
124.921
124.965
125.013
125.062
125.115
125.171
125.23
125.292
125.358
125.427
125.501
125.578
125.66
125.747
125.838
125.934
126.034
126.14
126.251
126.367
126.488
126.615
126.746
126.883
127.025
127.171
127.322
127.476
127.635
127.797
127.961
128.128
128.296
128.466
128.635
128.805
128.973
129.14
129.304
129.464
129.621
129.774
129.921
130.063
130.2
130.329
130.453
130.569
130.678
130.781
130.876
130.964
131.045
131.12
131.188
131.25
131.305
131.355
131.4
131.439
131.473
131.503
131.53
131.553
131.572
131.591
131.6
131.671
131.475
125.243
125.268
125.295
125.327
125.361
125.396
125.433
125.472
125.514
125.557
125.604
125.652
125.704
125.758
125.816
125.877
125.941
126.009
126.081
126.156
126.236
126.32
126.409
126.502
126.599
126.702
126.809
126.921
127.038
127.159
127.285
127.416
127.551
127.69
127.833
127.979
128.128
128.279
128.433
128.588
128.744
128.9
129.055
129.21
129.362
129.513
129.66
129.803
129.943
130.078
130.207
130.331
130.449
130.561
130.667
130.766
130.859
130.945
131.024
131.098
131.165
131.226
131.281
131.33
131.374
131.412
131.446
131.475
131.5
131.52
131.542
131.541
131.611
131.322
125.696
125.717
125.739
125.766
125.795
125.825
125.856
125.888
125.923
125.959
125.998
126.038
126.081
126.127
126.175
126.225
126.279
126.336
126.395
126.459
126.525
126.596
126.67
126.748
126.83
126.917
127.007
127.102
127.202
127.306
127.414
127.527
127.644
127.765
127.89
128.019
128.151
128.286
128.424
128.564
128.706
128.849
128.993
129.137
129.28
129.423
129.563
129.701
129.837
129.968
130.096
130.219
130.338
130.451
130.559
130.661
130.757
130.847
130.931
131.008
131.08
131.146
131.206
131.26
131.308
131.351
131.388
131.42
131.447
131.468
131.489
131.482
131.523
131.275
126.107
126.124
126.144
126.166
126.191
126.216
126.242
126.27
126.299
126.329
126.362
126.396
126.432
126.47
126.51
126.552
126.597
126.644
126.694
126.747
126.803
126.862
126.924
126.99
127.059
127.132
127.209
127.289
127.374
127.463
127.555
127.652
127.753
127.858
127.967
128.08
128.196
128.316
128.439
128.564
128.692
128.822
128.954
129.086
129.22
129.353
129.485
129.617
129.746
129.874
129.998
130.119
130.237
130.35
130.458
130.562
130.66
130.753
130.84
130.922
130.997
131.067
131.131
131.19
131.242
131.289
131.33
131.365
131.395
131.416
131.435
131.429
131.438
131.292
126.467
126.482
126.498
126.518
126.539
126.56
126.583
126.606
126.631
126.657
126.684
126.713
126.744
126.776
126.81
126.846
126.884
126.924
126.966
127.01
127.058
127.107
127.16
127.215
127.274
127.336
127.401
127.47
127.542
127.617
127.697
127.78
127.867
127.958
128.053
128.151
128.254
128.359
128.468
128.58
128.695
128.813
128.932
129.053
129.176
129.3
129.424
129.547
129.671
129.792
129.913
130.03
130.146
130.257
130.365
130.47
130.569
130.664
130.754
130.838
130.917
130.991
131.059
131.121
131.177
131.227
131.272
131.31
131.342
131.365
131.383
131.381
131.374
131.315
126.8
126.812
126.827
126.844
126.862
126.88
126.899
126.919
126.941
126.963
126.986
127.011
127.037
127.064
127.093
127.123
127.155
127.189
127.225
127.263
127.302
127.345
127.389
127.436
127.486
127.538
127.593
127.652
127.713
127.778
127.846
127.917
127.992
128.071
128.153
128.238
128.327
128.42
128.516
128.615
128.718
128.823
128.931
129.041
129.153
129.266
129.381
129.497
129.612
129.728
129.842
129.956
130.067
130.177
130.283
130.387
130.486
130.582
130.673
130.76
130.841
130.917
130.988
131.054
131.113
131.167
131.214
131.255
131.289
131.315
131.333
131.337
131.328
131.316
127.077
127.087
127.1
127.115
127.131
127.147
127.164
127.181
127.2
127.219
127.239
127.261
127.283
127.307
127.332
127.358
127.386
127.415
127.446
127.478
127.512
127.549
127.587
127.627
127.67
127.715
127.763
127.813
127.866
127.922
127.981
128.043
128.108
128.176
128.247
128.322
128.401
128.482
128.567
128.655
128.747
128.841
128.938
129.038
129.14
129.244
129.35
129.458
129.566
129.675
129.784
129.892
130
130.106
130.21
130.312
130.411
130.506
130.598
130.686
130.769
130.848
130.921
130.989
131.052
131.108
131.158
131.202
131.238
131.267
131.286
131.296
131.29
131.297
127.351
127.36
127.371
127.384
127.398
127.412
127.426
127.442
127.458
127.475
127.492
127.511
127.53
127.55
127.572
127.594
127.618
127.643
127.669
127.697
127.727
127.758
127.79
127.825
127.862
127.9
127.941
127.984
128.03
128.078
128.128
128.181
128.238
128.297
128.359
128.424
128.492
128.564
128.638
128.716
128.797
128.881
128.968
129.057
129.149
129.244
129.341
129.44
129.54
129.641
129.743
129.846
129.948
130.05
130.151
130.25
130.347
130.441
130.533
130.621
130.705
130.785
130.86
130.93
130.994
131.052
131.105
131.151
131.189
131.22
131.242
131.256
131.254
131.269
127.548
127.556
127.565
127.577
127.59
127.602
127.615
127.629
127.643
127.658
127.674
127.691
127.708
127.726
127.745
127.766
127.787
127.809
127.833
127.857
127.883
127.911
127.94
127.971
128.003
128.037
128.074
128.112
128.152
128.195
128.239
128.287
128.336
128.389
128.444
128.502
128.563
128.626
128.693
128.763
128.836
128.911
128.99
129.072
129.156
129.243
129.332
129.424
129.517
129.612
129.708
129.806
129.903
130.001
130.098
130.195
130.29
130.383
130.474
130.562
130.646
130.727
130.803
130.874
130.941
131.001
131.055
131.103
131.144
131.177
131.201
131.218
131.22
131.242
127.791
127.797
127.806
127.816
127.827
127.838
127.849
127.861
127.874
127.887
127.9
127.915
127.93
127.945
127.962
127.98
127.998
128.017
128.038
128.059
128.082
128.106
128.131
128.157
128.185
128.215
128.246
128.279
128.314
128.351
128.39
128.431
128.474
128.52
128.568
128.618
128.671
128.727
128.786
128.847
128.911
128.978
129.048
129.121
129.197
129.275
129.356
129.439
129.525
129.612
129.701
129.792
129.883
129.975
130.068
130.16
130.251
130.341
130.43
130.516
130.599
130.679
130.755
130.826
130.893
130.954
131.01
131.059
131.1
131.135
131.161
131.181
131.185
131.213
127.897
127.901
127.909
127.919
127.929
127.939
127.95
127.961
127.972
127.985
127.997
128.011
128.025
128.04
128.056
128.072
128.089
128.107
128.127
128.147
128.168
128.19
128.214
128.239
128.265
128.293
128.322
128.352
128.385
128.419
128.455
128.493
128.533
128.576
128.62
128.667
128.716
128.768
128.822
128.879
128.939
129.001
129.066
129.134
129.205
129.278
129.354
129.433
129.514
129.597
129.682
129.768
129.856
129.946
130.035
130.125
130.214
130.303
130.391
130.476
130.559
130.639
130.715
130.788
130.855
130.918
130.974
131.024
131.068
131.104
131.131
131.153
131.16
131.191
128.164
128.168
128.174
128.182
128.19
128.198
128.207
128.216
128.226
128.236
128.247
128.258
128.27
128.283
128.296
128.31
128.325
128.34
128.357
128.374
128.392
128.411
128.431
128.453
128.475
128.499
128.524
128.55
128.578
128.608
128.639
128.671
128.706
128.742
128.781
128.821
128.864
128.908
128.956
129.005
129.057
129.112
129.169
129.228
129.291
129.356
129.423
129.493
129.566
129.64
129.717
129.796
129.876
129.958
130.04
130.123
130.207
130.29
130.372
130.453
130.532
130.608
130.681
130.751
130.816
130.877
130.932
130.981
131.024
131.06
131.087
131.11
131.117
131.151
131.638
132.392
133.065
133.652
134.156
134.583
134.942
135.241
135.488
135.692
135.859
135.994
136.104
136.192
136.261
136.316
136.359
136.391
136.416
136.433
136.445
136.452
136.457
136.458
136.458
136.455
136.452
136.447
136.442
136.437
136.431
136.425
136.42
136.414
136.408
136.402
136.397
136.392
136.387
136.382
136.377
131.629
132.363
133.023
133.598
134.095
134.519
134.878
135.181
135.434
135.645
135.819
135.964
136.082
136.179
136.257
136.32
136.37
136.41
136.441
136.464
136.482
136.494
136.503
136.508
136.51
136.511
136.509
136.506
136.503
136.498
136.493
136.487
136.481
136.474
136.468
136.461
136.455
136.448
136.442
136.435
136.429
131.62
132.342
132.995
133.564
134.058
134.484
134.848
135.157
135.418
135.639
135.823
135.977
136.105
136.211
136.298
136.369
136.427
136.473
136.509
136.537
136.559
136.574
136.585
136.592
136.596
136.598
136.597
136.595
136.591
136.587
136.581
136.575
136.568
136.561
136.553
136.545
136.537
136.529
136.521
136.513
136.505
131.612
132.335
132.991
133.562
134.06
134.491
134.861
135.178
135.449
135.678
135.872
136.036
136.173
136.288
136.383
136.462
136.527
136.58
136.622
136.655
136.681
136.7
136.715
136.725
136.731
136.735
136.735
136.734
136.731
136.726
136.721
136.714
136.706
136.698
136.689
136.68
136.67
136.66
136.65
136.64
136.629
131.605
132.336
132.999
133.577
134.081
134.52
134.899
135.225
135.506
135.746
135.95
136.125
136.273
136.398
136.503
136.591
136.664
136.724
136.772
136.812
136.842
136.865
136.883
136.895
136.904
136.908
136.91
136.909
136.906
136.901
136.894
136.886
136.877
136.868
136.857
136.846
136.834
136.822
136.809
136.796
136.783
131.596
132.339
133.015
133.602
134.116
134.565
134.956
135.294
135.587
135.84
136.058
136.245
136.405
136.542
136.658
136.756
136.838
136.906
136.962
137.008
137.044
137.07
137.092
137.107
137.117
137.123
137.126
137.125
137.122
137.116
137.109
137.1
137.089
137.078
137.065
137.051
137.037
137.022
137.007
136.99
136.975
131.587
132.348
133.04
133.64
134.169
134.632
135.036
135.39
135.697
135.965
136.198
136.399
136.573
136.723
136.851
136.96
137.052
137.129
137.193
137.245
137.287
137.317
137.342
137.36
137.373
137.38
137.383
137.382
137.378
137.372
137.363
137.352
137.34
137.326
137.31
137.294
137.277
137.258
137.24
137.22
137.201
131.578
132.362
133.076
133.694
134.24
134.72
135.142
135.512
135.837
136.122
136.371
136.588
136.777
136.941
137.083
137.204
137.307
137.394
137.466
137.525
137.573
137.608
137.636
137.657
137.671
137.679
137.683
137.682
137.677
137.669
137.659
137.646
137.631
137.614
137.596
137.576
137.555
137.533
137.51
137.486
137.463
131.569
132.382
133.124
133.763
134.331
134.832
135.273
135.663
136.008
136.311
136.579
136.813
137.019
137.199
137.354
137.489
137.604
137.701
137.783
137.85
137.903
137.943
137.975
137.999
138.015
138.024
138.027
138.026
138.02
138.011
137.998
137.982
137.964
137.944
137.922
137.898
137.873
137.847
137.819
137.791
137.763
131.56
132.409
133.182
133.848
134.441
134.966
135.431
135.843
136.209
136.534
136.822
137.076
137.301
137.497
137.669
137.818
137.946
138.055
138.147
138.222
138.282
138.327
138.363
138.389
138.407
138.416
138.42
138.417
138.41
138.398
138.382
138.363
138.341
138.317
138.291
138.262
138.232
138.201
138.168
138.134
138.101
131.552
132.442
133.253
133.95
134.573
135.125
135.616
136.054
136.445
136.794
137.104
137.38
137.625
137.841
138.03
138.195
138.337
138.459
138.561
138.645
138.713
138.762
138.802
138.831
138.85
138.86
138.863
138.859
138.849
138.834
138.815
138.792
138.766
138.736
138.705
138.671
138.635
138.597
138.558
138.518
138.478
131.545
132.483
133.337
134.07
134.727
135.311
135.832
136.299
136.717
137.093
137.428
137.728
137.995
138.232
138.44
138.623
138.781
138.916
139.03
139.124
139.199
139.254
139.297
139.329
139.349
139.359
139.36
139.354
139.341
139.322
139.299
139.271
139.239
139.204
139.166
139.125
139.083
139.038
138.992
138.944
138.897
131.539
132.532
133.436
134.211
134.906
135.526
136.08
136.58
137.029
137.434
137.797
138.124
138.416
138.676
138.906
139.107
139.282
139.432
139.559
139.663
139.746
139.806
139.854
139.888
139.908
139.917
139.916
139.907
139.89
139.867
139.838
139.804
139.765
139.723
139.677
139.629
139.578
139.525
139.471
139.414
139.358
131.536
132.591
133.551
134.373
135.113
135.773
136.366
136.901
137.385
137.823
138.217
138.573
138.892
139.178
139.431
139.654
139.847
140.013
140.154
140.269
140.361
140.426
140.477
140.513
140.533
140.54
140.536
140.523
140.501
140.472
140.436
140.394
140.347
140.296
140.242
140.184
140.123
140.061
139.996
139.929
139.864
131.537
132.662
133.685
134.561
135.35
136.055
136.691
137.267
137.79
138.264
138.693
139.081
139.431
139.745
140.024
140.269
140.484
140.667
140.822
140.949
141.05
141.12
141.174
141.211
141.23
141.234
141.226
141.207
141.178
141.141
141.096
141.045
140.989
140.927
140.862
140.793
140.721
140.646
140.57
140.491
140.414
131.542
132.745
133.84
134.777
135.621
136.378
137.062
137.684
138.249
138.765
139.232
139.656
140.04
140.385
140.692
140.963
141.2
141.403
141.573
141.712
141.822
141.897
141.953
141.99
142.006
142.006
141.992
141.966
141.928
141.881
141.825
141.762
141.693
141.619
141.54
141.458
141.372
141.284
141.193
141.101
141.009
131.552
132.845
134.019
135.025
135.932
136.747
137.484
138.157
138.771
139.332
139.842
140.307
140.728
141.108
141.446
141.745
142.006
142.23
142.417
142.569
142.687
142.766
142.823
142.858
142.871
142.864
142.842
142.805
142.756
142.696
142.626
142.549
142.465
142.375
142.28
142.181
142.078
141.973
141.866
141.757
141.649
131.57
132.962
134.227
135.309
136.288
137.167
137.966
138.696
139.364
139.976
140.534
141.043
141.507
141.925
142.298
142.628
142.916
143.162
143.367
143.531
143.657
143.739
143.795
143.826
143.832
143.816
143.782
143.732
143.668
143.591
143.504
143.409
143.306
143.196
143.082
142.963
142.84
142.715
142.588
142.459
142.331
131.597
133.102
134.467
135.637
136.695
137.648
138.515
139.309
140.039
140.708
141.32
141.88
142.39
142.851
143.263
143.627
143.943
144.213
144.436
144.614
144.746
144.829
144.882
144.906
144.901
144.872
144.822
144.754
144.67
144.572
144.464
144.345
144.218
144.085
143.946
143.803
143.656
143.507
143.356
143.204
143.053
131.636
133.267
134.747
136.015
137.163
138.198
139.143
140.01
140.808
141.543
142.215
142.832
143.395
143.904
144.358
144.759
145.107
145.402
145.644
145.833
145.97
146.051
146.097
146.109
146.089
146.041
145.97
145.878
145.768
145.644
145.507
145.359
145.203
145.04
144.872
144.699
144.523
144.345
144.166
143.986
143.807
131.691
133.464
135.072
136.452
137.702
138.831
139.863
140.813
141.69
142.498
143.238
143.919
144.541
145.104
145.606
146.048
146.43
146.751
147.011
147.21
147.349
147.422
147.455
147.45
147.408
147.334
147.233
147.11
146.967
146.808
146.635
146.452
146.259
146.059
145.854
145.646
145.435
145.222
145.009
144.796
144.585
131.764
133.698
135.453
136.959
138.325
139.561
140.693
141.737
142.703
143.595
144.413
145.166
145.856
146.478
147.033
147.52
147.938
148.286
148.563
148.768
148.902
148.961
148.974
148.943
148.87
148.76
148.621
148.456
148.27
148.066
147.847
147.618
147.379
147.135
146.885
146.633
146.379
146.125
145.872
145.62
145.372
131.862
133.979
135.899
137.551
139.049
140.407
141.653
142.806
143.874
144.862
145.769
146.605
147.37
148.06
148.673
149.208
149.664
150.038
150.329
150.535
150.656
150.691
150.673
150.603
150.486
150.328
150.136
149.916
149.674
149.412
149.136
148.849
148.554
148.253
147.95
147.645
147.34
147.037
146.737
146.44
146.149
131.99
134.317
136.427
138.244
139.894
141.393
142.772
144.05
145.236
146.335
147.343
148.273
149.124
149.891
150.568
151.155
151.649
152.046
152.344
152.542
152.638
152.633
152.568
152.444
152.265
152.041
151.78
151.488
151.172
150.837
150.488
150.129
149.764
149.395
149.026
148.658
148.293
147.933
147.579
147.23
146.89
132.156
134.725
137.053
139.063
140.889
142.551
144.084
145.507
146.831
148.058
149.184
150.222
151.171
152.023
152.771
153.412
153.942
154.356
154.651
154.825
154.876
154.81
154.676
154.474
154.211
153.898
153.544
153.159
152.748
152.32
151.88
151.432
150.981
150.53
150.082
149.64
149.205
148.779
148.363
147.956
147.562
132.372
135.221
137.802
140.037
142.068
143.922
145.635
147.229
148.715
150.091
151.354
152.517
153.578
154.524
155.347
156.042
156.602
157.022
157.296
157.422
157.399
157.241
157.008
156.697
156.318
155.885
155.41
154.903
154.372
153.827
153.274
152.717
152.163
151.614
151.074
150.546
150.031
149.531
149.046
148.576
148.123
132.649
135.827
138.707
141.205
143.479
145.559
147.487
149.284
150.961
152.515
153.937
155.244
156.431
157.48
158.381
159.124
159.703
160.107
160.331
160.372
160.231
159.936
159.56
159.098
158.564
157.972
157.338
156.676
155.995
155.305
154.614
153.927
153.251
152.588
151.943
151.318
150.714
150.133
149.575
149.038
148.526
133.008
136.575
139.808
142.622
145.186
147.538
149.723
151.765
153.671
155.436
157.045
158.518
159.846
161.005
161.98
162.757
163.327
163.679
163.806
163.705
163.382
162.887
162.31
161.642
160.899
160.101
159.265
158.409
157.543
156.679
155.824
154.985
154.169
153.378
152.616
151.886
151.187
150.521
149.888
149.286
148.716
133.47
137.507
141.167
144.362
147.277
149.962
152.462
154.802
156.986
159.003
160.832
162.494
163.977
165.245
166.277
167.058
167.572
167.809
167.762
167.433
166.833
166.051
165.198
164.253
163.238
162.177
161.091
159.998
158.912
157.843
156.801
155.792
154.821
153.892
153.007
152.168
151.373
150.625
149.921
149.258
148.638
134.068
138.681
142.864
146.531
149.882
152.98
155.871
158.58
161.106
163.428
165.513
167.386
169.027
170.387
171.437
172.157
172.531
172.548
172.208
171.523
170.515
169.329
168.105
166.799
165.44
164.055
162.669
161.3
159.962
158.667
157.421
156.231
155.099
154.028
153.02
152.076
151.193
150.37
149.606
148.895
148.24
134.846
140.182
145.023
149.288
153.193
156.815
160.203
163.378
166.329
169.018
171.396
173.491
175.271
176.671
177.65
178.189
178.274
177.902
177.088
175.863
174.27
172.536
170.831
169.074
167.298
165.535
163.808
162.135
160.528
158.996
157.544
156.173
154.887
153.684
152.564
151.528
150.571
149.69
148.884
148.145
147.478
135.85
142.108
147.795
152.832
157.455
161.756
165.787
169.554
173.03
176.149
178.837
181.128
182.973
184.285
185.02
185.163
184.714
183.696
182.153
180.148
177.761
175.327
173.041
170.76
168.518
166.347
164.268
162.292
160.426
158.673
157.034
155.507
154.089
152.778
151.572
150.468
149.46
148.545
147.722
146.983
146.33
137.147
144.542
151.287
157.293
162.822
167.978
172.806
177.291
181.374
184.94
187.887
190.256
191.98
192.956
193.147
192.566
191.252
189.274
186.727
183.724
180.384
177.171
174.276
171.47
168.786
166.247
163.865
161.64
159.572
157.655
155.882
154.247
152.744
151.365
150.107
148.967
147.937
147.016
146.202
145.488
144.881
138.716
147.462
155.466
162.626
169.236
175.401
181.153
186.439
191.141
195.075
198.11
200.311
201.598
201.874
201.141
199.472
196.977
193.793
190.078
185.997
181.701
177.769
174.35
171.12
168.099
165.298
162.715
160.338
158.154
156.149
154.31
152.625
151.084
149.678
148.401
147.251
146.22
145.308
144.518
143.844
143.299
140.484
150.849
160.358
168.895
176.792
184.139
190.929
197.046
202.287
206.378
209.184
210.82
211.227
210.352
208.286
205.201
201.298
196.793
191.899
186.813
181.698
177.206
173.417
169.909
166.686
163.747
161.071
158.634
156.413
154.387
152.537
150.848
149.305
147.898
146.622
145.473
144.448
143.548
142.781
142.149
141.67
142.402
154.711
166.017
176.198
185.612
194.309
202.202
209.08
214.63
218.487
220.579
221.125
220.136
217.667
213.942
209.253
203.894
198.134
192.213
186.328
180.621
175.773
171.782
168.143
164.843
161.87
159.189
156.764
154.564
152.564
150.74
149.074
147.549
146.156
144.888
143.744
142.72
141.825
141.07
140.466
140.045
144.421
159.072
172.527
184.656
195.824
206
214.953
222.341
227.755
230.782
231.543
230.43
227.578
223.203
217.685
211.423
204.759
197.973
191.288
184.871
178.821
173.812
169.762
166.109
162.828
159.896
157.269
154.901
152.758
150.811
149.034
147.405
145.91
144.535
143.276
142.132
141.101
140.196
139.433
138.835
138.453
146.47
163.954
179.975
194.394
207.534
219.209
228.979
236.364
240.947
242.4
241.208
237.973
232.98
226.628
219.435
211.842
204.174
196.674
189.52
182.826
176.645
171.624
167.616
164.028
160.826
157.981
155.44
153.154
151.086
149.205
147.482
145.897
144.433
143.077
141.825
140.675
139.627
138.697
137.904
137.285
136.91
148.468
169.386
188.46
205.525
220.769
233.749
243.784
250.356
253.235
252.404
248.828
243.265
236.128
227.994
219.453
210.896
202.572
194.664
187.293
180.523
174.362
169.426
165.521
162.042
158.951
156.214
153.774
151.58
149.592
147.778
146.112
144.57
143.136
141.797
140.547
139.387
138.315
137.347
136.502
135.834
135.422
150.332
175.419
198.101
218.128
235.414
249.157
258.543
263.278
263.612
260.057
254.014
246.227
237.2
227.671
218.21
209.064
200.389
192.315
184.911
178.195
172.146
167.349
163.578
160.229
157.26
154.636
152.298
150.195
148.286
146.538
144.925
143.423
142.015
140.691
139.442
138.268
137.167
136.153
135.239
134.498
133.992
151.997
182.133
209.028
232.202
251.102
264.616
272.156
274.071
271.348
265.085
256.848
247.156
236.637
226.18
216.205
206.772
197.969
189.894
182.572
175.986
170.096
165.461
161.833
158.617
155.77
153.256
151.017
148.999
147.162
145.475
143.909
142.443
141.059
139.746
138.496
137.308
136.175
135.115
134.118
133.288
132.618
153.422
189.649
221.346
247.534
267.093
278.996
283.506
282.012
276.25
267.726
257.761
246.541
234.966
224.02
213.845
204.325
195.538
187.564
180.387
173.969
168.257
163.789
160.301
157.212
154.479
152.068
149.919
147.978
146.206
144.572
143.049
141.614
140.25
138.946
137.694
136.492
135.329
134.222
133.139
132.212
131.301
154.603
198.129
235.058
263.58
282.313
291.156
291.869
286.966
278.672
268.552
257.287
244.864
232.653
221.58
211.402
201.915
193.235
185.418
178.414
172.176
166.645
162.337
158.98
156.006
153.376
151.056
148.987
147.114
145.399
143.812
142.325
140.916
139.569
138.273
137.018
135.804
134.614
133.465
132.298
131.273
130.041
155.6
207.746
249.94
279.423
295.569
300.3
297.111
289.325
279.256
268.171
255.878
242.523
230.066
219.123
209.046
199.659
191.136
183.499
176.675
170.613
165.251
161.091
157.852
154.981
152.441
150.201
148.202
146.387
144.722
143.174
141.718
140.332
138.999
137.709
136.452
135.227
134.014
132.827
131.585
130.465
128.847
156.465
218.415
265.207
293.744
305.828
306.156
299.594
289.764
278.675
267.096
253.893
239.861
227.486
216.813
206.876
197.621
189.274
181.819
175.167
169.269
164.061
160.034
156.899
154.119
151.659
149.489
147.549
145.785
144.161
142.648
141.218
139.851
138.53
137.245
135.985
134.75
133.518
132.3
130.996
129.787
127.739
157.185
229.657
279.778
305.481
312.762
309.115
300.06
289.045
277.525
265.716
251.611
237.184
225.129
214.744
204.931
195.825
187.654
180.367
173.871
168.12
163.051
159.136
156.083
153.378
150.987
148.878
146.99
145.27
143.683
142.199
140.793
139.443
138.133
136.853
135.593
134.351
133.104
131.862
130.512
129.225
126.719
156.241
241.406
293.455
314.64
316.902
309.968
299.27
287.745
276.198
264.281
249.173
234.676
223.203
213.099
203.364
194.391
186.378
179.235
172.869
167.238
162.277
158.486
155.509
152.857
150.516
148.451
146.601
144.911
143.35
141.885
140.495
139.155
137.851
136.574
135.312
134.065
132.807
131.545
130.165
128.83
125.88
158.645
254.753
304.914
319.965
318.31
308.959
297.012
285.226
273.844
261.896
245.571
230.931
220.169
210.55
201.06
192.336
184.572
177.658
171.498
166.052
161.252
157.549
154.697
152.136
149.871
147.874
146.081
144.44
142.918
141.486
140.12
138.798
137.508
136.239
134.98
133.731
132.466
131.188
129.787
128.413
125.305
136.374
136.371
136.369
136.367
136.364
136.361
136.358
136.355
136.351
136.347
136.343
136.338
136.333
136.328
136.322
136.315
136.308
136.301
136.293
136.284
136.275
136.264
136.253
136.241
136.228
136.214
136.199
136.183
136.165
136.146
136.125
136.102
136.078
136.052
136.023
135.992
135.959
135.923
135.885
135.843
135.799
135.751
135.7
135.645
135.586
135.523
135.457
135.386
135.311
135.232
135.149
135.062
134.971
134.876
134.778
134.676
134.571
134.464
134.355
134.245
134.133
134.021
133.91
133.799
133.69
133.582
133.478
133.377
133.28
133.187
133.1
133.018
132.948
132.873
136.424
136.422
136.419
136.416
136.413
136.409
136.405
136.401
136.397
136.392
136.387
136.381
136.375
136.369
136.362
136.355
136.347
136.339
136.329
136.32
136.309
136.298
136.286
136.272
136.258
136.243
136.226
136.209
136.189
136.169
136.146
136.122
136.096
136.068
136.038
136.006
135.971
135.933
135.893
135.85
135.803
135.754
135.701
135.644
135.584
135.52
135.452
135.38
135.304
135.224
135.14
135.052
134.96
134.865
134.766
134.665
134.56
134.453
134.345
134.235
134.124
134.012
133.901
133.791
133.682
133.576
133.472
133.371
133.274
133.182
133.095
133.013
132.945
132.86
136.498
136.495
136.492
136.488
136.484
136.479
136.475
136.47
136.465
136.459
136.453
136.447
136.44
136.433
136.426
136.418
136.409
136.4
136.39
136.38
136.368
136.356
136.343
136.329
136.314
136.298
136.28
136.262
136.241
136.219
136.196
136.17
136.143
136.113
136.081
136.047
136.01
135.971
135.928
135.882
135.834
135.781
135.726
135.666
135.603
135.536
135.465
135.39
135.311
135.229
135.142
135.051
134.957
134.859
134.758
134.654
134.548
134.44
134.33
134.218
134.107
133.995
133.883
133.773
133.665
133.558
133.455
133.355
133.259
133.167
133.081
132.998
132.932
132.836
136.62
136.617
136.613
136.608
136.603
136.598
136.592
136.586
136.58
136.574
136.567
136.56
136.552
136.544
136.535
136.526
136.516
136.506
136.495
136.483
136.47
136.457
136.442
136.426
136.409
136.391
136.371
136.35
136.327
136.303
136.276
136.248
136.217
136.184
136.149
136.111
136.07
136.027
135.98
135.93
135.877
135.82
135.76
135.696
135.628
135.556
135.48
135.401
135.317
135.23
135.139
135.044
134.946
134.845
134.741
134.635
134.527
134.416
134.305
134.193
134.08
133.968
133.857
133.747
133.639
133.534
133.431
133.333
133.238
133.147
133.062
132.979
132.915
132.807
136.771
136.768
136.763
136.757
136.751
136.745
136.738
136.732
136.724
136.717
136.709
136.701
136.692
136.683
136.673
136.662
136.651
136.639
136.627
136.613
136.598
136.583
136.566
136.548
136.529
136.508
136.485
136.461
136.435
136.408
136.378
136.345
136.311
136.274
136.234
136.191
136.146
136.097
136.045
135.99
135.931
135.868
135.802
135.732
135.658
135.58
135.498
135.412
135.323
135.23
135.134
135.035
134.932
134.827
134.72
134.61
134.499
134.387
134.274
134.161
134.048
133.936
133.825
133.716
133.609
133.505
133.404
133.306
133.213
133.124
133.04
132.957
132.895
132.778
136.96
136.956
136.95
136.944
136.937
136.929
136.922
136.914
136.906
136.897
136.888
136.879
136.868
136.858
136.846
136.834
136.821
136.807
136.792
136.776
136.759
136.741
136.721
136.7
136.678
136.653
136.627
136.599
136.569
136.537
136.502
136.465
136.425
136.383
136.337
136.288
136.236
136.181
136.122
136.06
135.993
135.923
135.85
135.772
135.691
135.605
135.516
135.424
135.328
135.229
135.126
135.021
134.914
134.804
134.693
134.58
134.466
134.352
134.237
134.123
134.01
133.898
133.788
133.68
133.574
133.471
133.372
133.276
133.185
133.097
133.016
132.933
132.873
132.75
137.183
137.178
137.172
137.164
137.156
137.148
137.139
137.13
137.12
137.11
137.1
137.088
137.076
137.064
137.05
137.036
137.021
137.004
136.987
136.968
136.948
136.926
136.903
136.878
136.852
136.823
136.792
136.759
136.724
136.686
136.646
136.602
136.556
136.506
136.453
136.397
136.337
136.274
136.207
136.136
136.061
135.983
135.9
135.814
135.724
135.63
135.533
135.432
135.329
135.223
135.114
135.003
134.89
134.775
134.66
134.544
134.427
134.311
134.195
134.08
133.967
133.855
133.746
133.639
133.535
133.434
133.337
133.243
133.154
133.069
132.989
132.908
132.849
132.728
137.442
137.436
137.429
137.42
137.411
137.401
137.391
137.381
137.369
137.358
137.345
137.332
137.318
137.303
137.287
137.269
137.251
137.232
137.211
137.188
137.164
137.138
137.111
137.081
137.049
137.015
136.979
136.94
136.898
136.853
136.805
136.754
136.7
136.642
136.58
136.515
136.446
136.373
136.296
136.216
136.131
136.042
135.95
135.854
135.754
135.651
135.545
135.436
135.325
135.211
135.095
134.978
134.859
134.74
134.621
134.501
134.382
134.264
134.147
134.032
133.919
133.808
133.7
133.595
133.493
133.394
133.299
133.208
133.122
133.039
132.962
132.883
132.825
132.709
137.738
137.731
137.723
137.713
137.701
137.69
137.678
137.666
137.653
137.639
137.624
137.608
137.591
137.573
137.554
137.533
137.511
137.488
137.462
137.435
137.406
137.375
137.342
137.307
137.268
137.228
137.184
137.137
137.087
137.034
136.978
136.917
136.853
136.786
136.714
136.638
136.559
136.475
136.387
136.295
136.199
136.1
135.997
135.89
135.78
135.667
135.551
135.434
135.314
135.192
135.07
134.946
134.823
134.699
134.576
134.453
134.332
134.213
134.095
133.98
133.868
133.758
133.651
133.548
133.448
133.352
133.26
133.172
133.088
133.008
132.933
132.857
132.8
132.695
138.071
138.063
138.054
138.042
138.029
138.015
138.001
137.986
137.971
137.954
137.936
137.917
137.896
137.874
137.851
137.826
137.8
137.771
137.741
137.708
137.673
137.635
137.595
137.552
137.506
137.457
137.405
137.349
137.289
137.226
137.159
137.088
137.013
136.934
136.851
136.763
136.671
136.575
136.475
136.371
136.263
136.151
136.037
135.919
135.798
135.675
135.55
135.423
135.295
135.166
135.037
134.908
134.779
134.651
134.525
134.4
134.277
134.157
134.04
133.925
133.813
133.705
133.6
133.499
133.402
133.309
133.219
133.134
133.053
132.976
132.904
132.832
132.775
132.683
138.444
138.434
138.423
138.409
138.393
138.377
138.36
138.342
138.323
138.303
138.281
138.258
138.233
138.207
138.178
138.148
138.115
138.081
138.043
138.004
137.961
137.915
137.867
137.815
137.76
137.701
137.638
137.571
137.5
137.426
137.346
137.263
137.175
137.083
136.986
136.885
136.78
136.67
136.557
136.439
136.319
136.195
136.068
135.938
135.806
135.673
135.538
135.403
135.267
135.131
134.996
134.861
134.728
134.597
134.468
134.342
134.218
134.098
133.98
133.867
133.757
133.65
133.548
133.449
133.355
133.264
133.178
133.096
133.018
132.944
132.875
132.806
132.751
132.673
138.857
138.845
138.831
138.814
138.795
138.776
138.756
138.734
138.71
138.686
138.659
138.631
138.6
138.568
138.533
138.496
138.456
138.414
138.368
138.32
138.268
138.213
138.154
138.091
138.025
137.954
137.879
137.8
137.716
137.627
137.534
137.437
137.334
137.228
137.116
137
136.881
136.757
136.629
136.498
136.364
136.227
136.087
135.946
135.804
135.66
135.516
135.372
135.229
135.087
134.946
134.807
134.671
134.537
134.406
134.279
134.155
134.035
133.919
133.806
133.698
133.594
133.494
133.398
133.307
133.22
133.136
133.057
132.982
132.911
132.845
132.781
132.726
132.662
139.312
139.296
139.28
139.259
139.236
139.213
139.188
139.161
139.132
139.102
139.069
139.034
138.997
138.957
138.914
138.869
138.82
138.768
138.713
138.654
138.591
138.524
138.453
138.378
138.298
138.213
138.124
138.03
137.931
137.827
137.719
137.605
137.487
137.364
137.237
137.105
136.97
136.831
136.688
136.543
136.395
136.245
136.094
135.941
135.788
135.635
135.483
135.332
135.182
135.034
134.889
134.746
134.607
134.472
134.34
134.212
134.089
133.97
133.855
133.744
133.639
133.537
133.44
133.347
133.259
133.175
133.095
133.019
132.947
132.879
132.816
132.756
132.702
132.65
139.809
139.79
139.769
139.744
139.716
139.687
139.656
139.623
139.587
139.55
139.509
139.466
139.42
139.371
139.319
139.263
139.204
139.14
139.073
139.001
138.925
138.844
138.759
138.668
138.573
138.473
138.367
138.256
138.141
138.02
137.894
137.763
137.627
137.488
137.343
137.195
137.044
136.889
136.732
136.572
136.411
136.248
136.085
135.922
135.759
135.598
135.438
135.28
135.125
134.972
134.824
134.679
134.538
134.401
134.269
134.142
134.02
133.902
133.79
133.682
133.579
133.48
133.386
133.297
133.211
133.13
133.054
132.981
132.912
132.848
132.787
132.731
132.679
132.637
140.35
140.326
140.3
140.268
140.234
140.197
140.159
140.118
140.074
140.028
139.978
139.925
139.868
139.808
139.743
139.675
139.602
139.525
139.443
139.356
139.265
139.168
139.065
138.958
138.845
138.727
138.603
138.473
138.339
138.199
138.055
137.905
137.752
137.594
137.432
137.267
137.099
136.929
136.757
136.584
136.409
136.235
136.061
135.888
135.717
135.548
135.382
135.218
135.059
134.903
134.752
134.605
134.463
134.327
134.196
134.07
133.949
133.834
133.724
133.618
133.518
133.423
133.332
133.246
133.164
133.087
133.013
132.944
132.878
132.817
132.759
132.706
132.656
132.622
140.935
140.903
140.871
140.831
140.788
140.743
140.695
140.645
140.59
140.532
140.471
140.405
140.335
140.261
140.183
140.099
140.011
139.917
139.818
139.714
139.604
139.488
139.367
139.24
139.107
138.968
138.824
138.675
138.52
138.361
138.196
138.027
137.855
137.679
137.499
137.318
137.134
136.949
136.763
136.576
136.39
136.205
136.022
135.84
135.662
135.486
135.314
135.147
134.984
134.826
134.674
134.526
134.385
134.249
134.119
133.995
133.877
133.764
133.657
133.555
133.459
133.367
133.279
133.197
133.118
133.044
132.974
132.907
132.845
132.786
132.732
132.682
132.633
132.606
141.562
141.522
141.48
141.431
141.377
141.321
141.262
141.198
141.131
141.059
140.983
140.902
140.817
140.726
140.63
140.529
140.421
140.309
140.19
140.065
139.934
139.798
139.655
139.506
139.352
139.191
139.025
138.854
138.678
138.498
138.313
138.125
137.933
137.739
137.543
137.345
137.146
136.946
136.747
136.549
136.353
136.158
135.966
135.778
135.593
135.413
135.237
135.067
134.902
134.743
134.59
134.444
134.303
134.169
134.042
133.92
133.805
133.695
133.591
133.493
133.4
133.311
133.228
133.148
133.073
133.002
132.935
132.872
132.812
132.757
132.705
132.658
132.611
132.589
142.229
142.178
142.125
142.063
141.996
141.926
141.852
141.774
141.69
141.602
141.508
141.409
141.305
141.194
141.078
140.955
140.827
140.692
140.55
140.403
140.249
140.089
139.922
139.75
139.572
139.388
139.2
139.006
138.808
138.607
138.402
138.194
137.984
137.772
137.559
137.346
137.133
136.922
136.711
136.503
136.297
136.095
135.896
135.702
135.513
135.33
135.152
134.98
134.814
134.655
134.503
134.358
134.22
134.088
133.963
133.845
133.732
133.626
133.526
133.431
133.342
133.257
133.177
133.101
133.03
132.962
132.898
132.838
132.781
132.728
132.678
132.635
132.59
132.572
142.933
142.868
142.8
142.722
142.639
142.552
142.461
142.363
142.261
142.152
142.037
141.917
141.79
141.656
141.516
141.37
141.216
141.056
140.89
140.717
140.537
140.352
140.16
139.963
139.76
139.553
139.341
139.125
138.905
138.683
138.458
138.232
138.004
137.776
137.549
137.322
137.097
136.874
136.654
136.437
136.225
136.016
135.813
135.615
135.423
135.237
135.058
134.886
134.721
134.563
134.413
134.27
134.134
134.006
133.884
133.769
133.661
133.559
133.462
133.371
133.285
133.204
133.128
133.056
132.987
132.923
132.862
132.805
132.751
132.701
132.653
132.612
132.569
132.554
143.666
143.583
143.497
143.401
143.298
143.19
143.076
142.957
142.831
142.698
142.559
142.413
142.26
142.1
141.933
141.76
141.579
141.392
141.198
140.997
140.791
140.578
140.36
140.137
139.91
139.678
139.443
139.205
138.965
138.723
138.479
138.236
137.993
137.751
137.511
137.273
137.037
136.806
136.578
136.355
136.137
135.924
135.717
135.517
135.324
135.138
134.959
134.787
134.624
134.468
134.321
134.181
134.048
133.923
133.806
133.695
133.59
133.492
133.4
133.313
133.231
133.153
133.08
133.012
132.947
132.885
132.828
132.773
132.722
132.674
132.629
132.59
132.549
132.536
144.419
144.314
144.205
144.085
143.958
143.826
143.686
143.54
143.387
143.227
143.059
142.884
142.702
142.513
142.317
142.113
141.903
141.686
141.463
141.234
141
140.76
140.515
140.267
140.015
139.76
139.503
139.244
138.984
138.725
138.465
138.207
137.951
137.697
137.446
137.199
136.956
136.717
136.484
136.257
136.035
135.82
135.612
135.411
135.218
135.032
134.855
134.685
134.524
134.372
134.227
134.091
133.963
133.842
133.728
133.622
133.522
133.427
133.339
133.256
133.178
133.104
133.035
132.969
132.908
132.849
132.794
132.743
132.694
132.649
132.605
132.569
132.529
132.519
145.177
145.045
144.909
144.761
144.605
144.443
144.274
144.097
143.913
143.721
143.522
143.315
143.101
142.879
142.651
142.417
142.175
141.928
141.676
141.418
141.155
140.889
140.619
140.346
140.071
139.795
139.517
139.24
138.963
138.688
138.415
138.145
137.878
137.615
137.356
137.102
136.854
136.611
136.375
136.145
135.922
135.706
135.498
135.298
135.106
134.922
134.747
134.581
134.423
134.275
134.134
134.002
133.878
133.762
133.653
133.55
133.455
133.365
133.281
133.201
133.127
133.057
132.991
132.929
132.87
132.815
132.763
132.713
132.667
132.624
132.583
132.549
132.51
132.501
145.919
145.757
145.587
145.407
145.218
145.022
144.819
144.607
144.388
144.162
143.928
143.687
143.439
143.184
142.923
142.657
142.384
142.107
141.825
141.54
141.251
140.959
140.666
140.371
140.075
139.78
139.485
139.193
138.902
138.614
138.331
138.051
137.776
137.507
137.243
136.985
136.734
136.49
136.252
136.022
135.799
135.584
135.377
135.179
134.99
134.809
134.638
134.475
134.322
134.177
134.042
133.914
133.795
133.683
133.579
133.481
133.39
133.304
133.224
133.149
133.078
133.012
132.949
132.89
132.835
132.782
132.732
132.686
132.641
132.601
132.561
132.529
132.492
132.485
146.621
146.422
146.215
145.997
145.771
145.537
145.296
145.047
144.791
144.528
144.258
143.982
143.7
143.412
143.119
142.821
142.519
142.214
141.906
141.595
141.282
140.968
140.654
140.34
140.027
139.716
139.408
139.103
138.802
138.505
138.214
137.929
137.649
137.377
137.111
136.852
136.6
136.356
136.119
135.89
135.669
135.456
135.252
135.057
134.871
134.695
134.527
134.369
134.221
134.081
133.95
133.828
133.714
133.607
133.507
133.414
133.327
133.246
133.17
133.099
133.032
132.969
132.91
132.854
132.801
132.751
132.704
132.659
132.617
132.578
132.541
132.51
132.474
132.469
147.249
147.008
146.759
146.5
146.234
145.96
145.679
145.392
145.098
144.798
144.493
144.183
143.868
143.549
143.227
142.901
142.573
142.243
141.911
141.579
141.247
140.915
140.584
140.255
139.929
139.606
139.287
138.974
138.666
138.364
138.069
137.781
137.5
137.227
136.962
136.704
136.454
136.212
135.977
135.751
135.534
135.324
135.124
134.933
134.752
134.58
134.417
134.264
134.121
133.987
133.861
133.744
133.635
133.533
133.438
133.35
133.268
133.191
133.119
133.051
132.988
132.928
132.872
132.819
132.769
132.721
132.676
132.634
132.594
132.557
132.521
132.492
132.457
132.453
147.762
147.477
147.184
146.882
146.574
146.26
145.94
145.615
145.286
144.952
144.615
144.274
143.931
143.586
143.239
142.891
142.541
142.192
141.842
141.494
141.146
140.801
140.458
140.118
139.783
139.452
139.128
138.809
138.498
138.195
137.899
137.612
137.333
137.062
136.8
136.545
136.299
136.061
135.831
135.609
135.395
135.191
134.995
134.809
134.632
134.466
134.309
134.161
134.023
133.894
133.774
133.663
133.559
133.462
133.372
133.289
133.211
133.138
133.07
133.006
132.946
132.889
132.836
132.786
132.738
132.693
132.65
132.61
132.572
132.537
132.502
132.475
132.441
132.438
148.116
147.786
147.449
147.105
146.757
146.406
146.051
145.693
145.334
144.972
144.61
144.246
143.882
143.518
143.153
142.789
142.426
142.063
141.702
141.342
140.985
140.631
140.281
139.935
139.595
139.261
138.934
138.614
138.303
138.001
137.709
137.425
137.15
136.885
136.628
136.379
136.138
135.905
135.68
135.464
135.255
135.056
134.866
134.685
134.514
134.353
134.202
134.06
133.928
133.805
133.691
133.584
133.486
133.394
133.309
133.23
133.156
133.088
133.023
132.963
132.906
132.853
132.802
132.754
132.709
132.666
132.626
132.587
132.551
132.517
132.484
132.459
132.425
132.424
148.259
147.888
147.511
147.131
146.751
146.37
145.988
145.608
145.228
144.849
144.471
144.095
143.72
143.346
142.974
142.602
142.232
141.864
141.497
141.133
140.771
140.414
140.06
139.712
139.371
139.037
138.711
138.394
138.086
137.789
137.502
137.225
136.958
136.699
136.45
136.208
135.974
135.748
135.529
135.318
135.116
134.922
134.738
134.563
134.398
134.243
134.098
133.962
133.836
133.719
133.61
133.509
133.416
133.33
133.249
133.175
133.105
133.04
132.979
132.922
132.869
132.818
132.77
132.725
132.682
132.641
132.602
132.566
132.531
132.499
132.467
132.443
132.41
132.41
148.14
147.738
147.334
146.929
146.528
146.13
145.737
145.348
144.963
144.581
144.202
143.827
143.453
143.081
142.71
142.341
141.972
141.605
141.239
140.875
140.514
140.156
139.804
139.457
139.117
138.786
138.464
138.152
137.851
137.562
137.283
137.015
136.757
136.509
136.268
136.035
135.809
135.59
135.378
135.174
134.978
134.79
134.612
134.443
134.285
134.136
133.997
133.867
133.747
133.636
133.533
133.438
133.35
133.268
133.192
133.122
133.057
132.995
132.938
132.884
132.833
132.786
132.74
132.697
132.656
132.617
132.58
132.545
132.512
132.482
132.451
132.428
132.396
132.397
147.714
147.298
146.885
146.473
146.071
145.678
145.294
144.916
144.545
144.179
143.817
143.457
143.098
142.74
142.382
142.022
141.662
141.301
140.94
140.58
140.222
139.868
139.519
139.176
138.841
138.515
138.199
137.895
137.603
137.324
137.056
136.8
136.554
136.316
136.086
135.862
135.645
135.434
135.23
135.032
134.843
134.661
134.49
134.327
134.175
134.032
133.9
133.776
133.662
133.557
133.46
133.37
133.287
133.21
133.139
133.073
133.011
132.953
132.899
132.848
132.8
132.755
132.712
132.671
132.632
132.595
132.56
132.526
132.494
132.465
132.435
132.414
132.382
132.385
146.944
146.54
146.144
145.754
145.378
145.018
144.669
144.329
143.996
143.668
143.341
143.013
142.682
142.348
142.009
141.666
141.318
140.967
140.614
140.26
139.908
139.558
139.214
138.876
138.547
138.228
137.921
137.627
137.346
137.079
136.825
136.582
136.349
136.124
135.905
135.692
135.484
135.281
135.084
134.894
134.711
134.536
134.371
134.215
134.069
133.933
133.806
133.689
133.582
133.482
133.39
133.306
133.228
133.155
133.088
133.026
132.968
132.914
132.863
132.815
132.769
132.726
132.685
132.646
132.609
132.574
132.54
132.508
132.477
132.449
132.421
132.401
132.369
132.373
145.817
145.46
145.12
144.787
144.473
144.181
143.902
143.631
143.362
143.093
142.818
142.536
142.243
141.939
141.624
141.298
140.964
140.623
140.277
139.929
139.582
139.237
138.898
138.567
138.245
137.934
137.637
137.353
137.086
136.833
136.594
136.366
136.148
135.936
135.73
135.527
135.329
135.134
134.944
134.76
134.584
134.416
134.257
134.107
133.968
133.838
133.718
133.607
133.505
133.411
133.325
133.246
133.172
133.104
133.041
132.983
132.928
132.877
132.829
132.783
132.74
132.699
132.66
132.623
132.588
132.554
132.522
132.491
132.461
132.435
132.407
132.388
132.356
132.361
144.42
144.148
143.904
143.669
143.457
143.27
143.094
142.918
142.736
142.541
142.329
142.096
141.841
141.566
141.271
140.959
140.634
140.299
139.957
139.613
139.269
138.929
138.594
138.269
137.954
137.651
137.364
137.092
136.838
136.6
136.377
136.165
135.962
135.764
135.569
135.377
135.187
134.999
134.816
134.639
134.469
134.307
134.153
134.01
133.877
133.753
133.639
133.534
133.437
133.348
133.267
133.192
133.123
133.059
132.999
132.944
132.892
132.844
132.798
132.755
132.714
132.675
132.638
132.602
132.568
132.536
132.505
132.475
132.446
132.421
132.394
132.376
132.345
132.351
142.912
142.756
142.645
142.543
142.467
142.414
142.363
142.299
142.21
142.091
141.937
141.747
141.522
141.266
140.982
140.676
140.353
140.018
139.677
139.333
138.99
138.652
138.322
138.001
137.692
137.398
137.119
136.858
136.616
136.393
136.185
135.989
135.8
135.614
135.43
135.247
135.064
134.883
134.706
134.534
134.369
134.212
134.065
133.927
133.798
133.68
133.571
133.471
133.379
133.295
133.217
133.146
133.081
133.02
132.963
132.911
132.862
132.816
132.772
132.731
132.691
132.654
132.618
132.583
132.551
132.519
132.489
132.46
132.432
132.408
132.381
132.364
132.333
132.34
141.371
141.36
141.414
141.479
141.57
141.674
141.763
141.813
141.815
141.763
141.655
141.495
141.286
141.036
140.753
140.444
140.117
139.778
139.433
139.087
138.744
138.408
138.081
137.764
137.461
137.172
136.902
136.651
136.421
136.211
136.017
135.835
135.659
135.485
135.31
135.134
134.958
134.783
134.611
134.444
134.284
134.132
133.989
133.855
133.732
133.618
133.514
133.418
133.33
133.25
133.176
133.108
133.045
132.987
132.933
132.883
132.835
132.791
132.749
132.709
132.671
132.635
132.6
132.566
132.535
132.504
132.475
132.446
132.419
132.395
132.37
132.353
132.323
132.33
139.837
139.996
140.252
140.519
140.803
141.081
141.313
141.473
141.553
141.553
141.474
141.327
141.12
140.866
140.574
140.256
139.92
139.573
139.223
138.874
138.53
138.194
137.869
137.557
137.258
136.975
136.711
136.468
136.249
136.051
135.871
135.702
135.537
135.373
135.207
135.038
134.867
134.697
134.529
134.366
134.211
134.063
133.924
133.795
133.676
133.566
133.466
133.374
133.289
133.212
133.141
133.076
133.015
132.959
132.907
132.859
132.813
132.77
132.729
132.69
132.653
132.618
132.584
132.551
132.52
132.49
132.462
132.434
132.407
132.384
132.359
132.343
132.313
132.321
138.329
138.684
139.182
139.687
140.187
140.645
141.014
141.271
141.411
141.442
141.375
141.226
141.009
140.741
140.435
140.102
139.755
139.399
139.042
138.689
138.343
138.008
137.685
137.376
137.081
136.803
136.544
136.309
136.099
135.913
135.744
135.587
135.432
135.277
135.117
134.954
134.788
134.622
134.459
134.3
134.149
134.005
133.87
133.745
133.63
133.523
133.426
133.337
133.256
133.181
133.112
133.049
132.991
132.937
132.886
132.839
132.794
132.752
132.712
132.674
132.638
132.603
132.57
132.538
132.507
132.477
132.45
132.422
132.396
132.373
132.349
132.333
132.303
132.312
136.852
137.431
138.216
138.998
139.728
140.361
140.854
141.187
141.365
141.408
141.337
141.173
140.937
140.649
140.324
139.976
139.615
139.25
138.887
138.53
138.182
137.847
137.526
137.22
136.929
136.654
136.4
136.171
135.969
135.792
135.635
135.487
135.341
135.193
135.04
134.882
134.721
134.559
134.399
134.244
134.096
133.956
133.825
133.704
133.592
133.489
133.394
133.308
133.229
133.156
133.09
133.028
132.971
132.918
132.868
132.822
132.778
132.737
132.697
132.66
132.624
132.591
132.557
132.525
132.496
132.466
132.439
132.411
132.386
132.363
132.339
132.324
132.294
132.303
135.406
136.239
137.362
138.455
139.418
140.212
140.808
141.194
141.39
141.428
141.34
141.153
140.893
140.581
140.236
139.872
139.498
139.123
138.753
138.392
138.044
137.709
137.39
137.086
136.798
136.527
136.276
136.051
135.856
135.688
135.539
135.4
135.262
135.121
134.973
134.819
134.662
134.504
134.349
134.197
134.053
133.917
133.789
133.671
133.561
133.461
133.369
133.285
133.208
133.137
133.072
133.012
132.956
132.903
132.854
132.809
132.765
132.725
132.685
132.649
132.612
132.579
132.546
132.514
132.485
132.455
132.429
132.401
132.376
132.354
132.33
132.315
132.285
132.295
133.997
135.108
136.623
138.059
139.242
140.175
140.851
141.267
141.462
141.483
141.368
141.153
140.866
140.53
140.165
139.784
139.398
139.015
138.639
138.275
137.925
137.591
137.273
136.972
136.686
136.417
136.169
135.949
135.759
135.597
135.456
135.324
135.193
135.057
134.914
134.765
134.612
134.458
134.306
134.158
134.018
133.885
133.76
133.645
133.538
133.441
133.351
133.269
133.193
133.123
133.059
132.999
132.944
132.892
132.844
132.799
132.755
132.715
132.675
132.639
132.602
132.569
132.536
132.505
132.475
132.446
132.419
132.392
132.367
132.345
132.321
132.307
132.277
132.287
132.636
134.034
136.003
137.799
139.175
140.222
140.955
141.381
141.561
141.555
141.411
141.165
140.85
140.491
140.107
139.711
139.314
138.923
138.542
138.175
137.824
137.49
137.174
136.875
136.592
136.325
136.079
135.861
135.676
135.519
135.384
135.257
135.131
135
134.861
134.716
134.568
134.418
134.27
134.126
133.989
133.86
133.738
133.626
133.522
133.426
133.338
133.257
133.183
133.114
133.051
132.991
132.936
132.885
132.836
132.791
132.747
132.707
132.667
132.63
132.594
132.561
132.527
132.496
132.466
132.437
132.411
132.383
132.359
132.337
132.313
132.298
132.269
132.279
131.345
133.015
135.505
137.657
139.192
140.329
141.098
141.517
141.673
141.636
141.459
141.183
140.842
140.461
140.06
139.65
139.243
138.845
138.459
138.09
137.738
137.404
137.09
136.793
136.512
136.246
136.002
135.786
135.604
135.451
135.32
135.197
135.075
134.949
134.814
134.674
134.529
134.384
134.24
134.1
133.968
133.842
133.723
133.614
133.512
133.418
133.332
133.252
133.178
133.11
133.046
132.987
132.932
132.88
132.831
132.786
132.741
132.701
132.66
132.624
132.587
132.554
132.52
132.488
132.459
132.429
132.403
132.375
132.351
132.329
132.305
132.291
132.261
132.272
130.146
132.046
135.126
137.608
139.268
140.475
141.26
141.661
141.788
141.719
141.509
141.204
140.839
140.438
140.021
139.599
139.183
138.779
138.39
138.018
137.665
137.332
137.019
136.724
136.445
136.181
135.938
135.724
135.543
135.391
135.263
135.143
135.024
134.901
134.771
134.635
134.496
134.355
134.217
134.081
133.952
133.83
133.714
133.608
133.508
133.415
133.33
133.251
133.177
133.109
133.046
132.986
132.931
132.878
132.829
132.783
132.738
132.697
132.656
132.618
132.581
132.547
132.513
132.481
132.451
132.421
132.395
132.368
132.343
132.321
132.298
132.283
132.254
132.265
129.045
131.133
134.867
137.629
139.383
140.642
141.427
141.804
141.899
141.798
141.557
141.226
140.838
140.42
139.989
139.557
139.134
138.724
138.332
137.958
137.605
137.272
136.959
136.666
136.389
136.127
135.886
135.672
135.491
135.339
135.212
135.093
134.977
134.857
134.731
134.601
134.466
134.331
134.198
134.067
133.943
133.824
133.712
133.607
133.509
133.418
133.334
133.255
133.181
133.113
133.049
132.989
132.933
132.88
132.829
132.782
132.736
132.694
132.653
132.614
132.576
132.542
132.507
132.475
132.445
132.415
132.388
132.361
132.336
132.314
132.29
132.276
132.247
132.258
128.025
130.286
134.702
137.692
139.522
140.816
141.59
141.94
142.004
141.872
141.603
141.248
140.841
140.407
139.963
139.523
139.093
138.678
138.283
137.908
137.554
137.222
136.91
136.619
136.344
136.084
135.843
135.629
135.447
135.293
135.165
135.046
134.932
134.815
134.694
134.569
134.441
134.312
134.185
134.058
133.939
133.824
133.715
133.613
133.516
133.426
133.342
133.264
133.19
133.121
133.056
132.995
132.938
132.883
132.832
132.784
132.737
132.694
132.651
132.612
132.573
132.538
132.502
132.47
132.439
132.408
132.382
132.354
132.329
132.307
132.284
132.269
132.24
132.251
127.04
129.593
134.638
137.78
139.671
140.987
141.744
142.066
142.101
141.939
141.645
141.269
140.845
140.397
139.943
139.495
139.059
138.641
138.243
137.867
137.513
137.18
136.87
136.58
136.308
136.05
135.81
135.595
135.41
135.252
135.121
135
134.888
134.775
134.659
134.541
134.419
134.297
134.176
134.055
133.941
133.83
133.723
133.624
133.529
133.44
133.356
133.277
133.202
133.133
133.067
133.004
132.946
132.89
132.837
132.787
132.739
132.694
132.651
132.611
132.571
132.535
132.498
132.465
132.434
132.403
132.376
132.348
132.322
132.301
132.277
132.263
132.233
132.245
125.861
128.983
134.61
137.888
139.826
141.148
141.886
142.181
142.188
142
141.684
141.289
140.85
140.391
139.928
139.472
139.032
138.611
138.211
137.833
137.479
137.147
136.837
136.549
136.279
136.024
135.785
135.568
135.379
135.216
135.08
134.957
134.845
134.735
134.625
134.514
134.4
134.285
134.17
134.056
133.947
133.84
133.736
133.639
133.545
133.457
133.373
133.294
133.218
133.147
133.08
133.016
132.956
132.898
132.844
132.793
132.742
132.697
132.651
132.61
132.569
132.533
132.495
132.461
132.429
132.398
132.37
132.342
132.316
132.294
132.271
132.256
132.227
132.239
124.829
128.834
134.611
137.985
139.975
141.297
142.013
142.284
142.266
142.056
141.72
141.309
140.857
140.387
139.917
139.456
139.011
138.587
138.186
137.807
137.453
137.121
136.812
136.526
136.259
136.007
135.769
135.549
135.352
135.182
135.039
134.912
134.801
134.696
134.593
134.49
134.384
134.278
134.171
134.064
133.96
133.857
133.757
133.662
133.569
133.481
133.397
133.316
133.239
133.167
133.098
133.032
132.969
132.91
132.853
132.8
132.748
132.701
132.654
132.611
132.569
132.531
132.493
132.458
132.425
132.393
132.365
132.336
132.31
132.288
132.264
132.25
132.22
132.232
)
;

boundaryField
{
    inlet
    {
        type            freestreamPressure;
        value           nonuniform List<scalar> 
230
(
128.164
128.168
128.174
128.182
128.19
128.198
128.207
128.216
128.226
128.236
128.247
128.258
128.27
128.283
128.296
128.31
128.325
128.34
128.357
128.374
128.392
128.411
128.431
128.453
128.475
128.499
128.524
128.55
128.578
128.608
128.639
128.671
128.706
128.742
128.781
128.821
128.864
128.908
128.956
129.005
129.057
129.112
129.169
129.228
129.291
129.356
129.423
129.493
129.566
129.64
129.717
129.796
129.876
129.958
130.04
130.123
130.207
130.29
130.372
130.453
130.532
130.608
130.681
130.751
130.816
130.877
130.932
130.981
131.024
131.06
131.087
131.11
131.117
131.151
130.837
130.111
129.485
128.957
128.524
128.176
127.903
127.692
127.536
127.426
127.354
127.313
127.298
127.304
127.326
127.36
127.402
127.449
127.498
127.547
127.593
127.639
127.682
127.723
127.763
127.801
127.836
127.869
127.901
127.93
127.958
127.983
128.008
128.03
128.051
128.071
128.089
128.107
128.123
128.138
128.153
131.638
132.392
133.065
133.652
134.156
134.583
134.942
135.241
135.488
135.692
135.859
135.994
136.104
136.192
136.261
136.316
136.359
136.391
136.416
136.433
136.445
136.452
136.457
136.458
136.458
136.455
136.452
136.447
136.442
136.437
136.431
136.425
136.42
136.414
136.408
136.402
136.397
136.392
136.387
136.382
136.377
136.374
136.371
136.369
136.367
136.364
136.361
136.358
136.355
136.351
136.347
136.343
136.338
136.333
136.328
136.322
136.315
136.308
136.301
136.293
136.284
136.275
136.264
136.253
136.241
136.228
136.214
136.199
136.183
136.165
136.146
136.125
136.102
136.078
136.052
136.023
135.992
135.959
135.923
135.885
135.843
135.799
135.751
135.7
135.645
135.586
135.523
135.457
135.386
135.311
135.232
135.149
135.062
134.971
134.876
134.778
134.676
134.571
134.464
134.355
134.245
134.133
134.021
133.91
133.799
133.69
133.582
133.478
133.377
133.28
133.187
133.1
133.018
132.948
132.873
)
;
    }
    outlet
    {
        type            freestreamPressure;
        value           nonuniform List<scalar> 
96
(
132.226
132.22
132.213
132.207
132.2
132.193
132.185
132.178
132.169
132.161
132.152
132.143
132.133
132.122
132.111
132.1
132.087
132.075
132.061
132.047
132.033
132.018
132.003
131.988
131.973
131.96
131.949
131.942
131.944
131.96
131.995
132.044
132.078
132.05
131.921
131.704
131.475
131.322
131.275
131.292
131.315
131.316
131.297
131.269
131.242
131.213
131.191
131.151
132.873
132.86
132.836
132.807
132.778
132.75
132.728
132.709
132.695
132.683
132.673
132.662
132.65
132.637
132.622
132.606
132.589
132.572
132.554
132.536
132.519
132.501
132.485
132.469
132.453
132.438
132.424
132.41
132.397
132.385
132.373
132.361
132.351
132.34
132.33
132.321
132.312
132.303
132.295
132.287
132.279
132.272
132.265
132.258
132.251
132.245
132.239
132.232
)
;
    }
    walls
    {
        type            zeroGradient;
    }
    frontAndBack
    {
        type            empty;
    }
}


// ************************************************************************* //
