# Wall shear stress
# Time       	patch        	min          	max          
0.000000e+00	walls	(-5.886229e+00 -7.143271e-02 -2.456718e-18)	(-4.165719e+00 1.379357e+00 1.658466e-18)
5.000000e+01	walls	(-1.634728e+03 -6.904287e+02 -5.113401e-15)	(1.556582e+01 1.257576e+03 7.905969e-15)
1.000000e+02	walls	(-1.610793e+03 -6.712482e+02 -4.846223e-15)	(9.808846e-01 1.302588e+03 7.394814e-15)
1.500000e+02	walls	(-1.594472e+03 -6.481957e+02 -4.519732e-15)	(1.944106e+00 1.351451e+03 6.909994e-15)
2.000000e+02	walls	(-1.602520e+03 -6.434017e+02 -4.440288e-15)	(2.584363e+00 1.361473e+03 6.772950e-15)
2.500000e+02	walls	(-1.606458e+03 -6.409250e+02 -4.403377e-15)	(2.901508e+00 1.366692e+03 6.715433e-15)
3.000000e+02	walls	(-1.607665e+03 -6.401871e+02 -4.391884e-15)	(3.000988e+00 1.368269e+03 6.696582e-15)
3.500000e+02	walls	(-1.608135e+03 -6.398924e+02 -4.387401e-15)	(3.039632e+00 1.368887e+03 6.689410e-15)
3.750000e+02	walls	(-1.608245e+03 -6.398298e+02 -4.386437e-15)	(3.048087e+00 1.369025e+03 6.687861e-15)
