# Wall shear stress
# Time       	patch        	min          	max          
0.000000e+00	walls	(-6.570932e+00 -8.660454e-01 -1.829600e-18)	(-4.371373e+00 7.411695e-01 2.559453e-18)
5.000000e+01	walls	(-1.643679e+03 -1.068100e+03 -5.511398e-15)	(-1.781258e+01 1.148913e+03 4.617096e-15)
1.000000e+02	walls	(-1.699794e+03 -1.147675e+03 -5.424452e-15)	(-1.256856e+01 1.096033e+03 4.930777e-15)
1.500000e+02	walls	(-1.716667e+03 -1.169066e+03 -5.393449e-15)	(-1.228791e+01 1.080564e+03 5.035124e-15)
2.000000e+02	walls	(-1.722834e+03 -1.177888e+03 -5.377348e-15)	(-1.234524e+01 1.074169e+03 5.068406e-15)
2.500000e+02	walls	(-1.724896e+03 -1.180639e+03 -5.372208e-15)	(-1.238504e+01 1.072170e+03 5.079411e-15)
3.000000e+02	walls	(-1.725625e+03 -1.181643e+03 -5.370381e-15)	(-1.240191e+01 1.071442e+03 5.083213e-15)
3.390000e+02	walls	(-1.725842e+03 -1.181921e+03 -5.369873e-15)	(-1.240679e+01 1.071241e+03 5.084293e-15)
