/*--------------------------------*- C++ -*----------------------------------*\
| =========                 |                                                 |
| \\      /  F ield         | OpenFOAM: The Open Source CFD Toolbox           |
|  \\    /   O peration     | Version:  5.x                                   |
|   \\  /    A nd           | Web:      www.OpenFOAM.org                      |
|    \\/     M anipulation  |                                                 |
\*---------------------------------------------------------------------------*/
FoamFile
{
    version     2.0;
    format      ascii;
    class       volScalarField;
    location    "600";
    object      p;
}
// * * * * * * * * * * * * * * * * * * * * * * * * * * * * * * * * * * * * * //

dimensions      [0 2 -2 0 0 0 0];

internalField   nonuniform List<scalar> 
11040
(
-0.00399022
-99.74
-337.073
-401.183
-422.368
-435.344
-436.798
-426.5
-407.831
-381.899
-348.216
-296.471
-246.659
-211.181
-186.388
-159.959
-133.115
-107.759
-83.7548
-60.5873
-38.1681
-18.8024
-2.61966
12.5254
26.7121
39.9641
52.277
63.6389
73.9883
83.2255
91.2379
97.9055
103.173
107.107
109.91
111.836
112.625
112.046
111.719
115.208
115.268
36.5733
-59.9155
-212.483
-290.478
-331.387
-361.459
-379.292
-383.474
-376.492
-360.054
-334.369
-291.478
-246.304
-211.471
-186.133
-160.013
-133.477
-108.253
-84.3283
-61.2247
-38.8466
-19.5287
-3.31556
11.8592
26.0779
39.3676
51.7255
63.1389
73.5486
82.8572
90.9463
97.6943
103.041
107.036
109.874
111.849
112.707
112.11
111.37
113.833
113.371
61.2513
-32.5045
-142.364
-234.019
-288.799
-325.032
-347.623
-356.29
-353.302
-340.641
-319.327
-283.742
-242.969
-208.962
-183.521
-158.394
-132.622
-107.793
-84.1406
-61.2567
-39.0379
-19.7992
-3.62872
11.5153
25.715
38.9976
51.3606
62.7891
73.2256
82.5742
90.7162
97.529
102.942
106.995
109.873
111.886
112.809
112.267
111.384
113.047
112.235
78.6312
-5.14278
-87.383
-171.038
-229.428
-270.862
-300.454
-317.072
-321.368
-315.175
-300.017
-272.178
-236.927
-204.868
-179.753
-155.737
-130.954
-106.721
-83.4946
-60.9544
-38.9911
-19.9189
-3.84704
11.2301
25.3835
38.6372
50.9887
62.4208
72.8762
82.261
90.4567
97.3385
102.828
106.955
109.886
111.922
112.883
112.401
111.471
112.651
112.007
92.3244
20.5619
-43.3289
-114.931
-173.767
-218.799
-253.053
-275.644
-286.313
-286.346
-277.34
-257.136
-228.285
-199.193
-174.824
-151.958
-128.395
-104.995
-82.3621
-60.3087
-38.7295
-19.9222
-4.01271
10.9434
25.0045
38.1911
50.5005
61.9127
72.3713
81.7844
90.035
96.9982
102.589
106.825
109.842
111.915
112.913
112.52
111.588
112.59
112.45
102.743
42.9538
-8.03772
-67.4319
-121.973
-167.096
-203.668
-230.743
-247.189
-253.454
-250.819
-238.18
-216.312
-191.241
-168.363
-146.855
-124.764
-102.46
-80.6091
-59.1945
-38.1369
-19.6945
-4.0295
10.7325
24.6382
37.7022
49.9213
61.2734
71.7031
81.1219
89.4161
96.4638
102.176
106.552
109.698
111.843
112.908
112.669
111.825
112.813
113.222
110.632
61.6468
20.2342
-28.315
-76.0049
-118.364
-154.815
-184.216
-204.95
-216.693
-220.16
-214.759
-200.176
-180.217
-159.88
-140.157
-119.824
-98.9203
-78.0921
-57.5012
-37.1224
-19.1644
-3.84166
10.6427
24.3189
37.1929
49.2601
60.4976
70.8521
80.2402
88.555
95.6802
101.524
106.072
109.395
111.668
112.862
112.869
112.247
113.291
114.238
116.573
76.7305
42.7921
3.35495
-36.8104
-74.5069
-108.74
-138.277
-161.395
-177.23
-185.912
-186.969
-179.466
-165.372
-148.67
-131.378
-113.186
-94.0591
-74.5729
-55.0471
-35.5493
-18.2302
-3.36903
10.7363
24.0935
36.6949
48.5329
59.584
69.7986
79.101
87.3947
94.5736
100.549
105.292
108.842
111.325
112.747
113.116
112.87
114.088
115.46
120.992
88.6108
60.6646
28.6862
-4.39726
-36.6148
-67.1751
-94.9834
-118.512
-136.684
-149.189
-155.488
-154.305
-146.257
-134.056
-119.944
-104.374
-87.4616
-69.7149
-51.5658
-33.2028
-16.714
-2.46089
11.1361
24.0613
36.2897
47.8055
58.5824
68.5743
77.7149
85.9213
93.1034
99.1814
104.122
107.941
110.723
112.501
113.378
113.677
115.235
116.857
124.205
97.8113
74.7266
48.7904
21.8719
-4.9079
-31.1153
-55.9566
-78.241
-96.9676
-111.613
-121.578
-125.455
-122.982
-115.662
-105.366
-92.923
-78.6767
-63.1133
-46.7224
-29.8081
-14.3827
-0.914902
12.0141
24.3687
36.105
47.1921
57.5971
67.2747
76.1666
84.204
91.3148
97.4356
102.538
106.631
109.776
112.026
113.548
114.557
116.611
118.41
126.473
104.86
85.7387
64.6738
42.8979
21.0204
-0.809874
-22.1163
-42.0572
-59.8696
-75.0287
-86.9591
-94.3098
-96.3513
-93.6507
-87.4335
-78.498
-67.3112
-54.3578
-40.1384
-25.039
-10.9574
1.51259
13.5835
25.2015
36.3044
46.8415
56.7687
66.038
74.5957
82.3838
89.3461
95.4362
100.637
104.965
108.477
111.24
113.459
115.259
117.89
119.98
128.021
110.232
94.3531
77.2071
59.6235
41.9221
24.0841
6.34822
-10.7482
-26.6945
-41.0889
-53.4566
-62.6461
-67.7839
-68.8492
-66.4428
-61.0769
-53.1622
-43.1353
-31.4583
-18.5447
-6.11561
5.11292
16.1084
26.7968
37.0997
46.9449
56.2733
65.0317
73.1679
80.6307
87.3751
93.3677
98.6018
103.103
106.93
110.154
112.986
115.51
118.643
121.201
129.043
114.33
101.115
87.1219
72.9154
58.6548
44.2434
29.7726
15.5552
1.91033
-10.9188
-22.596
-32.2294
-39.0116
-42.6459
-43.2905
-41.1272
-36.384
-29.3744
-20.465
-10.032
0.456355
10.1963
19.8899
29.4419
38.7594
47.7508
56.3409
64.4694
72.0831
79.1346
85.5858
91.4117
96.611
101.213
105.271
108.85
112.129
115.185
118.61
121.65
129.699
117.483
106.466
95.0146
83.5152
72.0389
60.4633
48.8007
37.2214
25.9092
14.988
4.65884
-4.43665
-11.6562
-16.6414
-19.3162
-19.625
-17.5993
-13.3892
-7.22512
0.608837
8.96408
17.015
25.2091
33.4339
41.5854
49.5562
57.2582
64.6237
71.5971
78.132
84.1932
89.7595
94.8303
99.4322
103.605
107.398
110.939
114.3
117.801
121.074
130.113
119.942
110.749
101.353
92.0235
82.7814
73.5044
64.1684
54.8602
45.6769
36.6749
27.9513
19.9394
13.1047
7.7583
4.05412
2.15842
2.17156
4.08606
7.80907
13.173
19.3743
25.6454
32.2223
38.9866
45.8311
52.6408
59.3186
65.7907
71.9995
77.8984
83.4527
88.6401
93.4564
97.9199
102.054
105.889
109.503
112.949
116.374
119.611
130.395
121.913
114.237
106.51
98.9194
91.4624
84.0271
76.5754
69.1483
61.7933
54.5288
47.3921
40.6621
34.6567
29.6057
25.6566
22.9921
21.7633
22.0469
23.8517
27.1151
31.3489
35.906
40.875
46.1462
51.6198
57.1845
62.7433
68.2211
73.5584
78.7075
83.6326
88.3091
92.7269
96.8941
100.818
104.509
108.011
111.353
114.596
117.656
130.657
123.58
117.171
110.803
104.613
98.5815
92.6118
86.6637
80.7542
74.9045
69.1137
63.3917
57.9112
52.8814
48.4593
44.7568
41.9263
40.1139
39.4232
39.9151
41.5959
44.2192
47.2872
50.804
54.6798
58.8303
63.1587
67.5777
72.0171
76.42
80.7397
84.9394
88.9913
92.8795
96.6021
100.155
103.534
106.762
109.85
112.816
115.622
130.893
124.93
119.523
114.206
109.089
104.142
99.2797
94.4662
89.7072
85.0118
80.3724
75.7894
71.3716
67.2533
63.5382
60.304
57.6643
55.7364
54.6167
54.3779
55.0569
56.5565
58.5146
60.8991
63.6437
66.6826
69.9382
73.3381
76.8223
80.3404
83.8498
87.3152
90.7086
94.0104
97.2123
100.303
103.27
106.123
108.864
111.492
113.992
131.089
125.987
121.354
116.841
112.537
108.404
104.37
100.402
96.4999
92.6674
88.8942
85.1767
81.5881
78.218
75.1338
72.3897
70.0666
68.2523
67.0244
66.4491
66.5695
67.3669
68.5801
70.1682
72.0854
74.2825
76.6995
79.2796
81.9741
84.7408
87.543
90.3492
93.1331
95.8747
98.5625
101.182
103.718
106.173
108.543
110.82
112.997
131.271
126.851
122.832
118.947
115.272
111.765
108.362
105.035
101.783
98.6038
95.4884
92.4318
89.485
86.7103
84.1523
81.8483
79.856
78.2394
77.0574
76.3637
76.1976
76.5765
77.3095
78.3585
79.6932
81.277
83.0644
85.0121
87.0817
89.2394
91.4545
93.7003
95.9536
98.1958
100.415
102.595
104.723
106.795
108.807
110.748
112.614
131.448
127.58
124.058
120.678
117.501
114.488
111.581
108.756
106.008
103.337
100.732
98.1888
95.7441
93.4425
91.3143
89.385
87.6963
86.2944
85.2229
84.5233
84.2275
84.3668
84.7975
85.4883
86.42
87.5648
88.8886
90.3585
91.945
93.6213
95.3627
97.1471
98.9551
100.77
102.581
104.374
106.135
107.861
109.546
111.179
112.757
131.622
128.209
125.098
122.131
119.36
116.744
114.234
111.808
109.462
107.192
104.991
102.853
100.806
98.8821
97.103
95.4857
94.0609
92.862
91.9209
91.2685
90.9295
90.9377
91.1816
91.6374
92.2927
93.1266
94.1129
95.2266
96.4453
97.7478
99.1147
100.528
101.972
103.433
104.9
106.362
107.808
109.232
110.629
111.991
113.313
131.795
128.762
125.995
123.37
120.934
118.645
116.459
114.357
112.335
110.389
108.512
106.699
104.971
103.351
101.856
100.496
99.2952
98.2768
97.4643
96.8806
96.5437
96.4853
96.616
96.9184
97.385
97.9993
98.741
99.591
100.532
101.548
102.622
103.742
104.894
106.067
107.251
108.438
109.618
110.787
111.939
113.067
114.167
131.964
129.253
126.777
124.442
122.285
120.267
118.349
116.515
114.759
113.078
111.465
109.916
108.446
107.074
105.81
104.664
103.65
102.787
102.093
101.583
101.27
101.182
101.246
101.448
101.786
102.245
102.809
103.464
104.196
104.992
105.841
106.731
107.651
108.593
109.549
110.511
111.472
112.428
113.375
114.306
115.216
132.129
129.693
127.467
125.377
123.456
121.667
119.974
118.363
116.828
115.366
113.97
112.638
111.381
110.211
109.138
108.168
107.311
106.581
105.99
105.551
105.272
105.175
105.2
105.338
105.586
105.935
106.37
106.88
107.455
108.084
108.758
109.468
110.206
110.964
111.737
112.518
113.3
114.082
114.859
115.626
116.378
132.29
130.09
128.079
126.2
124.48
122.885
121.382
119.959
118.611
117.332
116.118
114.966
113.884
112.882
111.967
111.142
110.416
109.798
109.298
108.922
108.679
108.585
108.588
108.684
108.871
109.14
109.48
109.882
110.338
110.84
111.379
111.949
112.543
113.156
113.783
114.418
115.057
115.697
116.335
116.967
117.588
132.444
130.449
128.625
126.928
125.381
123.952
122.612
121.349
120.158
119.034
117.973
116.972
116.036
115.175
114.391
113.688
113.072
112.548
112.124
111.806
111.597
111.511
111.504
111.572
111.716
111.927
112.197
112.518
112.883
113.286
113.721
114.182
114.663
115.161
115.672
116.19
116.713
117.239
117.763
118.285
118.798
132.592
130.776
129.115
127.575
126.178
124.893
123.692
122.567
121.51
120.518
119.587
118.713
117.901
117.157
116.484
115.883
115.358
114.914
114.556
114.287
114.109
114.034
114.022
114.073
114.186
114.355
114.572
114.83
115.126
115.453
115.806
116.182
116.575
116.981
117.399
117.825
118.254
118.687
119.12
119.551
119.976
132.733
131.073
129.554
128.153
126.886
125.725
124.646
123.638
122.697
121.819
120.998
120.233
119.526
118.882
118.301
117.786
117.339
116.962
116.659
116.432
116.283
116.219
116.206
116.245
116.336
116.473
116.65
116.861
117.103
117.371
117.66
117.968
118.29
118.625
118.969
119.319
119.674
120.031
120.39
120.748
121.101
132.867
131.343
129.95
128.67
127.517
126.464
125.49
124.585
123.745
122.964
122.238
121.566
120.949
120.389
119.888
119.446
119.063
118.744
118.488
118.297
118.172
118.119
118.107
118.139
118.213
118.327
118.473
118.647
118.846
119.067
119.306
119.56
119.827
120.103
120.388
120.678
120.972
121.269
121.567
121.865
122.159
132.993
131.589
130.307
129.133
128.08
127.122
126.24
125.425
124.671
123.975
123.332
122.74
122.2
121.713
121.279
120.898
120.572
120.3
120.084
119.925
119.821
119.778
119.768
119.794
119.857
119.952
120.074
120.219
120.385
120.569
120.768
120.979
121.2
121.43
121.667
121.908
122.153
122.4
122.649
122.898
123.144
133.111
131.814
130.629
129.549
128.583
127.709
126.907
126.171
125.493
124.871
124.3
123.777
123.303
122.878
122.503
122.175
121.896
121.665
121.483
121.35
121.265
121.231
121.224
121.247
121.3
121.381
121.484
121.606
121.745
121.899
122.066
122.242
122.427
122.619
122.817
123.019
123.224
123.431
123.639
123.847
124.053
133.222
132.018
130.92
129.922
129.034
128.233
127.502
126.834
126.224
125.666
125.158
124.696
124.279
123.908
123.583
123.301
123.062
122.866
122.713
122.603
122.533
122.507
122.502
122.523
122.57
122.639
122.727
122.831
122.948
123.078
123.218
123.367
123.522
123.684
123.85
124.019
124.191
124.365
124.539
124.715
124.887
133.325
132.203
131.181
130.256
129.436
128.7
128.032
127.425
126.873
126.373
125.92
125.51
125.144
124.82
124.538
124.295
124.091
123.925
123.797
123.706
123.65
123.63
123.629
123.648
123.69
123.75
123.825
123.914
124.014
124.124
124.243
124.369
124.5
124.636
124.776
124.918
125.063
125.209
125.357
125.505
125.65
133.421
132.371
131.416
130.556
129.796
129.116
128.504
127.95
127.451
127.001
126.596
126.233
125.911
125.628
125.383
125.174
125.001
124.861
124.754
124.679
124.635
124.621
124.622
124.641
124.678
124.731
124.796
124.873
124.959
125.053
125.154
125.26
125.371
125.487
125.605
125.725
125.847
125.971
126.095
126.22
126.343
133.509
132.522
131.626
130.823
130.116
129.487
128.923
128.417
127.964
127.559
127.197
126.875
126.591
126.344
126.132
125.953
125.806
125.689
125.6
125.539
125.505
125.497
125.5
125.519
125.552
125.599
125.657
125.723
125.797
125.878
125.964
126.055
126.149
126.247
126.347
126.45
126.553
126.658
126.763
126.869
126.972
133.589
132.657
131.814
131.06
130.4
129.815
129.295
128.831
128.419
128.053
127.729
127.444
127.194
126.979
126.796
126.643
126.519
126.421
126.348
126.3
126.274
126.27
126.276
126.294
126.325
126.367
126.417
126.475
126.54
126.609
126.683
126.761
126.842
126.925
127.01
127.097
127.185
127.273
127.362
127.452
127.539
133.662
132.778
131.98
131.27
130.65
130.105
129.623
129.197
128.821
128.49
128.2
127.947
127.728
127.541
127.384
127.254
127.149
127.068
127.01
126.972
126.954
126.954
126.962
126.98
127.01
127.048
127.093
127.144
127.2
127.26
127.324
127.391
127.46
127.531
127.604
127.678
127.752
127.827
127.903
127.979
128.053
133.728
132.885
132.125
131.453
130.869
130.359
129.911
129.518
129.174
128.875
128.615
128.391
128.199
128.037
127.903
127.793
127.706
127.64
127.594
127.565
127.553
127.557
127.567
127.585
127.613
127.648
127.688
127.733
127.782
127.835
127.89
127.948
128.007
128.068
128.13
128.193
128.257
128.32
128.384
128.449
128.511
133.787
132.978
132.252
131.612
131.059
130.578
130.16
129.797
129.482
129.211
128.979
128.78
128.613
128.473
128.359
128.267
128.196
128.144
128.109
128.089
128.083
128.091
128.103
128.122
128.149
128.181
128.218
128.258
128.302
128.348
128.397
128.447
128.498
128.55
128.603
128.657
128.711
128.765
128.819
128.874
128.927
133.839
133.057
132.359
131.747
131.22
130.766
130.374
130.037
129.748
129.503
129.294
129.119
128.974
128.854
128.758
128.683
128.626
128.585
128.56
128.547
128.546
128.556
128.57
128.589
128.615
128.645
128.678
128.715
128.754
128.794
128.837
128.88
128.925
128.97
129.016
129.062
129.108
129.154
129.2
129.246
129.291
133.883
133.124
132.449
131.859
131.355
130.923
130.554
130.24
129.974
129.751
129.565
129.411
129.285
129.185
129.105
129.045
129.001
128.972
128.956
128.951
128.956
128.97
128.986
129.007
129.033
129.062
129.094
129.128
129.163
129.2
129.237
129.276
129.315
129.354
129.393
129.432
129.471
129.511
129.55
129.589
129.626
133.921
133.178
132.52
131.948
131.462
131.049
130.7
130.407
130.162
129.959
129.793
129.659
129.551
129.467
129.403
129.355
129.323
129.303
129.294
129.295
129.303
129.319
129.337
129.358
129.383
129.411
129.44
129.471
129.503
129.536
129.57
129.604
129.638
129.672
129.706
129.74
129.774
129.808
129.841
129.874
129.906
133.951
133.219
132.574
132.016
131.544
131.146
130.814
130.538
130.312
130.128
129.98
129.863
129.772
129.704
129.655
129.621
129.601
129.593
129.594
129.603
129.618
129.639
129.66
129.685
129.711
129.74
129.769
129.799
129.83
129.861
129.891
129.922
129.952
129.982
130.012
130.041
130.07
130.098
130.126
130.154
130.18
133.975
133.249
132.612
132.064
131.602
131.217
130.898
130.637
130.426
130.258
130.127
130.026
129.951
129.897
129.86
129.837
129.826
129.824
129.829
129.842
129.859
129.882
129.904
129.929
129.956
129.983
130.011
130.039
130.068
130.096
130.124
130.152
130.179
130.206
130.232
130.258
130.284
130.309
130.333
130.357
130.38
133.992
133.267
132.633
132.091
131.637
131.261
130.953
130.705
130.507
130.354
130.237
130.15
130.09
130.051
130.029
130.022
130.026
130.038
130.057
130.081
130.107
130.137
130.165
130.195
130.225
130.255
130.285
130.314
130.343
130.37
130.397
130.423
130.448
130.472
130.496
130.518
130.54
130.561
130.581
130.601
130.62
134
133.264
132.625
132.082
131.631
131.261
130.964
130.727
130.544
130.405
130.302
130.23
130.181
130.152
130.139
130.137
130.145
130.161
130.182
130.208
130.237
130.267
130.298
130.328
130.358
130.388
130.417
130.446
130.473
130.5
130.525
130.55
130.573
130.596
130.617
130.638
130.657
130.676
130.694
130.711
130.728
133.998
133.243
132.592
132.041
131.587
131.22
130.929
130.702
130.531
130.406
130.321
130.267
130.24
130.234
130.245
130.269
130.302
130.341
130.382
130.424
130.465
130.506
130.545
130.582
130.619
130.653
130.686
130.716
130.746
130.773
130.799
130.823
130.845
130.867
130.887
130.905
130.923
130.939
130.955
130.97
130.984
125.733
133.169
139.069
142.362
144.217
145.366
145.925
146.063
145.937
145.639
145.236
144.773
144.281
143.78
143.285
142.804
142.343
141.904
141.49
141.1
140.734
140.392
140.072
139.774
139.497
139.238
138.997
138.773
138.564
138.37
138.189
138.02
137.862
137.714
137.575
137.444
137.322
137.206
137.097
136.995
136.898
136.807
136.722
136.641
136.565
136.493
136.426
136.362
136.301
136.244
136.189
136.137
136.088
136.04
135.995
135.952
135.91
135.87
135.831
135.793
135.757
135.721
135.687
135.653
135.62
135.588
135.557
135.527
135.498
135.471
135.443
135.426
135.391
135.404
124.723
132.719
138.885
142.411
144.364
145.517
146.051
146.159
146.004
145.682
145.258
144.779
144.273
143.762
143.259
142.773
142.307
141.866
141.45
141.059
140.693
140.35
140.031
139.734
139.457
139.199
138.96
138.737
138.529
138.336
138.156
137.989
137.832
137.685
137.547
137.418
137.296
137.182
137.074
136.973
136.877
136.787
136.702
136.622
136.547
136.476
136.409
136.346
136.286
136.229
136.175
136.124
136.075
136.028
135.983
135.94
135.899
135.859
135.821
135.784
135.747
135.712
135.678
135.645
135.612
135.58
135.55
135.52
135.491
135.465
135.436
135.42
135.385
135.398
123.972
131.529
138.347
142.326
144.46
145.66
146.189
146.271
146.084
145.732
145.283
144.784
144.263
143.74
143.228
142.735
142.265
141.821
141.402
141.01
140.644
140.302
139.984
139.687
139.411
139.155
138.917
138.695
138.489
138.298
138.12
137.953
137.798
137.653
137.517
137.389
137.268
137.155
137.048
136.948
136.853
136.764
136.681
136.602
136.527
136.457
136.391
136.329
136.269
136.213
136.16
136.109
136.061
136.015
135.97
135.928
135.887
135.848
135.81
135.773
135.737
135.703
135.669
135.636
135.604
135.572
135.542
135.512
135.483
135.458
135.43
135.413
135.379
135.391
123.574
130.506
137.646
142.057
144.454
145.749
146.3
146.377
146.167
145.786
145.31
144.788
144.249
143.712
143.191
142.69
142.215
141.767
141.347
140.954
140.587
140.246
139.928
139.633
139.359
139.104
138.867
138.648
138.444
138.254
138.078
137.913
137.76
137.616
137.482
137.356
137.237
137.125
137.02
136.921
136.827
136.739
136.657
136.579
136.506
136.437
136.371
136.31
136.251
136.196
136.143
136.093
136.046
136
135.957
135.915
135.875
135.836
135.798
135.762
135.727
135.692
135.659
135.626
135.595
135.564
135.533
135.504
135.476
135.45
135.422
135.406
135.372
135.385
123.691
130.118
137.071
141.653
144.312
145.751
146.353
146.438
146.221
145.824
145.329
144.786
144.228
143.676
143.143
142.635
142.154
141.702
141.28
140.886
140.52
140.179
139.863
139.569
139.297
139.045
138.81
138.593
138.391
138.204
138.03
137.868
137.717
137.575
137.443
137.318
137.201
137.091
136.988
136.89
136.798
136.712
136.63
136.554
136.482
136.414
136.35
136.289
136.232
136.177
136.125
136.076
136.029
135.985
135.942
135.9
135.861
135.823
135.786
135.75
135.715
135.681
135.648
135.616
135.585
135.554
135.524
135.496
135.467
135.442
135.415
135.399
135.365
135.378
124.067
130.224
136.785
141.306
144.078
145.64
146.323
146.439
146.22
145.814
145.31
144.757
144.188
143.625
143.082
142.565
142.079
141.624
141.2
140.806
140.44
140.101
139.786
139.495
139.225
138.975
138.744
138.529
138.331
138.146
137.975
137.816
137.667
137.528
137.398
137.276
137.161
137.053
136.951
136.856
136.766
136.681
136.601
136.526
136.455
136.388
136.326
136.266
136.21
136.156
136.106
136.057
136.011
135.967
135.925
135.885
135.846
135.808
135.772
135.737
135.703
135.67
135.637
135.605
135.574
135.544
135.515
135.486
135.458
135.434
135.407
135.391
135.358
135.37
124.565
130.588
136.739
141.135
143.871
145.452
146.195
146.361
146.159
145.748
145.234
144.674
144.102
143.539
142.993
142.473
141.984
141.527
141.102
140.708
140.344
140.007
139.695
139.407
139.14
138.894
138.666
138.455
138.26
138.079
137.912
137.756
137.61
137.474
137.347
137.228
137.116
137.01
136.911
136.817
136.729
136.646
136.568
136.495
136.426
136.36
136.299
136.241
136.186
136.134
136.084
136.037
135.992
135.949
135.908
135.868
135.83
135.793
135.757
135.723
135.689
135.657
135.625
135.594
135.563
135.534
135.504
135.477
135.449
135.425
135.398
135.382
135.35
135.362
125.244
131.014
136.743
141.05
143.732
145.261
146.003
146.2
146.025
145.625
145.108
144.537
143.957
143.392
142.852
142.339
141.855
141.402
140.98
140.588
140.227
139.893
139.585
139.302
139.04
138.798
138.575
138.368
138.178
138.001
137.838
137.686
137.545
137.412
137.289
137.173
137.064
136.961
136.864
136.773
136.687
136.607
136.531
136.46
136.392
136.329
136.269
136.213
136.159
136.108
136.06
136.014
135.97
135.928
135.888
135.849
135.812
135.776
135.742
135.708
135.675
135.643
135.612
135.581
135.551
135.522
135.494
135.466
135.439
135.415
135.389
135.373
135.341
135.354
126.216
131.446
136.605
140.847
143.543
145.06
145.788
145.985
145.822
145.435
144.927
144.356
143.769
143.195
142.651
142.141
141.668
141.228
140.818
140.436
140.082
139.755
139.453
139.175
138.919
138.684
138.466
138.266
138.081
137.91
137.752
137.605
137.468
137.341
137.221
137.109
137.004
136.904
136.811
136.723
136.64
136.562
136.489
136.42
136.355
136.294
136.236
136.181
136.129
136.08
136.034
135.989
135.946
135.906
135.867
135.829
135.793
135.758
135.724
135.691
135.659
135.628
135.598
135.568
135.538
135.51
135.482
135.455
135.428
135.405
135.379
135.364
135.332
135.345
127.368
131.812
136.239
140.353
143.102
144.668
145.46
145.706
145.57
145.191
144.685
144.12
143.536
142.963
142.414
141.899
141.425
140.991
140.594
140.229
139.893
139.58
139.29
139.022
138.774
138.547
138.337
138.144
137.966
137.802
137.651
137.51
137.379
137.257
137.143
137.036
136.935
136.84
136.75
136.666
136.586
136.511
136.441
136.375
136.313
136.254
136.198
136.146
136.096
136.049
136.004
135.961
135.92
135.881
135.843
135.807
135.772
135.738
135.705
135.673
135.642
135.612
135.582
135.553
135.524
135.497
135.469
135.443
135.417
135.394
135.368
135.353
135.323
135.335
128.182
131.855
135.497
139.36
142.195
143.879
144.796
145.179
145.159
144.86
144.395
143.845
143.265
142.691
142.141
141.626
141.151
140.717
140.322
139.965
139.642
139.348
139.077
138.827
138.595
138.38
138.182
137.999
137.83
137.675
137.531
137.398
137.275
137.159
137.051
136.95
136.855
136.764
136.68
136.6
136.524
136.453
136.387
136.324
136.265
136.209
136.156
136.106
136.059
136.014
135.971
135.93
135.891
135.853
135.817
135.782
135.749
135.716
135.684
135.654
135.624
135.594
135.565
135.537
135.51
135.482
135.456
135.43
135.405
135.382
135.357
135.343
135.313
135.325
128.095
131.226
134.22
137.669
140.502
142.356
143.491
144.116
144.325
144.22
143.905
143.462
142.948
142.403
141.86
141.341
140.86
140.42
140.023
139.666
139.348
139.063
138.806
138.575
138.364
138.169
137.989
137.822
137.666
137.522
137.389
137.266
137.152
137.045
136.944
136.85
136.761
136.677
136.598
136.523
136.453
136.386
136.324
136.265
136.21
136.158
136.108
136.061
136.017
135.974
135.934
135.895
135.858
135.822
135.788
135.755
135.723
135.692
135.662
135.632
135.603
135.575
135.547
135.52
135.493
135.467
135.441
135.416
135.391
135.369
135.345
135.331
135.302
135.315
127.066
129.834
132.399
135.347
137.98
139.917
141.272
142.189
142.726
142.936
142.897
142.682
142.35
141.945
141.5
141.041
140.585
140.148
139.741
139.371
139.042
138.751
138.497
138.274
138.077
137.902
137.743
137.598
137.463
137.337
137.219
137.109
137.006
136.909
136.818
136.733
136.652
136.575
136.503
136.435
136.37
136.309
136.252
136.198
136.147
136.099
136.053
136.01
135.969
135.929
135.892
135.856
135.821
135.788
135.756
135.725
135.694
135.665
135.636
135.608
135.581
135.554
135.528
135.501
135.476
135.45
135.425
135.401
135.377
135.356
135.332
135.319
135.29
135.304
125.299
127.774
130.072
132.594
134.955
136.874
138.364
139.502
140.321
140.848
141.133
141.227
141.175
141.012
140.768
140.471
140.142
139.799
139.453
139.113
138.788
138.485
138.212
137.972
137.766
137.591
137.443
137.316
137.204
137.102
137.006
136.916
136.83
136.748
136.669
136.594
136.523
136.456
136.392
136.331
136.274
136.22
136.168
136.12
136.075
136.031
135.99
135.951
135.914
135.878
135.844
135.811
135.78
135.749
135.719
135.691
135.663
135.635
135.608
135.582
135.556
135.531
135.506
135.481
135.456
135.432
135.408
135.385
135.362
135.341
135.319
135.306
135.278
135.292
123.042
125.271
127.383
129.603
131.719
133.56
135.106
136.385
137.409
138.188
138.748
139.125
139.351
139.456
139.464
139.397
139.271
139.1
138.898
138.676
138.442
138.205
137.969
137.739
137.523
137.327
137.157
137.016
136.902
136.809
136.734
136.669
136.608
136.549
136.49
136.431
136.372
136.316
136.261
136.209
136.161
136.115
136.071
136.03
135.991
135.954
135.918
135.884
135.851
135.82
135.79
135.761
135.733
135.705
135.678
135.652
135.627
135.602
135.577
135.553
135.529
135.506
135.482
135.459
135.436
135.413
135.39
135.368
135.346
135.326
135.304
135.292
135.265
135.279
120.552
122.577
124.526
126.521
128.436
130.177
131.725
133.081
134.243
135.209
135.991
136.606
137.075
137.419
137.658
137.812
137.896
137.925
137.908
137.854
137.77
137.661
137.533
137.394
137.247
137.097
136.947
136.802
136.668
136.551
136.455
136.382
136.327
136.286
136.251
136.219
136.184
136.148
136.109
136.069
136.03
135.993
135.958
135.925
135.893
135.863
135.834
135.806
135.779
135.753
135.728
135.703
135.679
135.655
135.632
135.609
135.587
135.565
135.543
135.521
135.499
135.477
135.456
135.434
135.413
135.391
135.37
135.349
135.328
135.309
135.288
135.277
135.251
135.266
118.101
119.935
121.721
123.521
125.263
126.894
128.401
129.777
131.013
132.104
133.048
133.852
134.525
135.078
135.525
135.88
136.155
136.364
136.518
136.627
136.698
136.738
136.75
136.738
136.706
136.657
136.595
136.524
136.445
136.361
136.275
136.19
136.112
136.047
135.997
135.962
135.938
135.92
135.904
135.888
135.869
135.848
135.826
135.803
135.781
135.759
135.738
135.717
135.697
135.676
135.657
135.637
135.618
135.599
135.58
135.561
135.542
135.523
135.504
135.485
135.465
135.446
135.427
135.407
135.387
135.368
135.348
135.328
135.309
135.291
135.271
135.261
135.237
135.252
116.113
117.754
119.367
120.98
122.554
124.061
125.489
126.831
128.078
129.219
130.252
131.176
131.991
132.703
133.317
133.841
134.284
134.655
134.962
135.215
135.421
135.589
135.723
135.829
135.91
135.968
136.005
136.022
136.022
136.007
135.982
135.948
135.909
135.865
135.819
135.775
135.738
135.709
135.691
135.681
135.676
135.673
135.668
135.661
135.652
135.641
135.629
135.617
135.604
135.591
135.577
135.564
135.55
135.536
135.521
135.507
135.492
135.476
135.461
135.445
135.428
135.412
135.395
135.378
135.36
135.342
135.324
135.306
135.288
135.272
135.253
135.244
135.221
135.238
114.803
116.244
117.676
119.104
120.51
121.878
123.2
124.468
125.673
126.806
127.863
128.838
129.73
130.538
131.263
131.909
132.48
132.98
133.416
133.793
134.118
134.397
134.634
134.837
135.008
135.151
135.271
135.368
135.444
135.503
135.544
135.57
135.585
135.59
135.587
135.579
135.565
135.548
135.53
135.514
135.504
135.5
135.501
135.505
135.51
135.512
135.512
135.509
135.505
135.499
135.492
135.485
135.477
135.468
135.459
135.449
135.438
135.427
135.415
135.402
135.389
135.375
135.361
135.346
135.331
135.315
135.299
135.283
135.266
135.251
135.234
135.225
135.204
135.222
114.143
115.384
116.629
117.874
119.111
120.331
121.527
122.692
123.819
124.9
125.93
126.903
127.816
128.665
129.448
130.167
130.82
131.411
131.942
132.416
132.837
133.21
133.539
133.827
134.079
134.299
134.49
134.655
134.797
134.919
135.022
135.108
135.179
135.235
135.278
135.31
135.334
135.35
135.359
135.363
135.362
135.359
135.357
135.358
135.363
135.372
135.382
135.391
135.397
135.401
135.402
135.402
135.4
135.397
135.393
135.388
135.381
135.374
135.366
135.357
135.347
135.336
135.325
135.313
135.3
135.286
135.272
135.258
135.243
135.229
135.213
135.206
135.186
135.206
114.042
115.091
116.151
117.217
118.286
119.353
120.412
121.457
122.482
123.481
124.45
125.382
126.273
127.118
127.916
128.664
129.359
130.003
130.595
131.136
131.628
132.074
132.476
132.837
133.159
133.446
133.701
133.927
134.126
134.302
134.456
134.592
134.712
134.816
134.905
134.981
135.045
135.097
135.138
135.171
135.196
135.214
135.226
135.234
135.239
135.245
135.254
135.266
135.28
135.293
135.304
135.312
135.318
135.321
135.322
135.322
135.321
135.318
135.314
135.309
135.303
135.295
135.287
135.277
135.267
135.256
135.243
135.231
135.218
135.206
135.192
135.186
135.167
135.19
114.384
115.254
116.141
117.038
117.947
118.862
119.781
120.698
121.608
122.508
123.392
124.256
125.095
125.905
126.682
127.424
128.127
128.79
129.411
129.99
130.527
131.022
131.477
131.893
132.272
132.615
132.926
133.205
133.455
133.68
133.88
134.06
134.22
134.363
134.49
134.604
134.705
134.794
134.87
134.935
134.989
135.033
135.068
135.096
135.118
135.134
135.146
135.157
135.168
135.182
135.198
135.214
135.228
135.239
135.247
135.253
135.257
135.259
135.259
135.258
135.255
135.252
135.246
135.24
135.232
135.223
135.213
135.203
135.192
135.181
135.169
135.164
135.147
135.173
115.054
115.766
116.495
117.24
117.999
118.772
119.555
120.344
121.136
121.927
122.715
123.494
124.261
125.013
125.744
126.453
127.136
127.79
128.413
129.004
129.56
130.083
130.57
131.023
131.441
131.827
132.181
132.504
132.799
133.067
133.309
133.528
133.725
133.903
134.064
134.209
134.339
134.457
134.563
134.658
134.742
134.814
134.876
134.927
134.97
135.005
135.033
135.055
135.072
135.086
135.1
135.116
135.133
135.15
135.166
135.179
135.189
135.196
135.201
135.204
135.206
135.205
135.203
135.2
135.195
135.189
135.181
135.173
135.164
135.155
135.144
135.141
135.125
135.156
115.948
116.523
117.115
117.725
118.352
118.995
119.651
120.319
120.996
121.679
122.365
123.053
123.737
124.416
125.086
125.743
126.385
127.009
127.612
128.192
128.747
129.274
129.774
130.246
130.688
131.101
131.486
131.842
132.171
132.473
132.751
133.004
133.236
133.446
133.638
133.811
133.969
134.112
134.242
134.36
134.467
134.563
134.65
134.726
134.792
134.848
134.895
134.934
134.966
134.992
135.013
135.03
135.046
135.063
135.08
135.098
135.114
135.128
135.139
135.147
135.153
135.156
135.158
135.158
135.156
135.152
135.147
135.141
135.134
135.127
135.118
135.117
135.101
135.138
116.981
117.441
117.916
118.41
118.923
119.451
119.994
120.551
121.121
121.7
122.289
122.883
123.482
124.082
124.681
125.275
125.863
126.441
127.007
127.559
128.094
128.61
129.105
129.578
130.028
130.454
130.856
131.232
131.585
131.912
132.217
132.498
132.758
132.997
133.216
133.416
133.6
133.767
133.919
134.058
134.185
134.3
134.405
134.501
134.587
134.664
134.731
134.789
134.839
134.881
134.915
134.944
134.967
134.986
135.003
135.02
135.037
135.055
135.071
135.085
135.096
135.104
135.11
135.113
135.114
135.114
135.112
135.108
135.103
135.098
135.09
135.091
135.076
135.12
118.084
118.449
118.827
119.225
119.64
120.07
120.515
120.974
121.447
121.933
122.43
122.936
123.45
123.971
124.495
125.022
125.548
126.071
126.59
127.101
127.603
128.092
128.569
129.029
129.473
129.898
130.303
130.689
131.053
131.397
131.719
132.021
132.302
132.563
132.805
133.028
133.234
133.423
133.597
133.756
133.902
134.035
134.157
134.268
134.369
134.462
134.546
134.622
134.689
134.748
134.798
134.841
134.877
134.906
134.931
134.951
134.968
134.985
135.002
135.019
135.035
135.048
135.059
135.066
135.071
135.073
135.074
135.073
135.07
135.067
135.06
135.064
135.048
135.103
119.207
119.495
119.795
120.113
120.446
120.794
121.155
121.531
121.92
122.322
122.736
123.162
123.597
124.042
124.494
124.952
125.414
125.878
126.343
126.806
127.266
127.719
128.166
128.602
129.028
129.44
129.839
130.221
130.588
130.937
131.268
131.581
131.876
132.153
132.412
132.653
132.878
133.086
133.279
133.456
133.62
133.77
133.908
134.034
134.15
134.256
134.353
134.441
134.522
134.596
134.662
134.719
134.769
134.812
134.848
134.877
134.902
134.922
134.94
134.956
134.972
134.988
135.003
135.015
135.024
135.031
135.034
135.036
135.035
135.034
135.029
135.035
135.018
135.087
120.313
120.54
120.776
121.03
121.297
121.577
121.868
122.173
122.49
122.82
123.162
123.516
123.881
124.255
124.64
125.032
125.431
125.836
126.246
126.657
127.07
127.481
127.89
128.295
128.693
129.084
129.466
129.836
130.195
130.54
130.872
131.188
131.49
131.775
132.045
132.299
132.537
132.76
132.968
133.161
133.341
133.507
133.66
133.801
133.93
134.049
134.158
134.258
134.35
134.434
134.512
134.582
134.645
134.701
134.75
134.791
134.826
134.855
134.879
134.899
134.916
134.931
134.946
134.961
134.974
134.984
134.992
134.996
134.998
135
134.996
135.005
134.984
135.073
121.38
121.558
121.743
121.945
122.159
122.382
122.617
122.863
123.12
123.389
123.669
123.961
124.263
124.576
124.899
125.231
125.572
125.92
126.274
126.634
126.998
127.365
127.733
128.1
128.466
128.828
129.185
129.536
129.879
130.213
130.537
130.849
131.149
131.437
131.711
131.972
132.219
132.452
132.671
132.876
133.068
133.247
133.414
133.568
133.711
133.843
133.964
134.076
134.178
134.272
134.358
134.438
134.51
134.577
134.637
134.691
134.737
134.777
134.81
134.838
134.861
134.879
134.895
134.909
134.922
134.935
134.946
134.954
134.959
134.963
134.961
134.973
134.945
135.063
122.39
122.53
122.676
122.836
123.006
123.185
123.373
123.571
123.779
123.997
124.225
124.464
124.713
124.972
125.24
125.519
125.806
126.102
126.405
126.716
127.032
127.354
127.679
128.007
128.336
128.666
128.994
129.319
129.641
129.957
130.266
130.568
130.861
131.144
131.417
131.678
131.928
132.166
132.392
132.606
132.807
132.996
133.173
133.339
133.493
133.636
133.769
133.892
134.005
134.109
134.205
134.293
134.374
134.448
134.516
134.579
134.635
134.686
134.73
134.767
134.798
134.824
134.844
134.861
134.875
134.887
134.898
134.909
134.917
134.924
134.923
134.939
134.899
135.061
123.337
123.447
123.561
123.688
123.824
123.966
124.117
124.276
124.443
124.619
124.805
124.999
125.203
125.416
125.638
125.869
126.109
126.358
126.615
126.88
127.152
127.43
127.714
128.002
128.294
128.589
128.885
129.181
129.477
129.77
130.061
130.346
130.626
130.899
131.165
131.423
131.671
131.909
132.138
132.355
132.562
132.758
132.943
133.117
133.28
133.433
133.576
133.708
133.831
133.945
134.05
134.147
134.237
134.318
134.394
134.463
134.527
134.585
134.638
134.685
134.725
134.76
134.788
134.811
134.829
134.843
134.854
134.864
134.873
134.882
134.883
134.903
134.847
135.071
124.215
124.301
124.39
124.491
124.6
124.714
124.834
124.962
125.096
125.239
125.389
125.547
125.713
125.887
126.07
126.261
126.46
126.668
126.883
127.107
127.338
127.576
127.821
128.071
128.327
128.587
128.85
129.116
129.383
129.651
129.918
130.184
130.447
130.706
130.96
131.208
131.45
131.684
131.91
132.128
132.337
132.536
132.726
132.905
133.075
133.235
133.386
133.527
133.659
133.781
133.895
134.001
134.099
134.189
134.271
134.347
134.417
134.481
134.54
134.594
134.642
134.685
134.722
134.753
134.778
134.798
134.812
134.823
134.831
134.84
134.84
134.864
134.792
135.089
125.023
125.091
125.161
125.242
125.329
125.42
125.516
125.618
125.727
125.841
125.963
126.091
126.226
126.368
126.518
126.675
126.839
127.012
127.192
127.379
127.574
127.776
127.984
128.199
128.42
128.647
128.878
129.113
129.352
129.593
129.835
130.078
130.321
130.562
130.801
131.036
131.268
131.494
131.714
131.928
132.135
132.334
132.525
132.708
132.882
133.047
133.203
133.351
133.489
133.619
133.741
133.854
133.96
134.057
134.148
134.231
134.308
134.378
134.442
134.501
134.555
134.604
134.648
134.686
134.719
134.745
134.766
134.782
134.792
134.801
134.8
134.825
134.747
135.089
125.764
125.818
125.873
125.937
126.007
126.08
126.157
126.239
126.327
126.419
126.517
126.621
126.73
126.846
126.969
127.097
127.233
127.375
127.524
127.681
127.844
128.014
128.19
128.373
128.563
128.758
128.959
129.165
129.375
129.588
129.805
130.025
130.245
130.466
130.687
130.907
131.125
131.34
131.551
131.758
131.959
132.155
132.344
132.527
132.702
132.87
133.03
133.181
133.325
133.461
133.589
133.709
133.821
133.926
134.023
134.114
134.197
134.274
134.344
134.408
134.467
134.521
134.569
134.613
134.652
134.685
134.713
134.734
134.749
134.761
134.762
134.786
134.729
135.025
126.439
126.482
126.525
126.577
126.633
126.692
126.754
126.82
126.89
126.965
127.044
127.128
127.218
127.312
127.412
127.517
127.628
127.746
127.869
127.999
128.134
128.277
128.425
128.58
128.741
128.908
129.081
129.259
129.442
129.63
129.822
130.017
130.215
130.415
130.617
130.819
131.021
131.222
131.421
131.618
131.811
132.001
132.186
132.365
132.539
132.707
132.868
133.022
133.169
133.309
133.442
133.567
133.685
133.795
133.899
133.995
134.085
134.168
134.245
134.315
134.379
134.438
134.491
134.539
134.582
134.62
134.653
134.68
134.701
134.717
134.724
134.743
134.735
134.866
127.054
127.087
127.122
127.163
127.209
127.256
127.306
127.36
127.416
127.477
127.541
127.609
127.682
127.759
127.84
127.926
128.018
128.114
128.216
128.323
128.436
128.555
128.679
128.809
128.945
129.087
129.235
129.388
129.546
129.709
129.877
130.049
130.225
130.404
130.586
130.769
130.954
131.14
131.325
131.51
131.693
131.873
132.051
132.225
132.395
132.56
132.72
132.875
133.023
133.165
133.301
133.43
133.552
133.667
133.776
133.878
133.974
134.062
134.145
134.221
134.291
134.354
134.412
134.464
134.511
134.552
134.589
134.62
134.646
134.666
134.681
134.692
134.738
134.638
127.609
127.635
127.663
127.697
127.734
127.772
127.813
127.856
127.902
127.951
128.003
128.059
128.118
128.181
128.247
128.318
128.393
128.472
128.556
128.645
128.739
128.837
128.941
129.05
129.165
129.285
129.41
129.541
129.677
129.817
129.963
130.113
130.268
130.426
130.588
130.753
130.921
131.09
131.26
131.431
131.602
131.772
131.941
132.107
132.271
132.432
132.589
132.741
132.889
133.031
133.168
133.299
133.425
133.544
133.657
133.763
133.863
133.957
134.045
134.126
134.201
134.27
134.333
134.389
134.44
134.485
134.524
134.558
134.587
134.609
134.63
134.631
134.703
134.425
128.112
128.133
128.155
128.182
128.213
128.244
128.277
128.312
128.35
128.39
128.433
128.478
128.526
128.578
128.632
128.69
128.752
128.817
128.886
128.96
129.037
129.12
129.206
129.298
129.394
129.495
129.601
129.712
129.827
129.948
130.074
130.204
130.339
130.478
130.621
130.768
130.918
131.07
131.225
131.381
131.539
131.697
131.855
132.013
132.169
132.323
132.475
132.623
132.768
132.909
133.046
133.178
133.305
133.426
133.542
133.652
133.756
133.854
133.946
134.032
134.111
134.185
134.253
134.314
134.369
134.418
134.461
134.497
134.528
134.55
134.573
134.565
134.625
134.306
128.561
128.578
128.596
128.619
128.644
128.669
128.697
128.726
128.757
128.789
128.825
128.862
128.902
128.944
128.989
129.037
129.087
129.142
129.199
129.26
129.324
129.393
129.465
129.541
129.622
129.707
129.797
129.891
129.989
130.093
130.201
130.313
130.43
130.551
130.677
130.806
130.939
131.076
131.215
131.357
131.501
131.646
131.793
131.94
132.087
132.233
132.378
132.522
132.662
132.801
132.935
133.066
133.193
133.315
133.433
133.545
133.652
133.753
133.849
133.939
134.023
134.101
134.172
134.238
134.297
134.35
134.396
134.436
134.468
134.492
134.513
134.502
134.527
134.288
128.969
128.983
128.998
129.016
129.037
129.058
129.081
129.105
129.13
129.157
129.186
129.217
129.25
129.285
129.322
129.362
129.404
129.449
129.496
129.547
129.601
129.658
129.718
129.782
129.85
129.921
129.997
130.076
130.16
130.248
130.341
130.437
130.538
130.644
130.753
130.867
130.984
131.105
131.229
131.357
131.487
131.62
131.754
131.89
132.027
132.164
132.301
132.438
132.573
132.707
132.838
132.967
133.092
133.214
133.332
133.445
133.554
133.657
133.756
133.849
133.936
134.018
134.094
134.163
134.226
134.282
134.332
134.374
134.409
134.434
134.453
134.445
134.441
134.317
129.327
129.338
129.35
129.366
129.383
129.401
129.42
129.44
129.461
129.484
129.508
129.534
129.562
129.591
129.622
129.655
129.69
129.728
129.768
129.81
129.855
129.903
129.954
130.008
130.065
130.126
130.19
130.257
130.329
130.404
130.483
130.566
130.653
130.745
130.84
130.939
131.042
131.149
131.26
131.374
131.491
131.611
131.734
131.858
131.985
132.113
132.241
132.37
132.499
132.627
132.754
132.879
133.001
133.122
133.239
133.352
133.462
133.567
133.667
133.763
133.853
133.938
134.016
134.089
134.156
134.215
134.268
134.313
134.35
134.378
134.396
134.394
134.379
134.336
129.657
129.666
129.676
129.689
129.704
129.719
129.735
129.752
129.77
129.789
129.809
129.831
129.854
129.879
129.905
129.933
129.962
129.994
130.027
130.063
130.101
130.141
130.184
130.23
130.278
130.329
130.383
130.441
130.502
130.566
130.634
130.705
130.78
130.859
130.942
131.028
131.118
131.212
131.31
131.411
131.516
131.624
131.735
131.848
131.964
132.082
132.201
132.322
132.443
132.564
132.685
132.806
132.925
133.042
133.157
133.269
133.378
133.484
133.585
133.682
133.774
133.861
133.943
134.018
134.087
134.15
134.205
134.253
134.293
134.322
134.341
134.346
134.332
134.328
129.932
129.94
129.948
129.96
129.973
129.986
129.999
130.014
130.03
130.046
130.064
130.082
130.102
130.123
130.146
130.17
130.195
130.222
130.251
130.281
130.314
130.348
130.385
130.424
130.466
130.51
130.556
130.606
130.658
130.713
130.772
130.834
130.899
130.968
131.04
131.116
131.195
131.278
131.365
131.455
131.549
131.645
131.746
131.849
131.954
132.063
132.173
132.285
132.399
132.514
132.629
132.744
132.859
132.972
133.085
133.195
133.303
133.408
133.51
133.607
133.701
133.79
133.873
133.951
134.022
134.087
134.145
134.195
134.237
134.269
134.29
134.3
134.292
134.299
130.202
130.208
130.216
130.226
130.237
130.248
130.26
130.273
130.286
130.301
130.316
130.332
130.349
130.367
130.386
130.407
130.429
130.452
130.476
130.502
130.53
130.56
130.591
130.625
130.66
130.698
130.738
130.78
130.826
130.873
130.924
130.977
131.034
131.093
131.156
131.222
131.291
131.364
131.44
131.52
131.603
131.69
131.78
131.872
131.968
132.067
132.168
132.272
132.377
132.484
132.592
132.701
132.81
132.919
133.028
133.135
133.241
133.344
133.445
133.542
133.636
133.725
133.809
133.889
133.962
134.029
134.088
134.14
134.184
134.219
134.242
134.256
134.253
134.265
130.399
130.404
130.411
130.42
130.43
130.44
130.451
130.462
130.474
130.487
130.501
130.515
130.531
130.547
130.564
130.582
130.602
130.623
130.645
130.668
130.693
130.719
130.747
130.776
130.808
130.841
130.877
130.914
130.954
130.996
131.041
131.088
131.138
131.191
131.247
131.306
131.368
131.433
131.501
131.573
131.648
131.726
131.807
131.892
131.98
132.07
132.164
132.26
132.358
132.459
132.561
132.664
132.768
132.873
132.978
133.082
133.185
133.287
133.386
133.483
133.577
133.666
133.752
133.832
133.906
133.975
134.036
134.09
134.135
134.172
134.198
134.215
134.216
134.233
130.635
130.639
130.645
130.653
130.662
130.672
130.681
130.691
130.702
130.714
130.726
130.738
130.752
130.766
130.782
130.798
130.815
130.833
130.852
130.873
130.894
130.917
130.942
130.968
130.995
131.024
131.055
131.088
131.122
131.159
131.198
131.24
131.283
131.329
131.378
131.43
131.484
131.541
131.602
131.665
131.731
131.801
131.874
131.95
132.029
132.11
132.195
132.283
132.373
132.466
132.56
132.657
132.754
132.853
132.952
133.052
133.151
133.249
133.345
133.44
133.531
133.62
133.704
133.784
133.858
133.927
133.989
134.044
134.09
134.128
134.156
134.175
134.178
134.2
130.74
130.743
130.75
130.758
130.767
130.776
130.785
130.795
130.805
130.816
130.828
130.84
130.853
130.866
130.881
130.896
130.912
130.93
130.948
130.967
130.987
131.009
131.032
131.056
131.082
131.109
131.137
131.168
131.2
131.234
131.27
131.308
131.349
131.392
131.437
131.484
131.535
131.588
131.643
131.702
131.764
131.828
131.896
131.967
132.041
132.118
132.197
132.28
132.366
132.453
132.544
132.636
132.73
132.825
132.922
133.019
133.115
133.212
133.307
133.4
133.492
133.58
133.664
133.745
133.82
133.889
133.952
134.008
134.056
134.095
134.124
134.146
134.15
134.176
130.995
130.998
131.004
131.012
131.02
131.028
131.036
131.045
131.055
131.065
131.075
131.086
131.098
131.11
131.123
131.137
131.152
131.167
131.183
131.2
131.218
131.237
131.257
131.278
131.301
131.325
131.35
131.377
131.405
131.434
131.466
131.499
131.534
131.572
131.611
131.653
131.697
131.743
131.792
131.843
131.897
131.954
132.014
132.076
132.142
132.21
132.281
132.355
132.432
132.511
132.593
132.677
132.763
132.851
132.939
133.029
133.119
133.209
133.298
133.386
133.473
133.556
133.637
133.714
133.786
133.853
133.914
133.968
134.014
134.052
134.081
134.103
134.107
134.135
134.828
135.61
136.309
136.919
137.443
137.89
138.266
138.58
138.842
139.059
139.238
139.385
139.504
139.601
139.68
139.743
139.792
139.832
139.862
139.885
139.903
139.915
139.924
139.93
139.933
139.934
139.934
139.932
139.93
139.927
139.923
139.92
139.915
139.911
139.907
139.903
139.898
139.894
139.89
139.886
139.882
134.819
135.58
136.264
136.862
137.379
137.822
138.198
138.516
138.783
139.007
139.194
139.349
139.477
139.583
139.67
139.741
139.798
139.845
139.882
139.911
139.934
139.951
139.964
139.974
139.98
139.984
139.986
139.987
139.986
139.984
139.981
139.978
139.974
139.97
139.965
139.961
139.956
139.951
139.946
139.941
139.936
134.809
135.558
136.234
136.826
137.34
137.784
138.164
138.488
138.764
138.997
139.193
139.358
139.496
139.611
139.706
139.785
139.85
139.903
139.945
139.979
140.006
140.027
140.042
140.054
140.062
140.067
140.07
140.071
140.071
140.069
140.066
140.063
140.058
140.053
140.048
140.042
140.036
140.03
140.024
140.018
140.011
134.801
135.55
136.229
136.822
137.339
137.788
138.175
138.507
138.791
139.033
139.239
139.413
139.56
139.684
139.788
139.874
139.946
140.005
140.054
140.093
140.125
140.149
140.168
140.182
140.193
140.2
140.204
140.206
140.207
140.205
140.202
140.198
140.193
140.188
140.181
140.175
140.167
140.16
140.152
140.144
140.136
134.794
135.55
136.237
136.835
137.359
137.815
138.21
138.551
138.845
139.097
139.313
139.498
139.656
139.79
139.903
139.999
140.079
140.145
140.2
140.245
140.282
140.309
140.332
140.349
140.361
140.37
140.375
140.378
140.378
140.376
140.373
140.368
140.362
140.355
140.347
140.338
140.329
140.319
140.309
140.299
140.288
134.785
135.553
136.252
136.859
137.392
137.859
138.264
138.617
138.924
139.189
139.418
139.615
139.785
139.931
140.055
140.161
140.25
140.325
140.387
140.438
140.48
140.511
140.537
140.557
140.572
140.582
140.588
140.591
140.591
140.589
140.585
140.579
140.571
140.562
140.553
140.542
140.53
140.518
140.506
140.492
140.479
134.776
135.56
136.276
136.896
137.443
137.923
138.343
138.71
139.031
139.312
139.555
139.767
139.95
140.109
140.245
140.362
140.461
140.545
140.615
140.673
140.72
140.755
140.785
140.808
140.824
140.835
140.842
140.845
140.845
140.842
140.837
140.829
140.82
140.809
140.796
140.783
140.769
140.753
140.737
140.721
140.704
134.766
135.574
136.311
136.948
137.513
138.01
138.447
138.831
139.169
139.466
139.726
139.953
140.152
140.325
140.474
140.603
140.713
140.807
140.885
140.95
141.003
141.043
141.077
141.102
141.121
141.133
141.14
141.143
141.142
141.138
141.131
141.121
141.109
141.095
141.08
141.064
141.046
141.027
141.007
140.986
140.966
134.756
135.593
136.357
137.016
137.602
138.119
138.576
138.98
139.337
139.653
139.931
140.176
140.392
140.58
140.744
140.886
141.008
141.112
141.2
141.273
141.332
141.377
141.414
141.443
141.463
141.476
141.483
141.486
141.484
141.478
141.468
141.456
141.441
141.424
141.405
141.385
141.363
141.339
141.315
141.29
141.265
134.747
135.619
136.415
137.1
137.711
138.252
138.732
139.158
139.538
139.875
140.173
140.438
140.672
140.877
141.057
141.214
141.349
141.465
141.563
141.644
141.71
141.76
141.801
141.832
141.854
141.868
141.875
141.876
141.873
141.864
141.852
141.837
141.818
141.797
141.774
141.748
141.721
141.693
141.663
141.632
141.602
134.738
135.652
136.484
137.201
137.841
138.41
138.916
139.368
139.772
140.133
140.454
140.74
140.994
141.219
141.417
141.59
141.739
141.868
141.976
142.067
142.14
142.195
142.24
142.274
142.297
142.311
142.318
142.318
142.312
142.301
142.285
142.265
142.242
142.216
142.187
142.157
142.124
142.089
142.053
142.016
141.979
134.73
135.692
136.567
137.32
137.994
138.595
139.131
139.611
140.043
140.43
140.777
141.087
141.364
141.61
141.827
142.017
142.183
142.325
142.445
142.546
142.627
142.687
142.736
142.773
142.797
142.811
142.816
142.814
142.805
142.79
142.77
142.745
142.716
142.684
142.649
142.612
142.572
142.531
142.487
142.442
142.398
134.724
135.74
136.665
137.46
138.173
138.809
139.378
139.891
140.354
140.771
141.146
141.482
141.784
142.054
142.292
142.502
142.684
142.842
142.975
143.086
143.175
143.241
143.294
143.332
143.357
143.371
143.374
143.369
143.356
143.336
143.31
143.279
143.244
143.205
143.162
143.117
143.069
143.019
142.967
142.913
142.86
134.72
135.798
136.78
137.621
138.378
139.055
139.663
140.212
140.709
141.159
141.565
141.931
142.261
142.556
142.818
143.049
143.25
143.424
143.571
143.693
143.792
143.863
143.919
143.96
143.985
143.996
143.997
143.987
143.969
143.943
143.91
143.872
143.828
143.78
143.729
143.674
143.616
143.556
143.494
143.43
143.367
134.719
135.867
136.912
137.808
138.614
139.337
139.987
140.578
141.114
141.6
142.041
142.44
142.8
143.124
143.412
143.666
143.888
144.08
144.242
144.376
144.483
144.56
144.619
144.661
144.685
144.694
144.69
144.675
144.65
144.616
144.575
144.527
144.473
144.415
144.352
144.285
144.216
144.144
144.07
143.994
143.919
134.723
135.95
137.066
138.022
138.885
139.659
140.358
140.994
141.573
142.101
142.58
143.016
143.41
143.765
144.082
144.362
144.607
144.818
144.996
145.142
145.259
145.34
145.402
145.444
145.466
145.47
145.46
145.438
145.404
145.36
145.308
145.248
145.182
145.111
145.034
144.954
144.871
144.785
144.697
144.606
144.517
134.731
136.047
137.244
138.269
139.195
140.026
140.78
141.467
142.095
142.669
143.191
143.667
144.1
144.49
144.838
145.147
145.416
145.648
145.844
146.003
146.128
146.214
146.277
146.318
146.335
146.333
146.315
146.283
146.237
146.181
146.115
146.04
145.959
145.872
145.779
145.683
145.582
145.479
145.374
145.267
145.16
134.747
136.163
137.45
138.553
139.549
140.446
141.261
142.005
142.688
143.313
143.884
144.405
144.88
145.309
145.693
146.033
146.33
146.584
146.798
146.97
147.104
147.193
147.255
147.292
147.303
147.292
147.262
147.216
147.156
147.083
147
146.907
146.807
146.7
146.588
146.471
146.351
146.227
146.102
145.974
145.848
134.772
136.3
137.689
138.879
139.956
140.926
141.809
142.619
143.363
144.046
144.671
145.244
145.766
146.238
146.661
147.035
147.362
147.641
147.873
148.059
148.199
148.289
148.349
148.379
148.38
148.356
148.31
148.247
148.167
148.073
147.967
147.852
147.728
147.597
147.46
147.319
147.174
147.027
146.877
146.726
146.576
134.808
136.463
137.966
139.255
140.423
141.476
142.437
143.32
144.134
144.882
145.568
146.198
146.773
147.294
147.76
148.172
148.531
148.836
149.087
149.285
149.431
149.519
149.572
149.591
149.577
149.534
149.468
149.38
149.275
149.154
149.021
148.876
148.723
148.562
148.396
148.225
148.051
147.874
147.696
147.516
147.339
134.858
136.657
138.289
139.69
140.96
142.108
143.157
144.124
145.016
145.839
146.594
147.288
147.923
148.499
149.013
149.467
149.86
150.192
150.462
150.671
150.818
150.899
150.94
150.942
150.906
150.838
150.743
150.624
150.486
150.33
150.161
149.98
149.79
149.593
149.39
149.183
148.973
148.761
148.549
148.336
148.126
134.927
136.888
138.667
140.195
141.582
142.837
143.986
145.048
146.03
146.938
147.771
148.538
149.242
149.878
150.446
150.945
151.375
151.734
152.022
152.238
152.382
152.45
152.471
152.447
152.38
152.277
152.143
151.983
151.801
151.601
151.387
151.16
150.924
150.681
150.434
150.183
149.93
149.677
149.425
149.173
148.925
135.02
137.165
139.111
140.784
142.304
143.681
144.947
146.117
147.203
148.207
149.13
149.98
150.76
151.465
152.092
152.641
153.109
153.496
153.798
154.016
154.148
154.192
154.182
154.121
154.011
153.859
153.673
153.459
153.221
152.963
152.691
152.407
152.114
151.816
151.514
151.21
150.906
150.604
150.304
150.007
149.715
135.141
137.498
139.634
141.475
143.147
144.666
146.065
147.362
148.566
149.682
150.707
151.653
152.52
153.302
153.995
154.596
155.104
155.514
155.825
156.035
156.143
156.148
156.093
155.977
155.806
155.589
155.334
155.048
154.737
154.406
154.061
153.705
153.342
152.975
152.607
152.241
151.876
151.517
151.162
150.813
150.472
135.3
137.9
140.256
142.29
144.139
145.823
147.376
148.819
150.162
151.407
152.552
153.607
154.573
155.441
156.205
156.862
157.407
157.836
158.146
158.332
158.396
158.342
158.218
158.025
157.77
157.464
157.117
156.738
156.333
155.909
155.472
155.028
154.579
154.13
153.683
153.242
152.808
152.381
151.964
151.557
151.161
135.507
138.388
140.999
143.26
145.315
147.191
148.926
150.542
152.047
153.444
154.726
155.908
156.987
157.951
158.791
159.503
160.08
160.516
160.806
160.946
160.937
160.791
160.568
160.267
159.898
159.473
159.004
158.503
157.979
157.438
156.888
156.335
155.783
155.236
154.697
154.17
153.655
153.154
152.668
152.196
151.742
135.774
138.986
141.897
144.423
146.722
148.826
150.777
152.597
154.295
155.871
157.314
158.641
159.848
160.917
161.837
162.599
163.195
163.617
163.858
163.915
163.788
163.507
163.142
162.691
162.166
161.583
160.957
160.301
159.626
158.941
158.253
157.57
156.896
156.235
155.591
154.967
154.362
153.78
153.22
152.682
152.167
136.119
139.723
142.99
145.833
148.424
150.802
153.012
155.078
157.007
158.795
160.427
161.922
163.272
164.453
165.448
166.247
166.837
167.208
167.352
167.269
166.962
166.481
165.917
165.26
164.527
163.737
162.91
162.06
161.201
160.341
159.49
158.655
157.841
157.052
156.291
155.561
154.862
154.195
153.56
152.955
152.381
136.565
140.642
144.338
147.565
150.509
153.222
155.749
158.114
160.324
162.367
164.221
165.908
167.414
168.707
169.762
170.565
171.101
171.359
171.332
171.022
170.44
169.672
168.833
167.899
166.894
165.842
164.765
163.679
162.599
161.535
160.498
159.492
158.524
157.596
156.711
155.872
155.078
154.327
153.621
152.955
152.331
137.143
141.799
146.022
149.724
153.107
156.234
159.155
161.892
164.447
166.797
168.91
170.81
172.478
173.865
174.941
175.686
176.084
176.124
175.806
175.141
174.151
172.981
171.771
170.477
169.128
167.753
166.375
165.013
163.681
162.391
161.15
159.962
158.833
157.764
156.757
155.813
154.929
154.104
153.338
152.624
151.964
137.895
143.279
148.164
152.467
156.407
160.062
163.483
166.69
169.673
172.394
174.802
176.929
178.739
180.169
181.177
181.744
181.855
181.509
180.718
179.514
177.94
176.222
174.531
172.786
171.021
169.267
167.548
165.882
164.281
162.754
161.306
159.939
158.656
157.455
156.337
155.301
154.343
153.46
152.652
151.91
151.237
138.865
145.178
150.913
155.993
160.656
164.995
169.063
172.866
176.379
179.533
182.257
184.584
186.463
187.809
188.577
188.75
188.331
187.339
185.82
183.838
181.47
179.052
176.779
174.509
172.278
170.115
168.044
166.074
164.214
162.467
160.832
159.309
157.894
156.586
155.381
154.278
153.27
152.355
151.53
150.787
150.13
140.12
147.577
154.377
160.433
166.007
171.205
176.076
180.603
184.728
188.336
191.324
193.734
195.498
196.511
196.739
196.191
194.909
192.959
190.437
187.456
184.134
180.936
178.052
175.257
172.581
170.05
167.675
165.457
163.394
161.482
159.714
158.083
156.583
155.208
153.953
152.815
151.787
150.867
150.053
149.337
148.725
141.638
150.455
158.522
165.738
172.401
178.615
184.417
189.751
194.502
198.485
201.568
203.815
205.147
205.465
204.771
203.138
200.675
197.52
193.829
189.768
185.489
181.569
178.161
174.94
171.926
169.132
166.555
164.184
162.004
160.004
158.17
156.491
154.954
153.553
152.281
151.135
150.107
149.199
148.41
147.737
147.189
143.346
153.792
163.372
171.975
179.934
187.339
194.186
200.361
205.658
209.806
212.667
214.356
214.812
213.983
211.959
208.91
205.04
200.562
195.69
190.622
185.521
181.039
177.258
173.758
170.54
167.606
164.936
162.503
160.287
158.266
156.422
154.738
153.201
151.801
150.531
149.389
148.37
147.477
146.716
146.086
145.608
145.193
157.594
168.984
179.24
188.727
197.493
205.454
212.398
218.016
221.938
224.092
224.697
223.763
221.342
217.659
213.007
207.677
201.942
196.04
190.17
184.474
179.634
175.648
172.015
168.72
165.751
163.074
160.653
158.458
156.463
154.645
152.985
151.468
150.083
148.823
147.688
146.674
145.789
145.043
144.447
144.032
147.128
161.886
175.437
187.656
198.91
209.169
218.202
225.669
231.162
234.263
235.093
234.044
231.248
226.922
221.446
215.218
208.581
201.816
195.147
188.741
182.699
177.695
173.649
169.999
166.722
163.793
161.169
158.806
156.668
154.725
152.954
151.333
149.846
148.481
147.233
146.1
145.083
144.192
143.444
142.86
142.489
149.081
166.688
182.822
197.346
210.588
222.364
232.23
239.709
244.382
245.919
244.801
241.632
236.696
230.391
223.237
215.674
208.03
200.547
193.404
186.719
180.543
175.525
171.519
167.933
164.734
161.891
159.353
157.071
155.008
153.132
151.416
149.839
148.383
147.039
145.799
144.664
143.633
142.721
141.948
141.351
140.994
150.967
172.029
191.236
208.427
223.795
236.897
247.047
253.727
256.707
255.965
252.466
246.969
239.888
231.798
223.292
214.761
206.456
198.561
191.199
184.434
178.275
173.341
169.437
165.959
162.87
160.134
157.697
155.506
153.523
151.715
150.055
148.522
147.097
145.771
144.536
143.393
142.34
141.395
140.576
139.937
139.553
152.705
177.96
200.8
220.981
238.418
252.308
261.828
266.685
267.129
263.666
257.698
249.974
240.999
231.512
222.08
212.957
204.297
196.232
188.834
182.12
176.072
171.275
167.503
164.154
161.187
158.564
156.229
154.129
152.224
150.482
148.876
147.382
145.986
144.674
143.441
142.287
141.208
140.222
139.339
138.635
138.167
154.228
184.564
211.65
235.013
254.096
267.784
275.476
277.523
274.913
268.74
260.575
250.943
240.473
230.052
220.102
210.686
201.895
193.827
186.507
179.922
174.031
169.395
165.766
162.549
159.703
157.19
154.953
152.938
151.106
149.424
147.866
146.409
145.036
143.737
142.504
141.337
140.229
139.199
138.24
137.455
136.836
155.497
191.964
223.896
250.315
270.095
282.197
286.873
285.515
279.864
271.424
261.526
250.362
238.832
227.918
217.763
208.257
199.479
191.509
184.332
177.913
172.199
167.729
164.24
161.15
158.417
156.007
153.859
151.922
150.154
148.526
147.01
145.584
144.232
142.943
141.709
140.529
139.393
138.32
137.279
136.405
135.556
156.509
200.327
237.547
266.352
285.343
294.404
295.289
290.521
282.331
272.287
261.084
248.715
236.546
225.499
215.338
205.861
197.187
189.372
182.367
176.127
170.592
166.281
162.922
159.948
157.318
154.999
152.931
151.061
149.351
147.769
146.29
144.891
143.556
142.275
141.039
139.847
138.686
137.573
136.451
135.487
134.331
157.327
209.831
252.387
282.21
298.646
303.604
300.586
292.929
282.953
271.936
259.702
246.401
233.981
223.059
212.995
203.616
195.096
187.46
180.635
174.569
169.203
165.04
161.799
158.926
156.386
154.146
152.148
150.337
148.676
147.134
145.686
144.31
142.989
141.714
140.477
139.275
138.091
136.943
135.749
134.697
133.167
158.005
220.398
267.639
296.571
308.965
309.519
303.123
293.41
282.403
270.884
257.74
243.762
231.419
220.763
210.835
201.587
193.242
185.786
179.131
173.229
168.017
163.985
160.848
158.067
155.606
153.436
151.498
149.737
148.117
146.61
145.188
143.831
142.522
141.253
140.013
138.802
137.6
136.422
135.169
134.032
132.085
158.532
231.561
282.22
308.366
315.962
312.535
303.636
292.725
281.276
269.522
255.48
241.105
229.077
218.704
208.899
199.798
191.627
184.339
177.84
172.084
167.009
163.089
160.034
157.328
154.936
152.827
150.941
149.224
147.641
146.163
144.765
143.424
142.127
140.863
139.623
138.406
137.191
135.988
134.692
133.481
131.088
157.374
243.238
295.933
317.597
320.17
313.444
302.886
291.45
279.965
268.1
253.06
238.613
227.16
217.066
207.337
198.369
190.355
183.209
176.84
171.203
166.237
162.442
159.461
156.808
154.466
152.401
150.552
148.866
147.308
145.85
144.467
143.137
141.847
140.586
139.344
138.122
136.896
135.675
134.349
133.093
130.269
159.601
256.585
307.469
323.005
321.637
312.496
300.676
288.963
277.632
265.732
249.482
234.891
224.142
214.527
205.042
196.32
188.555
181.637
175.472
170.021
165.214
161.507
158.651
156.088
153.823
151.825
150.034
148.396
146.878
145.452
144.094
142.783
141.505
140.252
139.014
137.79
136.558
135.321
133.976
132.682
129.711
139.879
139.877
139.875
139.873
139.87
139.868
139.865
139.862
139.859
139.855
139.852
139.848
139.843
139.839
139.833
139.828
139.822
139.815
139.808
139.801
139.792
139.783
139.773
139.762
139.751
139.738
139.724
139.709
139.693
139.675
139.655
139.634
139.611
139.586
139.559
139.529
139.497
139.462
139.424
139.383
139.338
139.29
139.239
139.183
139.123
139.059
138.991
138.917
138.84
138.757
138.67
138.578
138.481
138.38
138.275
138.166
138.054
137.938
137.82
137.699
137.578
137.455
137.332
137.209
137.087
136.967
136.85
136.735
136.624
136.517
136.416
136.32
136.236
136.146
139.932
139.931
139.929
139.926
139.924
139.921
139.918
139.915
139.911
139.907
139.903
139.898
139.894
139.888
139.883
139.876
139.87
139.862
139.854
139.846
139.837
139.826
139.816
139.804
139.791
139.777
139.761
139.745
139.727
139.707
139.686
139.663
139.638
139.61
139.581
139.549
139.515
139.477
139.437
139.394
139.347
139.296
139.242
139.185
139.123
139.056
138.986
138.911
138.832
138.748
138.659
138.567
138.469
138.368
138.263
138.154
138.042
137.926
137.809
137.689
137.568
137.446
137.323
137.201
137.08
136.96
136.843
136.729
136.618
136.512
136.411
136.314
136.234
136.132
140.006
140.005
140.003
140.001
139.998
139.995
139.992
139.988
139.985
139.98
139.976
139.971
139.966
139.96
139.954
139.948
139.941
139.933
139.924
139.915
139.905
139.894
139.882
139.869
139.856
139.84
139.824
139.806
139.787
139.765
139.743
139.718
139.691
139.662
139.63
139.596
139.559
139.519
139.477
139.43
139.381
139.328
139.271
139.21
139.145
139.075
139.002
138.924
138.841
138.754
138.663
138.567
138.467
138.364
138.256
138.145
138.03
137.913
137.794
137.673
137.551
137.428
137.305
137.183
137.062
136.942
136.826
136.712
136.602
136.496
136.396
136.298
136.22
136.104
140.128
140.128
140.126
140.123
140.12
140.117
140.113
140.109
140.105
140.101
140.096
140.091
140.085
140.079
140.072
140.064
140.056
140.047
140.038
140.028
140.016
140.004
139.991
139.976
139.96
139.943
139.924
139.904
139.882
139.858
139.833
139.805
139.774
139.742
139.706
139.668
139.627
139.583
139.536
139.485
139.43
139.372
139.31
139.243
139.173
139.099
139.02
138.937
138.849
138.758
138.662
138.562
138.458
138.351
138.24
138.126
138.009
137.89
137.77
137.647
137.524
137.401
137.278
137.156
137.036
136.917
136.801
136.688
136.579
136.474
136.376
136.277
136.201
136.072
140.279
140.278
140.277
140.273
140.27
140.266
140.262
140.258
140.253
140.248
140.243
140.237
140.23
140.223
140.215
140.207
140.197
140.187
140.176
140.164
140.151
140.137
140.122
140.105
140.087
140.067
140.046
140.023
139.998
139.97
139.941
139.909
139.875
139.837
139.797
139.754
139.708
139.659
139.605
139.549
139.488
139.424
139.355
139.282
139.206
139.125
139.039
138.95
138.857
138.759
138.658
138.553
138.444
138.332
138.218
138.101
137.981
137.86
137.738
137.615
137.491
137.368
137.245
137.123
137.004
136.886
136.772
136.66
136.553
136.449
136.352
136.253
136.179
136.041
140.467
140.466
140.464
140.461
140.457
140.452
140.448
140.443
140.437
140.431
140.425
140.418
140.41
140.402
140.393
140.383
140.372
140.36
140.347
140.333
140.318
140.301
140.283
140.263
140.242
140.219
140.194
140.166
140.137
140.105
140.071
140.034
139.994
139.951
139.905
139.856
139.803
139.746
139.686
139.622
139.554
139.482
139.405
139.325
139.24
139.152
139.059
138.962
138.862
138.757
138.65
138.539
138.425
138.309
138.19
138.069
137.947
137.824
137.7
137.575
137.451
137.328
137.206
137.085
136.966
136.85
136.737
136.628
136.522
136.42
136.325
136.227
136.154
136.011
140.689
140.688
140.686
140.681
140.676
140.671
140.666
140.66
140.653
140.646
140.638
140.63
140.621
140.61
140.599
140.587
140.574
140.56
140.545
140.528
140.51
140.49
140.468
140.445
140.419
140.392
140.362
140.33
140.295
140.258
140.217
140.174
140.127
140.077
140.024
139.967
139.906
139.841
139.772
139.7
139.623
139.542
139.456
139.367
139.274
139.176
139.075
138.97
138.862
138.751
138.636
138.519
138.4
138.278
138.155
138.031
137.906
137.781
137.655
137.53
137.406
137.283
137.161
137.042
136.925
136.811
136.7
136.592
136.489
136.389
136.295
136.199
136.128
135.986
140.948
140.946
140.943
140.938
140.932
140.925
140.919
140.911
140.903
140.894
140.885
140.874
140.863
140.851
140.837
140.823
140.807
140.789
140.771
140.75
140.728
140.704
140.678
140.649
140.619
140.586
140.55
140.512
140.47
140.426
140.378
140.327
140.272
140.214
140.151
140.085
140.015
139.94
139.862
139.779
139.692
139.601
139.505
139.406
139.303
139.196
139.086
138.972
138.856
138.737
138.616
138.492
138.367
138.241
138.114
137.986
137.859
137.731
137.605
137.479
137.355
137.233
137.112
136.994
136.879
136.767
136.659
136.554
136.453
136.356
136.265
136.171
136.1
135.967
141.243
141.24
141.236
141.23
141.222
141.214
141.206
141.197
141.187
141.176
141.164
141.151
141.137
141.122
141.105
141.087
141.067
141.046
141.023
140.998
140.971
140.941
140.909
140.875
140.838
140.798
140.755
140.709
140.66
140.607
140.55
140.49
140.425
140.357
140.284
140.207
140.126
140.04
139.951
139.856
139.758
139.656
139.55
139.44
139.326
139.209
139.089
138.967
138.842
138.715
138.587
138.458
138.327
138.197
138.066
137.935
137.806
137.677
137.55
137.424
137.3
137.179
137.06
136.944
136.831
136.722
136.616
136.513
136.415
136.321
136.233
136.142
136.072
135.951
141.576
141.571
141.567
141.558
141.549
141.539
141.528
141.517
141.504
141.49
141.476
141.459
141.442
141.423
141.402
141.38
141.355
141.329
141.3
141.27
141.236
141.2
141.161
141.12
141.075
141.027
140.975
140.919
140.86
140.797
140.73
140.658
140.583
140.502
140.418
140.329
140.235
140.137
140.035
139.929
139.818
139.704
139.586
139.464
139.34
139.213
139.084
138.952
138.819
138.685
138.55
138.415
138.28
138.145
138.011
137.878
137.747
137.617
137.49
137.365
137.242
137.122
137.005
136.891
136.781
136.674
136.571
136.472
136.377
136.285
136.2
136.113
136.044
135.937
141.948
141.942
141.935
141.925
141.913
141.9
141.887
141.872
141.856
141.839
141.82
141.8
141.778
141.754
141.728
141.7
141.67
141.637
141.602
141.564
141.523
141.479
141.431
141.38
141.326
141.268
141.205
141.139
141.068
140.993
140.913
140.829
140.741
140.647
140.549
140.446
140.339
140.228
140.112
139.992
139.869
139.742
139.612
139.479
139.343
139.206
139.067
138.927
138.786
138.645
138.505
138.364
138.225
138.087
137.95
137.816
137.684
137.554
137.427
137.302
137.181
137.063
136.948
136.837
136.729
136.625
136.525
136.429
136.337
136.249
136.166
136.084
136.016
135.925
142.361
142.353
142.344
142.33
142.315
142.299
142.282
142.263
142.243
142.221
142.197
142.172
142.144
142.114
142.082
142.047
142.009
141.969
141.925
141.878
141.828
141.774
141.716
141.654
141.588
141.518
141.443
141.363
141.279
141.191
141.097
140.998
140.895
140.787
140.674
140.556
140.434
140.308
140.178
140.044
139.907
139.767
139.625
139.48
139.334
139.187
139.039
138.891
138.743
138.596
138.45
138.305
138.163
138.022
137.884
137.748
137.616
137.486
137.36
137.237
137.118
137.002
136.89
136.781
136.677
136.576
136.479
136.386
136.297
136.212
136.133
136.055
135.988
135.912
142.817
142.805
142.792
142.775
142.756
142.735
142.713
142.69
142.664
142.636
142.606
142.574
142.539
142.502
142.461
142.418
142.371
142.321
142.267
142.209
142.147
142.082
142.011
141.936
141.857
141.772
141.683
141.589
141.489
141.385
141.275
141.16
141.041
140.916
140.787
140.653
140.516
140.374
140.229
140.081
139.931
139.778
139.623
139.468
139.312
139.155
138.999
138.844
138.69
138.537
138.387
138.239
138.094
137.951
137.812
137.677
137.545
137.416
137.292
137.171
137.054
136.94
136.831
136.725
136.624
136.526
136.432
136.343
136.257
136.176
136.099
136.026
135.96
135.897
143.315
143.299
143.283
143.26
143.236
143.209
143.182
143.152
143.119
143.084
143.046
143.005
142.962
142.915
142.864
142.81
142.752
142.69
142.624
142.553
142.478
142.398
142.313
142.223
142.127
142.027
141.921
141.809
141.693
141.571
141.443
141.311
141.174
141.032
140.885
140.735
140.581
140.424
140.264
140.102
139.938
139.772
139.606
139.44
139.275
139.11
138.947
138.785
138.626
138.469
138.316
138.165
138.019
137.876
137.737
137.602
137.471
137.344
137.221
137.103
136.988
136.878
136.772
136.669
136.571
136.477
136.386
136.3
136.218
136.139
136.066
135.996
135.933
135.881
143.858
143.836
143.814
143.786
143.754
143.721
143.686
143.647
143.606
143.562
143.514
143.463
143.409
143.35
143.287
143.22
143.149
143.073
142.992
142.906
142.814
142.718
142.615
142.508
142.394
142.275
142.15
142.02
141.884
141.743
141.596
141.445
141.289
141.129
140.965
140.797
140.627
140.454
140.279
140.103
139.926
139.749
139.573
139.397
139.224
139.052
138.882
138.716
138.552
138.393
138.237
138.086
137.939
137.796
137.658
137.524
137.395
137.27
137.15
137.035
136.923
136.816
136.713
136.614
136.519
136.428
136.341
136.258
136.179
136.104
136.033
135.968
135.906
135.863
144.445
144.417
144.387
144.351
144.311
144.268
144.223
144.175
144.123
144.067
144.007
143.944
143.876
143.803
143.725
143.643
143.555
143.462
143.364
143.26
143.15
143.034
142.912
142.784
142.65
142.511
142.365
142.214
142.057
141.896
141.729
141.558
141.382
141.204
141.022
140.837
140.65
140.462
140.274
140.085
139.896
139.709
139.523
139.339
139.158
138.981
138.807
138.636
138.471
138.309
138.153
138.001
137.854
137.713
137.576
137.444
137.318
137.196
137.079
136.966
136.858
136.754
136.655
136.559
136.467
136.38
136.296
136.216
136.14
136.069
136.001
135.939
135.879
135.844
145.076
145.038
145
144.953
144.902
144.849
144.792
144.731
144.665
144.595
144.521
144.442
144.357
144.267
144.172
144.072
143.965
143.852
143.733
143.608
143.477
143.339
143.196
143.045
142.889
142.727
142.559
142.386
142.207
142.024
141.836
141.645
141.45
141.253
141.053
140.852
140.65
140.448
140.246
140.046
139.847
139.65
139.457
139.266
139.08
138.898
138.721
138.548
138.381
138.219
138.063
137.912
137.767
137.627
137.493
137.364
137.24
137.121
137.007
136.898
136.794
136.693
136.597
136.505
136.417
136.333
136.252
136.176
136.103
136.034
135.97
135.911
135.853
135.823
145.748
145.699
145.649
145.59
145.525
145.458
145.386
145.309
145.227
145.14
145.048
144.95
144.846
144.736
144.62
144.498
144.369
144.234
144.092
143.943
143.788
143.626
143.458
143.284
143.103
142.917
142.725
142.529
142.328
142.123
141.914
141.703
141.489
141.273
141.057
140.841
140.625
140.41
140.197
139.986
139.778
139.575
139.375
139.18
138.99
138.805
138.626
138.453
138.285
138.124
137.969
137.82
137.677
137.54
137.408
137.283
137.162
137.047
136.937
136.831
136.73
136.634
136.541
136.453
136.368
136.287
136.21
136.136
136.067
136.001
135.939
135.884
135.828
135.803
146.458
146.395
146.33
146.255
146.174
146.089
145.998
145.903
145.801
145.693
145.58
145.46
145.333
145.2
145.059
144.912
144.758
144.597
144.43
144.255
144.073
143.885
143.691
143.491
143.285
143.074
142.858
142.638
142.415
142.188
141.959
141.728
141.496
141.264
141.033
140.802
140.574
140.348
140.126
139.907
139.692
139.483
139.279
139.081
138.889
138.703
138.523
138.351
138.185
138.025
137.872
137.726
137.586
137.452
137.324
137.202
137.085
136.974
136.867
136.766
136.668
136.575
136.487
136.402
136.32
136.243
136.169
136.098
136.032
135.969
135.909
135.857
135.803
135.782
147.199
147.118
147.034
146.94
146.838
146.732
146.62
146.501
146.376
146.244
146.105
145.959
145.806
145.646
145.478
145.303
145.121
144.932
144.736
144.533
144.324
144.108
143.887
143.66
143.428
143.192
142.952
142.709
142.464
142.216
141.968
141.719
141.471
141.224
140.98
140.737
140.499
140.264
140.034
139.809
139.59
139.377
139.171
138.971
138.779
138.593
138.415
138.244
138.08
137.923
137.773
137.63
137.494
137.364
137.24
137.122
137.009
136.902
136.799
136.701
136.608
136.519
136.434
136.352
136.274
136.2
136.129
136.062
135.998
135.938
135.881
135.831
135.779
135.761
147.961
147.858
147.751
147.633
147.507
147.375
147.237
147.092
146.939
146.778
146.611
146.435
146.252
146.062
145.864
145.659
145.446
145.227
145.001
144.768
144.53
144.286
144.037
143.784
143.526
143.266
143.003
142.738
142.472
142.206
141.941
141.676
141.414
141.154
140.899
140.647
140.4
140.159
139.924
139.696
139.474
139.259
139.052
138.853
138.662
138.478
138.302
138.134
137.973
137.82
137.674
137.535
137.403
137.277
137.157
137.043
136.935
136.831
136.733
136.639
136.55
136.464
136.382
136.304
136.23
136.159
136.091
136.026
135.965
135.908
135.853
135.806
135.755
135.74
148.73
148.6
148.465
148.319
148.164
148.002
147.833
147.657
147.472
147.279
147.079
146.871
146.656
146.432
146.202
145.964
145.72
145.469
145.212
144.95
144.683
144.411
144.135
143.857
143.575
143.292
143.008
142.723
142.439
142.157
141.876
141.599
141.325
141.056
140.791
140.533
140.281
140.036
139.798
139.567
139.345
139.131
138.925
138.728
138.539
138.358
138.186
138.021
137.865
137.716
137.574
137.44
137.312
137.191
137.076
136.966
136.862
136.763
136.669
136.579
136.493
136.411
136.333
136.258
136.187
136.119
136.054
135.992
135.933
135.879
135.826
135.782
135.732
135.72
149.485
149.324
149.156
148.976
148.788
148.592
148.388
148.176
147.956
147.728
147.493
147.25
146.999
146.742
146.478
146.207
145.931
145.649
145.362
145.071
144.776
144.478
144.178
143.875
143.572
143.269
142.966
142.665
142.365
142.069
141.777
141.489
141.207
140.93
140.66
140.398
140.143
139.896
139.657
139.428
139.207
138.995
138.792
138.597
138.412
138.236
138.068
137.908
137.756
137.612
137.476
137.346
137.223
137.107
136.996
136.891
136.792
136.697
136.607
136.521
136.439
136.361
136.286
136.214
136.146
136.081
136.019
135.96
135.903
135.851
135.8
135.758
135.71
135.7
150.202
150.003
149.797
149.579
149.353
149.119
148.877
148.627
148.369
148.104
147.832
147.553
147.267
146.975
146.678
146.375
146.068
145.757
145.442
145.125
144.805
144.483
144.161
143.838
143.517
143.196
142.878
142.563
142.252
141.945
141.644
141.35
141.062
140.781
140.508
140.244
139.989
139.743
139.506
139.278
139.06
138.852
138.653
138.464
138.283
138.112
137.949
137.795
137.649
137.51
137.379
137.254
137.137
137.025
136.919
136.819
136.724
136.633
136.547
136.465
136.387
136.312
136.241
136.172
136.107
136.045
135.985
135.928
135.874
135.824
135.776
135.736
135.689
135.681
150.847
150.606
150.357
150.098
149.831
149.556
149.273
148.984
148.688
148.385
148.076
147.762
147.442
147.119
146.791
146.459
146.124
145.787
145.448
145.108
144.767
144.425
144.085
143.746
143.41
143.076
142.747
142.422
142.102
141.789
141.483
141.184
140.893
140.611
140.339
140.075
139.822
139.579
139.345
139.122
138.909
138.706
138.512
138.328
138.154
137.988
137.832
137.683
137.543
137.41
137.284
137.165
137.052
136.946
136.845
136.749
136.658
136.572
136.49
136.411
136.337
136.265
136.197
136.132
136.07
136.01
135.953
135.899
135.847
135.799
135.752
135.714
135.669
135.663
151.379
151.094
150.8
150.497
150.187
149.871
149.549
149.221
148.888
148.55
148.208
147.862
147.513
147.162
146.808
146.452
146.095
145.737
145.379
145.02
144.663
144.307
143.954
143.603
143.256
142.913
142.576
142.245
141.92
141.604
141.295
140.996
140.705
140.425
140.155
139.895
139.646
139.407
139.179
138.961
138.754
138.557
138.37
138.193
138.025
137.866
137.715
137.573
137.439
137.312
137.192
137.078
136.971
136.869
136.773
136.682
136.595
136.513
136.435
136.36
136.289
136.221
136.156
136.094
136.034
135.977
135.922
135.87
135.82
135.774
135.73
135.694
135.649
135.645
151.754
151.423
151.084
150.739
150.388
150.034
149.675
149.313
148.949
148.582
148.214
147.843
147.472
147.1
146.727
146.354
145.981
145.609
145.237
144.867
144.499
144.133
143.771
143.413
143.059
142.712
142.37
142.037
141.711
141.394
141.087
140.789
140.502
140.225
139.96
139.705
139.462
139.23
139.008
138.798
138.598
138.408
138.228
138.058
137.897
137.745
137.601
137.466
137.338
137.217
137.102
136.994
136.892
136.796
136.704
136.618
136.535
136.457
136.383
136.312
136.244
136.179
136.117
136.057
136
135.945
135.893
135.843
135.795
135.751
135.708
135.674
135.63
135.628
151.921
151.548
151.169
150.786
150.402
150.016
149.63
149.244
148.857
148.472
148.086
147.702
147.318
146.935
146.552
146.17
145.789
145.409
145.031
144.655
144.281
143.91
143.544
143.182
142.827
142.477
142.136
141.803
141.479
141.165
140.861
140.568
140.287
140.016
139.757
139.51
139.274
139.05
138.837
138.634
138.442
138.26
138.088
137.926
137.772
137.627
137.49
137.361
137.24
137.125
137.016
136.914
136.817
136.725
136.639
136.556
136.478
136.404
136.333
136.265
136.201
136.139
136.079
136.022
135.968
135.915
135.865
135.817
135.771
135.729
135.688
135.655
135.612
135.612
151.829
151.424
151.016
150.607
150.2
149.797
149.397
149.001
148.607
148.217
147.829
147.443
147.058
146.675
146.293
145.911
145.53
145.15
144.77
144.393
144.019
143.647
143.281
142.919
142.564
142.217
141.878
141.549
141.229
140.921
140.623
140.337
140.063
139.801
139.55
139.312
139.085
138.869
138.665
138.471
138.288
138.115
137.951
137.796
137.65
137.513
137.383
137.261
137.145
137.036
136.934
136.837
136.745
136.658
136.576
136.498
136.423
136.353
136.285
136.221
136.159
136.1
136.044
135.989
135.937
135.887
135.839
135.793
135.749
135.708
135.668
135.637
135.595
135.596
151.434
151.013
150.594
150.177
149.768
149.367
148.974
148.587
148.205
147.828
147.454
147.082
146.71
146.338
145.966
145.593
145.218
144.843
144.468
144.094
143.722
143.353
142.989
142.631
142.279
141.937
141.603
141.28
140.967
140.666
140.377
140.1
139.835
139.582
139.342
139.113
138.896
138.69
138.495
138.311
138.137
137.972
137.817
137.67
137.532
137.402
137.279
137.164
137.055
136.952
136.855
136.763
136.676
136.594
136.516
136.442
136.372
136.304
136.24
136.179
136.121
136.064
136.01
135.958
135.908
135.86
135.814
135.77
135.727
135.688
135.649
135.62
135.579
135.581
150.698
150.288
149.885
149.487
149.102
148.732
148.372
148.02
147.674
147.331
146.989
146.645
146.299
145.949
145.594
145.235
144.872
144.505
144.137
143.768
143.4
143.036
142.676
142.323
141.978
141.641
141.315
141
140.696
140.405
140.125
139.859
139.605
139.363
139.133
138.915
138.709
138.513
138.329
138.154
137.989
137.834
137.687
137.549
137.419
137.296
137.18
137.071
136.968
136.871
136.779
136.693
136.611
136.533
136.459
136.389
136.322
136.259
136.198
136.14
136.084
136.03
135.978
135.929
135.881
135.834
135.79
135.748
135.707
135.669
135.632
135.604
135.563
135.567
149.611
149.246
148.897
148.554
148.229
147.923
147.629
147.341
147.056
146.769
146.476
146.174
145.863
145.54
145.207
144.863
144.512
144.154
143.792
143.429
143.066
142.707
142.353
142.006
141.668
141.339
141.022
140.716
140.423
140.142
139.875
139.62
139.377
139.147
138.929
138.722
138.527
138.342
138.168
138.003
137.848
137.701
137.563
137.433
137.31
137.195
137.086
136.983
136.886
136.795
136.708
136.626
136.549
136.475
136.406
136.339
136.276
136.216
136.158
136.102
136.049
135.998
135.948
135.901
135.855
135.81
135.768
135.727
135.687
135.651
135.615
135.588
135.549
135.553
148.258
147.976
147.721
147.472
147.246
147.041
146.846
146.649
146.445
146.227
145.992
145.737
145.46
145.164
144.848
144.517
144.174
143.822
143.464
143.104
142.745
142.39
142.041
141.701
141.37
141.05
140.742
140.447
140.165
139.895
139.639
139.396
139.165
138.946
138.739
138.544
138.359
138.185
138.02
137.865
137.718
137.58
137.45
137.327
137.211
137.102
137
136.903
136.811
136.725
136.643
136.566
136.493
136.423
136.357
136.294
136.234
136.176
136.121
136.068
136.017
135.968
135.921
135.875
135.831
135.788
135.747
135.707
135.669
135.635
135.599
135.574
135.535
135.54
146.797
146.63
146.504
146.385
146.29
146.214
146.139
146.047
145.931
145.784
145.603
145.387
145.137
144.857
144.551
144.225
143.883
143.531
143.173
142.814
142.457
142.105
141.761
141.426
141.103
140.791
140.492
140.207
139.935
139.676
139.431
139.198
138.978
138.77
138.573
138.388
138.212
138.047
137.891
137.744
137.605
137.474
137.351
137.234
137.125
137.022
136.924
136.832
136.746
136.664
136.586
136.513
136.443
136.376
136.313
136.253
136.196
136.141
136.088
136.037
135.988
135.941
135.895
135.851
135.809
135.767
135.727
135.689
135.652
135.619
135.584
135.56
135.521
135.528
145.305
145.28
145.317
145.362
145.427
145.503
145.559
145.576
145.545
145.459
145.32
145.129
144.893
144.618
144.311
143.982
143.636
143.28
142.919
142.559
142.202
141.852
141.512
141.183
140.866
140.562
140.271
139.995
139.732
139.483
139.248
139.025
138.814
138.616
138.428
138.251
138.084
137.927
137.778
137.638
137.506
137.381
137.264
137.153
137.049
136.951
136.858
136.771
136.688
136.61
136.536
136.465
136.399
136.335
136.275
136.217
136.162
136.109
136.058
136.009
135.962
135.916
135.872
135.83
135.788
135.748
135.71
135.673
135.637
135.604
135.57
135.547
135.509
135.516
143.823
143.967
144.202
144.443
144.695
144.936
145.128
145.247
145.287
145.247
145.133
144.953
144.716
144.435
144.121
143.782
143.427
143.064
142.698
142.335
141.978
141.63
141.293
140.968
140.657
140.36
140.078
139.81
139.556
139.315
139.088
138.874
138.672
138.482
138.302
138.132
137.973
137.822
137.68
137.546
137.42
137.301
137.188
137.083
136.983
136.889
136.8
136.716
136.637
136.562
136.491
136.423
136.359
136.298
136.24
136.185
136.131
136.08
136.031
135.984
135.938
135.894
135.851
135.81
135.77
135.731
135.693
135.657
135.622
135.59
135.557
135.535
135.497
135.505
142.368
142.707
143.18
143.653
144.113
144.524
144.844
145.052
145.145
145.132
145.025
144.84
144.593
144.297
143.968
143.615
143.25
142.878
142.507
142.14
141.782
141.436
141.101
140.781
140.476
140.185
139.909
139.648
139.402
139.169
138.95
138.743
138.548
138.365
138.192
138.029
137.876
137.731
137.594
137.466
137.344
137.23
137.122
137.02
136.925
136.834
136.749
136.668
136.592
136.52
136.451
136.386
136.324
136.265
136.209
136.155
136.104
136.054
136.007
135.961
135.917
135.874
135.832
135.792
135.753
135.715
135.678
135.643
135.608
135.578
135.545
135.523
135.486
135.495
140.947
141.509
142.263
143.004
143.685
144.261
144.695
144.97
145.095
145.09
144.976
144.775
144.507
144.192
143.844
143.476
143.098
142.718
142.34
141.971
141.612
141.266
140.935
140.618
140.317
140.032
139.763
139.508
139.268
139.042
138.829
138.629
138.441
138.264
138.097
137.939
137.791
137.651
137.52
137.395
137.278
137.168
137.064
136.966
136.873
136.786
136.703
136.625
136.552
136.482
136.416
136.353
136.293
136.236
136.181
136.129
136.079
136.031
135.985
135.94
135.897
135.855
135.815
135.775
135.737
135.7
135.664
135.629
135.596
135.565
135.533
135.513
135.475
135.485
139.558
140.373
141.458
142.502
143.405
144.13
144.657
144.977
145.113
145.099
144.966
144.74
144.448
144.11
143.743
143.359
142.969
142.58
142.197
141.824
141.464
141.119
140.79
140.477
140.18
139.9
139.636
139.387
139.152
138.932
138.725
138.53
138.347
138.175
138.014
137.861
137.717
137.582
137.454
137.334
137.22
137.113
137.013
136.917
136.828
136.743
136.663
136.587
136.516
136.448
136.384
136.323
136.264
136.209
136.156
136.105
136.056
136.01
135.965
135.921
135.879
135.838
135.798
135.76
135.722
135.686
135.651
135.617
135.584
135.554
135.522
135.502
135.465
135.475
138.205
139.298
140.767
142.143
143.255
144.106
144.703
145.046
145.176
145.141
144.98
144.726
144.407
144.045
143.659
143.26
142.858
142.46
142.072
141.697
141.336
140.992
140.665
140.355
140.062
139.786
139.526
139.281
139.052
138.836
138.634
138.445
138.266
138.099
137.941
137.793
137.653
137.521
137.397
137.28
137.169
137.065
136.967
136.875
136.787
136.705
136.627
136.554
136.484
136.418
136.355
136.296
136.239
136.185
136.133
136.083
136.036
135.99
135.946
135.903
135.862
135.822
135.783
135.746
135.709
135.673
135.638
135.605
135.573
135.544
135.512
135.493
135.456
135.466
136.902
138.281
140.193
141.917
143.21
144.163
144.807
145.153
145.264
145.2
145.008
144.723
144.377
143.993
143.588
143.174
142.762
142.357
141.965
141.587
141.225
140.882
140.556
140.249
139.959
139.686
139.43
139.19
138.965
138.754
138.556
138.37
138.196
138.032
137.878
137.733
137.597
137.468
137.347
137.232
137.124
137.023
136.927
136.837
136.751
136.671
136.595
136.523
136.455
136.391
136.329
136.271
136.216
136.163
136.112
136.064
136.017
135.972
135.929
135.887
135.847
135.808
135.769
135.732
135.696
135.661
135.627
135.594
135.562
135.534
135.503
135.483
135.447
135.458
135.667
137.317
139.736
141.806
143.245
144.276
144.946
145.28
145.363
145.267
145.041
144.727
144.355
143.949
143.527
143.101
142.68
142.269
141.872
141.492
141.13
140.787
140.463
140.157
139.87
139.601
139.348
139.111
138.889
138.681
138.487
138.305
138.134
137.973
137.822
137.68
137.547
137.421
137.302
137.19
137.084
136.985
136.891
136.803
136.719
136.641
136.566
136.496
136.429
136.366
136.306
136.249
136.195
136.143
136.093
136.045
136
135.956
135.913
135.872
135.833
135.794
135.756
135.72
135.684
135.65
135.616
135.584
135.552
135.524
135.494
135.475
135.439
135.45
134.524
136.4
139.396
141.785
143.336
144.425
145.103
145.415
145.466
145.335
145.076
144.733
144.337
143.913
143.476
143.039
142.609
142.192
141.792
141.41
141.047
140.705
140.382
140.078
139.793
139.526
139.276
139.042
138.823
138.619
138.427
138.248
138.08
137.922
137.774
137.634
137.503
137.379
137.262
137.153
137.049
136.951
136.859
136.772
136.69
136.613
136.54
136.471
136.406
136.344
136.285
136.229
136.175
136.124
136.076
136.029
135.984
135.941
135.899
135.859
135.819
135.781
135.744
135.708
135.673
135.639
135.606
135.574
135.543
135.515
135.485
135.467
135.431
135.442
133.476
135.536
139.17
141.83
143.462
144.592
145.264
145.547
145.564
145.4
145.11
144.741
144.324
143.882
143.432
142.984
142.547
142.126
141.722
141.339
140.976
140.633
140.311
140.009
139.726
139.461
139.214
138.982
138.766
138.564
138.374
138.198
138.032
137.877
137.731
137.593
137.464
137.342
137.227
137.119
137.017
136.921
136.83
136.745
136.664
136.588
136.517
136.449
136.384
136.323
136.265
136.21
136.158
136.107
136.059
136.013
135.969
135.927
135.885
135.846
135.807
135.77
135.733
135.698
135.663
135.629
135.597
135.565
135.534
135.507
135.477
135.459
135.423
135.435
132.506
134.732
139.034
141.912
143.609
144.764
145.419
145.671
145.656
145.459
145.142
144.749
144.312
143.855
143.394
142.938
142.495
142.069
141.662
141.277
140.914
140.572
140.25
139.949
139.668
139.405
139.159
138.929
138.715
138.515
138.328
138.154
137.99
137.836
137.692
137.557
137.429
137.309
137.196
137.089
136.989
136.894
136.804
136.72
136.641
136.566
136.495
136.428
136.365
136.305
136.248
136.193
136.141
136.092
136.045
135.999
135.956
135.914
135.873
135.834
135.796
135.759
135.723
135.688
135.653
135.62
135.588
135.557
135.526
135.499
135.469
135.452
135.416
135.428
131.566
134.078
138.994
142.017
143.764
144.931
145.564
145.785
145.738
145.513
145.17
144.756
144.303
143.833
143.361
142.897
142.449
142.019
141.61
141.224
140.86
140.518
140.197
139.897
139.617
139.355
139.111
138.883
138.671
138.473
138.287
138.114
137.953
137.801
137.658
137.524
137.398
137.28
137.168
137.062
136.963
136.869
136.781
136.698
136.619
136.545
136.476
136.41
136.347
136.288
136.231
136.178
136.126
136.078
136.031
135.986
135.943
135.902
135.861
135.823
135.785
135.748
135.713
135.678
135.644
135.611
135.579
135.549
135.518
135.492
135.462
135.445
135.409
135.421
130.428
133.501
138.987
142.138
143.921
145.087
145.696
145.888
145.812
145.56
145.195
144.763
144.295
143.813
143.333
142.863
142.409
141.976
141.565
141.178
140.813
140.471
140.151
139.852
139.573
139.312
139.069
138.843
138.632
138.435
138.251
138.08
137.919
137.769
137.628
137.495
137.37
137.253
137.142
137.038
136.939
136.847
136.76
136.677
136.6
136.527
136.458
136.392
136.331
136.272
136.216
136.163
136.113
136.064
136.018
135.974
135.931
135.89
135.851
135.812
135.775
135.739
135.704
135.669
135.636
135.603
135.571
135.541
135.511
135.485
135.455
135.438
135.403
135.415
129.432
133.376
139.004
142.244
144.07
145.229
145.813
145.978
145.876
145.601
145.216
144.768
144.287
143.796
143.308
142.832
142.375
141.939
141.526
141.137
140.772
140.43
140.11
139.812
139.533
139.274
139.032
138.807
138.597
138.401
138.219
138.049
137.89
137.741
137.601
137.469
137.345
137.229
137.119
137.016
136.918
136.827
136.74
136.659
136.582
136.51
136.441
136.377
136.315
136.257
136.202
136.15
136.1
136.052
136.006
135.963
135.92
135.88
135.841
135.803
135.766
135.73
135.695
135.661
135.628
135.596
135.564
135.534
135.504
135.478
135.449
135.432
135.397
135.409
)
;

boundaryField
{
    inlet
    {
        type            freestreamPressure;
        value           nonuniform List<scalar> 
230
(
130.995
130.998
131.004
131.012
131.02
131.028
131.036
131.045
131.055
131.065
131.075
131.086
131.098
131.11
131.123
131.137
131.152
131.167
131.183
131.2
131.218
131.237
131.257
131.278
131.301
131.325
131.35
131.377
131.405
131.434
131.466
131.499
131.534
131.572
131.611
131.653
131.697
131.743
131.792
131.843
131.897
131.954
132.014
132.076
132.142
132.21
132.281
132.355
132.432
132.511
132.593
132.677
132.763
132.851
132.939
133.029
133.119
133.209
133.298
133.386
133.473
133.556
133.637
133.714
133.786
133.853
133.914
133.968
134.014
134.052
134.081
134.103
134.107
134.135
133.998
133.243
132.592
132.041
131.587
131.22
130.929
130.702
130.531
130.406
130.321
130.267
130.24
130.234
130.245
130.269
130.302
130.341
130.382
130.424
130.465
130.506
130.545
130.582
130.619
130.653
130.686
130.716
130.746
130.773
130.799
130.823
130.845
130.867
130.887
130.905
130.923
130.939
130.955
130.97
130.984
134.828
135.61
136.309
136.919
137.443
137.89
138.266
138.58
138.842
139.059
139.238
139.385
139.504
139.601
139.68
139.743
139.792
139.832
139.862
139.885
139.903
139.915
139.924
139.93
139.933
139.934
139.934
139.932
139.93
139.927
139.923
139.92
139.915
139.911
139.907
139.903
139.898
139.894
139.89
139.886
139.882
139.879
139.877
139.875
139.873
139.87
139.868
139.865
139.862
139.859
139.855
139.852
139.848
139.843
139.839
139.833
139.828
139.822
139.815
139.808
139.801
139.792
139.783
139.773
139.762
139.751
139.738
139.724
139.709
139.693
139.675
139.655
139.634
139.611
139.586
139.559
139.529
139.497
139.462
139.424
139.383
139.338
139.29
139.239
139.183
139.123
139.059
138.991
138.917
138.84
138.757
138.67
138.578
138.481
138.38
138.275
138.166
138.054
137.938
137.82
137.699
137.578
137.455
137.332
137.209
137.087
136.967
136.85
136.735
136.624
136.517
136.416
136.32
136.236
136.146
)
;
    }
    outlet
    {
        type            freestreamPressure;
        value           nonuniform List<scalar> 
96
(
135.404
135.398
135.391
135.385
135.378
135.37
135.362
135.354
135.345
135.335
135.325
135.315
135.304
135.292
135.279
135.266
135.252
135.238
135.222
135.206
135.19
135.173
135.156
135.138
135.12
135.103
135.087
135.073
135.063
135.061
135.071
135.089
135.089
135.025
134.866
134.638
134.425
134.306
134.288
134.317
134.336
134.328
134.299
134.265
134.233
134.2
134.176
134.135
136.146
136.132
136.104
136.072
136.041
136.011
135.986
135.967
135.951
135.937
135.925
135.912
135.897
135.881
135.863
135.844
135.823
135.803
135.782
135.761
135.74
135.72
135.7
135.681
135.663
135.645
135.628
135.612
135.596
135.581
135.567
135.553
135.54
135.528
135.516
135.505
135.495
135.485
135.475
135.466
135.458
135.45
135.442
135.435
135.428
135.421
135.415
135.409
)
;
    }
    walls
    {
        type            zeroGradient;
    }
    frontAndBack
    {
        type            empty;
    }
}


// ************************************************************************* //
