/*--------------------------------*- C++ -*----------------------------------*\
| =========                 |                                                 |
| \\      /  F ield         | OpenFOAM: The Open Source CFD Toolbox           |
|  \\    /   O peration     | Version:  5.x                                   |
|   \\  /    A nd           | Web:      www.OpenFOAM.org                      |
|    \\/     M anipulation  |                                                 |
\*---------------------------------------------------------------------------*/
FoamFile
{
    version     2.0;
    format      ascii;
    class       volVectorField;
    location    "600";
    object      wallShearStress;
}
// * * * * * * * * * * * * * * * * * * * * * * * * * * * * * * * * * * * * * //

dimensions      [0 2 -2 0 0 0 0];

internalField   uniform (0 0 0);

boundaryField
{
    inlet
    {
        type            calculated;
        value           uniform (0 0 0);
    }
    outlet
    {
        type            calculated;
        value           uniform (0 0 0);
    }
    walls
    {
        type            calculated;
        value           nonuniform List<vector> 
164
(
(-630.649 -975.758 0)
(-1113.89 -858.251 -2.02515e-15)
(-1623.05 -659.816 -8.46626e-16)
(-1453.33 -487.37 2.23905e-15)
(-1359.68 -381.319 5.50733e-21)
(-1236.2 -299.255 1.51919e-15)
(-1113.13 -237.291 1.77073e-15)
(-1006.13 -191.674 -2.00361e-15)
(-914.138 -157.281 7.27039e-33)
(-835.178 -130.65 2.40175e-15)
(-766.433 -109.698 -2.61895e-15)
(-707.381 -92.9073 -2.70774e-15)
(-654.418 -79.1569 2.2732e-20)
(-612.557 -68.3388 -2.9223e-15)
(-573.91 -59.1268 3.23798e-15)
(-547.124 -52.1542 3.14155e-15)
(-521.128 -45.8833 -3.26625e-15)
(-499.368 -40.6434 3.3093e-15)
(-480.769 -36.0891 3.26969e-15)
(-461.085 -31.8888 -3.43404e-15)
(-447.278 -28.4416 3.30844e-15)
(-431.16 -25.1101 6.54664e-21)
(-418.871 -22.2915 1.8528e-20)
(-407.429 -19.7071 -1.26593e-20)
(-395.696 -17.311 -6.72756e-15)
(-387.383 -15.2243 3.22643e-15)
(-377.377 -13.2069 -1.6551e-35)
(-368.832 -11.391 1.58958e-15)
(-361.378 -9.71831 -1.57948e-15)
(-354.354 -8.15979 -9.0278e-36)
(-347.315 -6.7018 -1.1554e-20)
(-339.758 -5.31754 1.13625e-20)
(-333.776 -4.05808 1.02538e-20)
(-328.882 -2.86411 -2.16262e-20)
(-322.787 -1.74658 -6.91357e-16)
(-318.459 -0.687722 -1.79616e-35)
(-313.279 0.300719 8.17515e-17)
(-308.747 1.24582 -6.40669e-16)
(-305.086 2.12875 6.15176e-16)
(-301.906 2.98848 -1.18867e-15)
(-298.337 3.78243 -6.01853e-36)
(-295.046 4.55033 4.43001e-15)
(-277.745 4.94627 2.25695e-35)
(-275.114 5.49025 -1.1959e-20)
(-270.704 5.93408 -2.96155e-15)
(-268.499 6.40524 5.61597e-21)
(-265.299 6.81666 -5.58041e-21)
(-262.121 7.19588 -2.93965e-15)
(-259.111 7.55967 5.87192e-15)
(-256.192 7.88676 2.93554e-15)
(-253.386 8.21065 5.60545e-21)
(-250.676 8.49531 -2.92961e-15)
(-248.058 8.78263 2.92527e-15)
(-245.518 9.03517 -5.58295e-21)
(-243.079 9.293 -1.93132e-23)
(-239.65 9.47763 -1.92611e-23)
(-237.427 9.70602 5.5778e-21)
(-236.001 9.9444 1.80556e-35)
(-233.018 10.1128 5.81811e-15)
(-231.589 10.334 5.51806e-21)
(-229.654 10.5283 -5.71236e-15)
(-227.4 10.7248 5.74153e-15)
(-224.625 10.9105 -5.73426e-15)
(-222.972 11.1307 1.14074e-14)
(-220.104 11.2958 -5.70896e-15)
(-218.336 11.4963 5.66171e-15)
(-215.244 11.6339 -2.40741e-35)
(-212.865 11.7883 -2.70674e-21)
(-210.664 11.9572 -9.70332e-24)
(-208.463 12.1202 5.5565e-15)
(-204.726 12.1846 1.03164e-23)
(-202.312 12.3287 -2.68665e-21)
(-199.495 12.4407 -1.11285e-14)
(-195.398 12.4668 1.34865e-21)
(-191.693 12.5131 -1.14394e-14)
(-188.404 12.5835 4.74934e-31)
(-183.866 12.5633 2.2776e-14)
(-178.799 12.4986 6.84697e-22)
(-173.936 12.4376 -1.16773e-14)
(-166.564 12.1919 1.1593e-14)
(-168.587 12.5806 -1.18126e-14)
(0.544898 0.785595 1.9127e-14)
(543.016 -1019.75 0)
(-264.528 170.884 -1.24971e-14)
(-492.071 214.4 1.92593e-34)
(-593.198 199.703 -2.50852e-32)
(-611.616 170.157 -1.50319e-31)
(-616.602 147.411 5.86518e-15)
(-622.556 130.48 2.21399e-20)
(-614.015 114.577 2.20405e-39)
(-595.708 100.055 -3.46839e-20)
(-575.05 87.5402 -5.6397e-15)
(-553.243 76.8119 -2.19096e-20)
(-537.98 68.3129 -5.50774e-15)
(-520.145 60.631 2.17608e-20)
(-509.691 54.602 -2.02278e-20)
(-493.911 48.6944 -5.57136e-15)
(-483.763 43.9495 5.22822e-15)
(-470.787 39.353 -2.00948e-20)
(-459 35.3124 5.19161e-15)
(-448.989 31.7067 -1.89856e-20)
(-436.117 28.2321 6.10775e-21)
(-428.465 25.356 4.84009e-15)
(-417.31 22.4899 -2.16667e-34)
(-410.263 20.0637 -4.72794e-15)
(-401.992 17.7261 -4.64167e-15)
(-394.333 15.5846 -2.04427e-20)
(-389.357 13.6739 -4.32783e-15)
(-381.18 11.7735 -1.07912e-32)
(-376.19 10.0989 2.07564e-15)
(-371.168 8.50974 -4.06589e-15)
(-366.276 7.00725 -1.41406e-20)
(-360.407 5.58336 -1.91129e-15)
(-355.742 4.24752 -9.26328e-16)
(-352.248 3.00783 -1.34974e-20)
(-348.055 1.80572 4.30147e-16)
(-344.521 0.68677 2.05453e-16)
(-339.778 -0.391292 -2.46271e-20)
(-336.09 -1.3937 1.17959e-20)
(-332.604 -2.36267 7.50884e-16)
(-331.047 -3.28462 -1.41753e-15)
(-327.98 -4.16709 -1.04712e-20)
(-326.361 -5.00765 2.59644e-15)
(-323.923 -5.81525 -2.48977e-15)
(-307.309 -6.20253 -7.51177e-32)
(-305.531 -6.78288 -3.24925e-15)
(-303.134 -7.28766 -3.22204e-15)
(-300.673 -7.77287 -3.21455e-15)
(-298.29 -8.22096 6.37312e-15)
(-295.875 -8.63643 -3.17541e-15)
(-293.617 -9.03873 -3.15237e-15)
(-291.442 -9.40213 3.13321e-15)
(-289.349 -9.76491 -3.99668e-37)
(-287.391 -10.0886 3.09084e-15)
(-284.924 -10.3962 5.87263e-21)
(-282.903 -10.6783 6.12428e-15)
(-281.08 -10.9712 6.0734e-15)
(-279.23 -11.2291 -1.20371e-35)
(-277.556 -11.4953 5.67404e-32)
(-275.777 -11.7303 -5.6927e-21)
(-274.242 -11.9763 1.17776e-14)
(-272.479 -12.1857 5.69602e-21)
(-270.27 -12.3796 -1.17293e-14)
(-268.375 -12.5277 -5.8782e-15)
(-267.957 -12.727 -2.40741e-35)
(-265.674 -12.8262 -2.75382e-21)
(-265.198 -13.0119 -5.62619e-15)
(-264.824 -13.1963 -5.56614e-15)
(-263.343 -13.3317 -5.53214e-15)
(-260.675 -13.3904 5.54452e-15)
(-259.702 -13.5427 5.51971e-15)
(-259.587 -13.7401 2.54581e-21)
(-257.902 -13.8519 -8.75285e-33)
(-256.375 -13.9768 -1.28159e-21)
(-254.796 -14.0979 -5.24609e-15)
(-253.198 -14.2215 2.50563e-21)
(-250.938 -14.3101 5.28118e-15)
(-249.485 -14.4497 -2.48168e-21)
(-247.7 -14.5734 1.22223e-21)
(-245.226 -14.6622 6.11621e-22)
(-242.75 -14.7545 -1.02692e-14)
(-238.451 -14.7418 1.01457e-14)
(-242.374 -15.1713 4.54745e-22)
(-25.8035 -2.07093 -1.94305e-14)
)
;
    }
    frontAndBack
    {
        type            empty;
    }
}


// ************************************************************************* //
