/*--------------------------------*- C++ -*----------------------------------*\
| =========                 |                                                 |
| \\      /  F ield         | OpenFOAM: The Open Source CFD Toolbox           |
|  \\    /   O peration     | Version:  5.x                                   |
|   \\  /    A nd           | Web:      www.OpenFOAM.org                      |
|    \\/     M anipulation  |                                                 |
\*---------------------------------------------------------------------------*/
FoamFile
{
    version     2.0;
    format      ascii;
    class       volScalarField;
    location    "2450";
    object      p;
}
// * * * * * * * * * * * * * * * * * * * * * * * * * * * * * * * * * * * * * //

dimensions      [0 2 -2 0 0 0 0];

internalField   nonuniform List<scalar> 
11040
(
-0.00172914
-99.7326
-337.067
-401.178
-422.363
-435.339
-436.793
-426.495
-407.826
-381.895
-348.211
-296.466
-246.654
-211.176
-186.384
-159.954
-133.11
-107.754
-83.7502
-60.5827
-38.1636
-18.7979
-2.6151
12.53
26.7166
39.9687
52.2815
63.6435
73.9929
83.2301
91.2425
97.9101
103.177
107.112
109.914
111.84
112.63
112.05
111.724
115.213
115.273
36.5766
-59.9093
-212.477
-290.473
-331.382
-361.454
-379.287
-383.469
-376.487
-360.049
-334.364
-291.474
-246.299
-211.466
-186.128
-160.008
-133.472
-108.249
-84.3238
-61.2201
-38.842
-19.5242
-3.31101
11.8637
26.0824
39.3721
51.7301
63.1435
73.5532
82.8618
90.9509
97.6989
103.045
107.04
109.878
111.853
112.712
112.115
111.375
113.838
113.376
61.2551
-32.4991
-142.359
-234.014
-288.794
-325.027
-347.618
-356.285
-353.298
-340.636
-319.322
-283.738
-242.965
-208.957
-183.516
-158.389
-132.618
-107.789
-84.136
-61.2521
-39.0333
-19.7946
-3.62417
11.5199
25.7196
39.0021
51.3651
62.7937
73.2302
82.5788
90.7209
97.5336
102.947
107
109.877
111.891
112.814
112.272
111.388
113.052
112.239
78.6354
-5.1378
-87.3777
-171.033
-229.423
-270.857
-300.449
-317.068
-321.363
-315.17
-300.012
-272.174
-236.922
-204.864
-179.748
-155.733
-130.949
-106.717
-83.49
-60.9499
-38.9866
-19.9144
-3.84248
11.2347
25.388
38.6417
50.9933
62.4253
72.8808
82.2656
90.4613
97.3431
102.833
106.96
109.89
111.927
112.888
112.406
111.476
112.656
112.012
92.3287
20.5667
-43.324
-114.926
-173.762
-218.794
-253.048
-275.639
-286.308
-286.342
-277.335
-257.131
-228.281
-199.188
-174.819
-151.953
-128.39
-104.99
-82.3575
-60.3042
-38.7249
-19.9176
-4.00816
10.9479
25.0091
38.1957
50.505
61.9172
72.3759
81.789
90.0396
97.0028
102.594
106.83
109.847
111.92
112.918
112.525
111.592
112.595
112.455
102.747
42.9584
-8.03293
-67.427
-121.969
-167.091
-203.663
-230.738
-247.184
-253.45
-250.814
-238.176
-216.308
-191.236
-168.358
-146.851
-124.76
-102.456
-80.6046
-59.19
-38.1323
-19.6899
-4.02494
10.7371
24.6427
37.7068
49.9258
61.2779
71.7077
81.1265
89.4207
96.4684
102.18
106.557
109.702
111.848
112.913
112.674
111.83
112.818
113.227
110.636
61.6514
20.2389
-28.3103
-76.0002
-118.36
-154.81
-184.211
-204.945
-216.688
-220.156
-214.755
-200.171
-180.213
-159.875
-140.153
-119.819
-98.9157
-78.0875
-57.4966
-37.1178
-19.1598
-3.83709
10.6472
24.3235
37.1975
49.2647
60.5021
70.8566
80.2448
88.5596
95.6848
101.529
106.077
109.399
111.673
112.867
112.874
112.252
113.296
114.243
116.577
76.7351
42.7967
3.35962
-36.8057
-74.5022
-108.735
-138.272
-161.39
-177.225
-185.907
-186.965
-179.461
-165.367
-148.665
-131.374
-113.181
-94.0545
-74.5683
-55.0425
-35.5447
-18.2256
-3.36446
10.7409
24.098
36.6994
48.5375
59.5886
69.8032
79.1056
87.3993
94.5783
100.553
105.297
108.847
111.33
112.752
113.121
112.875
114.093
115.465
120.996
88.6154
60.6693
28.6908
-4.39261
-36.6102
-67.1704
-94.9787
-118.507
-136.679
-149.184
-155.483
-154.3
-146.252
-134.051
-119.94
-104.369
-87.4571
-69.7103
-51.5612
-33.1983
-16.7095
-2.45632
11.1407
24.0658
36.2943
47.8101
58.587
68.5789
77.7195
85.9259
93.108
99.186
104.127
107.946
110.727
112.505
113.382
113.682
115.24
116.861
124.209
97.8159
74.7312
48.7951
21.8765
-4.90326
-31.1107
-55.9519
-78.2363
-96.9629
-111.608
-121.574
-125.451
-122.978
-115.657
-105.361
-92.9184
-78.6721
-63.1087
-46.7179
-29.8035
-14.3782
-0.910327
12.0187
24.3733
36.1096
47.1967
57.6017
67.2793
76.1712
84.2086
91.3194
97.4402
102.542
106.636
109.781
112.03
113.553
114.562
116.616
118.415
126.478
104.865
85.7433
64.6784
42.9025
21.0251
-0.805243
-22.1117
-42.0525
-59.865
-75.024
-86.9545
-94.3051
-96.3467
-93.6461
-87.4289
-78.4934
-67.3066
-54.3532
-40.1338
-25.0344
-10.9528
1.51717
13.5881
25.2061
36.3089
46.8461
56.7733
66.0426
74.6003
82.3884
89.3508
95.4408
100.642
104.97
108.482
111.245
113.463
115.264
117.895
119.985
128.026
110.236
94.3577
77.2117
59.6281
41.9267
24.0887
6.35284
-10.7436
-26.6899
-41.0843
-53.452
-62.6415
-67.7793
-68.8446
-66.4382
-61.0723
-53.1576
-43.1307
-31.4537
-18.5401
-6.11103
5.11751
16.1129
26.8014
37.1043
46.9495
56.2779
65.0363
73.1725
80.6353
87.3797
93.3724
98.6064
103.108
106.935
110.159
112.991
115.515
118.647
121.206
129.047
114.335
101.12
87.1265
72.9199
58.6594
44.248
29.7772
15.5598
1.91495
-10.9142
-22.5914
-32.2248
-39.007
-42.6413
-43.2859
-41.1225
-36.3794
-29.3698
-20.4604
-10.0274
0.46095
10.2009
19.8945
29.4464
38.764
47.7554
56.3455
64.474
72.0877
79.1392
85.5904
91.4163
96.6156
101.218
105.275
108.854
112.134
115.19
118.615
121.655
129.703
117.487
106.471
95.0192
83.5198
72.0435
60.4679
48.8053
37.226
25.9139
14.9926
4.66346
-4.43203
-11.6516
-16.6368
-19.3116
-19.6204
-17.5947
-13.3846
-7.22052
0.613438
8.96868
17.0196
25.2137
33.4385
41.59
49.5608
57.2628
64.6283
71.6017
78.1366
84.1979
89.7641
94.835
99.4368
103.609
107.402
110.944
114.305
117.806
121.079
130.118
119.946
110.753
101.358
92.0281
82.7859
73.509
64.173
54.8648
45.6815
36.6795
27.9559
19.944
13.1093
7.76291
4.05874
2.16303
2.17617
4.09066
7.81368
13.1777
19.3789
25.65
32.227
38.9912
45.8357
52.6454
59.3232
65.7953
72.0041
77.903
83.4573
88.6447
93.461
97.9245
102.059
105.893
109.508
112.953
116.379
119.616
130.399
121.917
114.242
106.514
98.9239
91.467
84.0317
76.58
69.1529
61.7979
54.5334
47.3967
40.6668
34.6613
29.6103
25.6612
22.9967
21.7679
22.0515
23.8563
27.1197
31.3535
35.9106
40.8796
46.1508
51.6244
57.1891
62.7479
68.2257
73.563
78.7122
83.6372
88.3137
92.7316
96.8987
100.823
104.513
108.015
111.358
114.601
117.661
130.661
123.585
117.176
110.807
104.617
98.5861
92.6164
86.6683
80.7588
74.9091
69.1183
63.3963
57.9158
52.886
48.4639
44.7614
41.9309
40.1185
39.4278
39.9197
41.6005
44.2238
47.2918
50.8086
54.6844
58.8349
63.1633
67.5823
72.0217
76.4246
80.7443
84.944
88.9959
92.8841
96.6067
100.16
103.539
106.766
109.854
112.821
115.627
130.898
124.935
119.527
114.211
109.094
104.147
99.2843
94.4708
89.7118
85.0164
80.377
75.794
71.3762
67.2579
63.5428
60.3087
57.6689
55.741
54.6213
54.3825
55.0615
56.5611
58.5192
60.9037
63.6483
66.6872
69.9428
73.3427
76.8269
80.345
83.8544
87.3198
90.7132
94.015
97.2169
100.307
103.275
106.127
108.868
111.497
113.997
131.094
125.992
121.359
116.846
112.541
108.409
104.374
100.406
96.5045
92.672
88.8988
85.1813
81.5927
78.2226
75.1384
72.3943
70.0712
68.2569
67.029
66.4537
66.5742
67.3715
68.5847
70.1728
72.09
74.2871
76.7041
79.2842
81.9787
84.7454
87.5476
90.3538
93.1377
95.8793
98.5671
101.186
103.723
106.177
108.547
110.824
113.002
131.276
126.856
122.836
118.952
115.276
111.769
108.366
105.04
101.788
98.6084
95.493
92.4364
89.4896
86.7149
84.1569
81.8529
79.8607
78.244
77.062
76.3683
76.2022
76.5811
77.3141
78.3631
79.6978
81.2816
83.069
85.0167
87.0863
89.244
91.4591
93.7049
95.9582
98.2004
100.419
102.6
104.728
106.8
108.812
110.752
112.618
131.453
127.584
124.062
120.682
117.506
114.493
111.585
108.76
106.013
103.341
100.736
98.1934
95.7487
93.4471
91.319
89.3896
87.7009
86.299
85.2275
84.5279
84.2321
84.3714
84.8021
85.493
86.4246
87.5694
88.8932
90.3631
91.9496
93.6259
95.3673
97.1517
98.9597
100.775
102.586
104.378
106.14
107.866
109.551
111.184
112.762
131.627
128.214
125.102
122.135
119.364
116.749
114.239
111.813
109.467
107.197
104.995
102.858
100.811
98.8867
97.1076
95.4903
94.0655
92.8666
91.9255
91.2731
90.9341
90.9423
91.1863
91.642
92.2973
93.1312
94.1175
95.2312
96.4499
97.7524
99.1193
100.533
101.977
103.437
104.905
106.367
107.812
109.237
110.634
111.995
113.318
131.799
128.766
125.999
123.375
120.938
118.649
116.463
114.362
112.34
110.394
108.516
106.704
104.975
103.356
101.86
100.501
99.2998
98.2814
97.4689
96.8852
96.5484
96.4899
96.6206
96.923
97.3896
98.004
98.7456
99.5956
100.537
101.552
102.627
103.747
104.898
106.071
107.256
108.443
109.623
110.792
111.944
113.072
114.171
131.969
129.258
126.782
124.446
122.289
120.272
118.354
116.52
114.764
113.083
111.469
109.92
108.45
107.078
105.815
104.668
103.654
102.792
102.097
101.587
101.275
101.187
101.25
101.453
101.79
102.249
102.814
103.469
104.201
104.997
105.846
106.735
107.655
108.597
109.553
110.516
111.477
112.433
113.379
114.31
115.221
132.134
129.698
127.472
125.382
123.461
121.671
119.978
118.367
116.833
115.371
113.975
112.643
111.385
110.216
109.143
108.172
107.315
106.585
105.995
105.555
105.276
105.18
105.204
105.342
105.591
105.939
106.374
106.885
107.459
108.088
108.763
109.473
110.21
110.969
111.742
112.522
113.305
114.087
114.864
115.63
116.383
132.294
130.095
128.084
126.204
124.485
122.889
121.387
119.964
118.615
117.336
116.122
114.97
113.888
112.887
111.972
111.147
110.421
109.803
109.302
108.927
108.683
108.59
108.593
108.689
108.876
109.145
109.485
109.887
110.343
110.844
111.383
111.954
112.548
113.161
113.788
114.423
115.062
115.702
116.339
116.971
117.593
132.449
130.454
128.63
126.932
125.386
123.957
122.617
121.354
120.162
119.039
117.978
116.976
116.041
115.18
114.396
113.693
113.076
112.553
112.129
111.811
111.601
111.516
111.508
111.577
111.721
111.932
112.202
112.522
112.887
113.291
113.725
114.186
114.668
115.166
115.677
116.195
116.718
117.243
117.768
118.289
118.803
132.597
130.78
129.119
127.58
126.183
124.897
123.697
122.571
121.514
120.523
119.591
118.717
117.906
117.162
116.489
115.888
115.363
114.919
114.56
114.291
114.114
114.039
114.027
114.077
114.19
114.359
114.576
114.835
115.131
115.458
115.811
116.186
116.579
116.986
117.404
117.829
118.259
118.691
119.124
119.556
119.981
132.738
131.077
129.559
128.157
126.891
125.73
124.65
123.643
122.702
121.823
121.003
120.237
119.531
118.886
118.306
117.791
117.343
116.967
116.664
116.437
116.288
116.224
116.211
116.25
116.341
116.478
116.655
116.866
117.108
117.375
117.665
117.972
118.295
118.629
118.973
119.324
119.678
120.036
120.394
120.752
121.105
132.871
131.348
129.955
128.674
127.522
126.469
125.495
124.59
123.749
122.968
122.243
121.571
120.953
120.394
119.893
119.45
119.068
118.748
118.492
118.302
118.177
118.124
118.112
118.143
118.218
118.331
118.477
118.652
118.851
119.072
119.311
119.565
119.831
120.108
120.392
120.683
120.976
121.273
121.571
121.869
122.163
132.997
131.594
130.312
129.138
128.085
127.127
126.245
125.429
124.676
123.98
123.337
122.745
122.204
121.717
121.284
120.903
120.576
120.305
120.089
119.929
119.826
119.782
119.773
119.799
119.862
119.957
120.079
120.224
120.39
120.574
120.772
120.984
121.205
121.435
121.671
121.913
122.158
122.405
122.654
122.903
123.148
133.116
131.818
130.634
129.553
128.588
127.714
126.912
126.175
125.498
124.876
124.305
123.782
123.308
122.883
122.507
122.18
121.901
121.67
121.488
121.355
121.269
121.235
121.228
121.251
121.305
121.385
121.488
121.611
121.75
121.904
122.07
122.247
122.432
122.624
122.822
123.023
123.228
123.435
123.643
123.852
124.058
133.227
132.022
130.924
129.926
129.038
128.237
127.507
126.839
126.228
125.671
125.163
124.7
124.284
123.913
123.587
123.305
123.066
122.871
122.718
122.607
122.538
122.511
122.507
122.528
122.575
122.644
122.731
122.835
122.953
123.083
123.223
123.371
123.527
123.688
123.854
124.023
124.195
124.369
124.544
124.72
124.892
133.33
132.208
131.186
130.261
129.441
128.705
128.036
127.429
126.878
126.377
125.924
125.515
125.148
124.825
124.542
124.299
124.095
123.93
123.802
123.71
123.654
123.635
123.633
123.653
123.694
123.754
123.83
123.919
124.019
124.129
124.248
124.373
124.504
124.64
124.78
124.923
125.068
125.214
125.361
125.509
125.654
133.425
132.375
131.421
130.56
129.8
129.121
128.508
127.955
127.455
127.005
126.601
126.238
125.915
125.633
125.388
125.179
125.005
124.866
124.759
124.684
124.639
124.626
124.627
124.646
124.683
124.736
124.801
124.877
124.963
125.057
125.158
125.265
125.376
125.491
125.609
125.73
125.852
125.976
126.1
126.225
126.348
133.513
132.526
131.631
130.827
130.12
129.492
128.928
128.422
127.969
127.563
127.201
126.879
126.596
126.349
126.137
125.958
125.81
125.693
125.605
125.544
125.509
125.501
125.505
125.523
125.557
125.604
125.661
125.727
125.802
125.882
125.969
126.059
126.154
126.252
126.352
126.454
126.558
126.662
126.767
126.873
126.977
133.594
132.662
131.818
131.065
130.404
129.82
129.3
128.836
128.424
128.058
127.734
127.448
127.199
126.984
126.801
126.648
126.523
126.425
126.353
126.304
126.278
126.275
126.28
126.299
126.33
126.372
126.422
126.48
126.544
126.614
126.688
126.766
126.846
126.93
127.015
127.102
127.189
127.278
127.367
127.457
127.544
133.667
132.783
131.984
131.274
130.655
130.11
129.628
129.201
128.826
128.495
128.205
127.952
127.733
127.546
127.388
127.258
127.154
127.073
127.014
126.977
126.958
126.959
126.967
126.985
127.014
127.052
127.097
127.148
127.204
127.265
127.329
127.396
127.465
127.536
127.609
127.682
127.757
127.832
127.907
127.983
128.057
133.733
132.889
132.13
131.458
130.874
130.363
129.915
129.522
129.179
128.88
128.62
128.396
128.204
128.042
127.907
127.797
127.71
127.645
127.598
127.57
127.558
127.562
127.572
127.59
127.617
127.652
127.692
127.738
127.787
127.839
127.895
127.952
128.012
128.073
128.135
128.198
128.261
128.325
128.389
128.453
128.516
133.792
132.982
132.256
131.616
131.063
130.583
130.165
129.801
129.487
129.216
128.983
128.785
128.617
128.478
128.364
128.272
128.201
128.149
128.113
128.094
128.088
128.095
128.107
128.127
128.153
128.186
128.222
128.263
128.307
128.353
128.401
128.451
128.503
128.555
128.608
128.662
128.716
128.77
128.824
128.879
128.931
133.843
133.062
132.364
131.752
131.225
130.771
130.378
130.041
129.753
129.507
129.299
129.124
128.978
128.859
128.763
128.688
128.631
128.59
128.564
128.552
128.551
128.561
128.574
128.594
128.619
128.649
128.683
128.719
128.758
128.799
128.841
128.885
128.929
128.975
129.02
129.066
129.112
129.158
129.205
129.251
129.295
133.888
133.129
132.454
131.864
131.359
130.927
130.558
130.244
129.979
129.756
129.57
129.416
129.29
129.189
129.11
129.05
129.006
128.977
128.96
128.956
128.96
128.974
128.991
129.012
129.038
129.067
129.099
129.132
129.168
129.204
129.242
129.28
129.319
129.358
129.397
129.437
129.476
129.515
129.554
129.593
129.631
133.925
133.183
132.525
131.953
131.467
131.054
130.705
130.411
130.167
129.964
129.798
129.663
129.556
129.471
129.407
129.36
129.328
129.308
129.299
129.299
129.308
129.324
129.341
129.363
129.388
129.415
129.445
129.476
129.508
129.541
129.574
129.608
129.642
129.677
129.711
129.745
129.779
129.812
129.846
129.879
129.911
133.956
133.224
132.578
132.02
131.548
131.151
130.819
130.543
130.317
130.133
129.985
129.868
129.777
129.709
129.659
129.626
129.606
129.597
129.598
129.607
129.622
129.643
129.665
129.689
129.716
129.745
129.774
129.804
129.834
129.865
129.896
129.926
129.957
129.987
130.016
130.046
130.074
130.103
130.131
130.159
130.185
133.98
133.254
132.617
132.069
131.607
131.222
130.903
130.642
130.431
130.263
130.132
130.031
129.956
129.901
129.864
129.842
129.83
129.828
129.834
129.846
129.864
129.886
129.909
129.934
129.96
129.988
130.016
130.044
130.072
130.101
130.129
130.156
130.184
130.211
130.237
130.263
130.288
130.313
130.338
130.362
130.385
133.997
133.272
132.638
132.096
131.641
131.265
130.958
130.709
130.512
130.358
130.241
130.155
130.095
130.056
130.034
130.027
130.03
130.043
130.062
130.085
130.112
130.141
130.17
130.2
130.23
130.26
130.29
130.319
130.347
130.375
130.402
130.428
130.453
130.477
130.5
130.523
130.545
130.566
130.586
130.605
130.624
134.004
133.268
132.63
132.086
131.635
131.266
130.968
130.732
130.549
130.409
130.307
130.234
130.186
130.157
130.143
130.142
130.15
130.165
130.187
130.213
130.242
130.272
130.302
130.332
130.363
130.393
130.422
130.45
130.478
130.504
130.53
130.554
130.578
130.6
130.622
130.642
130.662
130.681
130.699
130.716
130.733
134.002
133.248
132.596
132.046
131.592
131.225
130.933
130.707
130.536
130.411
130.325
130.272
130.245
130.239
130.25
130.274
130.307
130.345
130.387
130.429
130.47
130.51
130.549
130.587
130.623
130.658
130.69
130.721
130.75
130.777
130.803
130.827
130.85
130.871
130.891
130.91
130.928
130.944
130.96
130.974
130.988
125.738
133.173
139.073
142.366
144.222
145.37
145.93
146.068
145.942
145.644
145.241
144.778
144.285
143.785
143.29
142.809
142.347
141.909
141.494
141.104
140.739
140.397
140.077
139.779
139.501
139.243
139.002
138.778
138.569
138.375
138.193
138.024
137.866
137.718
137.579
137.449
137.326
137.211
137.102
136.999
136.903
136.812
136.726
136.646
136.57
136.498
136.43
136.366
136.306
136.248
136.194
136.142
136.092
136.045
136
135.956
135.915
135.874
135.835
135.798
135.761
135.726
135.691
135.658
135.625
135.593
135.561
135.532
135.502
135.476
135.447
135.43
135.396
135.408
124.728
132.724
138.89
142.416
144.369
145.521
146.055
146.164
146.009
145.686
145.263
144.783
144.277
143.767
143.264
142.777
142.312
141.87
141.454
141.063
140.697
140.355
140.036
139.739
139.462
139.204
138.964
138.741
138.534
138.341
138.161
137.993
137.836
137.69
137.552
137.423
137.301
137.187
137.079
136.977
136.882
136.791
136.707
136.627
136.552
136.481
136.414
136.35
136.29
136.234
136.18
136.128
136.079
136.033
135.988
135.945
135.904
135.864
135.825
135.788
135.752
135.717
135.683
135.649
135.617
135.585
135.554
135.525
135.495
135.469
135.441
135.424
135.39
135.402
123.976
131.534
138.352
142.33
144.464
145.664
146.194
146.276
146.089
145.736
145.288
144.788
144.267
143.745
143.233
142.74
142.27
141.825
141.407
141.015
140.649
140.307
139.988
139.692
139.416
139.16
138.921
138.7
138.494
138.303
138.124
137.958
137.803
137.657
137.521
137.393
137.273
137.16
137.053
136.953
136.858
136.769
136.685
136.606
136.532
136.462
136.396
136.333
136.274
136.218
136.164
136.114
136.065
136.019
135.975
135.933
135.892
135.853
135.815
135.778
135.742
135.707
135.673
135.64
135.608
135.577
135.546
135.517
135.488
135.462
135.434
135.418
135.384
135.396
123.579
130.511
137.651
142.061
144.459
145.754
146.305
146.381
146.171
145.79
145.315
144.793
144.253
143.717
143.195
142.695
142.219
141.772
141.351
140.958
140.592
140.25
139.933
139.637
139.363
139.109
138.872
138.652
138.448
138.259
138.082
137.918
137.765
137.621
137.487
137.36
137.241
137.13
137.024
136.925
136.832
136.744
136.661
136.584
136.51
136.441
136.376
136.314
136.256
136.201
136.148
136.098
136.05
136.005
135.961
135.919
135.879
135.84
135.803
135.767
135.731
135.697
135.664
135.631
135.599
135.568
135.538
135.509
135.48
135.455
135.427
135.411
135.377
135.389
123.696
130.123
137.075
141.658
144.316
145.756
146.358
146.443
146.225
145.829
145.333
144.79
144.232
143.681
143.148
142.639
142.158
141.707
141.285
140.891
140.524
140.184
139.868
139.574
139.302
139.049
138.815
138.598
138.396
138.209
138.035
137.873
137.721
137.58
137.447
137.323
137.206
137.096
136.992
136.895
136.803
136.716
136.635
136.558
136.486
136.418
136.354
136.294
136.236
136.182
136.13
136.081
136.034
135.989
135.946
135.905
135.865
135.827
135.79
135.755
135.72
135.686
135.653
135.621
135.589
135.559
135.529
135.5
135.472
135.447
135.419
135.403
135.37
135.382
124.072
130.228
136.79
141.31
144.083
145.645
146.328
146.444
146.225
145.818
145.315
144.762
144.193
143.63
143.086
142.57
142.083
141.629
141.205
140.81
140.444
140.105
139.791
139.499
139.23
138.98
138.748
138.534
138.335
138.151
137.98
137.82
137.672
137.533
137.403
137.281
137.166
137.058
136.956
136.86
136.77
136.685
136.606
136.53
136.46
136.393
136.33
136.271
136.214
136.161
136.11
136.062
136.016
135.972
135.93
135.889
135.851
135.813
135.777
135.742
135.707
135.674
135.642
135.61
135.579
135.549
135.519
135.491
135.463
135.438
135.411
135.395
135.362
135.375
124.57
130.592
136.743
141.139
143.875
145.456
146.199
146.366
146.164
145.752
145.238
144.679
144.107
143.543
142.998
142.478
141.988
141.531
141.107
140.713
140.348
140.011
139.699
139.411
139.145
138.899
138.671
138.46
138.265
138.084
137.916
137.76
137.615
137.479
137.352
137.233
137.12
137.015
136.915
136.822
136.733
136.651
136.573
136.499
136.43
136.365
136.304
136.245
136.19
136.138
136.089
136.041
135.996
135.953
135.912
135.873
135.834
135.798
135.762
135.728
135.694
135.661
135.629
135.598
135.568
135.538
135.509
135.481
135.454
135.429
135.403
135.387
135.354
135.367
125.249
131.019
136.748
141.055
143.736
145.266
146.008
146.204
146.029
145.629
145.112
144.542
143.961
143.397
142.856
142.343
141.86
141.407
140.984
140.593
140.232
139.898
139.59
139.306
139.044
138.802
138.579
138.373
138.182
138.006
137.843
137.691
137.549
137.417
137.293
137.177
137.068
136.965
136.869
136.778
136.692
136.611
136.535
136.464
136.397
136.334
136.274
136.217
136.164
136.113
136.065
136.019
135.975
135.933
135.893
135.854
135.817
135.781
135.746
135.712
135.68
135.648
135.616
135.586
135.556
135.527
135.498
135.471
135.444
135.42
135.393
135.378
135.346
135.358
126.221
131.451
136.609
140.852
143.548
145.064
145.793
145.989
145.827
145.44
144.932
144.361
143.773
143.2
142.655
142.146
141.672
141.232
140.822
140.441
140.087
139.76
139.458
139.18
138.924
138.688
138.471
138.271
138.086
137.915
137.756
137.61
137.473
137.345
137.226
137.114
137.008
136.909
136.816
136.728
136.645
136.567
136.493
136.425
136.36
136.298
136.241
136.186
136.134
136.085
136.038
135.994
135.951
135.91
135.871
135.834
135.798
135.763
135.729
135.696
135.664
135.633
135.602
135.572
135.543
135.514
135.486
135.46
135.433
135.409
135.383
135.368
135.337
135.349
127.372
131.817
136.243
140.357
143.107
144.673
145.464
145.711
145.574
145.196
144.69
144.124
143.54
142.967
142.418
141.904
141.429
140.996
140.599
140.234
139.897
139.585
139.295
139.026
138.779
138.551
138.342
138.149
137.971
137.807
137.655
137.515
137.384
137.262
137.147
137.04
136.939
136.844
136.755
136.67
136.591
136.516
136.446
136.38
136.317
136.259
136.203
136.151
136.101
136.054
136.009
135.966
135.925
135.885
135.848
135.811
135.776
135.743
135.71
135.678
135.647
135.616
135.587
135.558
135.529
135.501
135.474
135.448
135.421
135.398
135.373
135.358
135.327
135.34
128.187
131.859
135.502
139.364
142.2
143.884
144.8
145.184
145.164
144.865
144.399
143.85
143.27
142.695
142.146
141.63
141.155
140.722
140.327
139.97
139.647
139.352
139.082
138.832
138.6
138.385
138.186
138.003
137.835
137.679
137.536
137.403
137.279
137.164
137.056
136.955
136.859
136.769
136.684
136.604
136.529
136.458
136.391
136.328
136.269
136.214
136.161
136.111
136.063
136.018
135.975
135.935
135.895
135.858
135.822
135.787
135.753
135.721
135.689
135.658
135.628
135.599
135.57
135.542
135.514
135.487
135.46
135.435
135.409
135.387
135.362
135.347
135.317
135.33
128.1
131.231
134.225
137.674
140.506
142.361
143.496
144.121
144.33
144.225
143.91
143.467
142.952
142.407
141.865
141.346
140.864
140.425
140.027
139.671
139.353
139.067
138.811
138.58
138.369
138.174
137.994
137.826
137.671
137.527
137.394
137.271
137.156
137.049
136.949
136.855
136.766
136.682
136.603
136.528
136.457
136.391
136.329
136.27
136.214
136.162
136.113
136.066
136.021
135.979
135.938
135.9
135.863
135.827
135.793
135.76
135.728
135.696
135.666
135.637
135.608
135.58
135.552
135.525
135.498
135.472
135.446
135.421
135.396
135.374
135.35
135.336
135.307
135.319
127.07
129.839
132.404
135.351
137.984
139.922
141.277
142.194
142.73
142.941
142.902
142.687
142.355
141.949
141.504
141.045
140.589
140.152
139.746
139.376
139.046
138.756
138.501
138.278
138.082
137.907
137.748
137.602
137.467
137.341
137.223
137.113
137.01
136.914
136.823
136.737
136.657
136.58
136.508
136.439
136.375
136.314
136.257
136.203
136.152
136.103
136.058
136.015
135.973
135.934
135.896
135.86
135.826
135.792
135.76
135.729
135.699
135.67
135.641
135.613
135.586
135.559
135.532
135.506
135.48
135.455
135.43
135.406
135.382
135.36
135.337
135.323
135.295
135.308
125.303
127.779
130.076
132.599
134.96
136.878
138.368
139.507
140.325
140.853
141.138
141.232
141.18
141.016
140.772
140.476
140.147
139.804
139.458
139.118
138.792
138.49
138.216
137.977
137.771
137.596
137.448
137.321
137.208
137.106
137.011
136.921
136.835
136.752
136.674
136.599
136.528
136.46
136.396
136.336
136.278
136.224
136.173
136.125
136.079
136.036
135.995
135.956
135.919
135.883
135.849
135.816
135.784
135.754
135.724
135.695
135.667
135.64
135.613
135.587
135.561
135.536
135.51
135.486
135.461
135.437
135.413
135.39
135.367
135.346
135.323
135.31
135.283
135.296
123.046
125.276
127.387
129.608
131.724
133.564
135.111
136.39
137.414
138.192
138.753
139.129
139.356
139.461
139.469
139.401
139.275
139.105
138.903
138.68
138.447
138.209
137.973
137.744
137.528
137.332
137.162
137.021
136.906
136.814
136.739
136.673
136.613
136.554
136.495
136.436
136.377
136.32
136.266
136.214
136.165
136.119
136.076
136.035
135.995
135.958
135.923
135.889
135.856
135.825
135.795
135.765
135.737
135.71
135.683
135.657
135.632
135.607
135.582
135.558
135.534
135.51
135.487
135.463
135.44
135.417
135.394
135.372
135.35
135.33
135.309
135.296
135.27
135.284
120.557
122.582
124.531
126.525
128.441
130.182
131.729
133.085
134.247
135.214
135.996
136.611
137.08
137.423
137.662
137.816
137.901
137.93
137.913
137.859
137.774
137.665
137.538
137.398
137.252
137.102
136.952
136.806
136.672
136.555
136.46
136.387
136.332
136.291
136.256
136.223
136.189
136.152
136.113
136.074
136.035
135.998
135.963
135.93
135.898
135.868
135.839
135.811
135.784
135.758
135.733
135.708
135.684
135.66
135.637
135.614
135.591
135.569
135.547
135.525
135.504
135.482
135.46
135.439
135.417
135.396
135.374
135.353
135.332
135.314
135.293
135.281
135.256
135.271
118.105
119.94
121.726
123.526
125.267
126.899
128.405
129.781
131.018
132.108
133.052
133.856
134.529
135.083
135.53
135.884
136.16
136.369
136.523
136.631
136.703
136.742
136.754
136.743
136.711
136.662
136.6
136.528
136.45
136.366
136.28
136.195
136.117
136.052
136.002
135.966
135.942
135.925
135.909
135.892
135.873
135.852
135.83
135.808
135.785
135.763
135.742
135.721
135.701
135.681
135.661
135.642
135.622
135.603
135.584
135.565
135.546
135.527
135.508
135.489
135.47
135.451
135.431
135.412
135.392
135.372
135.352
135.333
135.313
135.296
135.276
135.265
135.241
135.257
116.118
117.758
119.372
120.985
122.559
124.065
125.494
126.836
128.082
129.224
130.257
131.18
131.996
132.707
133.322
133.846
134.289
134.659
134.967
135.219
135.426
135.594
135.728
135.834
135.915
135.973
136.009
136.026
136.026
136.012
135.986
135.953
135.913
135.87
135.824
135.78
135.742
135.714
135.695
135.686
135.681
135.678
135.673
135.666
135.657
135.646
135.634
135.621
135.608
135.595
135.582
135.568
135.555
135.54
135.526
135.511
135.496
135.481
135.465
135.449
135.433
135.416
135.399
135.382
135.364
135.347
135.329
135.311
135.293
135.276
135.258
135.248
135.225
135.242
114.808
116.249
117.68
119.108
120.514
121.883
123.205
124.473
125.677
126.811
127.867
128.843
129.734
130.542
131.268
131.914
132.484
132.984
133.42
133.798
134.123
134.401
134.639
134.841
135.012
135.156
135.275
135.372
135.449
135.507
135.548
135.575
135.589
135.594
135.592
135.583
135.57
135.553
135.535
135.519
135.508
135.504
135.506
135.51
135.514
135.517
135.516
135.514
135.509
135.504
135.497
135.49
135.482
135.473
135.464
135.454
135.443
135.431
135.419
135.407
135.394
135.38
135.366
135.351
135.335
135.32
135.303
135.287
135.271
135.256
135.239
135.23
135.209
135.227
114.147
115.389
116.633
117.878
119.115
120.335
121.532
122.697
123.823
124.905
125.935
126.908
127.821
128.669
129.453
130.171
130.825
131.416
131.946
132.421
132.842
133.215
133.543
133.832
134.084
134.303
134.494
134.66
134.802
134.924
135.027
135.113
135.183
135.239
135.283
135.315
135.338
135.354
135.364
135.367
135.367
135.364
135.361
135.362
135.368
135.377
135.387
135.396
135.402
135.406
135.407
135.406
135.404
135.401
135.397
135.392
135.386
135.379
135.371
135.362
135.352
135.341
135.33
135.317
135.304
135.291
135.277
135.262
135.247
135.234
135.218
135.211
135.191
135.211
114.047
115.095
116.155
117.222
118.291
119.357
120.416
121.461
122.486
123.486
124.454
125.386
126.277
127.123
127.921
128.668
129.364
130.007
130.599
131.141
131.633
132.079
132.481
132.841
133.164
133.451
133.706
133.931
134.131
134.306
134.461
134.597
134.716
134.82
134.91
134.986
135.05
135.101
135.143
135.176
135.2
135.219
135.231
135.238
135.244
135.25
135.259
135.271
135.284
135.298
135.309
135.317
135.322
135.325
135.327
135.327
135.326
135.323
135.319
135.314
135.307
135.3
135.291
135.282
135.271
135.26
135.248
135.236
135.222
135.21
135.196
135.19
135.172
135.195
114.389
115.259
116.145
117.043
117.951
118.867
119.785
120.702
121.613
122.513
123.397
124.261
125.1
125.91
126.687
127.428
128.132
128.794
129.416
129.995
130.532
131.027
131.482
131.898
132.277
132.62
132.93
133.209
133.46
133.685
133.885
134.064
134.224
134.367
134.495
134.609
134.71
134.798
134.875
134.939
134.993
135.037
135.073
135.101
135.123
135.139
135.151
135.161
135.173
135.187
135.203
135.219
135.233
135.244
135.252
135.258
135.262
135.264
135.264
135.263
135.26
135.256
135.251
135.244
135.236
135.228
135.218
135.207
135.196
135.186
135.173
135.169
135.151
135.178
115.059
115.77
116.499
117.244
118.004
118.777
119.559
120.348
121.14
121.932
122.719
123.499
124.266
125.017
125.749
126.458
127.141
127.795
128.418
129.008
129.565
130.087
130.575
131.027
131.446
131.832
132.186
132.509
132.804
133.071
133.313
133.532
133.73
133.908
134.068
134.213
134.344
134.462
134.568
134.663
134.746
134.819
134.88
134.932
134.974
135.009
135.037
135.059
135.076
135.091
135.105
135.12
135.137
135.155
135.17
135.183
135.193
135.201
135.206
135.209
135.21
135.21
135.208
135.204
135.199
135.193
135.186
135.178
135.168
135.16
135.149
135.146
135.129
135.16
115.953
116.528
117.12
117.729
118.357
119
119.656
120.323
121
121.683
122.37
123.057
123.742
124.421
125.091
125.748
126.39
127.014
127.617
128.197
128.751
129.279
129.779
130.25
130.693
131.106
131.49
131.847
132.175
132.478
132.755
133.009
133.24
133.451
133.642
133.816
133.974
134.117
134.247
134.365
134.472
134.568
134.654
134.73
134.796
134.852
134.9
134.939
134.971
134.997
135.018
135.035
135.051
135.067
135.085
135.102
135.119
135.133
135.144
135.152
135.157
135.161
135.162
135.162
135.16
135.157
135.152
135.146
135.139
135.132
135.122
135.121
135.106
135.142
116.985
117.445
117.92
118.415
118.927
119.456
119.999
120.556
121.125
121.705
122.293
122.888
123.487
124.087
124.685
125.28
125.868
126.446
127.012
127.564
128.098
128.614
129.11
129.583
130.033
130.459
130.86
131.237
131.589
131.917
132.221
132.503
132.763
133.001
133.22
133.421
133.604
133.771
133.924
134.063
134.189
134.305
134.41
134.505
134.591
134.668
134.736
134.794
134.844
134.885
134.92
134.948
134.971
134.991
135.008
135.024
135.042
135.06
135.076
135.09
135.101
135.109
135.114
135.118
135.119
135.118
135.116
135.113
135.107
135.103
135.095
135.096
135.08
135.125
118.088
118.454
118.832
119.23
119.645
120.075
120.52
120.979
121.452
121.938
122.434
122.941
123.455
123.975
124.5
125.026
125.552
126.076
126.594
127.106
127.607
128.097
128.573
129.034
129.477
129.902
130.308
130.693
131.058
131.401
131.724
132.025
132.306
132.567
132.809
133.033
133.239
133.428
133.602
133.761
133.907
134.04
134.161
134.272
134.374
134.466
134.551
134.626
134.694
134.752
134.803
134.846
134.881
134.911
134.935
134.955
134.973
134.99
135.007
135.024
135.04
135.053
135.063
135.071
135.075
135.078
135.078
135.077
135.074
135.072
135.065
135.069
135.053
135.108
119.211
119.5
119.799
120.117
120.451
120.799
121.16
121.535
121.925
122.327
122.741
123.166
123.602
124.046
124.498
124.956
125.418
125.883
126.347
126.811
127.27
127.724
128.17
128.607
129.032
129.445
129.843
130.226
130.592
130.941
131.273
131.586
131.881
132.157
132.416
132.658
132.882
133.091
133.283
133.461
133.625
133.775
133.913
134.039
134.154
134.26
134.357
134.446
134.527
134.6
134.666
134.724
134.774
134.817
134.852
134.882
134.907
134.927
134.944
134.961
134.977
134.993
135.008
135.02
135.029
135.035
135.039
135.04
135.04
135.039
135.034
135.04
135.022
135.092
120.318
120.545
120.781
121.034
121.302
121.581
121.873
122.178
122.495
122.825
123.167
123.521
123.885
124.26
124.644
125.037
125.436
125.841
126.25
126.662
127.074
127.486
127.895
128.3
128.698
129.089
129.47
129.841
130.199
130.545
130.876
131.193
131.494
131.78
132.05
132.304
132.542
132.765
132.973
133.166
133.345
133.511
133.664
133.805
133.935
134.054
134.163
134.263
134.355
134.439
134.516
134.587
134.65
134.706
134.754
134.796
134.831
134.86
134.884
134.903
134.92
134.936
134.951
134.965
134.978
134.989
134.996
135.001
135.003
135.004
135
135.009
134.988
135.078
121.384
121.563
121.748
121.949
122.163
122.387
122.621
122.867
123.125
123.394
123.674
123.965
124.268
124.581
124.903
125.236
125.576
125.924
126.279
126.639
127.003
127.37
127.737
128.105
128.47
128.833
129.19
129.541
129.884
130.217
130.541
130.854
131.154
131.442
131.716
131.977
132.223
132.456
132.675
132.881
133.073
133.252
133.418
133.573
133.716
133.847
133.969
134.08
134.182
134.277
134.363
134.442
134.515
134.582
134.642
134.695
134.742
134.782
134.815
134.843
134.865
134.884
134.899
134.913
134.927
134.939
134.95
134.959
134.964
134.968
134.965
134.977
134.949
135.068
122.395
122.535
122.68
122.84
123.011
123.19
123.378
123.575
123.783
124.001
124.23
124.468
124.717
124.976
125.245
125.523
125.811
126.106
126.41
126.72
127.037
127.358
127.684
128.012
128.341
128.67
128.998
129.324
129.645
129.961
130.271
130.572
130.865
131.148
131.421
131.683
131.933
132.171
132.397
132.611
132.812
133.001
133.178
133.344
133.498
133.641
133.774
133.896
134.01
134.114
134.209
134.297
134.378
134.452
134.521
134.583
134.64
134.69
134.734
134.772
134.803
134.828
134.849
134.866
134.879
134.891
134.903
134.913
134.921
134.929
134.928
134.943
134.904
135.066
123.341
123.451
123.565
123.692
123.828
123.971
124.121
124.28
124.448
124.624
124.809
125.004
125.207
125.42
125.643
125.874
126.114
126.363
126.62
126.884
127.156
127.434
127.718
128.007
128.299
128.593
128.89
129.186
129.482
129.775
130.065
130.351
130.631
130.904
131.17
131.427
131.675
131.914
132.142
132.36
132.567
132.763
132.947
133.121
133.285
133.438
133.58
133.713
133.836
133.95
134.055
134.152
134.241
134.323
134.398
134.468
134.531
134.59
134.642
134.689
134.73
134.764
134.793
134.815
134.834
134.848
134.859
134.869
134.877
134.887
134.887
134.907
134.851
135.076
124.219
124.306
124.395
124.496
124.605
124.719
124.839
124.966
125.101
125.243
125.393
125.551
125.717
125.892
126.074
126.265
126.465
126.672
126.888
127.112
127.343
127.581
127.825
128.076
128.331
128.591
128.855
129.12
129.388
129.656
129.923
130.189
130.451
130.71
130.964
131.213
131.454
131.689
131.915
132.133
132.341
132.541
132.73
132.91
133.08
133.24
133.391
133.532
133.663
133.786
133.9
134.006
134.103
134.193
134.276
134.352
134.422
134.486
134.545
134.599
134.647
134.69
134.727
134.758
134.783
134.802
134.817
134.828
134.836
134.845
134.845
134.869
134.797
135.093
125.028
125.096
125.166
125.246
125.333
125.425
125.521
125.623
125.731
125.846
125.967
126.095
126.23
126.373
126.522
126.679
126.844
127.016
127.196
127.384
127.578
127.78
127.989
128.204
128.425
128.651
128.883
129.118
129.356
129.597
129.84
130.083
130.325
130.567
130.805
131.041
131.272
131.498
131.719
131.933
132.14
132.339
132.53
132.712
132.886
133.051
133.208
133.355
133.494
133.624
133.745
133.859
133.964
134.062
134.152
134.236
134.312
134.382
134.447
134.506
134.56
134.609
134.653
134.691
134.724
134.75
134.771
134.786
134.796
134.806
134.804
134.829
134.752
135.093
125.769
125.822
125.878
125.942
126.012
126.085
126.162
126.244
126.331
126.424
126.522
126.625
126.735
126.851
126.973
127.102
127.237
127.38
127.529
127.685
127.848
128.018
128.195
128.378
128.567
128.763
128.963
129.169
129.379
129.593
129.81
130.029
130.25
130.471
130.692
130.912
131.129
131.344
131.556
131.762
131.964
132.16
132.349
132.531
132.707
132.874
133.034
133.186
133.33
133.466
133.594
133.714
133.826
133.93
134.028
134.118
134.201
134.278
134.349
134.413
134.472
134.525
134.574
134.618
134.657
134.69
134.717
134.739
134.754
134.766
134.767
134.791
134.734
135.03
126.444
126.486
126.53
126.582
126.638
126.696
126.759
126.825
126.895
126.97
127.049
127.133
127.222
127.316
127.416
127.522
127.633
127.75
127.874
128.003
128.139
128.281
128.43
128.585
128.746
128.913
129.086
129.264
129.447
129.635
129.826
130.022
130.22
130.42
130.621
130.824
131.026
131.227
131.426
131.623
131.816
132.006
132.19
132.37
132.544
132.711
132.872
133.027
133.174
133.314
133.446
133.571
133.689
133.8
133.903
134
134.09
134.173
134.249
134.32
134.384
134.442
134.495
134.543
134.586
134.624
134.657
134.684
134.705
134.722
134.729
134.748
134.74
134.871
127.058
127.092
127.126
127.168
127.213
127.261
127.311
127.364
127.421
127.482
127.546
127.614
127.686
127.763
127.845
127.931
128.022
128.119
128.22
128.328
128.441
128.559
128.684
128.814
128.95
129.092
129.239
129.392
129.551
129.714
129.882
130.054
130.23
130.409
130.59
130.774
130.959
131.144
131.33
131.514
131.697
131.878
132.056
132.23
132.4
132.565
132.725
132.879
133.028
133.17
133.305
133.434
133.557
133.672
133.781
133.883
133.978
134.067
134.149
134.225
134.295
134.359
134.417
134.469
134.515
134.557
134.593
134.625
134.65
134.671
134.686
134.696
134.742
134.642
127.613
127.64
127.668
127.701
127.738
127.777
127.817
127.86
127.907
127.956
128.008
128.064
128.123
128.185
128.252
128.323
128.398
128.477
128.561
128.65
128.743
128.842
128.946
129.055
129.17
129.29
129.415
129.545
129.681
129.822
129.968
130.118
130.273
130.431
130.593
130.758
130.925
131.094
131.265
131.436
131.606
131.777
131.945
132.112
132.276
132.436
132.593
132.746
132.893
133.036
133.173
133.304
133.429
133.548
133.661
133.768
133.868
133.962
134.049
134.13
134.206
134.274
134.337
134.394
134.445
134.49
134.529
134.563
134.592
134.614
134.635
134.635
134.708
134.429
128.116
128.138
128.16
128.187
128.217
128.249
128.282
128.317
128.355
128.395
128.437
128.483
128.531
128.582
128.637
128.695
128.756
128.822
128.891
128.964
129.042
129.124
129.211
129.302
129.398
129.499
129.605
129.716
129.832
129.953
130.079
130.209
130.344
130.483
130.626
130.772
130.922
131.075
131.23
131.386
131.544
131.702
131.86
132.017
132.173
132.327
132.479
132.628
132.773
132.914
133.051
133.183
133.309
133.431
133.546
133.656
133.76
133.858
133.95
134.036
134.116
134.19
134.257
134.318
134.374
134.422
134.465
134.501
134.532
134.555
134.578
134.57
134.629
134.311
128.566
128.583
128.601
128.623
128.648
128.674
128.701
128.73
128.761
128.794
128.829
128.866
128.906
128.948
128.993
129.041
129.092
129.146
129.203
129.264
129.329
129.397
129.469
129.546
129.627
129.712
129.801
129.895
129.994
130.097
130.205
130.318
130.435
130.556
130.681
130.811
130.944
131.08
131.22
131.362
131.505
131.651
131.798
131.945
132.092
132.238
132.383
132.526
132.667
132.805
132.94
133.071
133.198
133.32
133.437
133.55
133.656
133.758
133.854
133.943
134.027
134.105
134.177
134.243
134.302
134.355
134.401
134.44
134.473
134.496
134.517
134.506
134.532
134.293
128.974
128.988
129.002
129.021
129.042
129.063
129.085
129.109
129.135
129.162
129.191
129.222
129.255
129.29
129.327
129.366
129.409
129.453
129.501
129.552
129.605
129.662
129.723
129.787
129.854
129.926
130.001
130.081
130.165
130.253
130.345
130.442
130.543
130.648
130.758
130.871
130.989
131.11
131.234
131.361
131.492
131.624
131.759
131.895
132.031
132.169
132.306
132.442
132.578
132.711
132.843
132.971
133.097
133.218
133.336
133.45
133.558
133.662
133.76
133.854
133.941
134.023
134.098
134.168
134.231
134.287
134.337
134.379
134.414
134.439
134.457
134.449
134.446
134.321
129.332
129.343
129.355
129.371
129.388
129.406
129.425
129.445
129.466
129.489
129.513
129.539
129.566
129.596
129.627
129.66
129.695
129.733
129.772
129.815
129.86
129.908
129.959
130.013
130.07
130.13
130.194
130.262
130.333
130.408
130.488
130.571
130.658
130.749
130.845
130.944
131.047
131.154
131.265
131.379
131.496
131.616
131.738
131.863
131.989
132.117
132.246
132.375
132.503
132.631
132.758
132.883
133.006
133.126
133.243
133.357
133.466
133.571
133.672
133.767
133.858
133.942
134.021
134.094
134.16
134.22
134.273
134.318
134.355
134.382
134.4
134.398
134.383
134.341
129.662
129.671
129.681
129.694
129.709
129.724
129.74
129.756
129.774
129.794
129.814
129.836
129.859
129.883
129.909
129.937
129.967
129.998
130.032
130.068
130.106
130.146
130.189
130.234
130.283
130.334
130.388
130.445
130.506
130.57
130.638
130.71
130.785
130.864
130.946
131.033
131.123
131.217
131.315
131.416
131.521
131.629
131.739
131.853
131.969
132.086
132.206
132.326
132.447
132.569
132.69
132.81
132.929
133.047
133.162
133.274
133.383
133.489
133.59
133.687
133.779
133.866
133.947
134.023
134.092
134.155
134.21
134.258
134.297
134.327
134.346
134.351
134.337
134.332
129.937
129.944
129.953
129.965
129.977
129.99
130.004
130.019
130.034
130.051
130.068
130.087
130.107
130.128
130.15
130.174
130.2
130.227
130.255
130.286
130.318
130.353
130.39
130.429
130.47
130.514
130.561
130.61
130.663
130.718
130.777
130.839
130.904
130.972
131.045
131.12
131.2
131.283
131.369
131.46
131.553
131.65
131.75
131.853
131.959
132.067
132.178
132.29
132.404
132.518
132.633
132.748
132.863
132.977
133.089
133.2
133.308
133.413
133.514
133.612
133.705
133.794
133.877
133.955
134.027
134.092
134.15
134.2
134.241
134.274
134.295
134.305
134.297
134.304
130.207
130.213
130.221
130.231
130.242
130.253
130.265
130.277
130.291
130.305
130.32
130.336
130.353
130.372
130.391
130.411
130.433
130.456
130.481
130.507
130.535
130.565
130.596
130.629
130.665
130.703
130.743
130.785
130.83
130.878
130.928
130.982
131.038
131.098
131.16
131.227
131.296
131.369
131.445
131.525
131.608
131.694
131.784
131.877
131.973
132.072
132.173
132.276
132.382
132.489
132.597
132.706
132.815
132.924
133.033
133.14
133.245
133.349
133.449
133.547
133.64
133.73
133.814
133.893
133.966
134.033
134.093
134.145
134.189
134.223
134.247
134.261
134.258
134.27
130.403
130.408
130.415
130.425
130.435
130.445
130.455
130.467
130.479
130.492
130.505
130.52
130.535
130.551
130.569
130.587
130.607
130.627
130.649
130.672
130.697
130.723
130.751
130.781
130.812
130.846
130.881
130.919
130.959
131.001
131.046
131.093
131.143
131.196
131.252
131.31
131.372
131.437
131.506
131.577
131.652
131.73
131.812
131.897
131.984
132.075
132.168
132.264
132.363
132.463
132.565
132.669
132.773
132.878
132.982
133.087
133.19
133.291
133.391
133.488
133.581
133.671
133.756
133.836
133.911
133.979
134.041
134.094
134.14
134.177
134.203
134.22
134.22
134.238
130.639
130.643
130.65
130.658
130.667
130.676
130.686
130.696
130.707
130.718
130.73
130.743
130.757
130.771
130.786
130.802
130.819
130.838
130.857
130.877
130.899
130.922
130.946
130.972
131
131.029
131.06
131.092
131.127
131.164
131.203
131.244
131.288
131.334
131.383
131.434
131.489
131.546
131.606
131.67
131.736
131.806
131.878
131.954
132.033
132.115
132.2
132.288
132.378
132.47
132.565
132.661
132.759
132.858
132.957
133.056
133.155
133.253
133.35
133.444
133.536
133.624
133.709
133.789
133.863
133.932
133.994
134.048
134.095
134.133
134.16
134.18
134.183
134.205
130.745
130.748
130.754
130.763
130.771
130.78
130.789
130.799
130.81
130.821
130.832
130.844
130.857
130.871
130.886
130.901
130.917
130.934
130.952
130.972
130.992
131.014
131.036
131.061
131.086
131.113
131.142
131.172
131.205
131.239
131.275
131.313
131.353
131.396
131.441
131.489
131.539
131.592
131.648
131.707
131.768
131.833
131.901
131.971
132.045
132.122
132.202
132.285
132.37
132.458
132.548
132.641
132.735
132.83
132.926
133.023
133.12
133.216
133.312
133.405
133.496
133.584
133.669
133.749
133.824
133.894
133.957
134.012
134.06
134.099
134.129
134.15
134.155
134.181
130.999
131.003
131.009
131.017
131.025
131.033
131.041
131.05
131.06
131.069
131.08
131.091
131.103
131.115
131.128
131.142
131.156
131.171
131.188
131.205
131.223
131.242
131.262
131.283
131.306
131.329
131.355
131.381
131.409
131.439
131.471
131.504
131.539
131.576
131.616
131.657
131.701
131.747
131.796
131.848
131.902
131.959
132.018
132.081
132.146
132.215
132.286
132.36
132.437
132.516
132.598
132.682
132.768
132.855
132.944
133.034
133.124
133.214
133.303
133.391
133.477
133.561
133.642
133.718
133.79
133.857
133.918
133.972
134.019
134.057
134.086
134.107
134.112
134.139
134.833
135.614
136.313
136.923
137.448
137.894
138.27
138.585
138.847
139.064
139.243
139.389
139.509
139.606
139.684
139.747
139.797
139.836
139.867
139.89
139.907
139.92
139.929
139.934
139.937
139.939
139.938
139.937
139.935
139.931
139.928
139.924
139.92
139.916
139.911
139.907
139.903
139.899
139.895
139.891
139.887
134.824
135.585
136.269
136.867
137.384
137.826
138.203
138.521
138.788
139.012
139.198
139.353
139.482
139.588
139.674
139.745
139.803
139.849
139.886
139.916
139.939
139.956
139.969
139.978
139.985
139.989
139.991
139.991
139.99
139.989
139.986
139.982
139.979
139.974
139.97
139.965
139.96
139.955
139.95
139.945
139.94
134.814
135.562
136.239
136.83
137.344
137.788
138.168
138.493
138.768
139.001
139.197
139.362
139.5
139.615
139.711
139.79
139.854
139.907
139.95
139.984
140.011
140.031
140.047
140.059
140.067
140.072
140.075
140.076
140.076
140.074
140.071
140.067
140.063
140.058
140.053
140.047
140.041
140.035
140.029
140.022
140.016
134.806
135.555
136.234
136.826
137.344
137.793
138.179
138.511
138.795
139.037
139.243
139.417
139.564
139.688
139.792
139.879
139.951
140.01
140.059
140.098
140.129
140.153
140.172
140.187
140.197
140.205
140.209
140.211
140.211
140.21
140.207
140.203
140.198
140.192
140.186
140.179
140.172
140.164
140.156
140.148
140.14
134.798
135.554
136.241
136.839
137.363
137.819
138.214
138.556
138.849
139.102
139.318
139.503
139.66
139.794
139.908
140.003
140.083
140.15
140.205
140.25
140.286
140.314
140.336
140.353
140.366
140.374
140.38
140.382
140.382
140.381
140.377
140.372
140.366
140.359
140.351
140.343
140.334
140.324
140.314
140.303
140.293
134.79
135.557
136.256
136.863
137.397
137.863
138.269
138.622
138.928
139.193
139.423
139.62
139.79
139.935
140.06
140.165
140.254
140.329
140.392
140.443
140.484
140.516
140.542
140.562
140.576
140.586
140.592
140.595
140.596
140.593
140.589
140.583
140.576
140.567
140.557
140.547
140.535
140.523
140.51
140.497
140.484
134.78
135.565
136.28
136.9
137.447
137.927
138.347
138.715
139.036
139.316
139.56
139.771
139.955
140.113
140.25
140.366
140.465
140.549
140.619
140.677
140.724
140.76
140.79
140.812
140.829
140.84
140.847
140.85
140.85
140.847
140.841
140.834
140.824
140.813
140.801
140.788
140.773
140.758
140.742
140.725
140.709
134.771
135.578
136.315
136.953
137.517
138.014
138.451
138.836
139.174
139.471
139.731
139.958
140.157
140.329
140.479
140.607
140.718
140.811
140.89
140.955
141.008
141.048
141.081
141.107
141.125
141.137
141.145
141.148
141.147
141.142
141.135
141.126
141.114
141.1
141.085
141.068
141.05
141.031
141.012
140.991
140.971
134.761
135.598
136.362
137.021
137.607
138.124
138.581
138.985
139.342
139.658
139.936
140.181
140.396
140.585
140.749
140.891
141.013
141.117
141.205
141.278
141.337
141.382
141.419
141.447
141.467
141.481
141.488
141.49
141.488
141.482
141.473
141.461
141.446
141.429
141.41
141.389
141.367
141.344
141.32
141.294
141.269
134.752
135.624
136.419
137.105
137.716
138.257
138.737
139.163
139.542
139.879
140.178
140.442
140.676
140.882
141.062
141.218
141.354
141.47
141.567
141.649
141.715
141.765
141.806
141.837
141.859
141.872
141.88
141.881
141.877
141.869
141.857
141.841
141.823
141.802
141.778
141.753
141.726
141.698
141.668
141.637
141.607
134.743
135.656
136.489
137.206
137.846
138.415
138.921
139.373
139.776
140.137
140.458
140.745
140.999
141.224
141.421
141.594
141.744
141.872
141.981
142.071
142.145
142.2
142.245
142.279
142.302
142.316
142.323
142.322
142.316
142.305
142.289
142.27
142.247
142.221
142.192
142.161
142.128
142.094
142.058
142.021
141.984
134.735
135.696
136.572
137.325
137.999
138.599
139.135
139.616
140.047
140.435
140.781
141.092
141.368
141.614
141.831
142.022
142.187
142.329
142.45
142.55
142.632
142.692
142.741
142.777
142.801
142.815
142.821
142.818
142.809
142.794
142.774
142.75
142.721
142.689
142.654
142.616
142.577
142.535
142.492
142.447
142.403
134.729
135.745
136.67
137.464
138.177
138.813
139.383
139.896
140.359
140.775
141.15
141.487
141.789
142.058
142.297
142.506
142.689
142.846
142.98
143.09
143.18
143.246
143.298
143.337
143.362
143.375
143.379
143.373
143.36
143.34
143.315
143.284
143.248
143.209
143.167
143.121
143.073
143.023
142.971
142.918
142.865
134.725
135.803
136.784
137.626
138.383
139.059
139.667
140.217
140.714
141.164
141.57
141.936
142.266
142.561
142.822
143.053
143.255
143.429
143.576
143.698
143.796
143.867
143.924
143.964
143.989
144.001
144.001
143.992
143.973
143.948
143.915
143.876
143.833
143.785
143.733
143.678
143.62
143.56
143.499
143.434
143.371
134.724
135.872
136.917
137.812
138.619
139.341
139.992
140.582
141.118
141.605
142.045
142.445
142.805
143.128
143.416
143.671
143.893
144.085
144.247
144.381
144.488
144.564
144.624
144.665
144.689
144.698
144.694
144.679
144.654
144.621
144.579
144.531
144.478
144.419
144.356
144.29
144.221
144.149
144.075
143.999
143.923
134.727
135.954
137.071
138.027
138.89
139.663
140.362
140.998
141.578
142.105
142.585
143.02
143.415
143.77
144.086
144.366
144.611
144.823
145.001
145.147
145.263
145.345
145.407
145.448
145.47
145.475
145.465
145.442
145.408
145.365
145.312
145.253
145.187
145.115
145.039
144.959
144.876
144.79
144.701
144.611
144.521
134.736
136.052
137.249
138.274
139.199
140.031
140.784
141.472
142.1
142.673
143.196
143.672
144.104
144.494
144.843
145.151
145.421
145.653
145.848
146.008
146.133
146.219
146.282
146.322
146.34
146.338
146.32
146.287
146.242
146.185
146.119
146.045
145.964
145.876
145.784
145.687
145.587
145.484
145.379
145.271
145.165
134.751
136.168
137.455
138.557
139.554
140.451
141.265
142.01
142.693
143.318
143.888
144.41
144.885
145.314
145.698
146.037
146.334
146.589
146.802
146.975
147.108
147.197
147.26
147.297
147.308
147.297
147.267
147.221
147.161
147.088
147.004
146.912
146.811
146.705
146.592
146.476
146.355
146.232
146.107
145.979
145.853
134.776
136.305
137.694
138.884
139.96
140.931
141.814
142.624
143.368
144.051
144.676
145.248
145.771
146.243
146.666
147.04
147.366
147.645
147.878
148.063
148.204
148.294
148.354
148.384
148.384
148.36
148.315
148.251
148.171
148.078
147.972
147.856
147.732
147.602
147.465
147.324
147.179
147.032
146.882
146.731
146.581
134.812
136.468
137.971
139.26
140.427
141.481
142.441
143.325
144.138
144.887
145.573
146.202
146.778
147.299
147.765
148.177
148.536
148.84
149.092
149.29
149.436
149.524
149.577
149.596
149.581
149.539
149.472
149.385
149.28
149.159
149.025
148.881
148.727
148.567
148.4
148.23
148.055
147.879
147.7
147.521
147.343
134.863
136.662
138.294
139.695
140.965
142.112
143.162
144.128
145.02
145.843
146.598
147.292
147.928
148.503
149.017
149.471
149.864
150.196
150.466
150.675
150.823
150.904
150.945
150.947
150.911
150.843
150.748
150.629
150.49
150.335
150.166
149.985
149.795
149.597
149.394
149.187
148.977
148.766
148.554
148.341
148.131
134.932
136.893
138.672
140.2
141.586
142.841
143.991
145.053
146.035
146.942
147.775
148.543
149.246
149.882
150.45
150.949
151.379
151.739
152.027
152.243
152.387
152.455
152.476
152.452
152.385
152.282
152.148
151.988
151.806
151.606
151.391
151.165
150.929
150.686
150.438
150.188
149.935
149.682
149.429
149.177
148.93
135.024
137.17
139.115
140.789
142.308
143.686
144.951
146.122
147.207
148.211
149.134
149.985
150.765
151.47
152.097
152.645
153.114
153.5
153.803
154.02
154.153
154.197
154.187
154.126
154.015
153.864
153.678
153.464
153.225
152.968
152.696
152.412
152.119
151.82
151.518
151.215
150.911
150.609
150.309
150.011
149.72
135.146
137.503
139.639
141.48
143.152
144.671
146.069
147.366
148.57
149.686
150.712
151.658
152.525
153.307
153.999
154.601
155.108
155.519
155.83
156.04
156.147
156.153
156.097
155.982
155.811
155.593
155.338
155.052
154.741
154.411
154.065
153.709
153.347
152.98
152.612
152.245
151.881
151.521
151.166
150.817
150.476
135.305
137.905
140.26
142.295
144.144
145.827
147.381
148.824
150.167
151.412
152.556
153.612
154.578
155.446
156.21
156.867
157.412
157.841
158.15
158.337
158.401
158.346
158.222
158.03
157.775
157.469
157.122
156.742
156.337
155.914
155.477
155.032
154.584
154.134
153.688
153.247
152.812
152.386
151.969
151.561
151.166
135.511
138.393
141.004
143.264
145.32
147.196
148.931
150.546
152.052
153.449
154.731
155.912
156.991
157.955
158.796
159.508
160.085
160.521
160.81
160.951
160.941
160.796
160.573
160.272
159.902
159.477
159.009
158.508
157.983
157.443
156.893
156.34
155.788
155.241
154.702
154.175
153.659
153.159
152.672
152.201
151.747
135.779
138.991
141.901
144.427
146.726
148.831
150.781
152.602
154.3
155.875
157.318
158.646
159.853
160.922
161.841
162.603
163.2
163.621
163.862
163.919
163.793
163.512
163.147
162.696
162.17
161.587
160.961
160.306
159.631
158.945
158.258
157.575
156.9
156.24
155.596
154.971
154.367
153.785
153.225
152.686
152.171
136.124
139.728
142.995
145.838
148.428
150.806
153.016
155.082
157.012
158.8
160.432
161.927
163.277
164.458
165.453
166.252
166.841
167.212
167.357
167.274
166.966
166.486
165.922
165.265
164.531
163.742
162.915
162.065
161.205
160.346
159.495
158.66
157.846
157.056
156.296
155.566
154.867
154.199
153.564
152.959
152.386
136.57
140.647
144.342
147.57
150.514
153.226
155.753
158.119
160.329
162.372
164.225
165.912
167.419
168.711
169.767
170.57
171.106
171.363
171.336
171.027
170.444
169.677
168.837
167.904
166.899
165.847
164.769
163.683
162.603
161.54
160.502
159.497
158.528
157.6
156.716
155.877
155.082
154.332
153.625
152.96
152.336
137.147
141.804
146.026
149.728
153.111
156.239
159.159
161.897
164.451
166.801
168.914
170.815
172.483
173.87
174.946
175.691
176.088
176.128
175.81
175.146
174.156
172.985
171.775
170.482
169.133
167.757
166.379
165.017
163.686
162.396
161.154
159.967
158.838
157.769
156.762
155.818
154.934
154.109
153.342
152.628
151.969
137.899
143.284
148.168
152.471
156.411
160.067
163.488
166.695
169.678
172.398
174.807
176.933
178.744
180.173
181.182
181.749
181.86
181.513
180.723
179.519
177.945
176.227
174.536
172.791
171.026
169.271
167.552
165.887
164.286
162.759
161.311
159.944
158.66
157.459
156.341
155.306
154.347
153.465
152.656
151.914
151.242
138.87
145.183
150.918
155.998
160.66
165
169.067
172.871
176.383
179.538
182.262
184.588
186.468
187.814
188.581
188.755
188.335
187.344
185.825
183.843
181.474
179.057
176.784
174.514
172.282
170.12
168.048
166.079
164.219
162.471
160.837
159.313
157.899
156.59
155.386
154.283
153.275
152.36
151.535
150.792
150.135
140.125
147.581
154.382
160.437
166.012
171.21
176.08
180.608
184.733
188.341
191.328
193.739
195.502
196.516
196.743
196.196
194.913
192.964
190.442
187.46
184.138
180.94
178.057
175.262
172.586
170.055
167.679
165.461
163.398
161.486
159.718
158.088
156.588
155.213
153.958
152.82
151.792
150.872
150.057
149.341
148.73
141.642
150.459
158.527
165.743
172.405
178.62
184.421
189.756
194.506
198.489
201.573
203.82
205.152
205.47
204.776
203.143
200.68
197.524
193.834
189.773
185.494
181.574
178.165
174.945
171.931
169.137
166.56
164.188
162.009
160.009
158.175
156.495
154.959
153.558
152.286
151.139
150.112
149.204
148.415
147.742
147.194
143.35
153.796
163.377
171.98
179.939
187.344
194.191
200.365
205.663
209.811
212.672
214.36
214.816
213.988
211.963
208.915
205.044
200.566
195.694
190.627
185.526
181.044
177.263
173.762
170.545
167.611
164.94
162.508
160.292
158.271
156.427
154.743
153.206
151.805
150.536
149.394
148.375
147.482
146.72
146.091
145.613
145.197
157.599
168.988
179.245
188.731
197.498
205.458
212.403
218.021
221.943
224.097
224.702
223.767
221.346
217.664
213.011
207.682
201.947
196.045
190.174
184.478
179.638
175.653
172.019
168.725
165.756
163.079
160.658
158.462
156.467
154.649
152.989
151.472
150.087
148.828
147.693
146.679
145.794
145.048
144.452
144.036
147.133
161.89
175.442
187.66
198.914
209.173
218.207
225.674
231.167
234.268
235.098
234.048
231.253
226.927
221.451
215.223
208.586
201.821
195.152
188.746
182.704
177.7
173.653
170.004
166.727
163.798
161.174
158.81
156.672
154.73
152.959
151.338
149.85
148.486
147.237
146.105
145.088
144.196
143.448
142.865
142.493
149.085
166.693
182.826
197.351
210.593
222.369
232.235
239.714
244.387
245.924
244.806
241.636
236.7
230.396
223.242
215.679
208.034
200.552
193.409
186.724
180.547
175.53
171.524
167.938
164.739
161.896
159.358
157.076
155.013
153.136
151.42
149.843
148.388
147.043
145.803
144.668
143.638
142.725
141.953
141.355
140.998
150.971
172.034
191.241
208.431
223.8
236.901
247.051
253.732
256.712
255.97
252.47
246.973
239.892
231.803
223.297
214.766
206.461
198.566
191.204
184.438
178.28
173.345
169.441
165.964
162.875
160.139
157.701
155.511
153.527
151.719
150.06
148.526
147.102
145.775
144.54
143.397
142.345
141.4
140.581
139.942
139.558
152.71
177.965
200.805
220.986
238.422
252.312
261.833
266.689
267.134
263.67
257.702
249.978
241.004
231.517
222.085
212.961
204.301
196.237
188.838
182.125
176.076
171.279
167.508
164.159
161.191
158.568
156.234
154.134
152.229
150.487
148.88
147.387
145.99
144.679
143.446
142.291
141.212
140.226
139.343
138.64
138.172
154.232
184.568
211.655
235.017
254.1
267.789
275.481
277.528
274.918
268.744
260.58
250.948
240.477
230.056
220.106
210.691
201.899
193.831
186.512
179.926
174.035
169.399
165.771
162.554
159.707
157.195
154.958
152.943
151.111
149.429
147.871
146.414
145.041
143.742
142.509
141.342
140.234
139.204
138.244
137.46
136.84
155.502
191.969
223.901
250.319
270.1
282.202
286.878
285.52
279.869
271.429
261.53
250.366
238.837
227.923
217.768
208.261
199.483
191.513
184.337
177.918
172.204
167.733
164.244
161.155
158.422
156.011
153.864
151.926
150.159
148.531
147.015
145.589
144.237
142.947
141.713
140.534
139.398
138.325
137.283
136.41
135.561
156.514
200.331
237.551
266.356
285.348
294.409
295.293
290.526
282.336
272.291
261.088
248.72
236.55
225.503
215.342
205.866
197.192
189.376
182.372
176.131
170.597
166.286
162.927
159.953
157.323
155.003
152.936
151.066
149.355
147.774
146.294
144.896
143.561
142.279
141.043
139.852
138.691
137.578
136.456
135.492
134.335
157.331
209.835
252.391
282.215
298.651
303.609
300.59
292.934
282.958
271.94
259.707
246.406
233.986
223.063
213
203.621
195.101
187.465
180.639
174.574
169.208
165.044
161.803
158.931
156.391
154.151
152.153
150.342
148.68
147.139
145.691
144.314
142.994
141.719
140.481
139.279
138.096
136.948
135.754
134.701
133.171
158.009
220.403
267.644
296.575
308.969
309.523
303.127
293.414
282.408
270.888
257.745
243.767
231.423
220.767
210.839
201.592
193.246
185.79
179.136
173.233
168.021
163.99
160.852
158.071
155.611
153.441
151.502
149.741
148.122
146.614
145.193
143.836
142.527
141.257
140.018
138.807
137.605
136.427
135.173
134.037
132.089
158.536
231.565
282.225
308.371
315.967
312.54
303.64
292.73
281.281
269.526
255.484
241.11
229.081
218.709
208.904
199.803
191.632
184.343
177.844
172.088
167.014
163.094
160.039
157.332
154.941
152.831
150.945
149.228
147.646
146.167
144.769
143.429
142.132
140.868
139.628
138.411
137.195
135.993
134.696
133.485
131.093
157.378
243.243
295.938
317.602
320.175
313.448
302.89
291.455
279.97
268.104
253.065
238.618
227.164
217.07
207.342
198.373
190.36
183.214
176.845
171.208
166.242
162.446
159.466
156.813
154.47
152.405
150.557
148.87
147.313
145.855
144.472
143.142
141.851
140.59
139.349
138.127
136.9
135.68
134.354
133.098
130.273
159.605
256.589
307.474
323.009
321.641
312.5
300.681
288.967
277.637
265.737
249.487
234.895
224.146
214.532
205.047
196.324
188.56
181.641
175.477
170.025
165.219
161.511
158.656
156.093
153.827
151.83
150.039
148.401
146.883
145.457
144.099
142.788
141.51
140.257
139.019
137.795
136.562
135.326
133.981
132.687
129.715
139.883
139.882
139.88
139.878
139.875
139.873
139.87
139.867
139.864
139.86
139.856
139.852
139.848
139.843
139.838
139.832
139.826
139.82
139.813
139.805
139.797
139.788
139.778
139.767
139.755
139.743
139.729
139.714
139.697
139.679
139.66
139.639
139.616
139.591
139.563
139.534
139.501
139.466
139.429
139.387
139.343
139.295
139.243
139.188
139.128
139.064
138.995
138.922
138.844
138.762
138.674
138.582
138.486
138.385
138.28
138.171
138.058
137.943
137.824
137.704
137.582
137.459
137.336
137.214
137.092
136.972
136.854
136.74
136.629
136.522
136.421
136.325
136.241
136.151
139.936
139.935
139.934
139.931
139.928
139.925
139.922
139.919
139.916
139.912
139.908
139.903
139.898
139.893
139.887
139.881
139.874
139.867
139.859
139.851
139.841
139.831
139.82
139.808
139.795
139.781
139.766
139.749
139.731
139.712
139.69
139.667
139.642
139.615
139.586
139.554
139.519
139.482
139.442
139.398
139.351
139.301
139.247
139.189
139.127
139.061
138.99
138.916
138.836
138.752
138.664
138.571
138.474
138.373
138.267
138.158
138.046
137.931
137.813
137.693
137.572
137.45
137.328
137.206
137.085
136.965
136.848
136.734
136.623
136.516
136.416
136.319
136.238
136.136
140.011
140.01
140.008
140.005
140.002
139.999
139.996
139.993
139.989
139.985
139.981
139.976
139.971
139.965
139.959
139.952
139.945
139.937
139.929
139.92
139.91
139.899
139.887
139.874
139.86
139.845
139.828
139.811
139.791
139.77
139.747
139.722
139.695
139.666
139.635
139.601
139.564
139.524
139.481
139.435
139.385
139.332
139.275
139.214
139.149
139.08
139.006
138.928
138.846
138.759
138.668
138.572
138.472
138.368
138.26
138.149
138.035
137.918
137.799
137.678
137.556
137.433
137.31
137.187
137.066
136.947
136.83
136.716
136.606
136.501
136.401
136.303
136.225
136.109
140.133
140.132
140.131
140.128
140.124
140.121
140.118
140.114
140.11
140.105
140.1
140.095
140.089
140.083
140.076
140.069
140.061
140.052
140.042
140.032
140.021
140.008
139.995
139.981
139.965
139.948
139.929
139.909
139.887
139.863
139.837
139.809
139.779
139.746
139.711
139.673
139.632
139.588
139.54
139.489
139.435
139.376
139.314
139.248
139.178
139.103
139.024
138.941
138.854
138.762
138.666
138.566
138.463
138.355
138.244
138.13
138.014
137.895
137.774
137.652
137.529
137.406
137.283
137.161
137.04
136.922
136.806
136.693
136.584
136.479
136.38
136.282
136.206
136.077
140.284
140.283
140.281
140.278
140.274
140.271
140.267
140.263
140.258
140.253
140.247
140.241
140.235
140.227
140.22
140.211
140.202
140.192
140.181
140.169
140.156
140.142
140.127
140.11
140.092
140.072
140.051
140.027
140.002
139.975
139.946
139.914
139.879
139.842
139.802
139.759
139.713
139.663
139.61
139.553
139.493
139.428
139.36
139.287
139.21
139.129
139.044
138.955
138.861
138.764
138.662
138.557
138.449
138.337
138.222
138.105
137.986
137.865
137.742
137.619
137.496
137.372
137.25
137.128
137.008
136.891
136.776
136.665
136.557
136.453
136.356
136.258
136.184
136.045
140.472
140.471
140.469
140.465
140.461
140.457
140.452
140.447
140.442
140.436
140.429
140.422
140.415
140.406
140.397
140.387
140.376
140.364
140.352
140.337
140.322
140.306
140.287
140.268
140.246
140.223
140.198
140.171
140.142
140.11
140.076
140.039
139.999
139.956
139.91
139.86
139.807
139.751
139.691
139.626
139.558
139.486
139.41
139.329
139.245
139.156
139.063
138.967
138.866
138.762
138.654
138.544
138.43
138.313
138.195
138.074
137.952
137.828
137.704
137.58
137.456
137.333
137.21
137.09
136.971
136.855
136.742
136.632
136.527
136.425
136.329
136.231
136.159
136.016
140.694
140.692
140.69
140.686
140.681
140.676
140.67
140.664
140.658
140.651
140.643
140.634
140.625
140.615
140.604
140.592
140.579
140.565
140.549
140.532
140.514
140.494
140.473
140.449
140.424
140.396
140.367
140.334
140.3
140.262
140.222
140.178
140.132
140.082
140.028
139.971
139.911
139.846
139.777
139.704
139.627
139.546
139.461
139.372
139.278
139.181
139.08
138.975
138.867
138.755
138.641
138.524
138.404
138.283
138.16
138.036
137.911
137.785
137.66
137.535
137.41
137.287
137.166
137.046
136.929
136.815
136.704
136.597
136.493
136.393
136.3
136.204
136.133
135.991
140.953
140.95
140.948
140.942
140.936
140.93
140.923
140.916
140.908
140.899
140.889
140.879
140.868
140.855
140.842
140.827
140.811
140.794
140.775
140.755
140.732
140.708
140.682
140.654
140.623
140.59
140.555
140.516
140.475
140.43
140.383
140.332
140.277
140.218
140.156
140.09
140.019
139.945
139.866
139.784
139.697
139.605
139.51
139.411
139.308
139.201
139.091
138.977
138.861
138.742
138.62
138.497
138.372
138.246
138.118
137.991
137.863
137.736
137.609
137.484
137.36
137.237
137.117
136.999
136.884
136.772
136.663
136.558
136.458
136.36
136.269
136.175
136.105
135.971
141.248
141.244
141.241
141.234
141.226
141.219
141.21
141.201
141.191
141.18
141.168
141.155
141.141
141.126
141.109
141.091
141.072
141.05
141.027
141.002
140.975
140.946
140.914
140.88
140.843
140.803
140.76
140.714
140.664
140.611
140.555
140.494
140.43
140.361
140.289
140.212
140.13
140.045
139.955
139.861
139.763
139.66
139.554
139.444
139.331
139.214
139.094
138.972
138.847
138.72
138.592
138.462
138.332
138.201
138.07
137.94
137.81
137.681
137.554
137.428
137.305
137.183
137.065
136.949
136.836
136.726
136.62
136.518
136.42
136.325
136.237
136.147
136.077
135.955
141.581
141.576
141.571
141.563
141.553
141.543
141.533
141.521
141.509
141.495
141.48
141.464
141.446
141.427
141.407
141.384
141.36
141.334
141.305
141.274
141.241
141.205
141.166
141.124
141.079
141.031
140.979
140.924
140.865
140.802
140.734
140.663
140.587
140.507
140.422
140.333
140.24
140.142
140.04
139.933
139.823
139.708
139.59
139.469
139.345
139.218
139.088
138.957
138.824
138.69
138.555
138.42
138.284
138.15
138.016
137.883
137.752
137.622
137.494
137.369
137.247
137.127
137.01
136.896
136.785
136.679
136.575
136.476
136.381
136.29
136.204
136.118
136.049
135.942
141.953
141.947
141.94
141.929
141.917
141.905
141.891
141.877
141.861
141.844
141.825
141.804
141.782
141.759
141.733
141.705
141.674
141.642
141.606
141.568
141.527
141.483
141.436
141.385
141.33
141.272
141.21
141.143
141.073
140.998
140.918
140.834
140.745
140.652
140.554
140.451
140.344
140.232
140.117
139.997
139.873
139.746
139.616
139.483
139.348
139.211
139.072
138.932
138.791
138.65
138.509
138.369
138.229
138.091
137.955
137.82
137.688
137.558
137.431
137.307
137.186
137.067
136.953
136.841
136.734
136.63
136.53
136.433
136.342
136.253
136.171
136.088
136.021
135.929
142.366
142.357
142.348
142.335
142.319
142.303
142.286
142.268
142.248
142.226
142.202
142.176
142.149
142.119
142.086
142.051
142.014
141.973
141.93
141.883
141.832
141.778
141.72
141.659
141.593
141.522
141.447
141.368
141.284
141.195
141.101
141.003
140.899
140.791
140.678
140.561
140.439
140.312
140.182
140.049
139.912
139.772
139.629
139.485
139.339
139.192
139.044
138.896
138.748
138.601
138.455
138.31
138.167
138.027
137.889
137.753
137.621
137.491
137.365
137.242
137.123
137.007
136.894
136.786
136.681
136.58
136.483
136.39
136.302
136.217
136.137
136.059
135.993
135.916
142.821
142.809
142.797
142.78
142.76
142.74
142.718
142.694
142.669
142.641
142.611
142.579
142.544
142.506
142.466
142.422
142.376
142.325
142.271
142.214
142.152
142.086
142.016
141.941
141.861
141.777
141.688
141.593
141.494
141.389
141.28
141.165
141.045
140.921
140.792
140.658
140.52
140.379
140.234
140.086
139.935
139.783
139.628
139.472
139.316
139.16
139.004
138.848
138.694
138.542
138.391
138.243
138.098
137.956
137.817
137.681
137.549
137.421
137.296
137.175
137.058
136.945
136.836
136.73
136.628
136.531
136.437
136.347
136.262
136.18
136.104
136.03
135.965
135.902
143.32
143.304
143.287
143.265
143.24
143.214
143.186
143.156
143.124
143.088
143.051
143.01
142.966
142.919
142.869
142.815
142.757
142.695
142.629
142.558
142.483
142.403
142.318
142.227
142.132
142.031
141.925
141.814
141.697
141.575
141.448
141.315
141.178
141.036
140.89
140.74
140.586
140.428
140.269
140.106
139.942
139.777
139.611
139.445
139.279
139.115
138.951
138.79
138.63
138.474
138.32
138.17
138.023
137.88
137.741
137.606
137.475
137.349
137.226
137.107
136.993
136.883
136.776
136.674
136.576
136.481
136.391
136.304
136.222
136.144
136.071
136.001
135.938
135.885
143.863
143.841
143.819
143.791
143.759
143.726
143.69
143.652
143.611
143.566
143.519
143.468
143.413
143.355
143.292
143.225
143.153
143.077
142.996
142.91
142.819
142.722
142.62
142.512
142.399
142.28
142.155
142.024
141.889
141.747
141.601
141.45
141.294
141.133
140.969
140.802
140.631
140.459
140.284
140.108
139.931
139.754
139.578
139.402
139.228
139.056
138.887
138.72
138.557
138.397
138.242
138.09
137.943
137.8
137.662
137.529
137.4
137.275
137.155
137.039
136.928
136.82
136.717
136.618
136.523
136.432
136.345
136.262
136.183
136.108
136.038
135.972
135.911
135.867
144.45
144.421
144.392
144.355
144.315
144.273
144.228
144.179
144.127
144.072
144.012
143.948
143.88
143.807
143.73
143.648
143.56
143.467
143.368
143.264
143.154
143.038
142.917
142.789
142.655
142.515
142.37
142.219
142.062
141.9
141.733
141.562
141.387
141.208
141.026
140.842
140.655
140.467
140.278
140.089
139.901
139.713
139.527
139.344
139.163
138.985
138.811
138.641
138.475
138.314
138.157
138.006
137.859
137.717
137.581
137.449
137.322
137.2
137.083
136.971
136.863
136.759
136.659
136.564
136.472
136.384
136.301
136.221
136.145
136.073
136.006
135.944
135.884
135.848
145.08
145.043
145.004
144.958
144.907
144.853
144.796
144.735
144.67
144.6
144.525
144.446
144.362
144.272
144.177
144.076
143.969
143.857
143.738
143.613
143.482
143.344
143.2
143.05
142.894
142.732
142.564
142.39
142.212
142.028
141.841
141.649
141.455
141.257
141.058
140.857
140.655
140.452
140.251
140.05
139.851
139.655
139.461
139.271
139.085
138.903
138.725
138.553
138.386
138.224
138.067
137.917
137.771
137.632
137.497
137.368
137.245
137.126
137.012
136.903
136.798
136.698
136.602
136.51
136.422
136.337
136.257
136.18
136.108
136.039
135.974
135.916
135.858
135.828
145.753
145.704
145.654
145.594
145.53
145.462
145.39
145.314
145.232
145.145
145.052
144.955
144.851
144.741
144.625
144.503
144.374
144.238
144.096
143.948
143.793
143.631
143.463
143.288
143.108
142.922
142.73
142.534
142.332
142.127
141.919
141.707
141.493
141.278
141.062
140.845
140.629
140.414
140.201
139.991
139.783
139.579
139.379
139.184
138.994
138.81
138.63
138.457
138.29
138.129
137.974
137.825
137.681
137.544
137.413
137.287
137.167
137.052
136.941
136.836
136.735
136.638
136.546
136.457
136.373
136.292
136.215
136.141
136.071
136.006
135.944
135.888
135.833
135.807
146.463
146.4
146.334
146.259
146.178
146.093
146.003
145.907
145.806
145.698
145.584
145.464
145.338
145.204
145.064
144.917
144.763
144.602
144.434
144.259
144.078
143.89
143.696
143.496
143.29
143.079
142.863
142.643
142.419
142.192
141.963
141.733
141.501
141.269
141.037
140.807
140.579
140.353
140.13
139.911
139.697
139.488
139.284
139.085
138.893
138.707
138.528
138.355
138.189
138.03
137.877
137.73
137.59
137.456
137.329
137.206
137.09
136.978
136.872
136.77
136.673
136.58
136.491
136.406
136.325
136.247
136.173
136.103
136.036
135.973
135.914
135.862
135.808
135.786
147.204
147.123
147.039
146.944
146.843
146.737
146.625
146.506
146.381
146.249
146.11
145.964
145.811
145.65
145.483
145.308
145.126
144.937
144.741
144.538
144.328
144.113
143.891
143.664
143.433
143.197
142.957
142.714
142.468
142.221
141.973
141.724
141.476
141.229
140.984
140.742
140.503
140.269
140.039
139.814
139.595
139.382
139.176
138.976
138.783
138.598
138.42
138.248
138.085
137.928
137.778
137.635
137.499
137.369
137.245
137.126
137.014
136.906
136.804
136.706
136.613
136.523
136.438
136.357
136.279
136.204
136.134
136.066
136.002
135.942
135.885
135.836
135.783
135.765
147.966
147.863
147.756
147.638
147.512
147.38
147.242
147.096
146.943
146.783
146.615
146.44
146.257
146.066
145.868
145.663
145.451
145.231
145.005
144.773
144.534
144.29
144.042
143.788
143.531
143.27
143.008
142.743
142.477
142.211
141.945
141.681
141.419
141.159
140.903
140.652
140.405
140.164
139.929
139.7
139.478
139.264
139.057
138.858
138.666
138.482
138.306
138.138
137.978
137.824
137.679
137.54
137.407
137.281
137.162
137.048
136.939
136.836
136.738
136.644
136.554
136.469
136.387
136.309
136.234
136.163
136.095
136.031
135.969
135.912
135.858
135.811
135.76
135.745
148.734
148.605
148.47
148.323
148.168
148.007
147.838
147.661
147.477
147.284
147.084
146.876
146.66
146.437
146.206
145.969
145.725
145.474
145.217
144.955
144.687
144.416
144.14
143.861
143.58
143.297
143.012
142.728
142.444
142.161
141.881
141.603
141.33
141.06
140.796
140.538
140.285
140.04
139.802
139.572
139.35
139.136
138.93
138.732
138.543
138.363
138.19
138.026
137.869
137.721
137.579
137.445
137.317
137.196
137.08
136.971
136.867
136.768
136.673
136.583
136.498
136.416
136.338
136.263
136.192
136.124
136.059
135.997
135.938
135.883
135.831
135.786
135.737
135.724
149.49
149.328
149.16
148.981
148.792
148.596
148.393
148.181
147.961
147.733
147.498
147.254
147.004
146.747
146.482
146.212
145.935
145.654
145.367
145.076
144.781
144.483
144.182
143.88
143.577
143.273
142.971
142.669
142.37
142.074
141.781
141.494
141.211
140.935
140.665
140.402
140.147
139.9
139.662
139.432
139.211
138.999
138.796
138.602
138.417
138.24
138.072
137.913
137.761
137.617
137.48
137.351
137.228
137.112
137.001
136.896
136.796
136.701
136.611
136.525
136.443
136.365
136.29
136.219
136.151
136.086
136.023
135.964
135.908
135.855
135.805
135.763
135.715
135.705
150.207
150.008
149.802
149.584
149.358
149.124
148.882
148.632
148.374
148.109
147.836
147.557
147.272
146.98
146.682
146.38
146.073
145.762
145.447
145.129
144.809
144.488
144.165
143.843
143.521
143.201
142.883
142.568
142.257
141.95
141.649
141.354
141.066
140.786
140.513
140.249
139.993
139.747
139.51
139.283
139.065
138.857
138.658
138.468
138.288
138.117
137.954
137.8
137.653
137.515
137.383
137.259
137.141
137.03
136.924
136.824
136.728
136.638
136.552
136.47
136.391
136.317
136.245
136.177
136.112
136.049
135.99
135.933
135.879
135.829
135.78
135.74
135.694
135.686
150.851
150.611
150.362
150.103
149.835
149.56
149.278
148.988
148.692
148.389
148.081
147.766
147.447
147.123
146.795
146.464
146.129
145.792
145.453
145.112
144.771
144.43
144.09
143.751
143.414
143.081
142.751
142.426
142.107
141.794
141.487
141.188
140.898
140.616
140.343
140.08
139.827
139.583
139.35
139.127
138.913
138.71
138.517
138.333
138.158
137.993
137.836
137.688
137.547
137.414
137.289
137.17
137.057
136.95
136.849
136.754
136.663
136.576
136.494
136.416
136.341
136.27
136.202
136.137
136.074
136.014
135.957
135.903
135.851
135.803
135.757
135.719
135.673
135.667
151.384
151.099
150.805
150.502
150.192
149.875
149.553
149.225
148.892
148.554
148.212
147.867
147.518
147.166
146.813
146.457
146.1
145.742
145.383
145.025
144.668
144.312
143.958
143.607
143.26
142.918
142.58
142.249
141.925
141.608
141.3
141
140.71
140.43
140.159
139.899
139.65
139.411
139.183
138.966
138.759
138.562
138.375
138.197
138.029
137.87
137.72
137.578
137.443
137.316
137.196
137.083
136.975
136.874
136.778
136.687
136.6
136.518
136.44
136.365
136.294
136.226
136.161
136.098
136.039
135.981
135.927
135.875
135.825
135.779
135.734
135.698
135.654
135.65
151.759
151.428
151.089
150.743
150.393
150.038
149.68
149.318
148.954
148.587
148.218
147.848
147.477
147.105
146.732
146.359
145.986
145.614
145.242
144.872
144.504
144.138
143.775
143.417
143.064
142.716
142.375
142.041
141.715
141.399
141.091
140.794
140.506
140.23
139.965
139.71
139.467
139.234
139.013
138.803
138.603
138.413
138.233
138.063
137.902
137.75
137.606
137.47
137.342
137.221
137.107
136.999
136.897
136.8
136.709
136.622
136.54
136.462
136.387
136.316
136.248
136.183
136.121
136.062
136.005
135.95
135.897
135.848
135.8
135.756
135.713
135.678
135.635
135.633
151.926
151.553
151.174
150.791
150.406
150.021
149.635
149.248
148.862
148.476
148.091
147.706
147.322
146.939
146.557
146.175
145.794
145.414
145.036
144.659
144.286
143.915
143.549
143.187
142.831
142.482
142.141
141.807
141.484
141.169
140.866
140.573
140.291
140.021
139.762
139.515
139.279
139.055
138.841
138.639
138.447
138.265
138.093
137.93
137.777
137.632
137.495
137.366
137.244
137.129
137.021
136.918
136.822
136.73
136.643
136.561
136.483
136.408
136.337
136.27
136.205
136.143
136.084
136.027
135.972
135.92
135.87
135.822
135.776
135.734
135.692
135.66
135.617
135.616
151.834
151.429
151.021
150.611
150.205
149.802
149.402
149.005
148.612
148.221
147.833
147.447
147.063
146.68
146.297
145.915
145.534
145.154
144.775
144.398
144.023
143.652
143.285
142.924
142.569
142.222
141.883
141.553
141.234
140.925
140.628
140.342
140.068
139.805
139.555
139.316
139.09
138.874
138.669
138.476
138.292
138.119
137.955
137.801
137.655
137.517
137.388
137.265
137.15
137.041
136.938
136.841
136.75
136.663
136.58
136.502
136.428
136.357
136.29
136.226
136.164
136.105
136.048
135.994
135.942
135.892
135.843
135.797
135.753
135.713
135.673
135.642
135.6
135.601
151.438
151.018
150.599
150.182
149.773
149.372
148.979
148.592
148.21
147.833
147.459
147.086
146.715
146.343
145.971
145.597
145.223
144.848
144.472
144.098
143.726
143.358
142.993
142.635
142.284
141.941
141.608
141.284
140.972
140.671
140.381
140.104
139.839
139.587
139.346
139.117
138.9
138.695
138.5
138.315
138.141
137.977
137.821
137.675
137.537
137.407
137.284
137.168
137.059
136.956
136.859
136.768
136.681
136.599
136.521
136.447
136.376
136.309
136.245
136.184
136.125
136.069
136.015
135.963
135.913
135.865
135.818
135.774
135.732
135.693
135.654
135.625
135.584
135.586
150.702
150.292
149.89
149.492
149.107
148.736
148.376
148.024
147.678
147.335
146.993
146.65
146.304
145.954
145.599
145.24
144.876
144.51
144.141
143.772
143.405
143.041
142.681
142.328
141.982
141.646
141.32
141.004
140.701
140.409
140.13
139.863
139.609
139.367
139.138
138.92
138.713
138.518
138.333
138.159
137.994
137.838
137.692
137.553
137.423
137.3
137.185
137.076
136.973
136.876
136.784
136.697
136.615
136.538
136.464
136.394
136.327
136.263
136.202
136.144
136.088
136.035
135.983
135.933
135.885
135.839
135.795
135.752
135.711
135.674
135.636
135.608
135.568
135.571
149.616
149.251
148.901
148.558
148.233
147.927
147.633
147.346
147.061
146.773
146.48
146.179
145.867
145.545
145.211
144.868
144.517
144.159
143.797
143.434
143.071
142.712
142.358
142.011
141.672
141.344
141.027
140.721
140.428
140.147
139.879
139.624
139.382
139.151
138.933
138.727
138.531
138.347
138.172
138.008
137.852
137.706
137.568
137.437
137.315
137.199
137.09
136.988
136.891
136.799
136.713
136.631
136.553
136.48
136.41
136.344
136.281
136.22
136.162
136.107
136.054
136.002
135.953
135.905
135.859
135.815
135.772
135.731
135.692
135.656
135.619
135.593
135.553
135.558
148.263
147.981
147.725
147.477
147.251
147.046
146.85
146.654
146.449
146.232
145.997
145.741
145.465
145.168
144.853
144.522
144.179
143.826
143.468
143.109
142.75
142.395
142.046
141.705
141.375
141.055
140.747
140.452
140.169
139.9
139.644
139.4
139.17
138.951
138.744
138.549
138.364
138.189
138.025
137.869
137.723
137.584
137.454
137.332
137.216
137.107
137.004
136.907
136.816
136.73
136.648
136.57
136.497
136.428
136.361
136.298
136.238
136.181
136.125
136.072
136.022
135.972
135.925
135.879
135.835
135.792
135.751
135.712
135.674
135.639
135.603
135.578
135.539
135.545
146.802
146.634
146.508
146.39
146.295
146.219
146.143
146.052
145.936
145.789
145.608
145.391
145.141
144.861
144.556
144.229
143.888
143.536
143.178
142.819
142.462
142.11
141.766
141.431
141.107
140.796
140.497
140.211
139.939
139.681
139.435
139.203
138.983
138.775
138.578
138.392
138.217
138.051
137.895
137.748
137.609
137.479
137.355
137.239
137.13
137.026
136.929
136.837
136.75
136.668
136.591
136.517
136.447
136.381
136.318
136.258
136.2
136.145
136.092
136.042
135.993
135.946
135.9
135.856
135.813
135.772
135.732
135.694
135.657
135.623
135.589
135.565
135.526
135.533
145.31
145.285
145.322
145.367
145.432
145.507
145.564
145.581
145.549
145.464
145.324
145.134
144.897
144.622
144.316
143.987
143.641
143.285
142.924
142.563
142.207
141.857
141.517
141.187
140.87
140.566
140.276
140
139.737
139.488
139.252
139.03
138.819
138.62
138.433
138.256
138.089
137.931
137.783
137.643
137.511
137.386
137.269
137.158
137.054
136.956
136.863
136.775
136.692
136.614
136.54
136.47
136.403
136.34
136.279
136.222
136.166
136.113
136.063
136.014
135.967
135.921
135.877
135.834
135.793
135.753
135.714
135.677
135.641
135.609
135.575
135.552
135.513
135.521
143.828
143.971
144.206
144.448
144.7
144.94
145.132
145.252
145.292
145.252
145.138
144.957
144.721
144.44
144.125
143.786
143.432
143.068
142.703
142.34
141.983
141.635
141.298
140.973
140.662
140.365
140.082
139.814
139.56
139.32
139.093
138.879
138.677
138.486
138.306
138.137
137.977
137.827
137.685
137.551
137.424
137.305
137.193
137.087
136.987
136.893
136.805
136.721
136.641
136.566
136.495
136.428
136.364
136.303
136.245
136.189
136.136
136.085
136.036
135.989
135.943
135.899
135.856
135.815
135.774
135.736
135.698
135.662
135.627
135.595
135.562
135.539
135.502
135.51
142.373
142.712
143.184
143.658
144.117
144.529
144.849
145.057
145.149
145.136
145.03
144.845
144.597
144.302
143.972
143.62
143.254
142.883
142.511
142.145
141.787
141.44
141.106
140.786
140.48
140.189
139.914
139.653
139.406
139.174
138.954
138.748
138.553
138.37
138.197
138.034
137.88
137.736
137.599
137.47
137.349
137.234
137.127
137.025
136.929
136.839
136.753
136.673
136.596
136.524
136.456
136.391
136.329
136.27
136.214
136.16
136.108
136.059
136.012
135.966
135.921
135.878
135.837
135.797
135.757
135.719
135.683
135.647
135.613
135.582
135.549
135.528
135.49
135.499
140.951
141.514
142.268
143.009
143.69
144.266
144.7
144.975
145.1
145.094
144.98
144.779
144.512
144.197
143.849
143.481
143.103
142.722
142.345
141.975
141.617
141.271
140.939
140.623
140.322
140.037
139.767
139.513
139.273
139.047
138.834
138.634
138.445
138.268
138.101
137.944
137.796
137.656
137.524
137.4
137.283
137.173
137.068
136.97
136.878
136.79
136.708
136.63
136.556
136.486
136.42
136.357
136.297
136.24
136.186
136.134
136.084
136.036
135.989
135.945
135.902
135.86
135.819
135.78
135.742
135.704
135.668
135.634
135.6
135.57
135.538
135.517
135.48
135.489
139.562
140.378
141.463
142.507
143.409
144.135
144.661
144.982
145.118
145.104
144.97
144.745
144.453
144.115
143.748
143.364
142.973
142.584
142.201
141.829
141.469
141.124
140.795
140.482
140.185
139.905
139.64
139.391
139.157
138.937
138.73
138.535
138.352
138.18
138.018
137.866
137.722
137.587
137.459
137.339
137.225
137.118
137.017
136.922
136.832
136.748
136.668
136.592
136.52
136.453
136.388
136.327
136.269
136.214
136.16
136.11
136.061
136.014
135.969
135.926
135.883
135.843
135.803
135.764
135.727
135.691
135.655
135.621
135.588
135.559
135.527
135.507
135.47
135.48
138.21
139.303
140.772
142.148
143.259
144.111
144.707
145.05
145.18
145.145
144.985
144.73
144.412
144.05
143.663
143.264
142.862
142.465
142.077
141.701
141.341
140.997
140.669
140.359
140.066
139.79
139.53
139.286
139.056
138.841
138.639
138.449
138.271
138.103
137.946
137.797
137.658
137.526
137.402
137.284
137.174
137.07
136.972
136.879
136.792
136.71
136.632
136.558
136.488
136.422
136.36
136.3
136.243
136.189
136.138
136.088
136.04
135.995
135.951
135.908
135.867
135.827
135.788
135.75
135.713
135.678
135.643
135.61
135.577
135.548
135.517
135.497
135.46
135.471
136.906
138.286
140.198
141.922
143.215
144.168
144.811
145.158
145.268
145.205
145.012
144.728
144.382
143.997
143.592
143.179
142.767
142.362
141.969
141.591
141.23
140.887
140.561
140.253
139.964
139.691
139.435
139.195
138.969
138.758
138.56
138.374
138.2
138.036
137.883
137.738
137.601
137.472
137.351
137.237
137.129
137.027
136.932
136.841
136.756
136.676
136.6
136.528
136.46
136.395
136.334
136.276
136.22
136.167
136.117
136.068
136.022
135.977
135.934
135.892
135.851
135.812
135.774
135.737
135.701
135.666
135.631
135.599
135.567
135.538
135.507
135.488
135.452
135.462
135.672
137.322
139.741
141.811
143.25
144.281
144.951
145.285
145.368
145.272
145.046
144.731
144.359
143.954
143.532
143.106
142.684
142.273
141.876
141.496
141.134
140.791
140.467
140.162
139.875
139.605
139.352
139.116
138.894
138.686
138.492
138.309
138.138
137.978
137.827
137.685
137.551
137.425
137.307
137.195
137.089
136.99
136.896
136.807
136.724
136.645
136.571
136.5
136.434
136.371
136.311
136.254
136.199
136.147
136.098
136.05
136.004
135.96
135.918
135.877
135.837
135.799
135.761
135.724
135.689
135.654
135.621
135.589
135.557
135.529
135.498
135.479
135.443
135.454
134.528
136.405
139.4
141.79
143.34
144.43
145.108
145.419
145.47
145.34
145.081
144.738
144.342
143.917
143.481
143.043
142.613
142.197
141.796
141.414
141.052
140.709
140.386
140.083
139.798
139.531
139.281
139.047
138.828
138.623
138.432
138.252
138.084
137.926
137.778
137.639
137.507
137.384
137.267
137.157
137.053
136.956
136.864
136.777
136.695
136.618
136.545
136.476
136.41
136.348
136.289
136.233
136.18
136.129
136.08
136.033
135.988
135.945
135.903
135.863
135.824
135.786
135.749
135.713
135.678
135.644
135.611
135.579
135.548
135.52
135.49
135.471
135.435
135.447
133.481
135.541
139.175
141.834
143.467
144.596
145.269
145.551
145.569
145.404
145.115
144.746
144.328
143.886
143.436
142.989
142.552
142.13
141.727
141.343
140.98
140.638
140.316
140.014
139.731
139.466
139.218
138.987
138.77
138.568
138.379
138.202
138.037
137.881
137.735
137.598
137.469
137.347
137.232
137.124
137.022
136.926
136.835
136.75
136.669
136.593
136.521
136.453
136.389
136.328
136.27
136.215
136.162
136.112
136.064
136.018
135.974
135.931
135.89
135.85
135.812
135.774
135.738
135.702
135.668
135.634
135.601
135.57
135.539
135.511
135.482
135.463
135.428
135.439
132.511
134.737
139.039
141.917
143.614
144.768
145.424
145.676
145.66
145.464
145.146
144.753
144.317
143.86
143.398
142.942
142.499
142.073
141.667
141.282
140.918
140.576
140.255
139.954
139.673
139.409
139.164
138.934
138.72
138.52
138.333
138.158
137.994
137.841
137.697
137.561
137.434
137.314
137.2
137.094
136.993
136.898
136.809
136.725
136.645
136.57
136.5
136.433
136.369
136.309
136.252
136.198
136.146
136.097
136.049
136.004
135.96
135.918
135.878
135.838
135.8
135.763
135.727
135.692
135.658
135.625
135.592
135.561
135.531
135.504
135.474
135.456
135.421
135.432
131.571
134.083
138.999
142.022
143.768
144.936
145.569
145.79
145.743
145.517
145.175
144.761
144.307
143.837
143.366
142.902
142.453
142.024
141.615
141.229
140.864
140.522
140.202
139.902
139.622
139.36
139.116
138.888
138.675
138.477
138.292
138.119
137.957
137.805
137.663
137.529
137.403
137.284
137.172
137.067
136.967
136.874
136.786
136.702
136.624
136.55
136.48
136.414
136.352
136.292
136.236
136.182
136.131
136.082
136.036
135.991
135.948
135.906
135.866
135.827
135.79
135.753
135.717
135.683
135.649
135.616
135.584
135.553
135.523
135.496
135.467
135.449
135.414
135.426
130.433
133.506
138.992
142.143
143.926
145.092
145.701
145.892
145.817
145.565
145.2
144.767
144.299
143.818
143.337
142.867
142.414
141.981
141.57
141.182
140.818
140.476
140.156
139.856
139.577
139.317
139.074
138.847
138.636
138.44
138.256
138.084
137.924
137.774
137.633
137.5
137.375
137.258
137.147
137.042
136.944
136.851
136.764
136.682
136.604
136.531
136.462
136.397
136.335
136.277
136.221
136.168
136.117
136.069
136.023
135.979
135.936
135.895
135.855
135.817
135.78
135.743
135.708
135.674
135.64
135.608
135.576
135.546
135.516
135.489
135.46
135.443
135.408
135.42
129.436
133.381
139.008
142.249
144.075
145.234
145.818
145.983
145.881
145.606
145.221
144.773
144.292
143.801
143.313
142.837
142.379
141.943
141.531
141.142
140.777
140.435
140.115
139.816
139.538
139.278
139.037
138.811
138.602
138.406
138.224
138.053
137.894
137.745
137.605
137.474
137.35
137.234
137.124
137.02
136.923
136.831
136.745
136.663
136.587
136.514
136.446
136.381
136.32
136.262
136.207
136.154
136.104
136.057
136.011
135.967
135.925
135.884
135.845
135.807
135.77
135.735
135.7
135.666
135.632
135.6
135.569
135.539
135.509
135.482
135.454
135.436
135.402
135.414
)
;

boundaryField
{
    inlet
    {
        type            freestreamPressure;
        value           nonuniform List<scalar> 
230
(
130.999
131.003
131.009
131.017
131.025
131.033
131.041
131.05
131.06
131.069
131.08
131.091
131.103
131.115
131.128
131.142
131.156
131.171
131.188
131.205
131.223
131.242
131.262
131.283
131.306
131.329
131.355
131.381
131.409
131.439
131.471
131.504
131.539
131.576
131.616
131.657
131.701
131.747
131.796
131.848
131.902
131.959
132.018
132.081
132.146
132.215
132.286
132.36
132.437
132.516
132.598
132.682
132.768
132.855
132.944
133.034
133.124
133.214
133.303
133.391
133.477
133.561
133.642
133.718
133.79
133.857
133.918
133.972
134.019
134.057
134.086
134.107
134.112
134.139
134.002
133.248
132.596
132.046
131.592
131.225
130.933
130.707
130.536
130.411
130.325
130.272
130.245
130.239
130.25
130.274
130.307
130.345
130.387
130.429
130.47
130.51
130.549
130.587
130.623
130.658
130.69
130.721
130.75
130.777
130.803
130.827
130.85
130.871
130.891
130.91
130.928
130.944
130.96
130.974
130.988
134.833
135.614
136.313
136.923
137.448
137.894
138.27
138.585
138.847
139.064
139.243
139.389
139.509
139.606
139.684
139.747
139.797
139.836
139.867
139.89
139.907
139.92
139.929
139.934
139.937
139.939
139.938
139.937
139.935
139.931
139.928
139.924
139.92
139.916
139.911
139.907
139.903
139.899
139.895
139.891
139.887
139.883
139.882
139.88
139.878
139.875
139.873
139.87
139.867
139.864
139.86
139.856
139.852
139.848
139.843
139.838
139.832
139.826
139.82
139.813
139.805
139.797
139.788
139.778
139.767
139.755
139.743
139.729
139.714
139.697
139.679
139.66
139.639
139.616
139.591
139.563
139.534
139.501
139.466
139.429
139.387
139.343
139.295
139.243
139.188
139.128
139.064
138.995
138.922
138.844
138.762
138.674
138.582
138.486
138.385
138.28
138.171
138.058
137.943
137.824
137.704
137.582
137.459
137.336
137.214
137.092
136.972
136.854
136.74
136.629
136.522
136.421
136.325
136.241
136.151
)
;
    }
    outlet
    {
        type            freestreamPressure;
        value           nonuniform List<scalar> 
96
(
135.408
135.402
135.396
135.389
135.382
135.375
135.367
135.358
135.349
135.34
135.33
135.319
135.308
135.296
135.284
135.271
135.257
135.242
135.227
135.211
135.195
135.178
135.16
135.142
135.125
135.108
135.092
135.078
135.068
135.066
135.076
135.093
135.093
135.03
134.871
134.642
134.429
134.311
134.293
134.321
134.341
134.332
134.304
134.27
134.238
134.205
134.181
134.139
136.151
136.136
136.109
136.077
136.045
136.016
135.991
135.971
135.955
135.942
135.929
135.916
135.902
135.885
135.867
135.848
135.828
135.807
135.786
135.765
135.745
135.724
135.705
135.686
135.667
135.65
135.633
135.616
135.601
135.586
135.571
135.558
135.545
135.533
135.521
135.51
135.499
135.489
135.48
135.471
135.462
135.454
135.447
135.439
135.432
135.426
135.42
135.414
)
;
    }
    walls
    {
        type            zeroGradient;
    }
    frontAndBack
    {
        type            empty;
    }
}


// ************************************************************************* //
