/*--------------------------------*- C++ -*----------------------------------*\
| =========                 |                                                 |
| \\      /  F ield         | OpenFOAM: The Open Source CFD Toolbox           |
|  \\    /   O peration     | Version:  5.x                                   |
|   \\  /    A nd           | Web:      www.OpenFOAM.org                      |
|    \\/     M anipulation  |                                                 |
\*---------------------------------------------------------------------------*/
FoamFile
{
    version     2.0;
    format      ascii;
    class       volScalarField;
    location    "1350";
    object      p;
}
// * * * * * * * * * * * * * * * * * * * * * * * * * * * * * * * * * * * * * //

dimensions      [0 2 -2 0 0 0 0];

internalField   nonuniform List<scalar> 
11040
(
-0.00260804
-99.7355
-337.069
-401.18
-422.365
-435.341
-436.795
-426.497
-407.828
-381.896
-348.213
-296.468
-246.656
-211.178
-186.386
-159.956
-133.112
-107.756
-83.7521
-60.5846
-38.1654
-18.7998
-2.61698
12.5281
26.7148
39.9668
52.2796
63.6416
73.991
83.2282
91.2406
97.9082
103.176
107.11
109.912
111.838
112.628
112.048
111.722
115.211
115.271
36.5753
-59.9117
-212.479
-290.475
-331.384
-361.456
-379.289
-383.471
-376.489
-360.051
-334.366
-291.475
-246.301
-211.468
-186.13
-160.01
-133.474
-108.251
-84.3257
-61.222
-38.8439
-19.5261
-3.31289
11.8619
26.0805
39.3702
51.7282
63.1416
73.5513
82.8599
90.949
97.697
103.044
107.039
109.876
111.851
112.71
112.113
111.373
113.836
113.374
61.2536
-32.5013
-142.361
-234.016
-288.796
-325.029
-347.62
-356.287
-353.3
-340.638
-319.324
-283.74
-242.966
-208.959
-183.518
-158.391
-132.62
-107.79
-84.1379
-61.254
-39.0352
-19.7965
-3.62604
11.518
25.7177
39.0002
51.3632
62.7918
73.2283
82.5769
90.719
97.5317
102.945
106.998
109.875
111.889
112.812
112.27
111.386
113.05
112.237
78.6337
-5.13977
-87.3798
-171.035
-229.425
-270.859
-300.451
-317.069
-321.365
-315.172
-300.014
-272.176
-236.924
-204.865
-179.75
-155.735
-130.951
-106.719
-83.4919
-60.9517
-38.9885
-19.9162
-3.84436
11.2328
25.3861
38.6399
50.9914
62.4235
72.8789
82.2637
90.4594
97.3412
102.831
106.958
109.888
111.925
112.886
112.404
111.474
112.654
112.01
92.327
20.5648
-43.326
-114.928
-173.764
-218.796
-253.05
-275.641
-286.31
-286.344
-277.337
-257.133
-228.282
-199.19
-174.821
-151.955
-128.392
-104.992
-82.3594
-60.306
-38.7268
-19.9195
-4.01004
10.9461
25.0072
38.1938
50.5031
61.9154
72.374
81.7871
90.0377
97.0009
102.592
106.828
109.845
111.918
112.916
112.523
111.591
112.593
112.453
102.746
42.9566
-8.03485
-67.429
-121.971
-167.093
-203.665
-230.74
-247.186
-253.452
-250.816
-238.178
-216.31
-191.238
-168.36
-146.853
-124.762
-102.458
-80.6064
-59.1918
-38.1342
-19.6918
-4.02682
10.7352
24.6408
37.7049
49.924
61.2761
71.7058
81.1246
89.4188
96.4665
102.178
106.555
109.7
111.846
112.911
112.672
111.828
112.816
113.225
110.634
61.6495
20.237
-28.3122
-76.0021
-118.362
-154.812
-184.213
-204.947
-216.69
-220.158
-214.757
-200.173
-180.215
-159.877
-140.154
-119.821
-98.9176
-78.0894
-57.4985
-37.1197
-19.1617
-3.83898
10.6454
24.3216
37.1956
49.2628
60.5002
70.8547
80.2429
88.5577
95.6829
101.527
106.075
109.397
111.671
112.865
112.872
112.25
113.294
114.241
116.575
76.7332
42.7948
3.35773
-36.8076
-74.5041
-108.737
-138.274
-161.392
-177.227
-185.909
-186.967
-179.463
-165.369
-148.667
-131.375
-113.183
-94.0564
-74.5702
-55.0444
-35.5466
-18.2275
-3.36635
10.739
24.0961
36.6975
48.5356
59.5867
69.8013
79.1037
87.3974
94.5764
100.551
105.295
108.845
111.328
112.75
113.119
112.873
114.091
115.463
120.995
88.6135
60.6674
28.689
-4.39449
-36.6121
-67.1723
-94.9806
-118.509
-136.681
-149.186
-155.485
-154.302
-146.254
-134.053
-119.941
-104.371
-87.4589
-69.7122
-51.5631
-33.2002
-16.7113
-2.4582
11.1388
24.064
36.2924
47.8082
58.5851
68.577
77.7176
85.924
93.1061
99.1841
104.125
107.944
110.725
112.503
113.38
113.68
115.238
116.86
124.207
97.814
74.7293
48.7932
21.8746
-4.90515
-31.1126
-55.9538
-78.2382
-96.9648
-111.61
-121.575
-125.453
-122.979
-115.659
-105.363
-92.9202
-78.674
-63.1106
-46.7197
-29.8054
-14.38
-0.912211
12.0168
24.3714
36.1077
47.1948
57.5998
67.2774
76.1693
84.2067
91.3175
97.4383
102.541
106.634
109.779
112.029
113.551
114.56
116.614
118.413
126.476
104.863
85.7414
64.6765
42.9006
21.0232
-0.807131
-22.1136
-42.0544
-59.8669
-75.0259
-86.9564
-94.307
-96.3486
-93.648
-87.4308
-78.4953
-67.3085
-54.3551
-40.1357
-25.0363
-10.9547
1.51529
13.5862
25.2042
36.307
46.8442
56.7714
66.0407
74.5984
82.3865
89.3489
95.4389
100.64
104.968
108.48
111.243
113.461
115.262
117.893
119.983
128.024
110.234
94.3558
77.2098
59.6262
41.9248
24.0869
6.35095
-10.7455
-26.6917
-41.0862
-53.4539
-62.6434
-67.7812
-68.8465
-66.4401
-61.0742
-53.1595
-43.1326
-31.4556
-18.542
-6.11291
5.11562
16.1111
26.7995
37.1024
46.9476
56.276
65.0344
73.1706
80.6334
87.3778
93.3704
98.6045
103.106
106.933
110.157
112.989
115.513
118.645
121.204
129.045
114.333
101.118
87.1246
72.9181
58.6575
44.2462
29.7753
15.5579
1.91306
-10.916
-22.5933
-32.2267
-39.0089
-42.6432
-43.2878
-41.1244
-36.3813
-29.3717
-20.4623
-10.0293
0.45906
10.1991
19.8926
29.4446
38.7621
47.7535
56.3436
64.4722
72.0858
79.1373
85.5885
91.4144
96.6137
101.216
105.273
108.852
112.132
115.188
118.613
121.653
129.701
117.486
106.469
95.0173
83.5179
72.0416
60.466
48.8034
37.2241
25.912
14.9907
4.66157
-4.43392
-11.6535
-16.6386
-19.3135
-19.6223
-17.5966
-13.3865
-7.22241
0.611546
8.96679
17.0177
25.2118
33.4366
41.5881
49.5589
57.2609
64.6264
71.5998
78.1347
84.196
89.7622
94.8331
99.4349
103.607
107.4
110.942
114.303
117.804
121.077
130.116
119.944
110.751
101.356
92.0262
82.7841
73.5071
64.1711
54.8629
45.6796
36.6776
27.954
19.9421
13.1074
7.76101
4.05684
2.16114
2.17427
4.08877
7.81179
13.1758
19.377
25.6481
32.2251
38.9893
45.8338
52.6435
59.3213
65.7934
72.0022
77.9011
83.4554
88.6428
93.4591
97.9226
102.057
105.891
109.506
112.951
116.377
119.614
130.397
121.916
114.24
106.512
98.9221
91.4651
84.0298
76.5781
69.151
61.796
54.5315
47.3948
40.6649
34.6594
29.6084
25.6593
22.9948
21.766
22.0496
23.8544
27.1179
31.3516
35.9087
40.8777
46.1489
51.6225
57.1872
62.746
68.2238
73.5611
78.7102
83.6353
88.3118
92.7297
96.8968
100.821
104.512
108.013
111.356
114.599
117.659
130.66
123.583
117.174
110.806
104.615
98.5842
92.6145
86.6664
80.7569
74.9072
69.1164
63.3944
57.9139
52.8841
48.462
44.7595
41.929
40.1166
39.4259
39.9178
41.5986
44.2219
47.2899
50.8067
54.6825
58.833
63.1614
67.5804
72.0198
76.4227
80.7424
84.9421
88.994
92.8822
96.6048
100.158
103.537
106.764
109.852
112.819
115.625
130.896
124.933
119.525
114.209
109.092
104.145
99.2824
94.4689
89.7099
85.0145
80.3751
75.7921
71.3743
67.256
63.5409
60.3068
57.667
55.7391
54.6194
54.3806
55.0596
56.5592
58.5173
60.9018
63.6464
66.6853
69.9409
73.3408
76.825
80.3431
83.8525
87.3179
90.7113
94.0131
97.215
100.305
103.273
106.126
108.866
111.495
113.995
131.092
125.99
121.357
116.844
112.539
108.407
104.372
100.404
96.5026
92.6701
88.8969
85.1794
81.5908
78.2207
75.1365
72.3924
70.0693
68.255
67.0271
66.4518
66.5723
67.3696
68.5828
70.1709
72.0881
74.2852
76.7022
79.2823
81.9768
84.7435
87.5457
90.3519
93.1358
95.8774
98.5652
101.184
103.721
106.175
108.545
110.823
113
131.274
126.854
122.834
118.95
115.274
111.767
108.364
105.038
101.786
98.6065
95.4911
92.4345
89.4877
86.713
84.155
81.851
79.8588
78.2421
77.0601
76.3664
76.2003
76.5792
77.3122
78.3612
79.6959
81.2797
83.0671
85.0148
87.0844
89.2421
91.4572
93.703
95.9563
98.1985
100.417
102.598
104.726
106.798
108.81
110.75
112.616
131.451
127.582
124.06
120.68
117.504
114.491
111.584
108.758
106.011
103.339
100.734
98.1915
95.7468
93.4452
91.3171
89.3877
87.699
86.2971
85.2256
84.526
84.2302
84.3695
84.8002
85.4911
86.4227
87.5675
88.8913
90.3612
91.9477
93.624
95.3654
97.1498
98.9578
100.773
102.584
104.377
106.138
107.864
109.549
111.182
112.76
131.625
128.212
125.1
122.133
119.362
116.747
114.237
111.811
109.465
107.195
104.993
102.856
100.809
98.8848
97.1057
95.4884
94.0636
92.8647
91.9236
91.2712
90.9322
90.9404
91.1844
91.6401
92.2954
93.1293
94.1156
95.2293
96.448
97.7505
99.1174
100.531
101.975
103.435
104.903
106.365
107.81
109.235
110.632
111.994
113.316
131.797
128.765
125.997
123.373
120.936
118.647
116.461
114.36
112.338
110.392
108.515
106.702
104.973
103.354
101.858
100.499
99.2979
98.2795
97.467
96.8833
96.5465
96.488
96.6187
96.9211
97.3877
98.0021
98.7437
99.5937
100.535
101.55
102.625
103.745
104.897
106.069
107.254
108.441
109.621
110.79
111.942
113.07
114.17
131.967
129.256
126.78
124.445
122.287
120.27
118.352
116.518
114.762
113.081
111.467
109.918
108.449
107.076
105.813
104.666
103.653
102.79
102.096
101.585
101.273
101.185
101.248
101.451
101.789
102.248
102.812
103.467
104.199
104.995
105.844
106.733
107.654
108.595
109.552
110.514
111.475
112.431
113.377
114.308
115.219
132.132
129.696
127.47
125.38
123.459
121.669
119.976
118.365
116.831
115.369
113.973
112.641
111.383
110.214
109.141
108.17
107.313
106.583
105.993
105.553
105.274
105.178
105.202
105.34
105.589
105.938
106.373
106.883
107.457
108.087
108.761
109.471
110.208
110.967
111.74
112.52
113.303
114.085
114.862
115.628
116.381
132.292
130.093
128.082
126.203
124.483
122.888
121.385
119.962
118.613
117.334
116.121
114.968
113.886
112.885
111.97
111.145
110.419
109.801
109.3
108.925
108.682
108.588
108.591
108.687
108.874
109.143
109.483
109.885
110.341
110.842
111.382
111.952
112.546
113.159
113.786
114.421
115.06
115.7
116.337
116.969
117.591
132.447
130.452
128.628
126.931
125.384
123.955
122.615
121.352
120.161
119.037
117.976
116.974
116.039
115.178
114.394
113.691
113.074
112.551
112.127
111.809
111.6
111.514
111.507
111.575
111.719
111.93
112.2
112.52
112.886
113.289
113.723
114.184
114.666
115.164
115.675
116.193
116.716
117.241
117.766
118.288
118.801
132.595
130.778
129.117
127.578
126.181
124.896
123.695
122.569
121.513
120.521
119.589
118.716
117.904
117.16
116.487
115.886
115.361
114.917
114.559
114.289
114.112
114.037
114.025
114.075
114.189
114.357
114.574
114.833
115.129
115.456
115.809
116.184
116.577
116.984
117.402
117.827
118.257
118.69
119.122
119.554
119.979
132.736
131.075
129.557
128.156
126.889
125.728
124.648
123.641
122.7
121.821
121.001
120.236
119.529
118.884
118.304
117.789
117.342
116.965
116.662
116.435
116.286
116.222
116.209
116.248
116.339
116.476
116.653
116.864
117.106
117.373
117.663
117.971
118.293
118.628
118.971
119.322
119.676
120.034
120.392
120.751
121.103
132.869
131.346
129.953
128.672
127.52
126.467
125.493
124.588
123.747
122.966
122.241
121.569
120.951
120.392
119.891
119.448
119.066
118.746
118.49
118.3
118.175
118.122
118.11
118.141
118.216
118.329
118.475
118.65
118.849
119.07
119.309
119.563
119.83
120.106
120.39
120.681
120.975
121.271
121.569
121.868
122.161
132.995
131.592
130.31
129.136
128.083
127.125
126.243
125.427
124.674
123.978
123.335
122.743
122.202
121.715
121.282
120.901
120.574
120.303
120.087
119.927
119.824
119.78
119.771
119.797
119.86
119.955
120.077
120.222
120.388
120.572
120.77
120.982
121.203
121.433
121.67
121.911
122.156
122.403
122.652
122.901
123.146
133.114
131.816
130.632
129.551
128.586
127.712
126.91
126.173
125.496
124.874
124.303
123.78
123.306
122.881
122.505
122.178
121.899
121.668
121.486
121.353
121.267
121.233
121.226
121.249
121.303
121.384
121.486
121.609
121.748
121.902
122.068
122.245
122.43
122.622
122.82
123.022
123.226
123.433
123.641
123.85
124.056
133.225
132.02
130.922
129.924
129.036
128.235
127.505
126.837
126.226
125.669
125.161
124.698
124.282
123.911
123.585
123.303
123.065
122.869
122.716
122.605
122.536
122.509
122.505
122.526
122.573
122.642
122.73
122.833
122.951
123.081
123.221
123.37
123.525
123.686
123.852
124.022
124.193
124.367
124.542
124.718
124.89
133.328
132.206
131.184
130.259
129.439
128.703
128.035
127.427
126.876
126.376
125.922
125.513
125.147
124.823
124.54
124.297
124.094
123.928
123.8
123.708
123.652
123.633
123.631
123.651
123.692
123.752
123.828
123.917
124.017
124.127
124.246
124.371
124.503
124.639
124.778
124.921
125.066
125.212
125.359
125.507
125.653
133.423
132.373
131.419
130.558
129.798
129.119
128.506
127.953
127.454
127.003
126.599
126.236
125.913
125.631
125.386
125.177
125.003
124.864
124.757
124.682
124.637
124.624
124.625
124.644
124.681
124.734
124.799
124.875
124.961
125.055
125.156
125.263
125.374
125.489
125.607
125.728
125.85
125.974
126.098
126.223
126.346
133.511
132.524
131.629
130.825
130.118
129.49
128.926
128.42
127.967
127.561
127.199
126.877
126.594
126.347
126.135
125.956
125.809
125.691
125.603
125.542
125.508
125.499
125.503
125.521
125.555
125.602
125.659
125.726
125.8
125.88
125.967
126.058
126.152
126.25
126.35
126.452
126.556
126.66
126.765
126.871
126.975
133.592
132.66
131.817
131.063
130.402
129.818
129.298
128.834
128.422
128.056
127.732
127.446
127.197
126.982
126.799
126.646
126.521
126.423
126.351
126.302
126.276
126.273
126.279
126.297
126.328
126.37
126.42
126.478
126.542
126.612
126.686
126.764
126.845
126.928
127.013
127.1
127.187
127.276
127.365
127.455
127.542
133.665
132.781
131.983
131.272
130.653
130.108
129.626
129.2
128.824
128.493
128.203
127.95
127.731
127.544
127.387
127.256
127.152
127.071
127.013
126.975
126.956
126.957
126.965
126.983
127.012
127.05
127.095
127.146
127.203
127.263
127.327
127.394
127.463
127.534
127.607
127.68
127.755
127.83
127.906
127.982
128.055
133.731
132.887
132.128
131.456
130.872
130.361
129.913
129.52
129.177
128.878
128.618
128.394
128.202
128.04
127.905
127.796
127.709
127.643
127.596
127.568
127.556
127.56
127.57
127.588
127.616
127.65
127.691
127.736
127.785
127.838
127.893
127.951
128.01
128.071
128.133
128.196
128.259
128.323
128.387
128.451
128.514
133.79
132.98
132.254
131.614
131.061
130.581
130.163
129.799
129.485
129.214
128.982
128.783
128.616
128.476
128.362
128.27
128.199
128.147
128.111
128.092
128.086
128.093
128.106
128.125
128.151
128.184
128.221
128.261
128.305
128.351
128.399
128.449
128.501
128.553
128.606
128.66
128.714
128.768
128.822
128.877
128.929
133.841
133.06
132.362
131.75
131.223
130.769
130.377
130.039
129.751
129.505
129.297
129.122
128.976
128.857
128.761
128.686
128.629
128.588
128.562
128.55
128.549
128.559
128.573
128.592
128.617
128.647
128.681
128.717
128.756
128.797
128.84
128.883
128.928
128.973
129.018
129.064
129.11
129.157
129.203
129.249
129.293
133.886
133.127
132.452
131.862
131.357
130.926
130.556
130.242
129.977
129.754
129.568
129.414
129.288
129.187
129.108
129.048
129.004
128.975
128.958
128.954
128.958
128.972
128.989
129.01
129.036
129.065
129.097
129.13
129.166
129.203
129.24
129.278
129.317
129.356
129.396
129.435
129.474
129.513
129.552
129.591
129.629
133.923
133.181
132.523
131.951
131.465
131.052
130.703
130.409
130.165
129.962
129.796
129.661
129.554
129.469
129.405
129.358
129.326
129.306
129.297
129.297
129.306
129.322
129.339
129.361
129.386
129.413
129.443
129.474
129.506
129.539
129.572
129.606
129.64
129.675
129.709
129.743
129.777
129.81
129.844
129.877
129.909
133.954
133.222
132.576
132.018
131.546
131.149
130.817
130.541
130.315
130.131
129.983
129.866
129.775
129.707
129.657
129.624
129.604
129.596
129.596
129.605
129.62
129.641
129.663
129.687
129.714
129.743
129.772
129.802
129.833
129.863
129.894
129.924
129.955
129.985
130.014
130.044
130.072
130.101
130.129
130.157
130.183
133.978
133.252
132.615
132.067
131.605
131.22
130.901
130.64
130.429
130.261
130.13
130.029
129.954
129.899
129.863
129.84
129.828
129.826
129.832
129.844
129.862
129.884
129.907
129.932
129.958
129.986
130.014
130.042
130.07
130.099
130.127
130.154
130.182
130.209
130.235
130.261
130.286
130.311
130.336
130.36
130.383
133.995
133.27
132.636
132.094
131.639
131.263
130.956
130.707
130.51
130.356
130.239
130.153
130.093
130.054
130.032
130.025
130.029
130.041
130.06
130.083
130.11
130.139
130.168
130.198
130.228
130.258
130.288
130.317
130.345
130.373
130.4
130.426
130.451
130.475
130.498
130.521
130.543
130.564
130.584
130.604
130.622
134.003
133.266
132.628
132.084
131.633
131.264
130.966
130.73
130.547
130.407
130.305
130.232
130.184
130.155
130.142
130.14
130.148
130.163
130.185
130.211
130.24
130.27
130.3
130.331
130.361
130.391
130.42
130.449
130.476
130.503
130.528
130.552
130.576
130.598
130.62
130.64
130.66
130.679
130.697
130.714
130.731
134
133.246
132.594
132.044
131.59
131.223
130.931
130.705
130.534
130.409
130.323
130.27
130.243
130.237
130.248
130.272
130.305
130.343
130.385
130.427
130.468
130.509
130.547
130.585
130.621
130.656
130.688
130.719
130.748
130.776
130.801
130.825
130.848
130.869
130.889
130.908
130.926
130.942
130.958
130.972
130.987
125.736
133.171
139.071
142.364
144.22
145.368
145.928
146.066
145.94
145.642
145.239
144.776
144.283
143.783
143.288
142.807
142.345
141.907
141.492
141.102
140.737
140.395
140.075
139.777
139.499
139.241
139
138.776
138.567
138.373
138.191
138.022
137.864
137.716
137.577
137.447
137.324
137.209
137.1
136.997
136.901
136.81
136.724
136.644
136.568
136.496
136.428
136.364
136.304
136.246
136.192
136.14
136.09
136.043
135.998
135.954
135.913
135.872
135.834
135.796
135.759
135.724
135.689
135.656
135.623
135.591
135.56
135.53
135.5
135.474
135.446
135.429
135.394
135.406
124.726
132.722
138.888
142.414
144.367
145.519
146.054
146.162
146.007
145.685
145.261
144.781
144.276
143.765
143.262
142.775
142.31
141.869
141.452
141.061
140.695
140.353
140.034
139.737
139.46
139.202
138.962
138.739
138.532
138.339
138.159
137.991
137.834
137.688
137.55
137.421
137.299
137.185
137.077
136.975
136.88
136.79
136.705
136.625
136.55
136.479
136.412
136.348
136.289
136.232
136.178
136.126
136.077
136.031
135.986
135.943
135.902
135.862
135.823
135.786
135.75
135.715
135.681
135.647
135.615
135.583
135.552
135.523
135.493
135.467
135.439
135.422
135.388
135.4
123.975
131.532
138.35
142.328
144.462
145.663
146.192
146.274
146.087
145.734
145.286
144.787
144.265
143.743
143.231
142.738
142.268
141.823
141.405
141.013
140.647
140.305
139.986
139.69
139.414
139.158
138.919
138.698
138.492
138.301
138.122
137.956
137.801
137.656
137.519
137.391
137.271
137.158
137.051
136.951
136.856
136.767
136.683
136.604
136.53
136.46
136.394
136.331
136.272
136.216
136.163
136.112
136.064
136.017
135.973
135.931
135.89
135.851
135.813
135.776
135.74
135.705
135.672
135.639
135.606
135.575
135.544
135.515
135.486
135.46
135.432
135.416
135.382
135.394
123.577
130.509
137.649
142.059
144.457
145.752
146.303
146.379
146.169
145.788
145.313
144.791
144.251
143.715
143.193
142.693
142.218
141.77
141.349
140.956
140.59
140.248
139.931
139.636
139.361
139.107
138.87
138.651
138.447
138.257
138.081
137.916
137.763
137.619
137.485
137.358
137.24
137.128
137.022
136.923
136.83
136.742
136.659
136.582
136.508
136.439
136.374
136.312
136.254
136.199
136.146
136.096
136.048
136.003
135.959
135.917
135.877
135.838
135.801
135.765
135.729
135.695
135.662
135.629
135.597
135.566
135.536
135.507
135.478
135.453
135.425
135.409
135.375
135.387
123.694
130.121
137.073
141.656
144.314
145.754
146.356
146.441
146.223
145.827
145.332
144.788
144.23
143.679
143.146
142.637
142.156
141.705
141.283
140.889
140.523
140.182
139.866
139.572
139.3
139.047
138.813
138.596
138.394
138.207
138.033
137.871
137.719
137.578
137.445
137.321
137.204
137.094
136.99
136.893
136.801
136.714
136.633
136.557
136.484
136.416
136.352
136.292
136.234
136.18
136.128
136.079
136.032
135.987
135.944
135.903
135.864
135.825
135.788
135.753
135.718
135.684
135.651
135.619
135.587
135.557
135.527
135.498
135.47
135.445
135.417
135.401
135.368
135.38
124.07
130.226
136.788
141.308
144.081
145.643
146.326
146.442
146.223
145.816
145.313
144.76
144.191
143.628
143.084
142.568
142.081
141.627
141.203
140.808
140.443
140.103
139.789
139.497
139.228
138.978
138.747
138.532
138.333
138.149
137.978
137.818
137.67
137.531
137.401
137.279
137.164
137.056
136.954
136.858
136.768
136.683
136.604
136.529
136.458
136.391
136.328
136.269
136.213
136.159
136.108
136.06
136.014
135.97
135.928
135.888
135.849
135.811
135.775
135.74
135.705
135.672
135.64
135.608
135.577
135.547
135.517
135.489
135.461
135.436
135.409
135.393
135.36
135.373
124.568
130.59
136.741
141.137
143.873
145.455
146.197
146.364
146.162
145.75
145.236
144.677
144.105
143.541
142.996
142.476
141.986
141.529
141.105
140.711
140.346
140.009
139.698
139.409
139.143
138.897
138.669
138.458
138.263
138.082
137.914
137.758
137.613
137.477
137.35
137.231
137.118
137.013
136.913
136.82
136.732
136.649
136.571
136.497
136.428
136.363
136.302
136.244
136.188
136.136
136.087
136.04
135.994
135.951
135.91
135.871
135.833
135.796
135.76
135.726
135.692
135.659
135.628
135.596
135.566
135.536
135.507
135.479
135.452
135.427
135.401
135.385
135.352
135.365
125.247
131.017
136.746
141.053
143.734
145.264
146.006
146.202
146.027
145.628
145.11
144.54
143.96
143.395
142.854
142.341
141.858
141.405
140.982
140.591
140.23
139.896
139.588
139.304
139.042
138.801
138.577
138.371
138.181
138.004
137.841
137.689
137.547
137.415
137.291
137.175
137.066
136.964
136.867
136.776
136.69
136.609
136.534
136.462
136.395
136.332
136.272
136.215
136.162
136.111
136.063
136.017
135.973
135.931
135.891
135.852
135.815
135.779
135.744
135.71
135.678
135.646
135.614
135.584
135.554
135.525
135.496
135.469
135.442
135.418
135.391
135.376
135.344
135.356
126.219
131.449
136.607
140.85
143.546
145.062
145.791
145.987
145.825
145.438
144.93
144.359
143.771
143.198
142.653
142.144
141.67
141.23
140.82
140.439
140.085
139.758
139.456
139.178
138.922
138.686
138.469
138.269
138.084
137.913
137.754
137.608
137.471
137.343
137.224
137.112
137.006
136.907
136.814
136.726
136.643
136.565
136.492
136.423
136.358
136.296
136.239
136.184
136.132
136.083
136.036
135.992
135.949
135.908
135.869
135.832
135.796
135.761
135.727
135.694
135.662
135.631
135.6
135.57
135.541
135.512
135.484
135.458
135.431
135.407
135.382
135.366
135.335
135.348
127.371
131.815
136.242
140.355
143.105
144.671
145.462
145.709
145.573
145.194
144.688
144.122
143.539
142.965
142.417
141.902
141.428
140.994
140.597
140.232
139.895
139.583
139.293
139.024
138.777
138.549
138.34
138.147
137.969
137.805
137.653
137.513
137.382
137.26
137.146
137.038
136.937
136.842
136.753
136.668
136.589
136.514
136.444
136.378
136.315
136.257
136.201
136.149
136.099
136.052
136.007
135.964
135.923
135.884
135.846
135.81
135.775
135.741
135.708
135.676
135.645
135.615
135.585
135.556
135.527
135.499
135.472
135.446
135.42
135.396
135.371
135.356
135.326
135.338
128.185
131.857
135.5
139.362
142.198
143.882
144.798
145.182
145.162
144.863
144.397
143.848
143.268
142.693
142.144
141.628
141.154
140.72
140.325
139.968
139.645
139.35
139.08
138.83
138.598
138.383
138.184
138.001
137.833
137.677
137.534
137.401
137.277
137.162
137.054
136.953
136.857
136.767
136.682
136.602
136.527
136.456
136.389
136.327
136.267
136.212
136.159
136.109
136.062
136.016
135.974
135.933
135.893
135.856
135.82
135.785
135.751
135.719
135.687
135.656
135.626
135.597
135.568
135.54
135.512
135.485
135.458
135.433
135.407
135.385
135.36
135.345
135.315
135.328
128.098
131.229
134.223
137.672
140.504
142.359
143.494
144.119
144.328
144.223
143.908
143.465
142.95
142.405
141.863
141.344
140.863
140.423
140.025
139.669
139.351
139.066
138.809
138.578
138.367
138.172
137.992
137.824
137.669
137.525
137.392
137.269
137.154
137.047
136.947
136.853
136.764
136.68
136.601
136.526
136.455
136.389
136.327
136.268
136.213
136.16
136.111
136.064
136.019
135.977
135.936
135.898
135.861
135.825
135.791
135.758
135.726
135.695
135.664
135.635
135.606
135.578
135.55
135.523
135.496
135.47
135.444
135.419
135.394
135.372
135.348
135.334
135.305
135.317
127.068
129.837
132.402
135.349
137.983
139.92
141.275
142.192
142.728
142.939
142.9
142.685
142.353
141.947
141.503
141.043
140.588
140.15
139.744
139.374
139.045
138.754
138.499
138.276
138.08
137.905
137.746
137.6
137.465
137.339
137.221
137.111
137.008
136.912
136.821
136.736
136.655
136.578
136.506
136.437
136.373
136.312
136.255
136.201
136.15
136.102
136.056
136.013
135.971
135.932
135.894
135.858
135.824
135.791
135.758
135.727
135.697
135.668
135.639
135.611
135.584
135.557
135.53
135.504
135.478
135.453
135.428
135.404
135.38
135.359
135.335
135.322
135.293
135.306
125.301
127.777
130.074
132.597
134.958
136.876
138.366
139.505
140.323
140.851
141.136
141.23
141.178
141.014
140.771
140.474
140.145
139.802
139.456
139.116
138.791
138.488
138.214
137.975
137.769
137.594
137.446
137.319
137.206
137.104
137.009
136.919
136.833
136.75
136.672
136.597
136.526
136.458
136.394
136.334
136.276
136.222
136.171
136.123
136.077
136.034
135.993
135.954
135.917
135.881
135.847
135.814
135.782
135.752
135.722
135.693
135.665
135.638
135.611
135.585
135.559
135.534
135.509
135.484
135.459
135.435
135.411
135.388
135.365
135.344
135.321
135.308
135.281
135.294
123.045
125.274
127.385
129.606
131.722
133.562
135.109
136.388
137.412
138.19
138.751
139.128
139.354
139.459
139.467
139.4
139.274
139.103
138.901
138.679
138.445
138.207
137.971
137.742
137.526
137.33
137.16
137.019
136.904
136.812
136.737
136.672
136.611
136.552
136.493
136.434
136.375
136.318
136.264
136.212
136.163
136.117
136.074
136.033
135.993
135.956
135.921
135.887
135.854
135.823
135.793
135.763
135.735
135.708
135.681
135.655
135.63
135.605
135.58
135.556
135.532
135.508
135.485
135.461
135.438
135.415
135.392
135.37
135.348
135.329
135.307
135.294
135.268
135.282
120.555
122.58
124.529
126.523
128.439
130.18
131.727
133.083
134.245
135.212
135.994
136.609
137.078
137.421
137.661
137.814
137.899
137.928
137.911
137.857
137.772
137.663
137.536
137.397
137.25
137.1
136.95
136.804
136.67
136.553
136.458
136.385
136.33
136.289
136.254
136.221
136.187
136.15
136.111
136.072
136.033
135.996
135.961
135.928
135.896
135.866
135.837
135.809
135.782
135.756
135.731
135.706
135.682
135.658
135.635
135.612
135.59
135.567
135.545
135.523
135.502
135.48
135.458
135.437
135.415
135.394
135.372
135.352
135.331
135.312
135.291
135.279
135.254
135.269
118.103
119.938
121.724
123.524
125.265
126.897
128.403
129.78
131.016
132.106
133.051
133.854
134.528
135.081
135.528
135.883
136.158
136.367
136.521
136.63
136.701
136.74
136.752
136.741
136.709
136.66
136.598
136.526
136.448
136.364
136.278
136.193
136.115
136.05
136
135.965
135.94
135.923
135.907
135.89
135.872
135.851
135.828
135.806
135.783
135.762
135.74
135.72
135.699
135.679
135.659
135.64
135.621
135.601
135.582
135.563
135.544
135.525
135.506
135.487
135.468
135.449
135.429
135.41
135.39
135.37
135.35
135.331
135.311
135.294
135.274
135.263
135.239
135.255
116.116
117.756
119.37
120.983
122.557
124.064
125.492
126.834
128.08
129.222
130.255
131.178
131.994
132.706
133.32
133.844
134.287
134.657
134.965
135.218
135.424
135.592
135.726
135.832
135.913
135.971
136.007
136.024
136.024
136.01
135.984
135.951
135.911
135.868
135.822
135.778
135.74
135.712
135.694
135.684
135.679
135.676
135.671
135.664
135.655
135.644
135.632
135.619
135.606
135.593
135.58
135.567
135.553
135.539
135.524
135.509
135.494
135.479
135.463
135.447
135.431
135.415
135.398
135.38
135.363
135.345
135.327
135.309
135.291
135.274
135.256
135.246
135.223
135.24
114.806
116.247
117.678
119.106
120.512
121.881
123.203
124.471
125.676
126.809
127.866
128.841
129.732
130.54
131.266
131.912
132.482
132.983
133.418
133.796
134.121
134.399
134.637
134.839
135.01
135.154
135.273
135.37
135.447
135.505
135.546
135.573
135.588
135.592
135.59
135.581
135.568
135.551
135.533
135.517
135.507
135.502
135.504
135.508
135.512
135.515
135.514
135.512
135.507
135.502
135.495
135.488
135.48
135.471
135.462
135.452
135.441
135.43
135.418
135.405
135.392
135.378
135.364
135.349
135.333
135.318
135.301
135.285
135.269
135.254
135.237
135.228
135.207
135.225
114.145
115.387
116.631
117.877
119.113
120.333
121.53
122.695
123.821
124.903
125.933
126.906
127.819
128.668
129.451
130.169
130.823
131.414
131.945
132.419
132.84
133.213
133.542
133.83
134.082
134.302
134.492
134.658
134.8
134.922
135.025
135.111
135.181
135.237
135.281
135.313
135.337
135.352
135.362
135.366
135.365
135.362
135.359
135.36
135.366
135.375
135.385
135.394
135.4
135.404
135.405
135.404
135.403
135.4
135.395
135.39
135.384
135.377
135.369
135.36
135.35
135.339
135.328
135.315
135.302
135.289
135.275
135.26
135.245
135.232
135.216
135.209
135.189
135.209
114.045
115.093
116.153
117.22
118.289
119.356
120.414
121.459
122.484
123.484
124.453
125.384
126.275
127.121
127.919
128.666
129.362
130.006
130.597
131.139
131.631
132.077
132.479
132.839
133.162
133.449
133.704
133.93
134.129
134.304
134.459
134.595
134.714
134.818
134.908
134.984
135.048
135.099
135.141
135.174
135.199
135.217
135.229
135.237
135.242
135.248
135.257
135.269
135.283
135.296
135.307
135.315
135.32
135.324
135.325
135.325
135.324
135.321
135.317
135.312
135.305
135.298
135.289
135.28
135.269
135.258
135.246
135.234
135.221
135.208
135.194
135.188
135.17
135.193
114.387
115.257
116.143
117.041
117.949
118.865
119.784
120.7
121.611
122.511
123.395
124.259
125.098
125.908
126.685
127.426
128.13
128.792
129.414
129.993
130.53
131.025
131.48
131.896
132.275
132.618
132.928
133.208
133.458
133.683
133.883
134.062
134.222
134.365
134.493
134.607
134.708
134.796
134.873
134.938
134.991
135.035
135.071
135.099
135.121
135.137
135.149
135.159
135.171
135.185
135.201
135.217
135.231
135.242
135.25
135.256
135.26
135.262
135.262
135.261
135.258
135.254
135.249
135.242
135.235
135.226
135.216
135.206
135.194
135.184
135.171
135.167
135.149
135.176
115.057
115.768
116.497
117.242
118.002
118.775
119.557
120.346
121.138
121.93
122.717
123.497
124.264
125.015
125.747
126.456
127.139
127.793
128.416
129.006
129.563
130.085
130.573
131.025
131.444
131.83
132.184
132.507
132.802
133.069
133.312
133.53
133.728
133.906
134.067
134.211
134.342
134.46
134.566
134.661
134.744
134.817
134.878
134.93
134.973
135.007
135.035
135.057
135.075
135.089
135.103
135.118
135.135
135.153
135.168
135.181
135.191
135.199
135.204
135.207
135.208
135.208
135.206
135.202
135.198
135.191
135.184
135.176
135.166
135.158
135.147
135.144
135.127
135.158
115.951
116.526
117.118
117.728
118.355
118.998
119.654
120.322
120.998
121.681
122.368
123.055
123.74
124.419
125.089
125.746
126.388
127.012
127.615
128.195
128.749
129.277
129.777
130.249
130.691
131.104
131.488
131.845
132.173
132.476
132.753
133.007
133.238
133.449
133.64
133.814
133.972
134.115
134.245
134.363
134.47
134.566
134.652
134.728
134.794
134.85
134.898
134.937
134.969
134.995
135.016
135.033
135.049
135.065
135.083
135.1
135.117
135.131
135.142
135.15
135.155
135.159
135.16
135.16
135.158
135.155
135.15
135.144
135.137
135.13
135.12
135.12
135.104
135.141
116.984
117.443
117.919
118.413
118.925
119.454
119.997
120.554
121.123
121.703
122.292
122.886
123.485
124.085
124.683
125.278
125.866
126.444
127.01
127.562
128.097
128.612
129.108
129.581
130.031
130.457
130.858
131.235
131.587
131.915
132.22
132.501
132.761
132.999
133.218
133.419
133.602
133.769
133.922
134.061
134.187
134.303
134.408
134.503
134.589
134.666
134.734
134.792
134.842
134.883
134.918
134.946
134.97
134.989
135.006
135.023
135.04
135.058
135.074
135.088
135.099
135.107
135.113
135.116
135.117
135.117
135.114
135.111
135.106
135.101
135.093
135.094
135.079
135.123
118.086
118.452
118.83
119.228
119.643
120.073
120.518
120.977
121.45
121.936
122.432
122.939
123.453
123.973
124.498
125.024
125.551
126.074
126.593
127.104
127.605
128.095
128.571
129.032
129.475
129.901
130.306
130.691
131.056
131.4
131.722
132.023
132.304
132.565
132.807
133.031
133.237
133.426
133.6
133.759
133.905
134.038
134.159
134.27
134.372
134.464
134.549
134.625
134.692
134.751
134.801
134.844
134.879
134.909
134.933
134.953
134.971
134.988
135.005
135.022
135.038
135.051
135.061
135.069
135.074
135.076
135.077
135.075
135.072
135.07
135.063
135.067
135.051
135.106
119.209
119.498
119.797
120.115
120.449
120.797
121.158
121.534
121.923
122.325
122.739
123.164
123.6
124.044
124.496
124.954
125.416
125.881
126.346
126.809
127.268
127.722
128.168
128.605
129.03
129.443
129.841
130.224
130.59
130.939
131.271
131.584
131.879
132.155
132.414
132.656
132.88
133.089
133.281
133.459
133.623
133.773
133.911
134.037
134.153
134.258
134.355
134.444
134.525
134.599
134.664
134.722
134.772
134.815
134.85
134.88
134.905
134.925
134.942
134.959
134.975
134.991
135.006
135.018
135.027
135.033
135.037
135.038
135.038
135.037
135.032
135.038
135.02
135.09
120.316
120.543
120.779
121.032
121.3
121.579
121.871
122.176
122.493
122.823
123.165
123.519
123.883
124.258
124.642
125.035
125.434
125.839
126.248
126.66
127.072
127.484
127.893
128.298
128.696
129.087
129.468
129.839
130.197
130.543
130.874
131.191
131.492
131.778
132.048
132.302
132.54
132.763
132.971
133.164
133.343
133.509
133.662
133.803
133.933
134.052
134.161
134.261
134.353
134.437
134.514
134.585
134.648
134.704
134.753
134.794
134.829
134.858
134.882
134.902
134.918
134.934
134.949
134.963
134.977
134.987
134.994
134.999
135.001
135.002
134.999
135.007
134.986
135.076
121.382
121.561
121.746
121.948
122.161
122.385
122.619
122.865
123.123
123.392
123.672
123.963
124.266
124.579
124.902
125.234
125.574
125.922
126.277
126.637
127.001
127.368
127.735
128.103
128.468
128.831
129.188
129.539
129.882
130.216
130.539
130.852
131.152
131.44
131.714
131.975
132.221
132.454
132.673
132.879
133.071
133.25
133.416
133.571
133.714
133.845
133.967
134.078
134.181
134.275
134.361
134.44
134.513
134.58
134.64
134.693
134.74
134.78
134.813
134.841
134.863
134.882
134.897
134.911
134.925
134.937
134.948
134.957
134.962
134.966
134.963
134.975
134.947
135.066
122.393
122.533
122.679
122.838
123.009
123.188
123.376
123.573
123.781
124
124.228
124.467
124.715
124.974
125.243
125.521
125.809
126.104
126.408
126.718
127.035
127.356
127.682
128.01
128.339
128.668
128.996
129.322
129.643
129.959
130.269
130.57
130.863
131.147
131.419
131.681
131.931
132.169
132.395
132.609
132.81
132.999
133.176
133.342
133.496
133.639
133.772
133.894
134.008
134.112
134.207
134.295
134.376
134.451
134.519
134.581
134.638
134.688
134.732
134.77
134.801
134.826
134.847
134.864
134.877
134.89
134.901
134.911
134.919
134.927
134.926
134.941
134.902
135.064
123.339
123.449
123.563
123.69
123.826
123.969
124.119
124.278
124.446
124.622
124.807
125.002
125.205
125.418
125.641
125.872
126.112
126.361
126.618
126.883
127.154
127.433
127.716
128.005
128.297
128.592
128.888
129.184
129.48
129.773
130.063
130.349
130.629
130.902
131.168
131.425
131.674
131.912
132.14
132.358
132.565
132.761
132.946
133.12
133.283
133.436
133.578
133.711
133.834
133.948
134.053
134.15
134.239
134.321
134.396
134.466
134.529
134.588
134.64
134.687
134.728
134.762
134.791
134.814
134.832
134.846
134.857
134.867
134.875
134.885
134.885
134.905
134.849
135.074
124.217
124.304
124.393
124.494
124.603
124.717
124.837
124.964
125.099
125.241
125.391
125.549
125.715
125.89
126.072
126.263
126.463
126.67
126.886
127.11
127.341
127.579
127.823
128.074
128.329
128.589
128.853
129.119
129.386
129.654
129.921
130.187
130.449
130.708
130.962
131.211
131.452
131.687
131.913
132.131
132.339
132.539
132.728
132.908
133.078
133.238
133.389
133.53
133.661
133.784
133.898
134.004
134.101
134.191
134.274
134.35
134.42
134.484
134.543
134.597
134.645
134.688
134.725
134.756
134.781
134.8
134.815
134.826
134.834
134.843
134.843
134.867
134.795
135.091
125.026
125.094
125.164
125.244
125.331
125.423
125.519
125.621
125.729
125.844
125.965
126.093
126.228
126.371
126.52
126.677
126.842
127.014
127.194
127.382
127.576
127.778
127.987
128.202
128.423
128.65
128.881
129.116
129.355
129.595
129.838
130.081
130.323
130.565
130.803
131.039
131.27
131.497
131.717
131.931
132.138
132.337
132.528
132.71
132.884
133.049
133.206
133.353
133.492
133.622
133.744
133.857
133.962
134.06
134.15
134.234
134.31
134.38
134.445
134.504
134.558
134.607
134.651
134.689
134.722
134.748
134.769
134.784
134.795
134.804
134.802
134.827
134.75
135.091
125.767
125.82
125.876
125.94
126.01
126.083
126.16
126.242
126.329
126.422
126.52
126.624
126.733
126.849
126.971
127.1
127.236
127.378
127.527
127.683
127.846
128.016
128.193
128.376
128.565
128.761
128.962
129.167
129.377
129.591
129.808
130.027
130.248
130.469
130.69
130.91
131.128
131.342
131.554
131.76
131.962
132.158
132.347
132.53
132.705
132.872
133.032
133.184
133.328
133.464
133.592
133.712
133.824
133.929
134.026
134.116
134.2
134.276
134.347
134.411
134.47
134.523
134.572
134.616
134.655
134.688
134.715
134.737
134.752
134.764
134.765
134.789
134.732
135.028
126.442
126.484
126.528
126.58
126.636
126.695
126.757
126.823
126.893
126.968
127.047
127.131
127.22
127.315
127.414
127.52
127.631
127.748
127.872
128.001
128.137
128.279
128.428
128.583
128.744
128.911
129.084
129.262
129.445
129.633
129.824
130.02
130.218
130.418
130.619
130.822
131.024
131.225
131.424
131.621
131.814
132.004
132.188
132.368
132.542
132.709
132.871
133.025
133.172
133.312
133.444
133.569
133.687
133.798
133.902
133.998
134.088
134.171
134.247
134.318
134.382
134.44
134.493
134.541
134.584
134.622
134.655
134.683
134.703
134.72
134.727
134.746
134.738
134.869
127.056
127.09
127.124
127.166
127.211
127.259
127.309
127.362
127.419
127.48
127.544
127.612
127.685
127.761
127.843
127.929
128.02
128.117
128.219
128.326
128.439
128.557
128.682
128.812
128.948
129.09
129.237
129.39
129.549
129.712
129.88
130.052
130.228
130.407
130.588
130.772
130.957
131.142
131.328
131.512
131.695
131.876
132.054
132.228
132.398
132.563
132.723
132.877
133.026
133.168
133.303
133.432
133.555
133.67
133.779
133.881
133.976
134.065
134.147
134.223
134.293
134.357
134.415
134.467
134.513
134.555
134.591
134.623
134.648
134.669
134.684
134.694
134.74
134.64
127.611
127.638
127.666
127.699
127.736
127.775
127.815
127.859
127.905
127.954
128.006
128.062
128.121
128.184
128.25
128.321
128.396
128.475
128.559
128.648
128.741
128.84
128.944
129.053
129.168
129.288
129.413
129.543
129.679
129.82
129.966
130.116
130.271
130.429
130.591
130.756
130.923
131.092
131.263
131.434
131.605
131.775
131.943
132.11
132.274
132.435
132.591
132.744
132.891
133.034
133.171
133.302
133.427
133.546
133.659
133.766
133.866
133.96
134.047
134.129
134.204
134.273
134.335
134.392
134.443
134.488
134.527
134.561
134.59
134.612
134.633
134.633
134.706
134.427
128.114
128.136
128.158
128.185
128.215
128.247
128.28
128.315
128.353
128.393
128.435
128.481
128.529
128.58
128.635
128.693
128.755
128.82
128.889
128.963
129.04
129.122
129.209
129.3
129.396
129.497
129.603
129.714
129.83
129.951
130.077
130.207
130.342
130.481
130.624
130.77
130.92
131.073
131.228
131.384
131.542
131.7
131.858
132.015
132.171
132.326
132.477
132.626
132.771
132.912
133.049
133.181
133.307
133.429
133.544
133.654
133.758
133.856
133.948
134.034
134.114
134.188
134.255
134.317
134.372
134.421
134.463
134.5
134.53
134.553
134.576
134.568
134.627
134.309
128.564
128.581
128.599
128.622
128.646
128.672
128.699
128.728
128.759
128.792
128.827
128.865
128.904
128.947
128.992
129.039
129.09
129.144
129.202
129.262
129.327
129.395
129.468
129.544
129.625
129.71
129.799
129.893
129.992
130.095
130.203
130.316
130.433
130.554
130.68
130.809
130.942
131.078
131.218
131.36
131.504
131.649
131.796
131.943
132.09
132.236
132.381
132.524
132.665
132.803
132.938
133.069
133.196
133.318
133.435
133.548
133.655
133.756
133.852
133.941
134.025
134.103
134.175
134.241
134.3
134.353
134.399
134.438
134.471
134.494
134.515
134.504
134.53
134.291
128.972
128.986
129
129.019
129.04
129.061
129.083
129.107
129.133
129.16
129.189
129.22
129.253
129.288
129.325
129.365
129.407
129.451
129.499
129.55
129.603
129.66
129.721
129.785
129.852
129.924
130
130.079
130.163
130.251
130.343
130.44
130.541
130.646
130.756
130.869
130.987
131.108
131.232
131.36
131.49
131.622
131.757
131.893
132.03
132.167
132.304
132.44
132.576
132.709
132.841
132.969
133.095
133.216
133.334
133.448
133.556
133.66
133.759
133.852
133.939
134.021
134.096
134.166
134.229
134.285
134.335
134.377
134.412
134.437
134.456
134.447
134.444
134.32
129.33
129.341
129.353
129.369
129.386
129.404
129.423
129.443
129.464
129.487
129.511
129.537
129.564
129.594
129.625
129.658
129.693
129.731
129.771
129.813
129.858
129.906
129.957
130.011
130.068
130.128
130.192
130.26
130.331
130.407
130.486
130.569
130.656
130.747
130.843
130.942
131.045
131.152
131.263
131.377
131.494
131.614
131.736
131.861
131.988
132.115
132.244
132.373
132.501
132.629
132.756
132.881
133.004
133.124
133.241
133.355
133.464
133.57
133.67
133.765
133.856
133.94
134.019
134.092
134.158
134.218
134.271
134.316
134.353
134.38
134.398
134.396
134.381
134.339
129.66
129.669
129.679
129.692
129.707
129.722
129.738
129.755
129.773
129.792
129.812
129.834
129.857
129.881
129.908
129.935
129.965
129.997
130.03
130.066
130.104
130.144
130.187
130.232
130.281
130.332
130.386
130.444
130.504
130.569
130.636
130.708
130.783
130.862
130.944
131.031
131.121
131.215
131.313
131.414
131.519
131.627
131.737
131.851
131.967
132.084
132.204
132.324
132.445
132.567
132.688
132.808
132.927
133.045
133.16
133.272
133.381
133.487
133.588
133.685
133.777
133.864
133.945
134.021
134.09
134.153
134.208
134.256
134.295
134.325
134.344
134.349
134.335
134.33
129.935
129.942
129.951
129.963
129.975
129.988
130.002
130.017
130.032
130.049
130.066
130.085
130.105
130.126
130.148
130.172
130.198
130.225
130.254
130.284
130.317
130.351
130.388
130.427
130.468
130.512
130.559
130.608
130.661
130.716
130.775
130.837
130.902
130.97
131.043
131.118
131.198
131.281
131.367
131.458
131.551
131.648
131.748
131.851
131.957
132.065
132.176
132.288
132.402
132.516
132.631
132.747
132.861
132.975
133.087
133.198
133.306
133.411
133.512
133.61
133.704
133.792
133.876
133.953
134.025
134.09
134.148
134.198
134.24
134.272
134.293
134.303
134.295
134.302
130.205
130.211
130.219
130.229
130.24
130.251
130.263
130.276
130.289
130.303
130.318
130.334
130.352
130.37
130.389
130.409
130.431
130.454
130.479
130.505
130.533
130.563
130.594
130.627
130.663
130.701
130.741
130.783
130.828
130.876
130.926
130.98
131.036
131.096
131.159
131.225
131.294
131.367
131.443
131.523
131.606
131.693
131.782
131.875
131.971
132.07
132.171
132.274
132.38
132.487
132.595
132.704
132.813
132.922
133.031
133.138
133.243
133.347
133.447
133.545
133.638
133.728
133.812
133.891
133.964
134.031
134.091
134.143
134.187
134.221
134.245
134.259
134.256
134.268
130.401
130.406
130.413
130.423
130.433
130.443
130.453
130.465
130.477
130.49
130.503
130.518
130.533
130.55
130.567
130.585
130.605
130.625
130.647
130.671
130.695
130.722
130.749
130.779
130.811
130.844
130.879
130.917
130.957
130.999
131.044
131.091
131.141
131.194
131.25
131.309
131.37
131.436
131.504
131.575
131.65
131.729
131.81
131.895
131.982
132.073
132.166
132.263
132.361
132.461
132.563
132.667
132.771
132.876
132.98
133.085
133.188
133.29
133.389
133.486
133.579
133.669
133.754
133.834
133.909
133.977
134.039
134.093
134.138
134.175
134.201
134.218
134.218
134.236
130.637
130.641
130.648
130.656
130.665
130.674
130.684
130.694
130.705
130.716
130.728
130.741
130.755
130.769
130.784
130.8
130.818
130.836
130.855
130.875
130.897
130.92
130.944
130.97
130.998
131.027
131.058
131.09
131.125
131.162
131.201
131.242
131.286
131.332
131.381
131.433
131.487
131.544
131.604
131.668
131.734
131.804
131.876
131.952
132.031
132.113
132.198
132.286
132.376
132.468
132.563
132.659
132.757
132.856
132.955
133.054
133.153
133.251
133.348
133.442
133.534
133.622
133.707
133.787
133.861
133.93
133.992
134.046
134.093
134.131
134.158
134.178
134.181
134.203
130.743
130.746
130.752
130.761
130.77
130.778
130.787
130.797
130.808
130.819
130.83
130.842
130.855
130.869
130.884
130.899
130.915
130.932
130.95
130.97
130.99
131.012
131.034
131.059
131.084
131.111
131.14
131.171
131.203
131.237
131.273
131.311
131.352
131.394
131.439
131.487
131.537
131.59
131.646
131.705
131.766
131.831
131.899
131.97
132.043
132.12
132.2
132.283
132.368
132.456
132.546
132.639
132.733
132.828
132.924
133.021
133.118
133.214
133.31
133.403
133.494
133.583
133.667
133.747
133.822
133.892
133.955
134.01
134.058
134.097
134.127
134.148
134.153
134.179
130.997
131.001
131.007
131.015
131.023
131.031
131.039
131.048
131.058
131.068
131.078
131.089
131.101
131.113
131.126
131.14
131.154
131.17
131.186
131.203
131.221
131.24
131.26
131.281
131.304
131.327
131.353
131.379
131.407
131.437
131.469
131.502
131.537
131.574
131.614
131.655
131.699
131.746
131.794
131.846
131.9
131.957
132.017
132.079
132.145
132.213
132.284
132.358
132.435
132.514
132.596
132.68
132.766
132.853
132.942
133.032
133.122
133.212
133.301
133.389
133.475
133.559
133.64
133.716
133.789
133.855
133.916
133.97
134.017
134.055
134.084
134.105
134.11
134.137
134.831
135.612
136.311
136.921
137.446
137.892
138.268
138.583
138.845
139.062
139.241
139.387
139.507
139.604
139.682
139.745
139.795
139.834
139.865
139.888
139.905
139.918
139.927
139.932
139.935
139.937
139.936
139.935
139.933
139.93
139.926
139.922
139.918
139.914
139.91
139.905
139.901
139.897
139.893
139.889
139.885
134.822
135.583
136.267
136.865
137.382
137.824
138.201
138.519
138.786
139.01
139.196
139.352
139.48
139.586
139.672
139.743
139.801
139.847
139.884
139.914
139.937
139.954
139.967
139.977
139.983
139.987
139.989
139.989
139.988
139.987
139.984
139.981
139.977
139.972
139.968
139.963
139.958
139.953
139.948
139.943
139.938
134.812
135.56
136.237
136.828
137.342
137.786
138.167
138.491
138.766
138.999
139.196
139.36
139.498
139.613
139.709
139.788
139.853
139.905
139.948
139.982
140.009
140.029
140.045
140.057
140.065
140.07
140.073
140.074
140.074
140.072
140.069
140.065
140.061
140.056
140.051
140.045
140.039
140.033
140.027
140.02
140.014
134.804
135.553
136.232
136.825
137.342
137.791
138.177
138.509
138.793
139.036
139.241
139.415
139.563
139.686
139.79
139.877
139.949
140.008
140.057
140.096
140.127
140.151
140.171
140.185
140.196
140.203
140.207
140.209
140.209
140.208
140.205
140.201
140.196
140.19
140.184
140.177
140.17
140.162
140.154
140.146
140.138
134.796
135.552
136.239
136.838
137.361
137.818
138.212
138.554
138.847
139.1
139.316
139.501
139.659
139.792
139.906
140.001
140.081
140.148
140.203
140.248
140.284
140.312
140.334
140.352
140.364
140.372
140.378
140.38
140.38
140.379
140.375
140.37
140.364
140.357
140.35
140.341
140.332
140.322
140.312
140.301
140.291
134.788
135.555
136.254
136.861
137.395
137.861
138.267
138.62
138.926
139.192
139.421
139.618
139.788
139.933
140.058
140.163
140.252
140.327
140.39
140.441
140.482
140.514
140.54
140.56
140.574
140.584
140.59
140.593
140.594
140.591
140.587
140.581
140.574
140.565
140.555
140.545
140.533
140.521
140.508
140.495
140.482
134.778
135.563
136.278
136.898
137.445
137.925
138.346
138.713
139.034
139.314
139.558
139.77
139.953
140.111
140.248
140.364
140.464
140.547
140.617
140.675
140.722
140.758
140.788
140.81
140.827
140.838
140.845
140.848
140.848
140.845
140.839
140.832
140.822
140.811
140.799
140.786
140.771
140.756
140.74
140.723
140.707
134.769
135.577
136.313
136.951
137.515
138.012
138.449
138.834
139.172
139.469
139.729
139.956
140.155
140.327
140.477
140.605
140.716
140.809
140.888
140.953
141.006
141.046
141.079
141.105
141.123
141.135
141.143
141.146
141.145
141.14
141.133
141.124
141.112
141.098
141.083
141.066
141.048
141.029
141.01
140.989
140.969
134.759
135.596
136.36
137.019
137.605
138.122
138.579
138.983
139.34
139.656
139.934
140.179
140.394
140.583
140.747
140.889
141.011
141.115
141.203
141.276
141.335
141.38
141.417
141.445
141.466
141.479
141.486
141.488
141.486
141.48
141.471
141.459
141.444
141.427
141.408
141.387
141.365
141.342
141.318
141.292
141.267
134.75
135.622
136.417
137.103
137.714
138.255
138.735
139.161
139.54
139.877
140.176
140.44
140.674
140.88
141.06
141.217
141.352
141.468
141.565
141.647
141.713
141.763
141.804
141.835
141.857
141.87
141.878
141.879
141.875
141.867
141.855
141.839
141.821
141.8
141.776
141.751
141.724
141.696
141.666
141.635
141.605
134.741
135.654
136.487
137.204
137.844
138.413
138.919
139.371
139.775
140.135
140.457
140.743
140.997
141.222
141.42
141.592
141.742
141.87
141.979
142.069
142.143
142.198
142.243
142.277
142.3
142.314
142.321
142.321
142.314
142.303
142.288
142.268
142.245
142.219
142.19
142.159
142.126
142.092
142.056
142.019
141.982
134.733
135.694
136.57
137.323
137.997
138.597
139.133
139.614
140.046
140.433
140.779
141.09
141.367
141.612
141.83
142.02
142.185
142.328
142.448
142.548
142.63
142.69
142.739
142.775
142.799
142.813
142.819
142.817
142.807
142.792
142.772
142.748
142.719
142.687
142.652
142.615
142.575
142.533
142.49
142.445
142.401
134.727
135.743
136.668
137.462
138.175
138.811
139.381
139.894
140.357
140.774
141.148
141.485
141.787
142.056
142.295
142.504
142.687
142.844
142.978
143.088
143.178
143.244
143.296
143.335
143.36
143.373
143.377
143.371
143.358
143.338
143.313
143.282
143.247
143.207
143.165
143.119
143.071
143.021
142.97
142.916
142.863
134.723
135.801
136.782
137.624
138.381
139.057
139.665
140.215
140.712
141.162
141.568
141.934
142.264
142.559
142.821
143.052
143.253
143.427
143.574
143.696
143.794
143.865
143.922
143.962
143.987
143.999
143.999
143.99
143.972
143.946
143.913
143.874
143.831
143.783
143.731
143.676
143.619
143.559
143.497
143.433
143.369
134.722
135.87
136.915
137.81
138.617
139.339
139.99
140.58
141.116
141.603
142.044
142.443
142.803
143.126
143.414
143.669
143.891
144.083
144.245
144.379
144.486
144.562
144.622
144.664
144.687
144.696
144.693
144.678
144.652
144.619
144.577
144.529
144.476
144.417
144.354
144.288
144.219
144.147
144.073
143.997
143.921
134.725
135.952
137.069
138.025
138.888
139.661
140.361
140.996
141.576
142.104
142.583
143.018
143.413
143.768
144.084
144.365
144.61
144.821
144.999
145.145
145.261
145.343
145.405
145.447
145.468
145.473
145.463
145.44
145.407
145.363
145.311
145.251
145.185
145.113
145.037
144.957
144.874
144.788
144.699
144.609
144.519
134.734
136.05
137.247
138.272
139.198
140.029
140.782
141.47
142.098
142.671
143.194
143.67
144.102
144.492
144.841
145.149
145.419
145.651
145.846
146.006
146.131
146.217
146.28
146.32
146.338
146.336
146.318
146.285
146.24
146.183
146.117
146.043
145.962
145.874
145.782
145.685
145.585
145.482
145.377
145.269
145.163
134.75
136.166
137.453
138.555
139.552
140.449
141.263
142.008
142.691
143.316
143.887
144.408
144.883
145.312
145.696
146.035
146.332
146.587
146.8
146.973
147.107
147.195
147.258
147.295
147.306
147.295
147.265
147.219
147.159
147.086
147.002
146.91
146.809
146.703
146.59
146.474
146.353
146.23
146.105
145.977
145.851
134.774
136.303
137.692
138.882
139.959
140.929
141.812
142.622
143.366
144.049
144.674
145.246
145.769
146.241
146.664
147.038
147.364
147.643
147.876
148.061
148.202
148.292
148.352
148.382
148.383
148.358
148.313
148.249
148.169
148.076
147.97
147.854
147.731
147.6
147.463
147.322
147.177
147.03
146.88
146.729
146.579
134.81
136.466
137.969
139.258
140.425
141.479
142.44
143.323
144.136
144.885
145.571
146.2
146.776
147.297
147.763
148.175
148.534
148.839
149.09
149.288
149.434
149.522
149.575
149.594
149.58
149.537
149.47
149.383
149.278
149.157
149.023
148.879
148.726
148.565
148.398
148.228
148.053
147.877
147.699
147.519
147.341
134.861
136.66
138.292
139.693
140.963
142.11
143.16
144.126
145.019
145.841
146.596
147.291
147.926
148.501
149.015
149.469
149.862
150.194
150.465
150.673
150.821
150.902
150.943
150.945
150.909
150.841
150.746
150.627
150.489
150.333
150.164
149.983
149.793
149.595
149.392
149.186
148.976
148.764
148.552
148.339
148.129
134.93
136.891
138.67
140.198
141.584
142.839
143.989
145.051
146.033
146.94
147.774
148.541
149.244
149.88
150.448
150.948
151.377
151.737
152.025
152.241
152.385
152.453
152.474
152.45
152.383
152.28
152.146
151.986
151.804
151.604
151.389
151.163
150.927
150.684
150.436
150.186
149.933
149.68
149.427
149.175
148.928
135.022
137.168
139.113
140.787
142.306
143.684
144.949
146.12
147.205
148.21
149.132
149.983
150.763
151.468
152.095
152.644
153.112
153.498
153.801
154.018
154.151
154.195
154.185
154.124
154.013
153.862
153.676
153.462
153.224
152.966
152.694
152.41
152.117
151.818
151.516
151.213
150.909
150.607
150.307
150.01
149.718
135.144
137.501
139.637
141.478
143.15
144.669
146.067
147.364
148.568
149.684
150.71
151.656
152.523
153.305
153.997
154.599
155.106
155.517
155.828
156.038
156.146
156.151
156.095
155.98
155.809
155.592
155.336
155.05
154.739
154.409
154.063
153.708
153.345
152.978
152.61
152.244
151.879
151.519
151.165
150.815
150.474
135.303
137.903
140.258
142.293
144.142
145.825
147.379
148.822
150.165
151.41
152.554
153.61
154.576
155.444
156.208
156.865
157.41
157.839
158.148
158.335
158.399
158.345
158.22
158.028
157.773
157.467
157.12
156.74
156.335
155.912
155.475
155.03
154.582
154.133
153.686
153.245
152.81
152.384
151.967
151.559
151.164
135.509
138.391
141.002
143.262
145.318
147.194
148.929
150.544
152.05
153.447
154.729
155.91
156.99
157.953
158.794
159.506
160.083
160.519
160.808
160.949
160.939
160.794
160.571
160.27
159.9
159.475
159.007
158.506
157.981
157.441
156.891
156.338
155.786
155.239
154.7
154.173
153.658
153.157
152.671
152.199
151.745
135.777
138.989
141.899
144.425
146.725
148.829
150.78
152.6
154.298
155.873
157.316
158.644
159.851
160.92
161.839
162.602
163.198
163.619
163.86
163.917
163.791
163.51
163.145
162.694
162.169
161.585
160.959
160.304
159.629
158.944
158.256
157.573
156.899
156.238
155.594
154.969
154.365
153.783
153.223
152.684
152.169
136.122
139.726
142.993
145.836
148.426
150.804
153.015
155.08
157.01
158.798
160.43
161.925
163.275
164.456
165.451
166.25
166.839
167.21
167.355
167.272
166.964
166.484
165.92
165.263
164.53
163.74
162.913
162.063
161.203
160.344
159.493
158.658
157.844
157.055
156.294
155.564
154.865
154.197
153.562
152.957
152.384
136.568
140.645
144.34
147.568
150.512
153.224
155.751
158.117
160.327
162.37
164.224
165.91
167.417
168.709
169.765
170.568
171.104
171.361
171.334
171.025
170.442
169.675
168.835
167.902
166.897
165.845
164.767
163.681
162.601
161.538
160.5
159.495
158.526
157.598
156.714
155.875
155.08
154.33
153.623
152.958
152.334
137.145
141.802
146.024
149.726
153.109
156.237
159.157
161.895
164.449
166.8
168.912
170.813
172.481
173.868
174.944
175.689
176.086
176.126
175.808
175.144
174.154
172.983
171.773
170.48
169.131
167.755
166.377
165.015
163.684
162.394
161.152
159.965
158.836
157.767
156.76
155.816
154.932
154.107
153.34
152.626
151.967
137.897
143.282
148.166
152.47
156.409
160.065
163.486
166.693
169.676
172.396
174.805
176.931
178.742
180.171
181.18
181.747
181.858
181.511
180.721
179.517
177.943
176.225
174.534
172.789
171.024
169.269
167.55
165.885
164.284
162.757
161.309
159.942
158.658
157.457
156.339
155.304
154.345
153.463
152.654
151.912
151.24
138.868
145.181
150.916
155.996
160.658
164.998
169.065
172.869
176.381
179.536
182.26
184.586
186.466
187.812
188.579
188.753
188.333
187.342
185.823
183.841
181.473
179.055
176.782
174.512
172.28
170.118
168.046
166.077
164.217
162.47
160.835
159.311
157.897
156.589
155.384
154.281
153.273
152.358
151.533
150.79
150.133
140.123
147.579
154.38
160.435
166.01
171.208
176.078
180.606
184.731
188.339
191.327
193.737
195.5
196.514
196.741
196.194
194.911
192.962
190.44
187.458
184.137
180.938
178.055
175.26
172.584
170.053
167.677
165.459
163.397
161.484
159.716
158.086
156.586
155.211
153.956
152.818
151.79
150.87
150.055
149.339
148.728
141.641
150.457
158.525
165.741
172.403
178.618
184.419
189.754
194.504
198.487
201.571
203.818
205.15
205.468
204.774
203.141
200.678
197.523
193.832
189.771
185.492
181.572
178.163
174.943
171.929
169.135
166.558
164.186
162.007
160.007
158.173
156.493
154.957
153.556
152.284
151.137
150.11
149.202
148.413
147.74
147.192
143.348
153.794
163.375
171.978
179.937
187.342
194.189
200.363
205.661
209.809
212.67
214.359
214.815
213.986
211.962
208.913
205.042
200.564
195.693
190.625
185.524
181.042
177.261
173.76
170.543
167.609
164.938
162.506
160.29
158.269
156.425
154.741
153.204
151.803
150.534
149.392
148.373
147.48
146.718
146.089
145.611
145.195
157.597
168.986
179.243
188.73
197.496
205.457
212.401
218.019
221.941
224.095
224.7
223.765
221.344
217.662
213.009
207.68
201.945
196.043
190.172
184.477
179.636
175.651
172.017
168.723
165.754
163.077
160.656
158.46
156.465
154.647
152.987
151.47
150.085
148.826
147.691
146.677
145.792
145.046
144.45
144.034
147.131
161.889
175.44
187.658
198.912
209.171
218.205
225.672
231.165
234.266
235.096
234.046
231.251
226.925
221.449
215.221
208.584
201.819
195.15
188.744
182.702
177.698
173.651
170.002
166.725
163.796
161.172
158.808
156.67
154.728
152.957
151.336
149.848
148.484
147.235
146.103
145.086
144.194
143.446
142.863
142.491
149.084
166.691
182.824
197.349
210.591
222.367
232.233
239.712
244.385
245.922
244.804
241.634
236.698
230.394
223.24
215.677
208.032
200.55
193.407
186.722
180.546
175.528
171.522
167.936
164.737
161.894
159.356
157.074
155.011
153.134
151.418
149.841
148.386
147.041
145.801
144.666
143.636
142.724
141.951
141.353
140.996
150.97
172.032
191.239
208.43
223.798
236.899
247.05
253.73
256.71
255.968
252.469
246.971
239.89
231.801
223.295
214.764
206.459
198.564
191.202
184.436
178.278
173.343
169.439
165.962
162.873
160.137
157.699
155.509
153.525
151.718
150.058
148.525
147.1
145.773
144.538
143.395
142.343
141.398
140.579
139.94
139.556
152.708
177.963
200.803
220.984
238.42
252.31
261.831
266.687
267.132
263.668
257.7
249.976
241.002
231.515
222.083
212.959
204.299
196.235
188.836
182.123
176.074
171.277
167.506
164.157
161.189
158.566
156.232
154.132
152.227
150.485
148.878
147.385
145.989
144.677
143.444
142.29
141.21
140.224
139.342
138.638
138.17
154.231
184.566
211.653
235.015
254.099
267.787
275.479
277.526
274.916
268.742
260.578
250.946
240.475
230.055
220.104
210.689
201.897
193.829
186.51
179.925
174.034
169.397
165.769
162.552
159.706
157.193
154.956
152.941
151.109
149.427
147.869
146.412
145.039
143.74
142.507
141.34
140.232
139.202
138.243
137.458
136.838
155.5
191.967
223.899
250.317
270.098
282.2
286.876
285.518
279.867
271.427
261.528
250.365
238.835
227.921
217.766
208.259
199.481
191.511
184.335
177.916
172.202
167.731
164.243
161.153
158.42
156.009
153.862
151.924
150.157
148.529
147.013
145.587
144.235
142.946
141.711
140.532
139.396
138.323
137.281
136.408
135.559
156.512
200.329
237.55
266.355
285.346
294.407
295.291
290.524
282.334
272.289
261.087
248.718
236.548
225.502
215.34
205.864
197.19
189.374
182.37
176.13
170.595
166.284
162.925
159.951
157.321
155.001
152.934
151.064
149.353
147.772
146.292
144.894
143.559
142.277
141.041
139.85
138.689
137.576
136.454
135.49
134.333
157.329
209.834
252.39
282.213
298.649
303.607
300.588
292.932
282.956
271.938
259.705
246.404
233.984
223.062
212.998
203.619
195.099
187.463
180.637
174.572
169.206
165.042
161.801
158.929
156.389
154.149
152.151
150.34
148.678
147.137
145.689
144.312
142.992
141.717
140.479
139.277
138.094
136.946
135.752
134.7
133.169
158.008
220.401
267.642
296.573
308.967
309.521
303.125
293.413
282.406
270.886
257.743
243.765
231.421
220.765
210.837
201.59
193.244
185.788
179.134
173.231
168.019
163.988
160.851
158.069
155.609
153.439
151.5
149.74
148.12
146.612
145.191
143.834
142.525
141.255
140.016
138.805
137.603
136.425
135.172
134.035
132.087
158.535
231.564
282.223
308.369
315.965
312.538
303.638
292.728
281.279
269.525
255.483
241.108
229.079
218.707
208.902
199.801
191.63
184.341
177.842
172.086
167.012
163.092
160.037
157.33
154.939
152.83
150.943
149.226
147.644
146.165
144.767
143.427
142.13
140.866
139.626
138.409
137.193
135.991
134.694
133.483
131.091
157.376
243.241
295.936
317.6
320.173
313.446
302.888
291.453
279.968
268.102
253.063
238.616
227.162
217.068
207.34
198.371
190.358
183.212
176.843
171.206
166.24
162.444
159.464
156.811
154.468
152.403
150.555
148.868
147.311
145.853
144.47
143.14
141.849
140.588
139.347
138.125
136.898
135.678
134.352
133.096
130.272
159.603
256.587
307.472
323.007
321.639
312.498
300.679
288.966
277.635
265.735
249.485
234.893
224.144
214.53
205.045
196.322
188.558
181.639
175.475
170.023
165.217
161.509
158.654
156.091
153.825
151.828
150.037
148.399
146.881
145.455
144.097
142.786
141.508
140.255
139.017
137.793
136.56
135.324
133.979
132.685
129.713
139.882
139.88
139.878
139.876
139.873
139.871
139.868
139.865
139.862
139.858
139.854
139.85
139.846
139.841
139.836
139.831
139.825
139.818
139.811
139.803
139.795
139.786
139.776
139.765
139.753
139.741
139.727
139.712
139.695
139.677
139.658
139.637
139.614
139.589
139.561
139.532
139.499
139.465
139.427
139.386
139.341
139.293
139.241
139.186
139.126
139.062
138.993
138.92
138.842
138.76
138.672
138.581
138.484
138.383
138.278
138.169
138.056
137.941
137.823
137.702
137.58
137.458
137.334
137.212
137.09
136.97
136.852
136.738
136.627
136.52
136.419
136.323
136.239
136.149
139.935
139.934
139.932
139.929
139.926
139.924
139.921
139.917
139.914
139.91
139.906
139.901
139.896
139.891
139.885
139.879
139.872
139.865
139.857
139.849
139.839
139.829
139.818
139.806
139.793
139.779
139.764
139.747
139.729
139.71
139.688
139.665
139.64
139.613
139.584
139.552
139.517
139.48
139.44
139.396
139.349
139.299
139.245
139.187
139.125
139.059
138.989
138.914
138.834
138.75
138.662
138.569
138.472
138.371
138.265
138.157
138.044
137.929
137.811
137.692
137.57
137.448
137.326
137.204
137.083
136.963
136.846
136.732
136.621
136.514
136.414
136.317
136.236
136.134
140.009
140.008
140.006
140.003
140.001
139.998
139.994
139.991
139.987
139.983
139.979
139.974
139.969
139.963
139.957
139.95
139.943
139.935
139.927
139.918
139.908
139.897
139.885
139.872
139.858
139.843
139.827
139.809
139.789
139.768
139.745
139.72
139.694
139.664
139.633
139.599
139.562
139.522
139.479
139.433
139.384
139.33
139.273
139.212
139.147
139.078
139.004
138.926
138.844
138.757
138.666
138.57
138.47
138.366
138.259
138.147
138.033
137.916
137.797
137.676
137.554
137.431
137.308
137.186
137.064
136.945
136.828
136.715
136.605
136.499
136.399
136.301
136.223
136.107
140.131
140.13
140.129
140.126
140.123
140.119
140.116
140.112
140.108
140.103
140.099
140.093
140.088
140.081
140.074
140.067
140.059
140.05
140.041
140.03
140.019
140.007
139.993
139.979
139.963
139.946
139.927
139.907
139.885
139.861
139.835
139.807
139.777
139.744
139.709
139.671
139.63
139.586
139.538
139.487
139.433
139.375
139.312
139.246
139.176
139.101
139.022
138.939
138.852
138.76
138.664
138.564
138.461
138.353
138.242
138.128
138.012
137.893
137.772
137.65
137.527
137.404
137.281
137.159
137.038
136.92
136.804
136.691
136.582
136.477
136.378
136.28
136.204
136.075
140.282
140.281
140.279
140.276
140.272
140.269
140.265
140.261
140.256
140.251
140.245
140.239
140.233
140.226
140.218
140.209
140.2
140.19
140.179
140.167
140.154
140.14
140.125
140.108
140.09
140.07
140.049
140.026
140
139.973
139.944
139.912
139.877
139.84
139.8
139.757
139.711
139.661
139.608
139.551
139.491
139.426
139.358
139.285
139.208
139.127
139.042
138.953
138.859
138.762
138.66
138.555
138.447
138.335
138.221
138.103
137.984
137.863
137.741
137.617
137.494
137.37
137.248
137.126
137.006
136.889
136.774
136.663
136.555
136.452
136.354
136.256
136.182
136.043
140.47
140.469
140.467
140.463
140.459
140.455
140.45
140.445
140.44
140.434
140.428
140.421
140.413
140.404
140.395
140.385
140.374
140.363
140.35
140.336
140.32
140.304
140.286
140.266
140.245
140.221
140.196
140.169
140.14
140.108
140.074
140.037
139.997
139.954
139.908
139.858
139.805
139.749
139.689
139.625
139.556
139.484
139.408
139.328
139.243
139.154
139.062
138.965
138.864
138.76
138.652
138.542
138.428
138.311
138.193
138.072
137.95
137.826
137.702
137.578
137.454
137.331
137.208
137.088
136.969
136.853
136.74
136.63
136.525
136.423
136.327
136.23
136.157
136.014
140.692
140.691
140.688
140.684
140.679
140.674
140.669
140.663
140.656
140.649
140.641
140.633
140.623
140.613
140.602
140.59
140.577
140.563
140.547
140.531
140.512
140.492
140.471
140.447
140.422
140.394
140.365
140.332
140.298
140.26
140.22
140.177
140.13
140.08
140.027
139.969
139.909
139.844
139.775
139.702
139.625
139.544
139.459
139.37
139.276
139.179
139.078
138.973
138.865
138.753
138.639
138.522
138.402
138.281
138.158
138.034
137.909
137.783
137.658
137.533
137.408
137.285
137.164
137.044
136.927
136.813
136.702
136.595
136.491
136.391
136.298
136.202
136.131
135.989
140.951
140.948
140.946
140.94
140.934
140.928
140.921
140.914
140.906
140.897
140.888
140.877
140.866
140.853
140.84
140.825
140.809
140.792
140.773
140.753
140.731
140.706
140.68
140.652
140.622
140.589
140.553
140.514
140.473
140.429
140.381
140.33
140.275
140.216
140.154
140.088
140.018
139.943
139.864
139.782
139.695
139.603
139.508
139.409
139.306
139.199
139.089
138.975
138.859
138.74
138.618
138.495
138.37
138.244
138.117
137.989
137.861
137.734
137.607
137.482
137.358
137.235
137.115
136.997
136.882
136.77
136.661
136.556
136.456
136.358
136.267
136.173
136.103
135.969
141.246
141.242
141.239
141.232
141.225
141.217
141.208
141.199
141.189
141.178
141.166
141.154
141.139
141.124
141.108
141.089
141.07
141.049
141.025
141
140.973
140.944
140.912
140.878
140.841
140.801
140.758
140.712
140.662
140.609
140.553
140.492
140.428
140.359
140.287
140.21
140.129
140.043
139.953
139.859
139.761
139.659
139.552
139.442
139.329
139.212
139.092
138.97
138.845
138.718
138.59
138.46
138.33
138.199
138.069
137.938
137.808
137.68
137.552
137.427
137.303
137.181
137.063
136.947
136.834
136.724
136.618
136.516
136.418
136.324
136.235
136.145
136.075
135.953
141.579
141.574
141.569
141.561
141.551
141.542
141.531
141.519
141.507
141.493
141.478
141.462
141.445
141.425
141.405
141.382
141.358
141.332
141.303
141.272
141.239
141.203
141.164
141.122
141.077
141.029
140.977
140.922
140.863
140.8
140.733
140.661
140.585
140.505
140.421
140.331
140.238
140.14
140.038
139.931
139.821
139.706
139.588
139.467
139.343
139.216
139.086
138.955
138.822
138.688
138.553
138.418
138.283
138.148
138.014
137.881
137.75
137.62
137.493
137.367
137.245
137.125
137.008
136.894
136.783
136.677
136.574
136.474
136.379
136.288
136.202
136.116
136.047
135.94
141.951
141.945
141.938
141.927
141.915
141.903
141.889
141.875
141.859
141.842
141.823
141.803
141.78
141.757
141.731
141.703
141.672
141.64
141.604
141.566
141.525
141.481
141.434
141.383
141.329
141.27
141.208
141.142
141.071
140.996
140.916
140.832
140.743
140.65
140.552
140.449
140.342
140.23
140.115
139.995
139.871
139.744
139.614
139.481
139.346
139.209
139.07
138.93
138.789
138.648
138.507
138.367
138.228
138.09
137.953
137.819
137.686
137.556
137.429
137.305
137.184
137.066
136.951
136.839
136.732
136.628
136.528
136.432
136.34
136.251
136.169
136.087
136.019
135.928
142.364
142.355
142.346
142.333
142.317
142.301
142.284
142.266
142.246
142.224
142.2
142.174
142.147
142.117
142.084
142.049
142.012
141.971
141.928
141.881
141.83
141.776
141.718
141.657
141.591
141.52
141.446
141.366
141.282
141.193
141.099
141.001
140.897
140.789
140.676
140.559
140.437
140.311
140.18
140.047
139.91
139.77
139.627
139.483
139.337
139.19
139.042
138.894
138.746
138.599
138.453
138.308
138.165
138.025
137.887
137.751
137.619
137.489
137.363
137.24
137.121
137.005
136.893
136.784
136.679
136.578
136.481
136.388
136.3
136.215
136.135
136.057
135.991
135.914
142.819
142.807
142.795
142.778
142.758
142.738
142.716
142.692
142.667
142.639
142.609
142.577
142.542
142.504
142.464
142.42
142.374
142.323
142.27
142.212
142.15
142.084
142.014
141.939
141.859
141.775
141.686
141.591
141.492
141.387
141.278
141.163
141.043
140.919
140.79
140.656
140.518
140.377
140.232
140.084
139.933
139.781
139.626
139.471
139.314
139.158
139.002
138.846
138.692
138.54
138.389
138.242
138.096
137.954
137.815
137.68
137.547
137.419
137.294
137.173
137.056
136.943
136.834
136.728
136.626
136.529
136.435
136.345
136.26
136.178
136.102
136.028
135.963
135.9
143.318
143.302
143.285
143.263
143.238
143.212
143.184
143.154
143.122
143.087
143.049
143.008
142.964
142.917
142.867
142.813
142.755
142.693
142.627
142.556
142.481
142.401
142.316
142.225
142.13
142.029
141.923
141.812
141.695
141.573
141.446
141.314
141.176
141.034
140.888
140.738
140.584
140.427
140.267
140.104
139.94
139.775
139.609
139.443
139.277
139.113
138.949
138.788
138.628
138.472
138.318
138.168
138.021
137.878
137.739
137.604
137.474
137.347
137.224
137.106
136.991
136.881
136.774
136.672
136.574
136.479
136.389
136.303
136.22
136.142
136.069
135.999
135.936
135.883
143.861
143.839
143.817
143.789
143.757
143.724
143.688
143.65
143.609
143.564
143.517
143.466
143.411
143.353
143.29
143.223
143.152
143.075
142.994
142.908
142.817
142.72
142.618
142.51
142.397
142.278
142.153
142.023
141.887
141.745
141.599
141.448
141.292
141.131
140.967
140.8
140.629
140.457
140.282
140.106
139.929
139.752
139.576
139.4
139.226
139.054
138.885
138.718
138.555
138.396
138.24
138.088
137.941
137.799
137.66
137.527
137.398
137.273
137.153
137.037
136.926
136.819
136.716
136.617
136.522
136.43
136.343
136.26
136.181
136.106
136.036
135.97
135.909
135.866
144.448
144.419
144.39
144.354
144.313
144.271
144.226
144.178
144.125
144.07
144.01
143.946
143.878
143.806
143.728
143.646
143.558
143.465
143.367
143.262
143.152
143.036
142.915
142.787
142.653
142.513
142.368
142.217
142.06
141.898
141.732
141.56
141.385
141.206
141.024
140.84
140.653
140.465
140.276
140.087
139.899
139.711
139.526
139.342
139.161
138.983
138.809
138.639
138.473
138.312
138.155
138.004
137.857
137.715
137.579
137.447
137.32
137.199
137.081
136.969
136.861
136.757
136.657
136.562
136.47
136.382
136.299
136.219
136.143
136.071
136.004
135.942
135.882
135.846
145.078
145.041
145.003
144.956
144.905
144.851
144.794
144.733
144.668
144.598
144.524
144.444
144.36
144.27
144.175
144.074
143.968
143.855
143.736
143.611
143.48
143.342
143.198
143.048
142.892
142.73
142.562
142.388
142.21
142.027
141.839
141.648
141.453
141.255
141.056
140.855
140.653
140.45
140.249
140.048
139.849
139.653
139.459
139.269
139.083
138.901
138.723
138.551
138.384
138.222
138.066
137.915
137.769
137.63
137.495
137.366
137.243
137.124
137.01
136.901
136.796
136.696
136.6
136.508
136.42
136.335
136.255
136.178
136.106
136.037
135.972
135.914
135.856
135.826
145.751
145.702
145.652
145.593
145.528
145.46
145.388
145.312
145.23
145.143
145.051
144.953
144.849
144.739
144.623
144.501
144.372
144.236
144.094
143.946
143.791
143.629
143.461
143.286
143.106
142.92
142.728
142.532
142.331
142.125
141.917
141.705
141.491
141.276
141.06
140.843
140.627
140.412
140.199
139.989
139.781
139.577
139.378
139.182
138.992
138.808
138.629
138.455
138.288
138.127
137.972
137.823
137.68
137.542
137.411
137.285
137.165
137.05
136.939
136.834
136.733
136.636
136.544
136.455
136.371
136.29
136.213
136.139
136.069
136.004
135.942
135.886
135.831
135.805
146.461
146.398
146.332
146.257
146.176
146.091
146.001
145.905
145.804
145.696
145.582
145.462
145.336
145.202
145.062
144.915
144.761
144.6
144.432
144.257
144.076
143.888
143.694
143.494
143.288
143.077
142.861
142.641
142.417
142.191
141.962
141.731
141.499
141.267
141.035
140.805
140.577
140.351
140.128
139.909
139.695
139.486
139.282
139.084
138.891
138.705
138.526
138.353
138.187
138.028
137.875
137.728
137.588
137.455
137.327
137.204
137.088
136.976
136.87
136.768
136.671
136.578
136.489
136.404
136.323
136.245
136.171
136.101
136.034
135.972
135.912
135.86
135.806
135.784
147.202
147.121
147.037
146.942
146.841
146.735
146.623
146.504
146.379
146.247
146.108
145.962
145.809
145.649
145.481
145.306
145.124
144.935
144.739
144.536
144.326
144.111
143.889
143.663
143.431
143.195
142.955
142.712
142.466
142.219
141.971
141.722
141.474
141.227
140.982
140.74
140.501
140.267
140.037
139.812
139.593
139.38
139.174
138.974
138.781
138.596
138.418
138.247
138.083
137.926
137.776
137.633
137.497
137.367
137.243
137.124
137.012
136.904
136.802
136.704
136.611
136.521
136.436
136.355
136.277
136.203
136.132
136.064
136
135.94
135.883
135.834
135.781
135.763
147.964
147.861
147.754
147.636
147.51
147.378
147.24
147.094
146.941
146.781
146.613
146.438
146.255
146.064
145.867
145.661
145.449
145.229
145.003
144.771
144.532
144.289
144.04
143.786
143.529
143.269
143.006
142.741
142.475
142.209
141.943
141.679
141.417
141.157
140.901
140.65
140.403
140.162
139.927
139.698
139.476
139.262
139.055
138.856
138.664
138.48
138.305
138.136
137.976
137.823
137.677
137.538
137.405
137.279
137.16
137.046
136.937
136.834
136.736
136.642
136.552
136.467
136.385
136.307
136.232
136.161
136.093
136.029
135.968
135.91
135.856
135.809
135.758
135.743
148.732
148.603
148.468
148.321
148.166
148.005
147.836
147.659
147.475
147.282
147.082
146.874
146.658
146.435
146.205
145.967
145.723
145.472
145.215
144.953
144.686
144.414
144.138
143.859
143.578
143.295
143.011
142.726
142.442
142.159
141.879
141.601
141.328
141.058
140.794
140.536
140.284
140.038
139.8
139.57
139.348
139.134
138.928
138.731
138.541
138.361
138.188
138.024
137.868
137.719
137.577
137.443
137.315
137.194
137.078
136.969
136.865
136.766
136.671
136.582
136.496
136.414
136.336
136.261
136.19
136.122
136.057
135.995
135.936
135.881
135.829
135.784
135.735
135.723
149.488
149.326
149.158
148.979
148.79
148.594
148.391
148.179
147.959
147.731
147.496
147.253
147.002
146.745
146.48
146.21
145.933
145.652
145.365
145.074
144.779
144.481
144.18
143.878
143.575
143.271
142.969
142.667
142.368
142.072
141.779
141.492
141.209
140.933
140.663
140.4
140.145
139.899
139.66
139.43
139.209
138.997
138.794
138.6
138.415
138.238
138.07
137.911
137.759
137.615
137.479
137.349
137.226
137.11
136.999
136.894
136.794
136.7
136.609
136.523
136.441
136.363
136.289
136.217
136.149
136.084
136.021
135.962
135.906
135.854
135.803
135.761
135.713
135.703
150.205
150.006
149.8
149.582
149.356
149.122
148.88
148.63
148.372
148.107
147.835
147.555
147.27
146.978
146.681
146.378
146.071
145.76
145.445
145.127
144.807
144.486
144.163
143.841
143.519
143.199
142.881
142.566
142.255
141.948
141.647
141.352
141.064
140.784
140.511
140.247
139.991
139.745
139.508
139.281
139.063
138.855
138.656
138.466
138.286
138.115
137.952
137.798
137.651
137.513
137.382
137.257
137.139
137.028
136.922
136.822
136.726
136.636
136.55
136.468
136.389
136.315
136.243
136.175
136.11
136.047
135.988
135.931
135.877
135.827
135.779
135.738
135.692
135.684
150.849
150.609
150.36
150.101
149.833
149.558
149.276
148.987
148.69
148.387
148.079
147.765
147.445
147.121
146.793
146.462
146.127
145.79
145.451
145.11
144.769
144.428
144.088
143.749
143.413
143.079
142.749
142.424
142.105
141.792
141.485
141.186
140.896
140.614
140.341
140.078
139.825
139.581
139.348
139.125
138.912
138.708
138.515
138.331
138.157
137.991
137.834
137.686
137.545
137.412
137.287
137.168
137.055
136.949
136.848
136.752
136.661
136.575
136.492
136.414
136.339
136.268
136.2
136.135
136.072
136.013
135.955
135.901
135.849
135.801
135.755
135.717
135.671
135.665
151.382
151.097
150.803
150.5
150.19
149.873
149.551
149.223
148.89
148.552
148.211
147.865
147.516
147.165
146.811
146.455
146.098
145.74
145.381
145.023
144.666
144.31
143.956
143.605
143.258
142.916
142.579
142.247
141.923
141.606
141.298
140.998
140.708
140.428
140.157
139.898
139.648
139.41
139.181
138.964
138.757
138.56
138.373
138.195
138.027
137.868
137.718
137.576
137.441
137.314
137.194
137.081
136.974
136.872
136.776
136.685
136.598
136.516
136.438
136.363
136.292
136.224
136.159
136.096
136.037
135.979
135.925
135.873
135.823
135.777
135.732
135.696
135.652
135.648
151.757
151.426
151.087
150.741
150.391
150.036
149.678
149.316
148.952
148.585
148.216
147.846
147.475
147.103
146.73
146.357
145.984
145.612
145.24
144.87
144.502
144.136
143.774
143.415
143.062
142.714
142.373
142.039
141.714
141.397
141.089
140.792
140.505
140.228
139.963
139.708
139.465
139.233
139.011
138.801
138.601
138.411
138.231
138.061
137.9
137.748
137.604
137.468
137.34
137.219
137.105
136.997
136.895
136.799
136.707
136.62
136.538
136.46
136.385
136.314
136.246
136.181
136.119
136.06
136.003
135.948
135.896
135.846
135.798
135.754
135.711
135.677
135.633
135.631
151.924
151.551
151.172
150.789
150.404
150.019
149.633
149.246
148.86
148.474
148.089
147.704
147.32
146.937
146.555
146.173
145.792
145.412
145.034
144.658
144.284
143.913
143.547
143.185
142.829
142.48
142.139
141.806
141.482
141.168
140.864
140.571
140.289
140.019
139.76
139.513
139.277
139.053
138.839
138.637
138.445
138.263
138.091
137.928
137.775
137.63
137.493
137.364
137.242
137.127
137.019
136.917
136.82
136.728
136.641
136.559
136.481
136.406
136.335
136.268
136.203
136.141
136.082
136.025
135.97
135.918
135.868
135.82
135.774
135.732
135.69
135.658
135.615
135.614
151.832
151.427
151.019
150.61
150.203
149.8
149.4
149.003
148.61
148.219
147.831
147.445
147.061
146.678
146.295
145.914
145.532
145.152
144.773
144.396
144.021
143.65
143.283
142.922
142.567
142.22
141.881
141.552
141.232
140.923
140.626
140.34
140.066
139.804
139.553
139.315
139.088
138.872
138.668
138.474
138.291
138.117
137.953
137.799
137.653
137.515
137.386
137.263
137.148
137.039
136.936
136.839
136.748
136.661
136.578
136.5
136.426
136.355
136.288
136.224
136.162
136.103
136.046
135.992
135.94
135.89
135.841
135.796
135.751
135.711
135.671
135.64
135.598
135.599
151.436
151.016
150.597
150.18
149.771
149.37
148.977
148.59
148.208
147.831
147.457
147.084
146.713
146.341
145.969
145.595
145.221
144.846
144.471
144.096
143.724
143.356
142.992
142.633
142.282
141.939
141.606
141.282
140.97
140.669
140.379
140.102
139.838
139.585
139.344
139.116
138.898
138.693
138.498
138.313
138.139
137.975
137.819
137.673
137.535
137.405
137.282
137.167
137.057
136.955
136.857
136.766
136.679
136.597
136.519
136.445
136.374
136.307
136.243
136.182
136.123
136.067
136.013
135.961
135.911
135.863
135.816
135.772
135.73
135.691
135.652
135.623
135.582
135.584
150.7
150.29
149.888
149.49
149.105
148.734
148.375
148.023
147.676
147.333
146.991
146.648
146.302
145.952
145.597
145.238
144.874
144.508
144.139
143.77
143.403
143.039
142.679
142.326
141.98
141.644
141.318
141.003
140.699
140.407
140.128
139.861
139.607
139.365
139.136
138.918
138.711
138.516
138.331
138.157
137.992
137.836
137.69
137.551
137.421
137.298
137.183
137.074
136.971
136.874
136.782
136.695
136.613
136.536
136.462
136.392
136.325
136.261
136.201
136.142
136.086
136.033
135.981
135.931
135.883
135.837
135.793
135.75
135.709
135.672
135.634
135.606
135.566
135.569
149.614
149.249
148.9
148.556
148.231
147.925
147.632
147.344
147.059
146.771
146.478
146.177
145.865
145.543
145.209
144.866
144.515
144.157
143.795
143.432
143.069
142.71
142.356
142.009
141.67
141.342
141.025
140.719
140.426
140.145
139.877
139.622
139.38
139.15
138.931
138.725
138.529
138.345
138.17
138.006
137.85
137.704
137.566
137.435
137.313
137.197
137.088
136.986
136.889
136.797
136.711
136.629
136.552
136.478
136.408
136.342
136.279
136.218
136.16
136.105
136.052
136
135.951
135.903
135.857
135.813
135.77
135.729
135.69
135.654
135.617
135.591
135.551
135.556
148.261
147.979
147.723
147.475
147.249
147.044
146.848
146.652
146.448
146.23
145.995
145.74
145.463
145.166
144.851
144.52
144.177
143.824
143.467
143.107
142.748
142.393
142.044
141.704
141.373
141.053
140.745
140.45
140.167
139.898
139.642
139.398
139.168
138.949
138.742
138.547
138.362
138.187
138.023
137.867
137.721
137.583
137.452
137.33
137.214
137.105
137.002
136.905
136.814
136.728
136.646
136.569
136.495
136.426
136.359
136.296
136.236
136.179
136.124
136.071
136.02
135.971
135.923
135.877
135.833
135.791
135.749
135.71
135.672
135.637
135.602
135.576
135.537
135.543
146.8
146.632
146.506
146.388
146.293
146.217
146.141
146.05
145.934
145.787
145.606
145.389
145.139
144.859
144.554
144.227
143.886
143.534
143.176
142.817
142.46
142.108
141.764
141.429
141.105
140.794
140.495
140.21
139.937
139.679
139.433
139.201
138.981
138.773
138.576
138.39
138.215
138.05
137.893
137.746
137.607
137.477
137.353
137.237
137.128
137.024
136.927
136.835
136.748
136.666
136.589
136.515
136.445
136.379
136.316
136.256
136.198
136.143
136.09
136.04
135.991
135.944
135.898
135.854
135.811
135.77
135.73
135.692
135.655
135.621
135.587
135.563
135.524
135.531
145.308
145.283
145.32
145.365
145.43
145.505
145.562
145.579
145.547
145.462
145.322
145.132
144.895
144.62
144.314
143.985
143.639
143.283
142.922
142.561
142.205
141.855
141.515
141.185
140.868
140.564
140.274
139.998
139.735
139.486
139.25
139.028
138.817
138.618
138.431
138.254
138.087
137.929
137.781
137.641
137.509
137.384
137.267
137.156
137.052
136.954
136.861
136.773
136.691
136.612
136.538
136.468
136.401
136.338
136.277
136.22
136.164
136.112
136.061
136.012
135.965
135.919
135.875
135.832
135.791
135.751
135.712
135.675
135.639
135.607
135.573
135.55
135.511
135.519
143.826
143.969
144.204
144.446
144.698
144.939
145.13
145.25
145.29
145.25
145.136
144.955
144.719
144.438
144.123
143.784
143.43
143.067
142.701
142.338
141.981
141.633
141.296
140.971
140.66
140.363
140.081
139.812
139.558
139.318
139.091
138.877
138.675
138.484
138.305
138.135
137.975
137.825
137.683
137.549
137.422
137.303
137.191
137.085
136.986
136.891
136.803
136.719
136.64
136.565
136.493
136.426
136.362
136.301
136.243
136.187
136.134
136.083
136.034
135.987
135.941
135.897
135.854
135.813
135.773
135.734
135.696
135.66
135.625
135.593
135.56
135.538
135.5
135.508
142.371
142.71
143.182
143.656
144.115
144.527
144.847
145.055
145.148
145.134
145.028
144.843
144.595
144.3
143.971
143.618
143.252
142.881
142.509
142.143
141.785
141.438
141.104
140.784
140.478
140.188
139.912
139.651
139.404
139.172
138.952
138.746
138.551
138.368
138.195
138.032
137.878
137.734
137.597
137.468
137.347
137.233
137.125
137.023
136.927
136.837
136.751
136.671
136.594
136.522
136.454
136.389
136.327
136.268
136.212
136.158
136.107
136.057
136.01
135.964
135.919
135.877
135.835
135.795
135.755
135.718
135.681
135.646
135.611
135.58
135.548
135.526
135.488
135.497
140.949
141.512
142.266
143.007
143.688
144.264
144.698
144.973
145.098
145.093
144.978
144.777
144.51
144.195
143.847
143.479
143.101
142.72
142.343
141.974
141.615
141.269
140.937
140.621
140.32
140.035
139.765
139.511
139.271
139.045
138.832
138.632
138.444
138.266
138.099
137.942
137.794
137.654
137.522
137.398
137.281
137.171
137.067
136.968
136.876
136.788
136.706
136.628
136.554
136.484
136.418
136.355
136.295
136.238
136.184
136.132
136.082
136.034
135.987
135.943
135.9
135.858
135.817
135.778
135.74
135.703
135.667
135.632
135.598
135.568
135.536
135.515
135.478
135.487
139.56
140.376
141.461
142.505
143.408
144.133
144.659
144.98
145.116
145.102
144.968
144.743
144.451
144.113
143.746
143.362
142.972
142.582
142.199
141.827
141.467
141.122
140.793
140.48
140.183
139.903
139.638
139.389
139.155
138.935
138.728
138.533
138.35
138.178
138.016
137.864
137.72
137.585
137.457
137.337
137.223
137.116
137.015
136.92
136.83
136.746
136.666
136.59
136.519
136.451
136.386
136.325
136.267
136.212
136.159
136.108
136.059
136.012
135.967
135.924
135.882
135.841
135.801
135.762
135.725
135.689
135.653
135.62
135.586
135.557
135.525
135.505
135.468
135.478
138.208
139.301
140.77
142.146
143.257
144.109
144.705
145.049
145.178
145.144
144.983
144.729
144.41
144.048
143.661
143.262
142.86
142.463
142.075
141.699
141.339
140.995
140.667
140.357
140.064
139.788
139.528
139.284
139.055
138.839
138.637
138.447
138.269
138.101
137.944
137.796
137.656
137.524
137.4
137.283
137.172
137.068
136.97
136.877
136.79
136.708
136.63
136.556
136.487
136.421
136.358
136.298
136.242
136.187
136.136
136.086
136.039
135.993
135.949
135.906
135.865
135.825
135.786
135.748
135.711
135.676
135.641
135.608
135.575
135.546
135.515
135.495
135.459
135.469
136.904
138.284
140.196
141.92
143.213
144.166
144.809
145.156
145.266
145.203
145.01
144.726
144.38
143.995
143.59
143.177
142.765
142.36
141.967
141.589
141.228
140.885
140.559
140.252
139.962
139.689
139.433
139.193
138.968
138.756
138.558
138.373
138.198
138.035
137.881
137.736
137.599
137.471
137.349
137.235
137.127
137.025
136.93
136.839
136.754
136.674
136.598
136.526
136.458
136.393
136.332
136.274
136.218
136.165
136.115
136.066
136.02
135.975
135.932
135.89
135.849
135.81
135.772
135.735
135.699
135.664
135.63
135.597
135.565
135.536
135.505
135.486
135.45
135.461
135.67
137.32
139.739
141.809
143.248
144.279
144.949
145.283
145.366
145.27
145.044
144.729
144.357
143.952
143.53
143.104
142.682
142.271
141.874
141.494
141.133
140.789
140.465
140.16
139.873
139.603
139.35
139.114
138.892
138.684
138.49
138.307
138.136
137.976
137.825
137.683
137.549
137.423
137.305
137.193
137.087
136.988
136.894
136.805
136.722
136.643
136.569
136.498
136.432
136.369
136.309
136.252
136.197
136.145
136.096
136.048
136.002
135.958
135.916
135.875
135.835
135.797
135.759
135.723
135.687
135.652
135.619
135.587
135.555
135.527
135.496
135.477
135.441
135.452
134.526
136.403
139.398
141.788
143.338
144.428
145.106
145.417
145.468
145.338
145.079
144.736
144.34
143.915
143.479
143.041
142.611
142.195
141.794
141.412
141.05
140.707
140.384
140.081
139.796
139.529
139.279
139.045
138.826
138.621
138.43
138.25
138.082
137.925
137.776
137.637
137.506
137.382
137.265
137.155
137.052
136.954
136.862
136.775
136.693
136.616
136.543
136.474
136.408
136.346
136.287
136.231
136.178
136.127
136.078
136.031
135.987
135.943
135.902
135.861
135.822
135.784
135.747
135.711
135.676
135.642
135.609
135.577
135.546
135.518
135.488
135.469
135.433
135.445
133.479
135.539
139.173
141.832
143.465
144.595
145.267
145.549
145.567
145.402
145.113
144.744
144.326
143.885
143.435
142.987
142.55
142.129
141.725
141.341
140.978
140.636
140.314
140.012
139.729
139.464
139.216
138.985
138.768
138.566
138.377
138.2
138.035
137.879
137.733
137.596
137.467
137.345
137.23
137.122
137.02
136.924
136.833
136.748
136.667
136.591
136.519
136.451
136.387
136.326
136.268
136.213
136.16
136.11
136.062
136.016
135.972
135.929
135.888
135.848
135.81
135.772
135.736
135.7
135.666
135.632
135.599
135.568
135.537
135.51
135.48
135.462
135.426
135.437
132.509
134.735
139.037
141.915
143.612
144.767
145.422
145.674
145.658
145.462
145.145
144.751
144.315
143.858
143.397
142.941
142.497
142.071
141.665
141.28
140.916
140.574
140.253
139.952
139.671
139.408
139.162
138.932
138.718
138.518
138.331
138.156
137.993
137.839
137.695
137.56
137.432
137.312
137.199
137.092
136.991
136.896
136.807
136.723
136.644
136.569
136.498
136.431
136.367
136.307
136.25
136.196
136.144
136.095
136.047
136.002
135.958
135.916
135.876
135.836
135.798
135.761
135.725
135.69
135.656
135.623
135.59
135.559
135.529
135.502
135.472
135.454
135.419
135.431
131.569
134.081
138.997
142.02
143.766
144.934
145.567
145.788
145.741
145.515
145.173
144.759
144.305
143.835
143.364
142.9
142.452
142.022
141.613
141.227
140.863
140.521
140.2
139.9
139.62
139.358
139.114
138.886
138.674
138.475
138.29
138.117
137.955
137.803
137.661
137.527
137.401
137.282
137.17
137.065
136.965
136.872
136.784
136.7
136.622
136.548
136.478
136.412
136.35
136.29
136.234
136.18
136.129
136.08
136.034
135.989
135.946
135.904
135.864
135.825
135.788
135.751
135.716
135.681
135.647
135.614
135.582
135.551
135.521
135.494
135.465
135.447
135.412
135.424
130.431
133.504
138.99
142.141
143.924
145.09
145.699
145.89
145.815
145.563
145.198
144.765
144.297
143.816
143.335
142.865
142.412
141.979
141.568
141.18
140.816
140.474
140.154
139.855
139.575
139.315
139.072
138.845
138.634
138.438
138.254
138.082
137.922
137.772
137.631
137.498
137.373
137.256
137.145
137.04
136.942
136.85
136.762
136.68
136.603
136.529
136.46
136.395
136.333
136.275
136.219
136.166
136.115
136.067
136.021
135.977
135.934
135.893
135.853
135.815
135.778
135.742
135.706
135.672
135.638
135.606
135.574
135.544
135.514
135.487
135.458
135.441
135.406
135.418
129.434
133.379
139.006
142.247
144.073
145.232
145.816
145.981
145.879
145.604
145.219
144.771
144.29
143.799
143.311
142.835
142.377
141.942
141.529
141.14
140.775
140.433
140.113
139.815
139.536
139.277
139.035
138.809
138.6
138.404
138.222
138.052
137.892
137.743
137.603
137.472
137.348
137.232
137.122
137.018
136.921
136.829
136.743
136.661
136.585
136.512
136.444
136.379
136.318
136.26
136.205
136.153
136.103
136.055
136.009
135.965
135.923
135.883
135.843
135.805
135.768
135.733
135.698
135.664
135.631
135.598
135.567
135.537
135.507
135.481
135.452
135.435
135.4
135.412
)
;

boundaryField
{
    inlet
    {
        type            freestreamPressure;
        value           nonuniform List<scalar> 
230
(
130.997
131.001
131.007
131.015
131.023
131.031
131.039
131.048
131.058
131.068
131.078
131.089
131.101
131.113
131.126
131.14
131.154
131.17
131.186
131.203
131.221
131.24
131.26
131.281
131.304
131.327
131.353
131.379
131.407
131.437
131.469
131.502
131.537
131.574
131.614
131.655
131.699
131.746
131.794
131.846
131.9
131.957
132.017
132.079
132.145
132.213
132.284
132.358
132.435
132.514
132.596
132.68
132.766
132.853
132.942
133.032
133.122
133.212
133.301
133.389
133.475
133.559
133.64
133.716
133.789
133.855
133.916
133.97
134.017
134.055
134.084
134.105
134.11
134.137
134
133.246
132.594
132.044
131.59
131.223
130.931
130.705
130.534
130.409
130.323
130.27
130.243
130.237
130.248
130.272
130.305
130.343
130.385
130.427
130.468
130.509
130.547
130.585
130.621
130.656
130.688
130.719
130.748
130.776
130.801
130.825
130.848
130.869
130.889
130.908
130.926
130.942
130.958
130.972
130.987
134.831
135.612
136.311
136.921
137.446
137.892
138.268
138.583
138.845
139.062
139.241
139.387
139.507
139.604
139.682
139.745
139.795
139.834
139.865
139.888
139.905
139.918
139.927
139.932
139.935
139.937
139.936
139.935
139.933
139.93
139.926
139.922
139.918
139.914
139.91
139.905
139.901
139.897
139.893
139.889
139.885
139.882
139.88
139.878
139.876
139.873
139.871
139.868
139.865
139.862
139.858
139.854
139.85
139.846
139.841
139.836
139.831
139.825
139.818
139.811
139.803
139.795
139.786
139.776
139.765
139.753
139.741
139.727
139.712
139.695
139.677
139.658
139.637
139.614
139.589
139.561
139.532
139.499
139.465
139.427
139.386
139.341
139.293
139.241
139.186
139.126
139.062
138.993
138.92
138.842
138.76
138.672
138.581
138.484
138.383
138.278
138.169
138.056
137.941
137.823
137.702
137.58
137.458
137.334
137.212
137.09
136.97
136.852
136.738
136.627
136.52
136.419
136.323
136.239
136.149
)
;
    }
    outlet
    {
        type            freestreamPressure;
        value           nonuniform List<scalar> 
96
(
135.406
135.4
135.394
135.387
135.38
135.373
135.365
135.356
135.348
135.338
135.328
135.317
135.306
135.294
135.282
135.269
135.255
135.24
135.225
135.209
135.193
135.176
135.158
135.141
135.123
135.106
135.09
135.076
135.066
135.064
135.074
135.091
135.091
135.028
134.869
134.64
134.427
134.309
134.291
134.32
134.339
134.33
134.302
134.268
134.236
134.203
134.179
134.137
136.149
136.134
136.107
136.075
136.043
136.014
135.989
135.969
135.953
135.94
135.928
135.914
135.9
135.883
135.866
135.846
135.826
135.805
135.784
135.763
135.743
135.723
135.703
135.684
135.665
135.648
135.631
135.614
135.599
135.584
135.569
135.556
135.543
135.531
135.519
135.508
135.497
135.487
135.478
135.469
135.461
135.452
135.445
135.437
135.431
135.424
135.418
135.412
)
;
    }
    walls
    {
        type            zeroGradient;
    }
    frontAndBack
    {
        type            empty;
    }
}


// ************************************************************************* //
