/*--------------------------------*- C++ -*----------------------------------*\
| =========                 |                                                 |
| \\      /  F ield         | OpenFOAM: The Open Source CFD Toolbox           |
|  \\    /   O peration     | Version:  5.x                                   |
|   \\  /    A nd           | Web:      www.OpenFOAM.org                      |
|    \\/     M anipulation  |                                                 |
\*---------------------------------------------------------------------------*/
FoamFile
{
    version     2.0;
    format      ascii;
    class       volScalarField;
    location    "550";
    object      p;
}
// * * * * * * * * * * * * * * * * * * * * * * * * * * * * * * * * * * * * * //

dimensions      [0 2 -2 0 0 0 0];

internalField   nonuniform List<scalar> 
11040
(
0.00031563
-93.5224
-334.009
-377.791
-376.36
-369.494
-353.407
-326.873
-293.31
-254.165
-209.554
-151.545
-97.3664
-56.0842
-23.6677
9.19008
41.1968
70.3633
95.7854
116.176
130.152
136.921
140.078
142.024
143.392
144.428
145.207
145.761
146.126
146.328
146.389
146.321
146.149
145.93
145.834
146.226
147.371
149.205
152.959
159.361
155.05
52.5154
-41.0982
-191.773
-257.526
-281.948
-296.497
-299.904
-289.99
-269.133
-239.475
-202.142
-151.049
-99.857
-58.5644
-25.5701
7.28516
39.343
68.7504
94.5275
115.367
129.786
136.8
140.029
141.991
143.364
144.408
145.198
145.764
146.139
146.351
146.42
146.358
146.187
145.959
145.835
146.179
147.265
149.012
152.542
158.595
151.986
88.1839
-6.09121
-112.535
-196.948
-238.475
-260.054
-268.387
-263.407
-247.33
-222.386
-190.076
-145.924
-98.6506
-58.2134
-25.3936
6.67727
38.2591
67.552
93.427
114.573
129.403
136.725
140.058
142.02
143.373
144.41
145.203
145.774
146.157
146.377
146.454
146.4
146.233
146.002
145.854
146.138
147.142
148.797
152.104
158.014
149.939
114.924
30.1693
-48.5861
-127.198
-176.052
-205.596
-222.685
-226.717
-218.591
-200.5
-174.369
-137.499
-95.2377
-56.6367
-24.344
6.70163
37.5105
66.4599
92.2907
113.676
128.929
136.648
140.15
142.115
143.439
144.452
145.232
145.802
146.189
146.414
146.498
146.452
146.289
146.052
145.875
146.081
146.967
148.483
151.507
157.179
148.895
137.038
64.3381
3.28442
-64.6894
-116.722
-152.254
-175.775
-187.13
-186.431
-175.297
-155.673
-126.21
-89.8639
-54.0587
-22.7074
7.11587
36.8066
65.1076
90.7012
112.267
128.037
136.355
140.203
142.255
143.567
144.545
145.298
145.855
146.239
146.465
146.556
146.518
146.36
146.115
145.901
146.011
146.742
148.072
150.766
155.959
148.502
154.797
94.3427
45.5313
-11.2062
-60.9537
-98.9058
-126.716
-144.041
-150.272
-146.21
-133.448
-111.486
-81.7162
-49.7338
-20.05
8.22206
36.4053
63.6683
88.7116
110.261
126.539
135.662
140.111
142.401
143.757
144.705
145.42
145.949
146.316
146.536
146.63
146.6
146.448
146.196
145.94
145.938
146.477
147.578
149.915
154.408
148.513
169.053
119.702
79.9392
33.352
-10.9159
-47.9185
-77.4712
-98.7635
-110.648
-113.15
-107.247
-92.7767
-70.0944
-43.0135
-15.9598
10.3096
36.5955
62.3924
86.4937
107.699
124.327
134.345
139.662
142.446
143.987
144.949
145.619
146.105
146.44
146.642
146.729
146.703
146.557
146.298
145.999
145.872
146.192
147.036
149.001
152.675
148.766
180.457
140.488
107.816
69.8532
32.1759
-1.57342
-30.5202
-53.5693
-69.2707
-77.0984
-77.3878
-69.963
-54.4857
-33.1964
-9.84267
13.7915
37.7499
61.6287
84.3471
104.779
121.432
132.199
138.503
142.116
144.135
145.27
145.934
146.357
146.637
146.803
146.87
146.839
146.695
146.431
146.089
145.836
145.926
146.504
148.095
150.979
149.079
189.504
157.163
130.214
99.3724
68.1372
38.8266
12.2647
-10.5178
-28.061
-39.5319
-44.7825
-43.4629
-34.7713
-19.7027
-0.998876
19.2241
40.3394
61.8377
82.731
101.945
118.195
129.32
136.402
140.994
143.832
145.486
146.366
146.788
146.976
147.06
147.081
147.029
146.879
146.609
146.233
145.868
145.737
146.062
147.302
149.571
149.382
196.584
170.332
148.053
123.021
97.5095
72.8937
49.6814
28.6588
11.0416
-2.27092
-10.88
-14.2897
-11.4285
-2.40325
11.097
27.1881
44.8869
63.5178
82.1444
99.726
115.146
126.193
133.634
138.967
142.655
145.094
146.573
147.329
147.593
147.579
147.458
147.313
147.131
146.855
146.46
146.019
145.718
145.823
146.753
148.625
149.692
202.031
180.614
162.157
141.831
121.151
100.906
81.3117
62.8836
46.4873
32.9005
22.5816
16.0536
14.4558
18.2233
26.5553
38.1064
51.9044
67.1953
83.0993
98.6304
112.791
123.405
130.858
136.533
140.749
143.825
145.998
147.405
148.156
148.393
148.285
147.989
147.623
147.234
146.805
146.341
145.959
145.919
146.629
148.27
150.099
206.147
188.574
173.25
156.718
140.003
123.549
107.389
91.8074
77.3612
64.6152
53.9719
45.8772
41.3636
41.1036
44.9092
52.0163
61.7187
73.3468
86.1281
99.1853
111.631
121.457
128.666
134.383
138.809
142.188
144.762
146.687
148.033
148.839
149.167
149.113
148.791
148.293
147.687
147.072
146.592
146.475
147.069
148.649
150.849
209.198
194.7
181.949
168.47
154.959
141.662
128.516
115.647
103.399
92.1228
82.11
73.6885
67.6847
64.784
65.1299
68.4101
74.2546
82.2037
91.6615
101.918
112.225
120.856
127.519
133.027
137.463
140.955
143.682
145.812
147.462
148.693
149.53
149.986
150.098
149.926
149.542
149.053
148.571
148.311
148.653
150.048
152.196
211.417
199.4
188.768
177.746
166.805
156.075
145.455
134.983
124.853
115.267
106.402
98.473
92.0798
87.7956
85.8812
86.2934
88.9296
93.564
99.8159
107.18
115.08
122.149
127.92
132.918
137.136
140.603
143.398
145.627
147.396
148.794
149.89
150.72
151.3
151.648
151.786
151.808
151.838
152.042
152.636
154.103
155.84
212.996
202.998
194.121
185.08
176.195
167.529
158.973
150.515
142.262
134.324
126.786
119.778
113.703
108.986
105.88
104.458
104.769
106.762
110.253
114.936
120.424
125.733
130.342
134.538
138.266
141.495
144.233
146.516
148.398
149.94
151.207
152.258
153.149
153.924
154.613
155.274
155.982
156.858
157.987
159.92
161.565
214.104
205.767
198.347
190.906
183.666
176.649
169.752
162.943
156.273
149.803
143.56
137.612
132.223
127.679
124.177
121.812
120.688
120.848
122.24
124.72
128.064
131.653
134.999
138.221
141.245
144.016
146.502
148.699
150.621
152.297
153.761
155.056
156.232
157.344
158.452
159.622
160.915
162.429
164.172
166.556
168.687
214.919
207.956
201.748
195.605
189.683
183.981
178.406
172.92
167.545
162.308
157.215
152.292
147.705
143.643
140.237
137.567
135.735
134.814
134.821
135.713
137.384
139.505
141.68
143.924
146.167
148.352
150.431
152.381
154.196
155.883
157.457
158.942
160.368
161.772
163.201
164.706
166.339
168.184
170.274
172.798
175.465
215.477
209.6
204.346
199.203
194.288
189.585
185.01
180.528
176.145
171.875
167.714
163.664
159.832
156.34
153.271
150.683
148.655
147.258
146.531
146.477
147.06
148.136
149.41
150.851
152.405
154.021
155.655
157.276
158.869
160.43
161.962
163.474
164.983
166.51
168.082
169.728
171.478
173.375
175.45
177.757
180.288
215.835
210.796
206.282
201.902
197.749
193.798
189.973
186.242
182.606
179.068
175.621
172.26
169.054
166.085
163.406
161.056
159.092
157.572
156.535
156.002
155.968
156.394
157.066
157.937
158.97
160.127
161.37
162.67
164.009
165.379
166.774
168.196
169.651
171.149
172.703
174.325
176.028
177.829
179.742
181.77
183.93
216.081
211.706
207.778
203.996
200.434
197.061
193.811
190.654
187.589
184.613
181.719
178.899
176.2
173.677
171.367
169.293
167.497
166.024
164.906
164.168
163.819
163.87
164.165
164.66
165.33
166.145
167.076
168.1
169.2
170.364
171.585
172.858
174.182
175.559
176.995
178.49
180.047
181.673
183.369
185.131
186.961
216.262
212.426
208.974
205.672
202.581
199.665
196.869
194.164
191.547
189.015
186.557
184.169
181.881
179.732
177.748
175.943
174.349
172.996
171.914
171.123
170.637
170.49
170.565
170.822
171.248
171.821
172.517
173.319
174.211
175.182
176.222
177.326
178.489
179.708
180.981
182.308
183.683
185.109
186.583
188.097
189.65
216.405
213.014
209.957
207.049
204.34
201.796
199.365
197.024
194.767
192.591
190.485
188.445
186.493
184.657
182.953
181.394
179.999
178.795
177.801
177.037
176.514
176.276
176.231
176.346
176.615
177.021
177.545
178.174
178.895
179.697
180.571
181.511
182.508
183.56
184.662
185.809
186.996
188.221
189.48
190.766
192.074
216.525
213.507
210.783
208.203
205.812
203.574
201.443
199.4
197.438
195.552
193.735
191.98
190.305
188.73
187.266
185.923
184.714
183.659
182.774
182.074
181.569
181.302
181.198
181.233
181.404
181.697
182.098
182.595
183.179
183.839
184.568
185.359
186.203
187.097
188.035
189.011
190.02
191.059
192.122
193.204
194.299
216.631
213.929
211.488
209.187
207.062
205.08
203.201
201.405
199.688
198.044
196.465
194.947
193.503
192.147
190.888
189.732
188.689
187.775
187.001
186.379
185.918
185.656
185.53
185.524
185.634
185.852
186.164
186.563
187.038
187.583
188.19
188.851
189.56
190.313
191.103
191.926
192.775
193.648
194.54
195.445
196.357
216.727
214.298
212.099
210.035
208.137
206.373
204.706
203.119
201.608
200.166
198.788
197.469
196.219
195.048
193.963
192.968
192.072
191.284
190.615
190.074
189.668
189.427
189.301
189.275
189.35
189.517
189.766
190.09
190.481
190.932
191.436
191.988
192.582
193.213
193.875
194.564
195.275
196.006
196.75
197.505
198.263
216.817
214.623
212.635
210.776
209.072
207.493
206.008
204.599
203.263
201.994
200.785
199.635
198.548
197.535
196.598
195.742
194.973
194.298
193.724
193.26
192.909
192.698
192.581
192.549
192.604
192.737
192.94
193.206
193.53
193.906
194.327
194.788
195.285
195.812
196.366
196.942
197.535
198.145
198.765
199.393
200.022
216.903
214.913
213.109
211.427
209.891
208.473
207.143
205.888
204.702
203.58
202.517
201.51
200.563
199.684
198.874
198.137
197.478
196.901
196.412
196.017
195.719
195.539
195.436
195.406
195.449
195.559
195.728
195.95
196.221
196.535
196.888
197.274
197.69
198.131
198.594
199.075
199.57
200.078
200.594
201.117
201.639
216.986
215.174
213.53
212.003
210.614
209.336
208.141
207.018
205.962
204.967
204.029
203.145
202.318
201.554
200.854
200.219
199.654
199.162
198.747
198.413
198.163
198.012
197.926
197.901
197.937
198.031
198.174
198.361
198.59
198.854
199.151
199.475
199.824
200.194
200.581
200.983
201.397
201.82
202.25
202.685
203.12
217.065
215.41
213.907
212.517
211.256
210.099
209.022
208.015
207.071
206.187
205.357
204.579
203.856
203.19
202.584
202.037
201.553
201.134
200.783
200.503
200.295
200.171
200.1
200.081
200.115
200.196
200.319
200.479
200.673
200.897
201.147
201.421
201.714
202.024
202.349
202.686
203.031
203.385
203.744
204.107
204.469
217.141
215.624
214.246
212.975
211.827
210.777
209.803
208.897
208.051
207.263
206.528
205.842
205.208
204.628
204.103
203.632
203.218
202.862
202.566
202.332
202.16
202.06
202.003
201.991
202.022
202.094
202.201
202.339
202.505
202.695
202.908
203.139
203.386
203.647
203.92
204.203
204.492
204.788
205.088
205.392
205.694
217.214
215.819
214.551
213.386
212.336
211.381
210.498
209.68
208.921
208.217
207.564
206.959
206.402
205.896
205.441
205.036
204.681
204.379
204.131
203.936
203.795
203.716
203.672
203.665
203.696
203.76
203.854
203.973
204.116
204.279
204.459
204.656
204.865
205.085
205.315
205.552
205.796
206.044
206.296
206.55
206.802
217.284
215.996
214.826
213.754
212.792
211.92
211.117
210.377
209.695
209.065
208.484
207.949
207.46
207.018
206.624
206.275
205.972
205.716
205.508
205.347
205.232
205.17
205.137
205.135
205.166
205.224
205.307
205.411
205.534
205.674
205.828
205.995
206.172
206.359
206.553
206.753
206.958
207.167
207.378
207.592
207.803
217.351
216.158
215.075
214.085
213.201
212.401
211.67
210.999
210.383
209.819
209.301
208.828
208.398
208.013
207.671
207.371
207.113
206.897
206.722
206.59
206.498
206.45
206.426
206.429
206.458
206.512
206.585
206.676
206.783
206.903
207.035
207.178
207.329
207.487
207.651
207.82
207.993
208.169
208.347
208.526
208.704
217.414
216.305
215.298
214.382
213.566
212.831
212.163
211.553
210.997
210.49
210.029
209.61
209.232
208.896
208.599
208.342
208.122
207.94
207.795
207.687
207.613
207.578
207.562
207.568
207.597
207.646
207.711
207.791
207.884
207.988
208.101
208.223
208.352
208.486
208.626
208.769
208.915
209.063
209.213
209.365
209.514
217.474
216.438
215.5
214.648
213.892
213.215
212.603
212.047
211.544
211.088
210.676
210.305
209.973
209.68
209.423
209.203
209.016
208.864
208.744
208.656
208.598
208.573
208.563
208.572
208.6
208.645
208.704
208.774
208.855
208.945
209.043
209.147
209.257
209.372
209.49
209.611
209.735
209.86
209.987
210.115
210.24
217.53
216.559
215.68
214.886
214.183
213.558
212.994
212.487
212.03
211.62
211.252
210.923
210.632
210.376
210.155
209.966
209.808
209.681
209.582
209.512
209.467
209.45
209.446
209.457
209.485
209.526
209.579
209.641
209.712
209.79
209.875
209.964
210.058
210.156
210.257
210.36
210.464
210.571
210.678
210.786
210.892
217.583
216.668
215.841
215.097
214.442
213.861
213.342
212.877
212.462
212.092
211.763
211.472
211.216
210.994
210.803
210.643
210.51
210.404
210.324
210.268
210.235
210.225
210.225
210.238
210.265
210.303
210.35
210.406
210.468
210.536
210.609
210.686
210.767
210.85
210.936
211.023
211.112
211.202
211.293
211.384
211.473
217.631
216.765
215.984
215.284
214.67
214.129
213.648
213.222
212.844
212.51
212.216
211.958
211.734
211.541
211.378
211.241
211.131
211.044
210.979
210.936
210.912
210.908
210.912
210.927
210.953
210.988
211.031
211.08
211.135
211.195
211.258
211.325
211.394
211.465
211.538
211.613
211.688
211.764
211.841
211.918
211.993
217.675
216.851
216.109
215.447
214.87
214.363
213.917
213.524
213.18
212.878
212.615
212.387
212.19
212.024
211.884
211.77
211.678
211.608
211.557
211.524
211.508
211.509
211.516
211.532
211.557
211.59
211.629
211.673
211.722
211.774
211.829
211.886
211.946
212.007
212.069
212.133
212.196
212.261
212.326
212.391
212.454
217.714
216.926
216.218
215.589
215.042
214.567
214.151
213.788
213.473
213.2
212.964
212.763
212.592
212.448
212.33
212.235
212.16
212.104
212.065
212.042
212.033
212.038
212.048
212.065
212.09
212.121
212.157
212.197
212.24
212.285
212.334
212.383
212.435
212.487
212.541
212.594
212.649
212.703
212.758
212.813
212.866
217.749
216.99
216.31
215.709
215.19
214.74
214.351
214.014
213.725
213.478
213.267
213.09
212.941
212.818
212.719
212.641
212.58
212.537
212.509
212.494
212.49
212.499
212.511
212.529
212.553
212.583
212.615
212.651
212.69
212.73
212.772
212.816
212.86
212.905
212.951
212.997
213.043
213.089
213.135
213.182
213.227
217.78
217.044
216.387
215.809
215.312
214.885
214.519
214.206
213.94
213.715
213.527
213.371
213.242
213.139
213.056
212.993
212.947
212.915
212.896
212.889
212.891
212.903
212.918
212.938
212.962
212.99
213.021
213.054
213.089
213.125
213.163
213.201
213.239
213.278
213.317
213.357
213.396
213.435
213.474
213.513
213.55
217.806
217.087
216.447
215.888
215.41
215.002
214.656
214.363
214.118
213.914
213.746
213.609
213.498
213.411
213.344
213.295
213.26
213.238
213.227
213.226
213.233
213.247
213.264
213.284
213.308
213.335
213.364
213.394
213.426
213.458
213.491
213.525
213.558
213.592
213.626
213.66
213.693
213.726
213.759
213.792
213.824
217.827
217.119
216.493
215.947
215.483
215.091
214.761
214.486
214.26
214.074
213.924
213.805
213.711
213.64
213.588
213.551
213.528
213.517
213.515
213.521
213.533
213.552
213.571
213.594
213.619
213.646
213.674
213.703
213.733
213.763
213.793
213.823
213.852
213.882
213.911
213.94
213.968
213.996
214.024
214.051
214.077
217.843
217.143
216.524
215.989
215.535
215.155
214.838
214.578
214.367
214.197
214.064
213.96
213.882
213.824
213.784
213.758
213.744
213.74
213.744
213.755
213.771
213.791
213.812
213.835
213.861
213.887
213.914
213.941
213.969
213.996
214.023
214.05
214.076
214.103
214.128
214.153
214.178
214.202
214.226
214.249
214.271
217.855
217.155
216.541
216.011
215.565
215.194
214.889
214.641
214.442
214.286
214.167
214.077
214.013
213.97
213.945
213.933
213.932
213.939
213.953
213.972
213.994
214.02
214.046
214.072
214.1
214.128
214.156
214.183
214.21
214.236
214.261
214.286
214.31
214.334
214.356
214.378
214.399
214.42
214.439
214.458
214.477
217.86
217.15
216.53
216
215.557
215.193
214.897
214.661
214.476
214.334
214.228
214.151
214.099
214.066
214.048
214.043
214.049
214.062
214.08
214.102
214.127
214.154
214.181
214.208
214.236
214.264
214.291
214.317
214.343
214.368
214.392
214.415
214.437
214.459
214.479
214.499
214.518
214.536
214.553
214.57
214.586
217.857
217.129
216.498
215.96
215.514
215.152
214.861
214.634
214.461
214.332
214.242
214.183
214.15
214.137
214.141
214.156
214.181
214.212
214.244
214.278
214.312
214.347
214.381
214.413
214.445
214.476
214.505
214.532
214.558
214.583
214.607
214.629
214.649
214.669
214.687
214.705
214.721
214.737
214.751
214.765
214.778
160.795
165.492
171.718
176.675
181.836
187.26
192.467
197.27
201.592
205.393
208.67
211.451
213.778
215.699
217.262
218.517
219.508
220.278
220.863
221.297
221.608
221.818
221.949
222.017
222.035
222.015
221.965
221.894
221.806
221.707
221.601
221.49
221.377
221.265
221.154
221.045
220.941
220.84
220.743
220.651
220.563
220.48
220.401
220.326
220.256
220.189
220.126
220.066
220.01
219.957
219.906
219.859
219.814
219.772
219.732
219.694
219.659
219.625
219.593
219.563
219.534
219.508
219.482
219.458
219.436
219.415
219.396
219.379
219.363
219.35
219.336
219.333
219.316
219.337
157.123
163.43
170.024
175.551
181.097
186.75
192.127
197.06
201.478
205.347
208.671
211.482
213.826
215.755
217.321
218.574
219.561
220.325
220.904
221.331
221.635
221.839
221.965
222.027
222.041
222.017
221.964
221.89
221.8
221.699
221.591
221.479
221.365
221.252
221.14
221.031
220.926
220.825
220.729
220.637
220.549
220.466
220.388
220.313
220.243
220.176
220.113
220.054
219.998
219.945
219.895
219.848
219.804
219.762
219.722
219.685
219.649
219.616
219.584
219.555
219.526
219.5
219.475
219.451
219.429
219.409
219.39
219.373
219.357
219.345
219.331
219.328
219.312
219.333
153.842
160.194
167.593
174.056
180.158
186.132
191.733
196.826
201.357
205.305
208.683
211.527
213.89
215.828
217.396
218.645
219.626
220.383
220.953
221.372
221.668
221.865
221.983
222.04
222.048
222.019
221.963
221.885
221.792
221.689
221.579
221.466
221.351
221.237
221.125
221.016
220.91
220.809
220.713
220.621
220.534
220.451
220.372
220.298
220.228
220.162
220.1
220.041
219.985
219.933
219.883
219.836
219.792
219.751
219.712
219.675
219.64
219.607
219.575
219.546
219.518
219.492
219.467
219.444
219.422
219.402
219.383
219.366
219.351
219.339
219.326
219.323
219.307
219.329
151.127
156.951
164.739
172.141
178.959
185.371
191.267
196.565
201.235
205.275
208.713
211.594
213.977
215.923
217.491
218.735
219.707
220.453
221.013
221.422
221.707
221.895
222.005
222.054
222.057
222.023
221.961
221.88
221.784
221.678
221.567
221.452
221.336
221.22
221.108
220.998
220.893
220.792
220.695
220.603
220.516
220.434
220.356
220.282
220.212
220.147
220.085
220.026
219.971
219.919
219.87
219.824
219.78
219.739
219.7
219.663
219.629
219.596
219.565
219.536
219.509
219.483
219.458
219.436
219.414
219.394
219.376
219.359
219.344
219.333
219.32
219.317
219.302
219.324
149.488
154.516
161.994
169.94
177.472
184.431
190.706
196.265
201.112
205.267
208.773
211.693
214.096
216.048
217.613
218.848
219.808
220.541
221.087
221.482
221.755
221.931
222.032
222.072
222.067
222.027
221.96
221.874
221.775
221.666
221.552
221.435
221.318
221.202
221.088
220.978
220.873
220.771
220.675
220.584
220.497
220.415
220.337
220.264
220.195
220.13
220.068
220.01
219.956
219.904
219.856
219.81
219.767
219.726
219.688
219.652
219.617
219.585
219.555
219.526
219.499
219.473
219.449
219.427
219.406
219.386
219.368
219.352
219.337
219.326
219.314
219.311
219.296
219.319
148.756
152.982
159.823
167.826
175.822
183.31
190.034
195.913
200.978
205.281
208.876
211.841
214.26
216.215
217.772
218.993
219.936
220.651
221.179
221.556
221.814
221.976
222.064
222.094
222.08
222.032
221.959
221.868
221.764
221.652
221.535
221.416
221.297
221.18
221.066
220.956
220.85
220.749
220.653
220.561
220.475
220.394
220.317
220.244
220.175
220.111
220.05
219.993
219.939
219.888
219.84
219.795
219.752
219.712
219.674
219.639
219.605
219.573
219.543
219.515
219.488
219.463
219.44
219.417
219.397
219.378
219.36
219.344
219.33
219.319
219.307
219.305
219.29
219.313
148.738
152.353
158.541
166.219
174.313
182.136
189.27
195.507
200.831
205.307
209.017
212.045
214.488
216.439
217.98
219.18
220.099
220.789
221.293
221.649
221.886
222.031
222.104
222.121
222.095
222.038
221.958
221.861
221.752
221.636
221.516
221.395
221.274
221.156
221.041
220.93
220.824
220.723
220.627
220.536
220.451
220.37
220.293
220.221
220.154
220.09
220.03
219.973
219.92
219.87
219.822
219.778
219.736
219.697
219.659
219.624
219.591
219.56
219.531
219.503
219.477
219.452
219.429
219.407
219.387
219.368
219.351
219.336
219.322
219.311
219.3
219.298
219.284
219.307
149.386
152.646
158.274
165.453
173.312
181.177
188.542
195.082
200.678
205.351
209.187
212.292
214.775
216.734
218.256
219.425
220.309
220.965
221.438
221.764
221.976
222.099
222.153
222.153
222.115
222.047
221.957
221.853
221.738
221.617
221.494
221.37
221.247
221.127
221.011
220.9
220.794
220.694
220.598
220.508
220.423
220.343
220.267
220.196
220.129
220.066
220.007
219.951
219.899
219.85
219.803
219.76
219.719
219.68
219.643
219.609
219.577
219.546
219.517
219.49
219.464
219.44
219.418
219.397
219.377
219.359
219.342
219.327
219.314
219.303
219.293
219.291
219.278
219.301
150.622
153.809
159.019
165.685
173.124
180.753
188.093
194.761
200.557
205.424
209.397
212.58
215.103
217.078
218.595
219.735
220.578
221.19
221.62
221.909
222.088
222.183
222.213
222.194
222.139
222.057
221.957
221.843
221.722
221.596
221.468
221.341
221.216
221.094
220.978
220.866
220.76
220.66
220.565
220.475
220.391
220.312
220.238
220.168
220.102
220.04
219.982
219.927
219.876
219.827
219.782
219.739
219.699
219.661
219.626
219.592
219.56
219.531
219.502
219.476
219.451
219.428
219.405
219.385
219.366
219.348
219.332
219.318
219.305
219.295
219.285
219.284
219.271
219.295
152.263
155.652
160.691
166.91
173.885
181.116
188.195
194.763
200.588
205.56
209.649
212.915
215.476
217.458
218.965
220.086
220.898
221.468
221.85
222.092
222.228
222.287
222.287
222.244
222.168
222.07
221.956
221.832
221.703
221.57
221.437
221.306
221.179
221.056
220.938
220.826
220.721
220.621
220.527
220.438
220.355
220.277
220.204
220.135
220.071
220.01
219.953
219.9
219.85
219.803
219.758
219.717
219.678
219.641
219.606
219.573
219.543
219.514
219.486
219.461
219.436
219.414
219.392
219.372
219.354
219.337
219.321
219.307
219.295
219.286
219.276
219.276
219.264
219.288
153.991
157.805
162.983
168.977
175.539
182.326
189.019
195.301
200.957
205.869
209.972
213.282
215.882
217.875
219.362
220.448
221.225
221.762
222.108
222.308
222.401
222.417
222.379
222.305
222.204
222.086
221.956
221.819
221.68
221.539
221.401
221.266
221.136
221.011
220.892
220.78
220.674
220.575
220.482
220.395
220.313
220.237
220.165
220.098
220.035
219.976
219.921
219.869
219.82
219.775
219.732
219.691
219.654
219.618
219.584
219.553
219.523
219.495
219.469
219.444
219.42
219.398
219.378
219.359
219.341
219.324
219.31
219.296
219.285
219.276
219.267
219.267
219.256
219.28
155.622
159.877
165.352
171.421
177.789
184.24
190.534
196.439
201.793
206.487
210.46
213.711
216.301
218.296
219.772
220.824
221.553
222.04
222.344
222.51
222.572
222.557
222.487
222.378
222.247
222.104
221.955
221.803
221.652
221.503
221.358
221.218
221.084
220.957
220.838
220.725
220.62
220.522
220.431
220.345
220.265
220.191
220.121
220.056
219.995
219.938
219.884
219.834
219.787
219.743
219.702
219.663
219.627
219.592
219.56
219.53
219.501
219.474
219.449
219.425
219.403
219.382
219.362
219.344
219.327
219.311
219.297
219.285
219.274
219.266
219.257
219.258
219.247
219.272
157.662
162.075
167.594
173.732
180.069
186.375
192.416
198.011
203.038
207.44
211.181
214.268
216.757
218.698
220.143
221.169
221.864
222.306
222.557
222.672
222.695
222.654
222.564
222.438
222.288
222.123
221.953
221.783
221.617
221.457
221.304
221.159
221.022
220.893
220.773
220.661
220.557
220.46
220.37
220.287
220.209
220.137
220.07
220.007
219.948
219.893
219.842
219.794
219.75
219.708
219.668
219.631
219.596
219.564
219.533
219.504
219.477
219.452
219.428
219.405
219.384
219.364
219.345
219.328
219.312
219.297
219.284
219.272
219.262
219.255
219.247
219.249
219.239
219.264
161.778
165.457
170.304
176.197
182.333
188.395
194.206
199.591
204.407
208.566
212.062
214.942
217.267
219.09
220.458
221.437
222.103
222.518
222.734
222.804
222.779
222.694
222.573
222.428
222.269
222.102
221.928
221.75
221.573
221.402
221.24
221.088
220.947
220.816
220.695
220.584
220.481
220.386
220.299
220.218
220.143
220.074
220.01
219.95
219.894
219.842
219.794
219.749
219.706
219.667
219.63
219.595
219.562
219.532
219.503
219.476
219.45
219.426
219.404
219.383
219.363
219.344
219.326
219.31
219.295
219.281
219.269
219.258
219.249
219.243
219.236
219.238
219.229
219.255
167.72
170.938
175.05
180.387
185.974
191.396
196.574
201.398
205.739
209.532
212.773
215.47
217.64
219.331
220.608
221.534
222.172
222.576
222.789
222.855
222.818
222.71
222.554
222.373
222.186
222.002
221.825
221.652
221.483
221.318
221.156
221.002
220.857
220.723
220.601
220.491
220.39
220.298
220.214
220.137
220.066
220.001
219.94
219.884
219.832
219.783
219.738
219.696
219.657
219.62
219.586
219.554
219.524
219.495
219.469
219.444
219.42
219.398
219.377
219.358
219.339
219.322
219.306
219.291
219.277
219.264
219.253
219.243
219.235
219.23
219.224
219.227
219.219
219.245
173.637
176.542
179.877
184.182
188.867
193.559
198.181
202.633
206.761
210.436
213.59
216.198
218.266
219.825
220.939
221.693
222.173
222.458
222.608
222.658
222.634
222.55
222.416
222.247
222.06
221.866
221.673
221.488
221.316
221.157
221.009
220.87
220.737
220.61
220.491
220.382
220.283
220.193
220.113
220.041
219.974
219.914
219.858
219.806
219.759
219.715
219.674
219.635
219.6
219.567
219.536
219.507
219.48
219.454
219.43
219.408
219.386
219.366
219.347
219.33
219.313
219.298
219.283
219.27
219.257
219.246
219.236
219.227
219.22
219.216
219.211
219.215
219.209
219.235
178.927
181.543
184.312
187.545
191.084
194.743
198.447
202.133
205.705
209.061
212.118
214.81
217.093
218.949
220.388
221.443
222.153
222.563
222.73
222.716
222.586
222.398
222.193
221.992
221.8
221.617
221.436
221.258
221.087
220.927
220.779
220.647
220.53
220.424
220.327
220.236
220.151
220.07
219.996
219.928
219.866
219.811
219.761
219.715
219.673
219.634
219.598
219.565
219.534
219.505
219.478
219.453
219.429
219.407
219.386
219.366
219.348
219.33
219.314
219.299
219.284
219.271
219.258
219.246
219.235
219.225
219.217
219.21
219.204
219.201
219.198
219.203
219.197
219.225
182.762
184.975
187.287
189.779
192.454
195.256
198.13
201.033
203.912
206.713
209.381
211.868
214.132
216.137
217.857
219.273
220.38
221.189
221.73
222.045
222.177
222.166
222.052
221.869
221.65
221.423
221.207
221.012
220.839
220.685
220.545
220.419
220.304
220.203
220.114
220.037
219.969
219.908
219.85
219.795
219.743
219.695
219.652
219.612
219.576
219.543
219.513
219.485
219.46
219.436
219.413
219.392
219.373
219.354
219.337
219.321
219.305
219.291
219.277
219.264
219.252
219.241
219.23
219.22
219.211
219.203
219.196
219.191
219.186
219.185
219.183
219.189
219.185
219.213
185.872
187.699
189.614
191.608
193.707
195.903
198.163
200.459
202.761
205.035
207.247
209.363
211.353
213.192
214.858
216.337
217.622
218.707
219.591
220.277
220.772
221.091
221.257
221.3
221.251
221.137
220.985
220.813
220.637
220.472
220.324
220.198
220.09
219.996
219.915
219.843
219.78
219.725
219.679
219.638
219.601
219.566
219.532
219.501
219.472
219.445
219.421
219.399
219.379
219.361
219.344
219.327
219.312
219.298
219.285
219.272
219.26
219.249
219.238
219.228
219.218
219.209
219.201
219.193
219.186
219.18
219.175
219.171
219.168
219.168
219.167
219.175
219.172
219.201
188.566
190.053
191.606
193.209
194.883
196.63
198.431
200.27
202.127
203.984
205.817
207.603
209.32
210.946
212.464
213.859
215.122
216.246
217.229
218.073
218.78
219.355
219.803
220.129
220.342
220.453
220.479
220.442
220.36
220.251
220.13
220.008
219.893
219.793
219.71
219.642
219.587
219.541
219.502
219.468
219.441
219.417
219.397
219.377
219.359
219.341
219.323
219.308
219.294
219.281
219.269
219.258
219.247
219.238
219.228
219.22
219.211
219.203
219.196
219.189
219.182
219.176
219.17
219.164
219.159
219.155
219.152
219.149
219.148
219.149
219.151
219.159
219.159
219.189
190.987
192.185
193.433
194.722
196.067
197.47
198.919
200.403
201.913
203.436
204.957
206.46
207.929
209.347
210.7
211.974
213.158
214.244
215.226
216.103
216.876
217.548
218.126
218.612
219.013
219.33
219.566
219.725
219.814
219.842
219.823
219.771
219.7
219.62
219.54
219.466
219.403
219.354
219.318
219.293
219.273
219.259
219.247
219.238
219.231
219.224
219.217
219.21
219.202
219.195
219.189
219.183
219.178
219.173
219.169
219.164
219.16
219.155
219.151
219.147
219.143
219.14
219.136
219.133
219.131
219.128
219.127
219.127
219.127
219.13
219.133
219.143
219.144
219.176
193.183
194.143
195.143
196.18
197.263
198.392
199.562
200.767
201.998
203.25
204.512
205.773
207.022
208.248
209.438
210.581
211.667
212.687
213.634
214.502
215.29
215.996
216.623
217.173
217.653
218.067
218.421
218.717
218.957
219.141
219.27
219.347
219.379
219.375
219.347
219.303
219.254
219.205
219.161
219.128
219.106
219.095
219.091
219.091
219.093
219.096
219.099
219.102
219.104
219.105
219.105
219.105
219.105
219.105
219.105
219.105
219.104
219.104
219.103
219.103
219.102
219.101
219.101
219.1
219.1
219.1
219.101
219.102
219.105
219.11
219.114
219.126
219.129
219.162
195.216
195.983
196.781
197.612
198.483
199.392
200.337
201.314
202.318
203.345
204.389
205.442
206.498
207.547
208.581
209.59
210.567
211.503
212.391
213.224
213.998
214.71
215.358
215.942
216.464
216.927
217.334
217.692
218.004
218.275
218.506
218.697
218.847
218.956
219.024
219.057
219.063
219.05
219.026
218.998
218.972
218.952
218.942
218.941
218.948
218.959
218.971
218.983
218.994
219.005
219.014
219.021
219.027
219.032
219.037
219.041
219.045
219.049
219.053
219.056
219.058
219.061
219.063
219.065
219.068
219.07
219.073
219.077
219.081
219.088
219.094
219.108
219.113
219.148
197.114
197.723
198.357
199.021
199.72
200.451
201.212
202.002
202.819
203.659
204.519
205.394
206.279
207.168
208.056
208.934
209.797
210.638
211.45
212.228
212.965
213.658
214.304
214.899
215.444
215.937
216.382
216.779
217.132
217.446
217.724
217.97
218.186
218.373
218.531
218.656
218.748
218.807
218.839
218.85
218.847
218.838
218.826
218.817
218.815
218.823
218.837
218.856
218.876
218.896
218.913
218.929
218.943
218.955
218.965
218.975
218.983
218.991
218.999
219.006
219.012
219.018
219.023
219.028
219.033
219.038
219.044
219.05
219.056
219.065
219.073
219.089
219.095
219.133
198.886
199.368
199.869
200.399
200.957
201.543
202.155
202.792
203.454
204.139
204.844
205.567
206.304
207.051
207.805
208.559
209.31
210.052
210.779
211.487
212.17
212.824
213.446
214.031
214.577
215.084
215.549
215.974
216.359
216.705
217.016
217.294
217.544
217.767
217.967
218.146
218.302
218.434
218.539
218.616
218.667
218.696
218.71
218.714
218.714
218.715
218.72
218.733
218.754
218.779
218.804
218.829
218.851
218.871
218.889
218.904
218.918
218.93
218.942
218.953
218.963
218.972
218.981
218.989
218.997
219.005
219.013
219.021
219.029
219.04
219.051
219.069
219.077
219.117
200.536
200.915
201.31
201.731
202.177
202.644
203.135
203.647
204.182
204.738
205.313
205.907
206.517
207.14
207.773
208.414
209.059
209.703
210.343
210.974
211.593
212.195
212.776
213.333
213.863
214.364
214.833
215.269
215.673
216.043
216.38
216.686
216.962
217.212
217.437
217.64
217.825
217.993
218.144
218.276
218.387
218.475
218.538
218.58
218.606
218.621
218.63
218.638
218.65
218.668
218.692
218.721
218.751
218.779
218.805
218.828
218.848
218.866
218.882
218.897
218.911
218.924
218.936
218.947
218.958
218.969
218.979
218.99
219.001
219.014
219.027
219.047
219.058
219.101
202.063
202.361
202.672
203.005
203.36
203.733
204.124
204.536
204.966
205.416
205.883
206.368
206.869
207.385
207.914
208.453
209
209.553
210.107
210.661
211.211
211.753
212.283
212.8
213.299
213.779
214.236
214.668
215.075
215.456
215.809
216.135
216.433
216.706
216.954
217.179
217.383
217.569
217.74
217.896
218.04
218.169
218.281
218.373
218.444
218.495
218.53
218.553
218.569
218.583
218.599
218.62
218.648
218.68
218.713
218.744
218.771
218.796
218.818
218.838
218.856
218.873
218.888
218.903
218.918
218.931
218.944
218.958
218.971
218.987
219.002
219.024
219.038
219.085
203.47
203.703
203.947
204.211
204.493
204.79
205.102
205.431
205.777
206.139
206.517
206.912
207.322
207.746
208.184
208.633
209.094
209.562
210.037
210.516
210.997
211.476
211.952
212.42
212.88
213.327
213.76
214.176
214.573
214.951
215.307
215.642
215.953
216.242
216.509
216.753
216.977
217.181
217.367
217.538
217.695
217.841
217.976
218.1
218.21
218.304
218.379
218.436
218.476
218.505
218.526
218.544
218.564
218.588
218.619
218.653
218.688
218.72
218.749
218.775
218.799
218.82
218.839
218.857
218.874
218.891
218.907
218.923
218.939
218.957
218.975
219
219.016
219.069
204.758
204.942
205.133
205.342
205.566
205.801
206.05
206.313
206.59
206.881
207.186
207.506
207.839
208.187
208.547
208.919
209.303
209.697
210.1
210.509
210.924
211.342
211.761
212.178
212.592
213.001
213.401
213.791
214.169
214.534
214.882
215.214
215.529
215.825
216.102
216.36
216.599
216.82
217.022
217.208
217.379
217.536
217.681
217.817
217.943
218.061
218.168
218.261
218.337
218.397
218.441
218.473
218.498
218.519
218.542
218.568
218.601
218.637
218.673
218.706
218.736
218.763
218.787
218.809
218.829
218.849
218.868
218.887
218.906
218.926
218.946
218.975
218.993
219.053
205.934
206.078
206.227
206.393
206.571
206.758
206.956
207.165
207.387
207.62
207.866
208.124
208.395
208.678
208.973
209.28
209.598
209.926
210.264
210.611
210.965
211.324
211.688
212.055
212.422
212.789
213.152
213.51
213.862
214.205
214.537
214.858
215.166
215.46
215.739
216.003
216.251
216.483
216.699
216.898
217.083
217.253
217.41
217.554
217.689
217.815
217.933
218.045
218.147
218.238
218.314
218.374
218.42
218.454
218.481
218.505
218.53
218.559
218.593
218.63
218.666
218.7
218.731
218.758
218.782
218.805
218.827
218.849
218.87
218.893
218.916
218.948
218.968
219.038
207.003
207.115
207.232
207.364
207.505
207.654
207.811
207.978
208.156
208.343
208.54
208.748
208.967
209.197
209.438
209.689
209.951
210.223
210.505
210.796
211.095
211.401
211.714
212.031
212.353
212.676
213.001
213.324
213.644
213.961
214.272
214.575
214.87
215.154
215.428
215.69
215.939
216.176
216.398
216.608
216.803
216.985
217.154
217.309
217.454
217.587
217.712
217.829
217.94
218.046
218.143
218.231
218.305
218.365
218.411
218.446
218.474
218.5
218.527
218.558
218.593
218.631
218.668
218.701
218.732
218.759
218.785
218.809
218.833
218.859
218.884
218.92
218.942
219.025
207.97
208.059
208.15
208.255
208.367
208.486
208.611
208.745
208.886
209.036
209.195
209.362
209.539
209.725
209.921
210.126
210.341
210.565
210.799
211.041
211.292
211.551
211.817
212.089
212.367
212.649
212.934
213.221
213.509
213.796
214.081
214.362
214.638
214.908
215.17
215.425
215.669
215.904
216.128
216.341
216.542
216.732
216.91
217.076
217.23
217.374
217.507
217.631
217.746
217.856
217.96
218.059
218.152
218.236
218.307
218.366
218.411
218.447
218.476
218.503
218.531
218.564
218.6
218.639
218.675
218.709
218.739
218.767
218.794
218.822
218.849
218.89
218.912
219.014
208.844
208.914
208.986
209.069
209.159
209.253
209.353
209.46
209.573
209.693
209.821
209.956
210.098
210.249
210.408
210.575
210.751
210.935
211.127
211.328
211.537
211.754
211.979
212.21
212.447
212.691
212.939
213.19
213.445
213.701
213.958
214.214
214.468
214.72
214.967
215.208
215.444
215.672
215.892
216.104
216.306
216.498
216.681
216.854
217.016
217.168
217.311
217.443
217.566
217.681
217.789
217.891
217.989
218.083
218.171
218.25
218.319
218.375
218.419
218.454
218.484
218.512
218.542
218.576
218.614
218.652
218.689
218.722
218.753
218.785
218.813
218.858
218.878
219.007
209.632
209.687
209.743
209.81
209.882
209.957
210.037
210.122
210.213
210.31
210.412
210.521
210.636
210.758
210.887
211.023
211.166
211.317
211.475
211.641
211.814
211.995
212.183
212.378
212.58
212.788
213.001
213.219
213.442
213.668
213.896
214.126
214.357
214.587
214.815
215.041
215.263
215.481
215.693
215.899
216.098
216.289
216.473
216.648
216.814
216.972
217.121
217.261
217.393
217.515
217.63
217.737
217.838
217.934
218.026
218.114
218.197
218.273
218.338
218.391
218.434
218.468
218.497
218.526
218.558
218.593
218.632
218.671
218.707
218.744
218.775
218.826
218.837
219.01
210.34
210.383
210.428
210.481
210.539
210.599
210.664
210.732
210.805
210.883
210.965
211.053
211.146
211.244
211.349
211.459
211.576
211.699
211.829
211.966
212.109
212.259
212.416
212.58
212.75
212.926
213.108
213.296
213.488
213.685
213.886
214.09
214.296
214.504
214.712
214.919
215.126
215.33
215.531
215.728
215.92
216.107
216.288
216.462
216.629
216.79
216.942
217.087
217.224
217.354
217.475
217.589
217.696
217.796
217.89
217.981
218.068
218.151
218.23
218.302
218.363
218.413
218.453
218.486
218.515
218.545
218.578
218.616
218.656
218.698
218.732
218.792
218.782
219.039
210.975
211.01
211.045
211.088
211.135
211.183
211.235
211.29
211.349
211.412
211.478
211.549
211.624
211.704
211.789
211.879
211.974
212.075
212.181
212.294
212.412
212.536
212.666
212.803
212.946
213.094
213.249
213.409
213.574
213.744
213.919
214.098
214.28
214.465
214.652
214.84
215.029
215.218
215.405
215.59
215.773
215.953
216.128
216.298
216.464
216.623
216.777
216.924
217.064
217.198
217.325
217.445
217.558
217.664
217.764
217.858
217.947
218.032
218.114
218.193
218.268
218.335
218.392
218.438
218.475
218.507
218.537
218.569
218.604
218.647
218.682
218.754
218.71
219.116
211.544
211.571
211.6
211.634
211.672
211.712
211.753
211.798
211.845
211.896
211.95
212.008
212.069
212.134
212.203
212.276
212.354
212.436
212.523
212.616
212.713
212.816
212.924
213.038
213.157
213.282
213.412
213.548
213.689
213.835
213.986
214.141
214.301
214.464
214.63
214.799
214.97
215.142
215.314
215.486
215.657
215.827
215.994
216.158
216.319
216.475
216.627
216.774
216.916
217.052
217.182
217.306
217.424
217.536
217.641
217.74
217.833
217.921
218.005
218.086
218.164
218.239
218.309
218.371
218.423
218.465
218.5
218.531
218.561
218.599
218.63
218.714
218.631
219.241
212.053
212.075
212.097
212.126
212.156
212.189
212.222
212.259
212.297
212.339
212.383
212.429
212.479
212.532
212.588
212.648
212.712
212.779
212.851
212.927
213.007
213.092
213.182
213.276
213.376
213.481
213.59
213.705
213.825
213.949
214.079
214.213
214.352
214.495
214.641
214.791
214.943
215.098
215.255
215.412
215.571
215.729
215.886
216.042
216.196
216.347
216.495
216.64
216.78
216.916
217.048
217.174
217.295
217.41
217.52
217.625
217.724
217.817
217.904
217.987
218.066
218.142
218.215
218.286
218.351
218.408
218.455
218.494
218.525
218.561
218.584
218.674
218.573
219.339
212.505
212.523
212.541
212.564
212.589
212.616
212.643
212.673
212.705
212.739
212.775
212.813
212.854
212.897
212.943
212.992
213.045
213.1
213.159
213.222
213.288
213.359
213.433
213.512
213.595
213.682
213.774
213.871
213.973
214.079
214.19
214.305
214.425
214.549
214.677
214.809
214.944
215.082
215.223
215.366
215.511
215.657
215.803
215.949
216.095
216.239
216.382
216.522
216.66
216.794
216.924
217.051
217.173
217.291
217.404
217.512
217.615
217.713
217.806
217.893
217.975
218.052
218.127
218.198
218.267
218.333
218.392
218.444
218.485
218.525
218.547
218.636
218.569
219.273
212.909
212.923
212.938
212.957
212.978
213
213.023
213.047
213.073
213.101
213.131
213.162
213.196
213.232
213.27
213.31
213.353
213.399
213.448
213.5
213.555
213.613
213.675
213.741
213.81
213.884
213.961
214.043
214.129
214.219
214.313
214.412
214.515
214.622
214.734
214.849
214.968
215.091
215.217
215.345
215.476
215.609
215.744
215.879
216.015
216.152
216.287
216.422
216.555
216.685
216.814
216.939
217.061
217.18
217.294
217.405
217.511
217.612
217.709
217.801
217.887
217.968
218.045
218.117
218.186
218.253
218.317
218.377
218.429
218.478
218.511
218.587
218.607
218.944
213.263
213.274
213.287
213.303
213.32
213.338
213.358
213.378
213.4
213.423
213.448
213.474
213.502
213.531
213.563
213.597
213.633
213.671
213.712
213.755
213.801
213.85
213.902
213.957
214.015
214.077
214.142
214.211
214.284
214.36
214.441
214.525
214.614
214.707
214.803
214.904
215.009
215.117
215.228
215.343
215.461
215.582
215.705
215.829
215.955
216.083
216.21
216.338
216.465
216.591
216.716
216.839
216.96
217.078
217.193
217.304
217.412
217.515
217.615
217.71
217.801
217.886
217.966
218.042
218.112
218.179
218.242
218.303
218.36
218.414
218.462
218.509
218.625
218.421
213.581
213.59
213.6
213.614
213.629
213.644
213.66
213.677
213.695
213.715
213.736
213.758
213.781
213.806
213.832
213.861
213.891
213.923
213.957
213.993
214.032
214.073
214.116
214.163
214.212
214.264
214.319
214.377
214.439
214.504
214.573
214.646
214.722
214.802
214.886
214.973
215.065
215.16
215.258
215.36
215.466
215.574
215.686
215.799
215.915
216.033
216.152
216.272
216.392
216.513
216.633
216.752
216.87
216.986
217.1
217.212
217.32
217.425
217.526
217.624
217.717
217.806
217.89
217.968
218.042
218.109
218.172
218.231
218.287
218.337
218.392
218.402
218.555
217.934
213.85
213.857
213.866
213.878
213.891
213.904
213.918
213.932
213.948
213.964
213.982
214.001
214.021
214.042
214.065
214.089
214.115
214.142
214.171
214.202
214.234
214.269
214.306
214.346
214.388
214.432
214.479
214.529
214.582
214.638
214.698
214.76
214.826
214.895
214.968
215.045
215.125
215.209
215.296
215.387
215.481
215.579
215.679
215.783
215.889
215.997
216.108
216.22
216.334
216.448
216.563
216.678
216.792
216.905
217.018
217.128
217.236
217.341
217.444
217.542
217.638
217.728
217.815
217.896
217.973
218.043
218.107
218.165
218.218
218.26
218.309
218.287
218.401
217.707
214.099
214.105
214.113
214.123
214.134
214.145
214.157
214.17
214.183
214.198
214.213
214.229
214.246
214.264
214.284
214.304
214.326
214.35
214.375
214.401
214.429
214.459
214.491
214.524
214.56
214.598
214.639
214.682
214.727
214.775
214.826
214.88
214.937
214.998
215.061
215.128
215.198
215.272
215.349
215.429
215.513
215.6
215.691
215.785
215.881
215.981
216.082
216.187
216.293
216.4
216.509
216.619
216.728
216.838
216.947
217.056
217.162
217.267
217.369
217.469
217.565
217.657
217.745
217.828
217.906
217.978
218.044
218.102
218.154
218.19
218.227
218.194
218.236
217.76
214.289
214.295
214.301
214.311
214.321
214.331
214.341
214.352
214.365
214.377
214.391
214.405
214.42
214.437
214.454
214.472
214.491
214.512
214.534
214.557
214.582
214.608
214.636
214.666
214.697
214.731
214.766
214.804
214.844
214.886
214.931
214.979
215.029
215.082
215.138
215.198
215.26
215.326
215.395
215.467
215.542
215.621
215.703
215.789
215.877
215.969
216.063
216.16
216.26
216.361
216.464
216.569
216.674
216.78
216.887
216.992
217.097
217.201
217.303
217.402
217.499
217.592
217.681
217.765
217.844
217.918
217.985
218.044
218.095
218.13
218.158
218.136
218.128
217.939
214.491
214.495
214.501
214.51
214.519
214.528
214.537
214.547
214.558
214.569
214.581
214.594
214.607
214.622
214.637
214.653
214.67
214.688
214.707
214.728
214.749
214.772
214.797
214.823
214.85
214.879
214.91
214.943
214.978
215.015
215.055
215.096
215.141
215.187
215.237
215.289
215.344
215.402
215.463
215.528
215.595
215.666
215.74
215.817
215.898
215.981
216.068
216.158
216.25
216.344
216.441
216.54
216.64
216.741
216.843
216.946
217.048
217.149
217.249
217.347
217.442
217.535
217.624
217.708
217.788
217.862
217.929
217.988
218.038
218.076
218.102
218.101
218.082
218.079
214.598
214.6
214.606
214.614
214.623
214.631
214.64
214.65
214.66
214.67
214.682
214.694
214.706
214.72
214.734
214.749
214.765
214.781
214.799
214.818
214.838
214.86
214.882
214.906
214.932
214.958
214.987
215.017
215.05
215.084
215.12
215.158
215.199
215.242
215.287
215.335
215.386
215.439
215.496
215.555
215.618
215.684
215.752
215.825
215.9
215.978
216.06
216.145
216.232
216.322
216.415
216.51
216.607
216.705
216.805
216.905
217.005
217.105
217.204
217.302
217.397
217.49
217.579
217.664
217.744
217.818
217.886
217.946
217.997
218.038
218.067
218.085
218.078
218.137
214.788
214.791
214.797
214.804
214.812
214.82
214.828
214.837
214.846
214.856
214.866
214.877
214.888
214.9
214.913
214.927
214.941
214.956
214.972
214.989
215.007
215.026
215.046
215.067
215.09
215.114
215.139
215.166
215.194
215.225
215.257
215.291
215.326
215.365
215.405
215.448
215.493
215.541
215.591
215.645
215.701
215.76
215.822
215.887
215.956
216.027
216.102
216.179
216.26
216.343
216.429
216.518
216.608
216.7
216.794
216.889
216.984
217.08
217.174
217.268
217.36
217.45
217.536
217.619
217.696
217.769
217.834
217.892
217.942
217.983
218.015
218.045
218.06
218.123
218.652
219.394
220.052
220.622
221.107
221.515
221.856
222.138
222.37
222.56
222.714
222.838
222.938
223.018
223.081
223.131
223.169
223.198
223.219
223.234
223.245
223.251
223.255
223.256
223.255
223.253
223.249
223.245
223.241
223.235
223.23
223.225
223.219
223.214
223.208
223.203
223.198
223.193
223.188
223.184
223.179
218.644
219.367
220.012
220.57
221.049
221.455
221.796
222.082
222.319
222.516
222.678
222.81
222.918
223.006
223.077
223.133
223.178
223.212
223.239
223.259
223.274
223.284
223.291
223.295
223.296
223.296
223.294
223.291
223.287
223.282
223.277
223.272
223.266
223.26
223.254
223.248
223.242
223.236
223.23
223.224
223.219
218.638
219.349
219.987
220.54
221.016
221.424
221.77
222.062
222.308
222.513
222.684
222.826
222.942
223.038
223.117
223.18
223.231
223.271
223.302
223.327
223.345
223.357
223.366
223.372
223.374
223.375
223.373
223.371
223.367
223.362
223.357
223.351
223.344
223.338
223.331
223.324
223.317
223.309
223.302
223.295
223.288
218.636
219.348
219.988
220.543
221.023
221.436
221.788
222.088
222.341
222.555
222.735
222.885
223.01
223.114
223.199
223.269
223.326
223.371
223.407
223.435
223.457
223.471
223.483
223.49
223.494
223.495
223.495
223.492
223.488
223.483
223.477
223.47
223.463
223.455
223.447
223.438
223.43
223.421
223.412
223.402
223.393
218.637
219.356
220.004
220.564
221.051
221.471
221.832
222.14
222.403
222.627
222.816
222.975
223.11
223.222
223.315
223.393
223.456
223.507
223.549
223.581
223.605
223.623
223.636
223.645
223.65
223.652
223.651
223.648
223.644
223.638
223.631
223.623
223.614
223.604
223.594
223.583
223.573
223.561
223.55
223.538
223.527
218.638
219.369
220.029
220.598
221.095
221.525
221.896
222.216
222.49
222.726
222.927
223.098
223.243
223.365
223.468
223.553
223.624
223.682
223.728
223.765
223.793
223.813
223.828
223.839
223.844
223.847
223.846
223.842
223.837
223.83
223.821
223.811
223.8
223.788
223.776
223.763
223.749
223.735
223.721
223.706
223.692
218.641
219.389
220.065
220.646
221.157
221.601
221.985
222.319
222.608
222.857
223.071
223.255
223.412
223.545
223.658
223.753
223.832
223.896
223.949
223.99
224.022
224.044
224.061
224.073
224.079
224.081
224.079
224.075
224.068
224.059
224.048
224.035
224.022
224.007
223.991
223.975
223.958
223.941
223.923
223.905
223.887
218.645
219.416
220.113
220.713
221.24
221.7
222.102
222.452
222.756
223.021
223.25
223.448
223.619
223.764
223.888
223.993
224.081
224.153
224.211
224.257
224.293
224.317
224.336
224.348
224.355
224.356
224.353
224.347
224.338
224.327
224.313
224.297
224.28
224.262
224.243
224.222
224.201
224.18
224.158
224.135
224.113
218.653
219.452
220.176
220.797
221.345
221.825
222.246
222.614
222.937
223.22
223.466
223.679
223.865
224.024
224.161
224.276
224.373
224.453
224.518
224.57
224.609
224.635
224.656
224.669
224.675
224.675
224.67
224.662
224.65
224.635
224.618
224.599
224.577
224.555
224.531
224.506
224.48
224.453
224.426
224.398
224.371
218.663
219.497
220.252
220.899
221.473
221.976
222.418
222.809
223.152
223.455
223.72
223.951
224.153
224.328
224.478
224.605
224.713
224.802
224.874
224.931
224.973
225.002
225.023
225.037
225.042
225.04
225.033
225.022
225.006
224.987
224.965
224.941
224.915
224.887
224.857
224.826
224.794
224.762
224.728
224.694
224.661
218.677
219.551
220.343
221.021
221.624
222.154
222.622
223.037
223.404
223.729
224.015
224.267
224.487
224.678
224.844
224.985
225.103
225.202
225.282
225.344
225.391
225.421
225.443
225.456
225.46
225.456
225.446
225.43
225.41
225.386
225.358
225.328
225.295
225.26
225.224
225.186
225.147
225.107
225.067
225.025
224.985
218.694
219.616
220.45
221.164
221.801
222.362
222.86
223.303
223.697
224.047
224.356
224.63
224.871
225.081
225.263
225.419
225.55
225.659
225.747
225.815
225.866
225.898
225.92
225.932
225.933
225.926
225.911
225.891
225.864
225.834
225.799
225.761
225.721
225.678
225.633
225.587
225.54
225.491
225.442
225.392
225.343
218.717
219.693
220.575
221.331
222.007
222.603
223.134
223.609
224.033
224.411
224.747
225.046
225.31
225.541
225.741
225.913
226.059
226.179
226.276
226.351
226.405
226.438
226.46
226.47
226.468
226.456
226.435
226.408
226.374
226.335
226.292
226.245
226.195
226.142
226.088
226.031
225.974
225.915
225.856
225.795
225.736
218.746
219.783
220.721
221.524
222.244
222.88
223.449
223.96
224.418
224.828
225.194
225.521
225.81
226.065
226.286
226.476
226.637
226.769
226.876
226.957
227.015
227.048
227.07
227.077
227.07
227.051
227.023
226.987
226.944
226.895
226.841
226.783
226.721
226.657
226.59
226.521
226.451
226.38
226.308
226.236
226.164
218.781
219.888
220.889
221.747
222.516
223.198
223.81
224.361
224.857
225.303
225.703
226.061
226.379
226.66
226.904
227.115
227.292
227.439
227.556
227.644
227.705
227.738
227.757
227.76
227.746
227.72
227.682
227.635
227.58
227.518
227.451
227.378
227.302
227.223
227.142
227.058
226.973
226.887
226.801
226.714
226.628
218.825
220.011
221.083
222.002
222.827
223.561
224.221
224.818
225.357
225.844
226.282
226.675
227.026
227.336
227.607
227.84
228.036
228.198
228.325
228.42
228.484
228.516
228.531
228.528
228.506
228.468
228.419
228.358
228.288
228.21
228.126
228.036
227.942
227.845
227.745
227.644
227.541
227.437
227.333
227.228
227.125
218.878
220.153
221.306
222.294
223.183
223.976
224.691
225.339
225.928
226.46
226.941
227.374
227.761
228.105
228.405
228.663
228.881
229.059
229.198
229.3
229.366
229.395
229.404
229.392
229.359
229.307
229.241
229.163
229.074
228.976
228.871
228.76
228.644
228.525
228.403
228.279
228.154
228.029
227.903
227.778
227.654
218.943
220.318
221.562
222.629
223.59
224.449
225.226
225.933
226.577
227.162
227.691
228.169
228.598
228.979
229.312
229.599
229.84
230.036
230.188
230.297
230.364
230.388
230.389
230.365
230.316
230.246
230.16
230.059
229.946
229.823
229.692
229.554
229.411
229.265
229.115
228.965
228.813
228.661
228.509
228.359
228.211
219.022
220.51
221.857
223.013
224.056
224.989
225.838
226.612
227.318
227.962
228.546
229.076
229.552
229.976
230.347
230.666
230.933
231.149
231.314
231.429
231.494
231.511
231.5
231.459
231.39
231.297
231.184
231.055
230.912
230.757
230.593
230.421
230.245
230.064
229.882
229.698
229.513
229.329
229.146
228.965
228.788
219.117
220.732
222.196
223.453
224.589
225.608
226.537
227.387
228.165
228.877
229.524
230.112
230.643
231.115
231.529
231.884
232.18
232.418
232.597
232.717
232.778
232.783
232.755
232.692
232.596
232.473
232.326
232.16
231.978
231.783
231.577
231.364
231.146
230.923
230.699
230.474
230.249
230.027
229.806
229.588
229.375
219.231
220.991
222.586
223.959
225.2
226.317
227.338
228.275
229.137
229.926
230.645
231.301
231.893
232.421
232.883
233.279
233.608
233.869
234.061
234.184
234.238
234.225
234.174
234.081
233.95
233.786
233.595
233.382
233.151
232.905
232.648
232.382
232.111
231.837
231.561
231.286
231.012
230.742
230.476
230.214
229.959
219.367
221.292
223.038
224.542
225.903
227.133
228.26
229.297
230.254
231.133
231.935
232.668
233.332
233.924
234.442
234.884
235.248
235.534
235.739
235.861
235.901
235.862
235.778
235.646
235.468
235.251
235.004
234.73
234.436
234.126
233.803
233.472
233.135
232.796
232.457
232.12
231.787
231.459
231.138
230.823
230.518
219.53
221.642
223.56
225.215
226.715
228.074
229.323
230.477
231.544
232.527
233.425
234.248
234.995
235.661
236.241
236.735
237.139
237.45
237.664
237.781
237.798
237.723
237.593
237.406
237.166
236.881
236.56
236.209
235.835
235.442
235.037
234.624
234.205
233.786
233.369
232.957
232.551
232.154
231.766
231.389
231.024
219.724
222.052
224.167
225.997
227.657
229.166
230.557
231.847
233.042
234.146
235.157
236.085
236.927
237.678
238.33
238.882
239.327
239.662
239.882
239.984
239.965
239.836
239.644
239.384
239.061
238.686
238.269
237.819
237.342
236.846
236.337
235.821
235.301
234.784
234.271
233.767
233.274
232.793
232.326
231.875
231.439
219.955
222.532
224.876
226.908
228.755
230.44
231.997
233.445
234.792
236.039
237.181
238.231
239.185
240.033
240.767
241.382
241.87
242.225
242.442
242.514
242.44
242.235
241.955
241.595
241.162
240.669
240.129
239.55
238.944
238.317
237.679
237.035
236.391
235.752
235.124
234.509
233.91
233.33
232.771
232.232
231.717
220.229
223.097
225.706
227.976
230.043
231.934
233.689
235.325
236.851
238.267
239.564
240.758
241.842
242.801
243.626
244.308
244.838
245.205
245.402
245.422
245.261
244.947
244.546
244.051
243.472
242.825
242.124
241.382
240.612
239.822
239.023
238.222
237.427
236.642
235.874
235.127
234.404
233.707
233.04
232.402
231.795
220.554
223.764
226.687
229.238
231.565
233.702
235.693
237.554
239.295
240.912
242.394
243.756
244.991
246.078
247.002
247.752
248.314
248.676
248.826
248.758
248.467
247.994
247.426
246.748
245.975
245.127
244.221
243.273
242.297
241.307
240.311
239.32
238.342
237.383
236.45
235.548
234.681
233.85
233.059
232.308
231.6
220.938
224.555
227.852
230.74
233.38
235.815
238.09
240.225
242.226
244.085
245.787
247.348
248.758
249.987
251.014
251.824
252.399
252.723
252.782
252.568
252.079
251.381
250.58
249.657
248.629
247.522
246.356
245.151
243.924
242.688
241.457
240.24
239.047
237.885
236.761
235.682
234.65
233.668
232.74
231.865
231.047
221.39
225.501
229.25
232.549
235.57
238.37
240.995
243.465
245.784
247.938
249.903
251.699
253.307
254.687
255.813
256.66
257.208
257.435
257.328
256.881
256.095
255.076
253.959
252.708
251.351
249.915
248.426
246.908
245.379
243.854
242.347
240.87
239.43
238.038
236.699
235.422
234.207
233.058
231.98
230.972
230.038
221.918
226.638
230.944
234.751
238.249
241.503
244.566
247.455
250.17
252.685
254.965
257.031
258.857
260.387
261.582
262.415
262.856
262.886
262.494
261.68
260.456
258.988
257.445
255.769
253.994
252.153
250.277
248.389
246.509
244.655
242.838
241.07
239.359
237.714
236.142
234.649
233.236
231.909
230.673
229.523
228.472
222.529
228.016
233.026
237.479
241.585
245.42
249.042
252.465
255.678
258.638
261.29
263.661
265.706
267.351
268.545
269.252
269.446
269.109
268.243
266.866
265.01
262.929
260.833
258.622
256.338
254.018
251.694
249.39
247.125
244.913
242.765
240.689
238.693
236.783
234.965
233.246
231.627
230.112
228.708
227.413
226.241
223.21
229.68
235.596
240.887
245.785
250.378
254.726
258.837
262.677
266.174
269.249
271.927
274.145
275.801
276.833
277.209
276.911
275.942
274.331
272.13
269.404
266.532
263.756
260.914
258.051
255.204
252.402
249.666
247.009
244.44
241.965
239.588
237.312
235.141
233.079
231.133
229.303
227.594
226.016
224.568
223.274
223.962
231.65
238.708
245.054
250.955
256.51
261.769
266.727
271.315
275.407
278.891
281.794
284.026
285.462
286.043
285.757
284.621
282.683
280.023
276.743
272.954
269.181
265.675
262.185
258.75
255.405
252.168
249.051
246.055
243.182
240.431
237.798
235.281
232.881
230.598
228.44
226.404
224.5
222.742
221.132
219.708
224.722
233.867
242.29
249.9
257.004
263.708
270.043
275.969
281.361
286.013
289.773
292.682
294.63
295.486
295.224
293.89
291.567
288.376
284.463
279.989
275.106
270.472
266.314
262.271
258.373
254.642
251.083
247.69
244.456
241.371
238.424
235.606
232.908
230.326
227.858
225.511
223.281
221.182
219.234
217.443
215.869
225.361
236.257
246.319
255.45
263.999
272.069
279.647
286.624
292.794
297.843
301.596
304.134
305.354
305.164
303.621
300.868
297.087
292.484
287.27
281.647
275.787
270.448
265.794
261.352
257.139
253.16
249.403
245.847
242.473
239.262
236.194
233.254
230.428
227.705
225.082
222.563
220.144
217.841
215.68
213.677
211.915
225.773
238.776
250.808
261.768
272.04
281.701
290.661
298.688
305.47
310.574
313.859
315.501
315.456
313.737
310.537
306.128
300.793
294.807
288.417
281.837
275.227
269.396
264.427
259.751
255.365
251.263
247.415
243.789
240.354
237.084
233.953
230.939
228.023
225.192
222.437
219.759
217.152
214.632
212.23
209.97
207.968
225.848
241.4
255.801
268.954
281.262
292.726
303.121
312.035
319.042
323.641
325.836
325.979
324.153
320.537
315.491
309.405
302.63
295.465
288.154
280.889
273.789
267.678
262.555
257.781
253.337
249.207
245.348
241.716
238.275
234.992
231.837
228.783
225.807
222.892
220.023
217.199
214.406
211.66
208.99
206.426
204.12
225.454
244.1
261.357
277.131
291.796
305.204
316.909
326.289
332.871
336.215
336.652
334.768
330.816
325.171
318.342
310.784
302.849
294.813
286.882
279.201
271.845
265.625
260.47
255.694
251.271
247.175
243.353
239.756
236.342
233.075
229.921
226.85
223.836
220.855
217.89
214.933
211.964
208.988
206.03
203.119
200.437
224.447
246.866
267.563
286.44
303.749
319.067
331.654
340.755
346.037
347.353
345.51
341.311
335.167
327.635
319.313
310.63
301.881
293.29
285.01
277.134
269.696
263.484
258.374
253.658
249.303
245.275
241.518
237.977
234.609
231.374
228.236
225.162
222.122
219.091
216.047
212.973
209.84
206.643
203.39
200.099
196.97
222.69
249.718
274.557
297.042
317.143
334.016
346.664
354.46
357.534
356.258
351.941
345.459
337.33
328.265
318.857
309.425
300.181
291.295
282.869
274.952
267.545
261.412
256.392
251.769
247.503
243.56
239.881
236.406
233.091
229.894
226.779
223.711
220.656
217.588
214.479
211.306
208.028
204.627
201.083
197.397
193.747
220.065
252.737
282.542
309.087
331.811
349.414
360.928
366.343
366.554
362.551
355.943
347.46
337.723
327.57
317.48
307.613
298.117
289.121
280.685
272.822
265.511
259.495
254.587
250.069
245.902
242.049
238.449
235.042
231.782
228.626
225.537
222.478
219.416
216.32
213.159
209.904
206.503
202.922
199.103
195.029
190.786
216.499
256.081
291.764
322.591
347.241
364.249
373.33
375.591
372.78
366.364
357.888
347.785
336.867
326.055
315.604
305.526
295.942
286.959
278.594
270.84
263.659
257.775
252.984
248.573
244.504
240.739
237.216
233.874
230.665
227.549
224.486
221.44
218.375
215.258
212.056
208.735
205.232
201.498
197.432
192.992
188.089
211.978
260.009
302.453
337.289
362.538
377.387
383.037
381.939
376.437
368.194
358.297
346.925
335.235
324.118
313.526
303.381
293.82
284.921
276.674
269.054
262.017
256.267
251.589
247.28
243.302
239.618
236.165
232.882
229.721
226.642
223.604
220.571
217.505
214.374
211.14
207.767
204.18
200.322
196.04
191.272
185.651
206.595
264.884
314.7
352.522
376.565
387.906
389.759
385.64
378.074
368.625
357.638
345.293
333.202
322.043
311.441
301.318
291.846
283.071
274.959
267.481
260.586
254.965
250.391
246.174
242.277
238.666
235.277
232.046
228.927
225.881
222.866
219.844
216.78
213.638
210.38
206.966
203.314
199.354
194.894
189.842
183.463
200.489
270.913
328.048
367.086
388.148
395.317
393.693
387.246
378.334
368.185
356.302
343.246
331.064
320.021
309.473
299.422
290.07
281.433
273.458
266.116
259.354
253.85
249.371
245.238
241.415
237.869
234.534
231.349
228.268
225.25
222.256
219.246
216.184
213.035
209.758
206.311
202.608
198.57
193.968
188.678
181.525
193.904
277.951
341.577
379.816
396.75
399.858
395.471
387.462
377.821
367.301
354.603
341.097
329.052
318.174
307.691
297.737
288.515
280.01
272.164
264.947
258.306
252.902
248.497
244.432
240.672
237.183
233.897
230.752
227.704
224.712
221.736
218.737
215.678
212.524
209.234
205.764
202.022
197.922
193.215
187.732
179.803
184.748
285.749
355.077
390.66
402.795
402.27
395.82
386.86
376.92
366.208
352.671
338.99
327.316
316.632
306.202
296.35
287.256
278.872
271.139
264.029
257.486
252.202
247.869
243.855
240.143
236.696
233.445
230.329
227.305
224.33
221.367
218.374
215.316
212.158
208.857
205.369
201.598
197.454
192.675
187.062
178.384
178.981
297.195
368.301
398.507
405.928
402.859
394.918
385.244
375.136
364.272
349.726
335.814
324.612
314.275
304.023
294.365
285.474
277.283
269.729
262.785
256.387
251.178
246.968
243.042
239.402
236.019
232.824
229.755
226.769
223.825
220.884
217.906
214.857
211.7
208.392
204.889
201.095
196.91
192.072
186.37
177.227
223.176
223.173
223.171
223.168
223.165
223.162
223.159
223.155
223.152
223.148
223.143
223.139
223.134
223.129
223.123
223.117
223.11
223.103
223.095
223.087
223.078
223.068
223.058
223.046
223.034
223.021
223.007
222.991
222.975
222.956
222.937
222.916
222.893
222.868
222.842
222.813
222.782
222.748
222.712
222.674
222.632
222.588
222.54
222.489
222.434
222.377
222.315
222.25
222.181
222.109
222.033
221.953
221.87
221.783
221.694
221.601
221.506
221.409
221.31
221.21
221.109
221.007
220.905
220.804
220.704
220.606
220.51
220.417
220.329
220.244
220.166
220.094
220.033
219.974
223.214
223.212
223.21
223.207
223.204
223.2
223.197
223.193
223.189
223.185
223.18
223.175
223.17
223.164
223.158
223.151
223.144
223.136
223.127
223.118
223.109
223.098
223.087
223.075
223.061
223.047
223.032
223.015
222.997
222.978
222.957
222.934
222.91
222.884
222.856
222.825
222.793
222.758
222.72
222.68
222.637
222.591
222.542
222.489
222.434
222.375
222.312
222.246
222.176
222.103
222.026
221.946
221.862
221.776
221.686
221.593
221.498
221.401
221.303
221.202
221.101
221
220.898
220.797
220.698
220.6
220.504
220.412
220.323
220.239
220.16
220.087
220.029
219.96
223.282
223.28
223.278
223.275
223.272
223.268
223.264
223.26
223.256
223.251
223.246
223.241
223.235
223.229
223.222
223.215
223.207
223.199
223.19
223.18
223.17
223.158
223.146
223.133
223.119
223.103
223.087
223.069
223.05
223.029
223.006
222.982
222.956
222.928
222.898
222.866
222.831
222.794
222.754
222.711
222.665
222.616
222.565
222.509
222.451
222.389
222.323
222.254
222.182
222.106
222.026
221.943
221.857
221.768
221.676
221.582
221.485
221.387
221.287
221.186
221.084
220.982
220.88
220.78
220.68
220.583
220.488
220.396
220.307
220.224
220.146
220.072
220.014
219.935
223.386
223.384
223.382
223.378
223.375
223.371
223.367
223.362
223.357
223.352
223.347
223.341
223.334
223.327
223.32
223.312
223.303
223.293
223.283
223.272
223.261
223.248
223.234
223.219
223.203
223.186
223.167
223.147
223.125
223.102
223.077
223.05
223.021
222.99
222.956
222.921
222.882
222.841
222.797
222.75
222.701
222.648
222.592
222.532
222.469
222.403
222.334
222.26
222.184
222.104
222.021
221.935
221.846
221.754
221.66
221.563
221.465
221.365
221.263
221.161
221.059
220.957
220.855
220.755
220.656
220.559
220.465
220.374
220.286
220.203
220.126
220.051
219.994
219.904
223.517
223.515
223.513
223.509
223.505
223.5
223.496
223.49
223.485
223.479
223.473
223.466
223.458
223.45
223.442
223.433
223.423
223.412
223.4
223.387
223.374
223.359
223.343
223.326
223.308
223.288
223.267
223.244
223.219
223.192
223.164
223.133
223.1
223.065
223.027
222.987
222.944
222.898
222.849
222.797
222.742
222.684
222.623
222.558
222.49
222.418
222.344
222.265
222.184
222.1
222.012
221.922
221.83
221.734
221.637
221.538
221.438
221.336
221.234
221.131
221.028
220.926
220.825
220.725
220.627
220.531
220.438
220.348
220.261
220.179
220.102
220.026
219.971
219.87
223.68
223.677
223.674
223.67
223.665
223.66
223.654
223.648
223.642
223.635
223.627
223.619
223.61
223.601
223.591
223.58
223.568
223.555
223.542
223.527
223.511
223.493
223.475
223.455
223.433
223.41
223.385
223.358
223.33
223.299
223.266
223.23
223.192
223.152
223.109
223.063
223.014
222.962
222.907
222.849
222.788
222.723
222.655
222.584
222.51
222.432
222.351
222.268
222.181
222.091
221.999
221.905
221.808
221.709
221.609
221.508
221.405
221.302
221.199
221.095
220.992
220.89
220.79
220.69
220.593
220.499
220.407
220.318
220.233
220.152
220.076
220
219.945
219.834
223.872
223.869
223.865
223.86
223.854
223.847
223.841
223.834
223.826
223.817
223.808
223.799
223.788
223.777
223.765
223.751
223.737
223.722
223.705
223.688
223.669
223.648
223.626
223.602
223.576
223.549
223.519
223.488
223.454
223.418
223.379
223.338
223.294
223.247
223.197
223.145
223.089
223.03
222.968
222.902
222.834
222.762
222.687
222.608
222.527
222.442
222.355
222.265
222.172
222.077
221.98
221.881
221.78
221.678
221.575
221.471
221.367
221.262
221.158
221.054
220.952
220.85
220.75
220.652
220.556
220.463
220.373
220.286
220.203
220.123
220.048
219.971
219.919
219.799
224.095
224.091
224.086
224.079
224.072
224.064
224.056
224.047
224.038
224.027
224.016
224.004
223.992
223.978
223.963
223.947
223.929
223.911
223.891
223.869
223.846
223.821
223.795
223.766
223.735
223.703
223.667
223.63
223.59
223.547
223.502
223.453
223.402
223.348
223.29
223.23
223.166
223.098
223.028
222.954
222.877
222.797
222.714
222.628
222.539
222.447
222.353
222.256
222.157
222.057
221.954
221.851
221.746
221.641
221.535
221.429
221.323
221.217
221.113
221.009
220.907
220.806
220.707
220.611
220.517
220.425
220.337
220.252
220.171
220.092
220.019
219.943
219.891
219.766
224.349
224.343
224.337
224.329
224.32
224.31
224.3
224.289
224.277
224.264
224.251
224.236
224.22
224.203
224.184
224.165
224.143
224.121
224.096
224.07
224.042
224.011
223.979
223.945
223.908
223.868
223.826
223.781
223.734
223.683
223.63
223.573
223.513
223.45
223.384
223.314
223.241
223.164
223.085
223.002
222.916
222.827
222.735
222.641
222.544
222.445
222.343
222.24
222.135
222.029
221.922
221.814
221.706
221.597
221.489
221.381
221.274
221.168
221.063
220.96
220.858
220.758
220.661
220.567
220.474
220.385
220.299
220.216
220.137
220.06
219.99
219.914
219.864
219.735
224.634
224.627
224.62
224.609
224.598
224.586
224.573
224.559
224.544
224.528
224.511
224.492
224.472
224.451
224.428
224.404
224.378
224.349
224.319
224.287
224.253
224.216
224.177
224.135
224.09
224.043
223.992
223.939
223.883
223.823
223.76
223.693
223.624
223.551
223.474
223.394
223.311
223.225
223.135
223.043
222.947
222.849
222.748
222.645
222.54
222.433
222.325
222.215
222.105
221.994
221.882
221.77
221.659
221.548
221.438
221.328
221.22
221.114
221.01
220.907
220.807
220.709
220.613
220.521
220.431
220.344
220.26
220.18
220.103
220.029
219.96
219.885
219.837
219.708
224.953
224.943
224.933
224.92
224.905
224.89
224.874
224.856
224.838
224.818
224.796
224.773
224.748
224.721
224.693
224.663
224.63
224.595
224.558
224.519
224.477
224.432
224.384
224.333
224.28
224.223
224.163
224.099
224.032
223.962
223.888
223.811
223.73
223.646
223.558
223.467
223.373
223.276
223.176
223.073
222.968
222.86
222.751
222.64
222.527
222.413
222.298
222.182
222.066
221.95
221.835
221.72
221.606
221.493
221.381
221.271
221.163
221.057
220.953
220.852
220.753
220.657
220.564
220.473
220.386
220.302
220.221
220.143
220.069
219.997
219.93
219.857
219.81
219.684
225.305
225.292
225.279
225.262
225.243
225.224
225.203
225.181
225.158
225.132
225.105
225.076
225.045
225.012
224.976
224.938
224.898
224.855
224.81
224.761
224.71
224.655
224.597
224.536
224.472
224.404
224.332
224.257
224.178
224.096
224.01
223.921
223.828
223.731
223.632
223.529
223.424
223.316
223.205
223.092
222.977
222.86
222.742
222.622
222.502
222.381
222.26
222.14
222.019
221.9
221.781
221.663
221.547
221.433
221.321
221.211
221.103
220.998
220.895
220.795
220.698
220.604
220.513
220.425
220.341
220.259
220.181
220.106
220.034
219.965
219.901
219.83
219.785
219.664
225.69
225.674
225.656
225.635
225.611
225.586
225.56
225.532
225.502
225.47
225.436
225.399
225.36
225.319
225.275
225.228
225.178
225.125
225.069
225.01
224.947
224.881
224.812
224.738
224.661
224.58
224.496
224.408
224.316
224.22
224.121
224.018
223.913
223.804
223.692
223.577
223.46
223.34
223.219
223.096
222.972
222.846
222.72
222.593
222.466
222.34
222.214
222.088
221.964
221.841
221.72
221.601
221.484
221.369
221.257
221.147
221.04
220.936
220.835
220.737
220.642
220.55
220.462
220.377
220.295
220.216
220.141
220.069
220
219.933
219.872
219.804
219.76
219.647
226.11
226.088
226.065
226.038
226.008
225.976
225.943
225.907
225.869
225.829
225.786
225.74
225.691
225.64
225.585
225.527
225.466
225.401
225.333
225.26
225.185
225.105
225.021
224.934
224.843
224.747
224.648
224.546
224.439
224.329
224.216
224.1
223.98
223.858
223.734
223.607
223.479
223.348
223.217
223.084
222.951
222.818
222.684
222.551
222.419
222.287
222.157
222.028
221.901
221.776
221.654
221.533
221.416
221.301
221.189
221.081
220.975
220.873
220.774
220.678
220.586
220.497
220.411
220.328
220.249
220.174
220.101
220.032
219.966
219.902
219.844
219.779
219.736
219.633
226.563
226.534
226.504
226.469
226.431
226.391
226.348
226.303
226.255
226.205
226.151
226.093
226.033
225.969
225.901
225.83
225.755
225.676
225.592
225.505
225.414
225.319
225.22
225.116
225.009
224.898
224.783
224.665
224.543
224.418
224.291
224.16
224.027
223.893
223.756
223.618
223.478
223.338
223.197
223.056
222.916
222.775
222.636
222.498
222.361
222.225
222.092
221.96
221.832
221.705
221.582
221.462
221.345
221.231
221.12
221.013
220.909
220.809
220.712
220.619
220.529
220.443
220.36
220.281
220.205
220.132
220.062
219.996
219.933
219.872
219.816
219.755
219.713
219.62
227.047
227.01
226.971
226.926
226.878
226.827
226.773
226.716
226.656
226.592
226.525
226.453
226.378
226.299
226.216
226.129
226.037
225.941
225.841
225.737
225.628
225.516
225.399
225.278
225.154
225.026
224.894
224.76
224.622
224.482
224.34
224.196
224.05
223.903
223.755
223.606
223.457
223.308
223.16
223.012
222.865
222.719
222.575
222.432
222.292
222.154
222.018
221.886
221.756
221.63
221.506
221.387
221.27
221.158
221.049
220.944
220.842
220.744
220.65
220.56
220.473
220.39
220.31
220.233
220.16
220.091
220.024
219.961
219.901
219.842
219.789
219.731
219.69
219.608
227.561
227.512
227.462
227.405
227.343
227.279
227.211
227.14
227.064
226.984
226.9
226.812
226.719
226.622
226.521
226.415
226.304
226.189
226.07
225.946
225.818
225.686
225.55
225.411
225.269
225.123
224.975
224.824
224.671
224.517
224.361
224.204
224.046
223.888
223.73
223.573
223.416
223.259
223.104
222.951
222.799
222.649
222.502
222.357
222.214
222.075
221.938
221.805
221.676
221.55
221.428
221.309
221.194
221.084
220.977
220.874
220.775
220.68
220.589
220.502
220.418
220.337
220.261
220.187
220.117
220.051
219.987
219.926
219.869
219.814
219.763
219.708
219.669
219.597
228.099
228.036
227.971
227.898
227.82
227.739
227.654
227.564
227.47
227.371
227.267
227.159
227.045
226.927
226.804
226.677
226.544
226.408
226.267
226.122
225.973
225.821
225.665
225.507
225.346
225.183
225.018
224.852
224.685
224.518
224.35
224.182
224.014
223.847
223.681
223.517
223.353
223.192
223.032
222.875
222.72
222.568
222.418
222.272
222.129
221.989
221.853
221.72
221.592
221.467
221.346
221.23
221.117
221.009
220.905
220.805
220.709
220.617
220.529
220.444
220.363
220.286
220.213
220.142
220.075
220.011
219.951
219.893
219.838
219.786
219.738
219.687
219.648
219.586
228.653
228.573
228.489
228.397
228.299
228.197
228.09
227.979
227.862
227.739
227.612
227.48
227.342
227.2
227.053
226.901
226.744
226.584
226.42
226.253
226.082
225.909
225.734
225.557
225.379
225.2
225.021
224.841
224.662
224.483
224.305
224.129
223.954
223.78
223.609
223.439
223.272
223.107
222.945
222.786
222.63
222.476
222.326
222.18
222.037
221.898
221.763
221.632
221.505
221.382
221.264
221.15
221.04
220.935
220.833
220.736
220.643
220.554
220.469
220.388
220.311
220.236
220.166
220.099
220.035
219.974
219.916
219.861
219.809
219.759
219.713
219.666
219.629
219.575
229.214
229.111
229.003
228.887
228.765
228.638
228.505
228.367
228.223
228.073
227.919
227.759
227.594
227.424
227.25
227.071
226.89
226.705
226.517
226.327
226.135
225.942
225.749
225.555
225.362
225.169
224.977
224.787
224.598
224.412
224.227
224.045
223.866
223.689
223.514
223.343
223.174
223.008
222.845
222.685
222.529
222.376
222.227
222.082
221.94
221.803
221.67
221.541
221.416
221.296
221.181
221.069
220.963
220.86
220.762
220.669
220.579
220.493
220.411
220.333
220.259
220.188
220.121
220.056
219.995
219.937
219.882
219.83
219.78
219.733
219.69
219.645
219.61
219.564
229.765
229.634
229.497
229.352
229.2
229.042
228.878
228.709
228.533
228.352
228.166
227.975
227.78
227.58
227.377
227.172
226.964
226.754
226.543
226.332
226.121
225.911
225.702
225.494
225.289
225.087
224.887
224.69
224.496
224.306
224.118
223.934
223.753
223.575
223.401
223.229
223.061
222.896
222.734
222.576
222.421
222.27
222.123
221.979
221.84
221.705
221.575
221.449
221.327
221.21
221.098
220.99
220.886
220.787
220.693
220.602
220.516
220.434
220.355
220.28
220.209
220.141
220.077
220.016
219.957
219.902
219.849
219.8
219.753
219.708
219.667
219.626
219.592
219.553
230.285
230.12
229.948
229.766
229.578
229.384
229.184
228.979
228.767
228.551
228.33
228.106
227.878
227.648
227.416
227.183
226.95
226.717
226.486
226.257
226.03
225.807
225.587
225.371
225.16
224.953
224.75
224.551
224.357
224.167
223.981
223.798
223.619
223.444
223.272
223.103
222.937
222.774
222.615
222.46
222.308
222.159
222.015
221.874
221.738
221.606
221.479
221.356
221.238
221.125
221.016
220.911
220.811
220.716
220.625
220.538
220.455
220.376
220.301
220.229
220.161
220.096
220.035
219.976
219.921
219.868
219.818
219.771
219.727
219.684
219.645
219.607
219.574
219.542
230.744
230.537
230.323
230.1
229.87
229.634
229.393
229.146
228.895
228.641
228.383
228.124
227.864
227.603
227.344
227.087
226.832
226.581
226.335
226.094
225.858
225.628
225.404
225.186
224.975
224.769
224.57
224.375
224.185
224
223.819
223.642
223.468
223.298
223.131
222.966
222.805
222.646
222.491
222.339
222.19
222.046
221.905
221.768
221.635
221.507
221.383
221.264
221.15
221.04
220.935
220.834
220.738
220.646
220.559
220.475
220.396
220.32
220.248
220.18
220.115
220.053
219.994
219.939
219.886
219.836
219.788
219.744
219.701
219.662
219.625
219.589
219.557
219.532
231.105
230.849
230.585
230.313
230.035
229.752
229.465
229.174
228.882
228.588
228.294
228.001
227.711
227.424
227.142
226.866
226.597
226.335
226.082
225.837
225.6
225.373
225.154
224.942
224.739
224.542
224.352
224.168
223.988
223.812
223.64
223.472
223.306
223.143
222.982
222.823
222.667
222.514
222.363
222.216
222.072
221.931
221.794
221.661
221.533
221.409
221.289
221.174
221.063
220.957
220.856
220.759
220.667
220.579
220.495
220.415
220.339
220.267
220.198
220.133
220.071
220.012
219.956
219.903
219.852
219.805
219.76
219.717
219.677
219.64
219.605
219.572
219.541
219.521
231.318
231.006
230.685
230.358
230.027
229.693
229.358
229.022
228.688
228.356
228.029
227.707
227.393
227.088
226.792
226.508
226.234
225.973
225.724
225.487
225.261
225.046
224.842
224.647
224.46
224.28
224.106
223.937
223.772
223.61
223.45
223.292
223.136
222.982
222.829
222.677
222.528
222.38
222.235
222.092
221.953
221.817
221.684
221.556
221.431
221.311
221.196
221.085
220.978
220.876
220.779
220.686
220.598
220.513
220.433
220.357
220.284
220.215
220.15
220.087
220.028
219.972
219.919
219.868
219.821
219.775
219.732
219.692
219.654
219.619
219.586
219.556
219.526
219.51
231.322
230.947
230.564
230.178
229.791
229.405
229.022
228.643
228.272
227.909
227.556
227.216
226.889
226.578
226.282
226.003
225.74
225.494
225.264
225.049
224.848
224.658
224.48
224.311
224.149
223.993
223.841
223.692
223.545
223.4
223.254
223.109
222.965
222.82
222.675
222.531
222.388
222.246
222.107
221.969
221.835
221.703
221.576
221.452
221.332
221.216
221.105
220.998
220.896
220.798
220.705
220.616
220.531
220.45
220.374
220.301
220.231
220.166
220.103
220.044
219.988
219.934
219.884
219.836
219.79
219.747
219.706
219.668
219.632
219.599
219.567
219.54
219.511
219.499
231.046
230.603
230.155
229.707
229.265
228.83
228.404
227.991
227.592
227.209
226.846
226.502
226.181
225.882
225.605
225.351
225.119
224.907
224.714
224.537
224.374
224.224
224.083
223.948
223.819
223.693
223.568
223.443
223.317
223.19
223.06
222.928
222.795
222.66
222.524
222.387
222.251
222.115
221.981
221.849
221.719
221.592
221.469
221.35
221.235
221.123
221.017
220.914
220.816
220.722
220.633
220.548
220.467
220.39
220.317
220.247
220.181
220.119
220.059
220.003
219.949
219.898
219.85
219.804
219.761
219.72
219.682
219.645
219.611
219.58
219.55
219.525
219.497
219.489
230.403
229.892
229.381
228.875
228.383
227.908
227.452
227.018
226.609
226.227
225.874
225.552
225.26
224.999
224.767
224.563
224.384
224.228
224.091
223.97
223.861
223.761
223.667
223.576
223.486
223.394
223.299
223.199
223.095
222.986
222.872
222.753
222.63
222.505
222.376
222.247
222.117
221.987
221.858
221.731
221.606
221.484
221.366
221.251
221.14
221.034
220.931
220.833
220.739
220.65
220.564
220.483
220.406
220.332
220.263
220.196
220.133
220.074
220.017
219.963
219.912
219.864
219.818
219.775
219.734
219.695
219.658
219.624
219.591
219.562
219.534
219.51
219.484
219.479
229.3
228.727
228.16
227.606
227.077
226.578
226.112
225.682
225.29
224.938
224.628
224.359
224.13
223.938
223.782
223.657
223.558
223.481
223.421
223.373
223.332
223.293
223.255
223.212
223.164
223.108
223.043
222.969
222.885
222.793
222.694
222.587
222.474
222.356
222.235
222.112
221.988
221.863
221.739
221.617
221.497
221.38
221.266
221.156
221.05
220.947
220.849
220.755
220.666
220.58
220.498
220.421
220.347
220.277
220.211
220.148
220.088
220.031
219.977
219.926
219.878
219.832
219.788
219.747
219.707
219.671
219.636
219.603
219.573
219.545
219.518
219.496
219.471
219.469
227.637
227.013
226.407
225.822
225.278
224.784
224.339
223.948
223.612
223.331
223.106
222.932
222.807
222.726
222.681
222.667
222.676
222.702
222.737
222.776
222.813
222.844
222.864
222.872
222.866
222.845
222.809
222.758
222.693
222.616
222.528
222.431
222.327
222.216
222.101
221.983
221.864
221.744
221.625
221.507
221.392
221.279
221.17
221.064
220.962
220.864
220.77
220.681
220.595
220.513
220.436
220.362
220.291
220.225
220.162
220.101
220.045
219.991
219.939
219.891
219.844
219.801
219.759
219.72
219.683
219.648
219.614
219.584
219.555
219.528
219.503
219.483
219.459
219.459
225.311
224.654
224.034
223.446
222.921
222.469
222.093
221.79
221.563
221.409
221.323
221.298
221.327
221.4
221.506
221.637
221.781
221.93
222.076
222.212
222.333
222.435
222.514
222.571
222.604
222.614
222.603
222.571
222.522
222.456
222.378
222.288
222.189
222.084
221.974
221.86
221.745
221.63
221.515
221.402
221.291
221.182
221.077
220.976
220.878
220.785
220.695
220.609
220.527
220.45
220.376
220.305
220.238
220.175
220.115
220.058
220.003
219.952
219.903
219.857
219.813
219.771
219.732
219.695
219.659
219.626
219.594
219.565
219.537
219.513
219.489
219.471
219.447
219.45
222.249
221.585
220.985
220.432
219.97
219.618
219.371
219.225
219.176
219.217
219.337
219.522
219.759
220.033
220.328
220.632
220.932
221.218
221.482
221.718
221.921
222.09
222.223
222.322
222.388
222.423
222.43
222.412
222.373
222.316
222.243
222.158
222.064
221.962
221.855
221.745
221.634
221.522
221.411
221.301
221.194
221.09
220.99
220.892
220.799
220.709
220.624
220.542
220.464
220.39
220.319
220.252
220.188
220.128
220.071
220.016
219.965
219.916
219.869
219.825
219.784
219.744
219.706
219.671
219.637
219.605
219.575
219.547
219.521
219.498
219.475
219.459
219.436
219.441
218.585
217.939
217.395
216.921
216.578
216.39
216.344
216.429
216.632
216.938
217.326
217.774
218.261
218.766
219.27
219.759
220.218
220.638
221.013
221.338
221.612
221.835
222.01
222.14
222.228
222.279
222.297
222.287
222.253
222.199
222.129
222.046
221.954
221.854
221.75
221.642
221.533
221.425
221.317
221.211
221.107
221.007
220.91
220.816
220.727
220.641
220.559
220.48
220.406
220.335
220.267
220.203
220.143
220.085
220.03
219.979
219.929
219.883
219.838
219.796
219.756
219.718
219.683
219.649
219.616
219.586
219.558
219.531
219.506
219.484
219.462
219.448
219.425
219.432
214.634
214.019
213.561
213.205
213.031
213.067
213.288
213.668
214.18
214.8
215.493
216.229
216.98
217.719
218.427
219.088
219.689
220.224
220.689
221.084
221.41
221.672
221.874
222.022
222.122
222.18
222.202
222.194
222.161
222.107
222.037
221.955
221.862
221.763
221.66
221.554
221.447
221.341
221.235
221.132
221.032
220.934
220.84
220.75
220.664
220.581
220.502
220.427
220.355
220.287
220.222
220.161
220.102
220.047
219.995
219.945
219.898
219.853
219.81
219.77
219.732
219.696
219.661
219.628
219.598
219.569
219.541
219.516
219.492
219.471
219.45
219.437
219.415
219.424
210.535
209.955
209.607
209.407
209.456
209.778
210.327
211.056
211.924
212.889
213.907
214.938
215.947
216.908
217.8
218.61
219.33
219.956
220.489
220.933
221.294
221.578
221.794
221.95
222.054
222.113
222.135
222.125
222.09
222.034
221.962
221.879
221.786
221.687
221.584
221.479
221.373
221.268
221.165
221.064
220.966
220.871
220.78
220.692
220.608
220.528
220.452
220.379
220.31
220.244
220.182
220.123
220.067
220.013
219.963
219.915
219.869
219.826
219.785
219.746
219.71
219.675
219.641
219.61
219.58
219.552
219.526
219.502
219.479
219.459
219.439
219.427
219.406
219.416
206.391
205.839
205.622
205.621
205.948
206.615
207.547
208.669
209.922
211.247
212.59
213.904
215.153
216.312
217.362
218.295
219.107
219.801
220.382
220.858
221.238
221.534
221.755
221.912
222.014
222.07
222.087
222.073
222.034
221.975
221.901
221.815
221.721
221.621
221.518
221.414
221.309
221.205
221.104
221.005
220.909
220.816
220.727
220.642
220.56
220.482
220.408
220.338
220.271
220.207
220.146
220.089
220.035
219.983
219.934
219.888
219.844
219.802
219.763
219.725
219.689
219.656
219.624
219.593
219.565
219.538
219.512
219.489
219.467
219.448
219.429
219.417
219.397
219.409
202.277
201.736
201.676
201.923
202.587
203.653
205.01
206.552
208.201
209.883
211.536
213.111
214.572
215.899
217.078
218.108
218.989
219.73
220.341
220.835
221.225
221.523
221.743
221.895
221.992
222.042
222.053
222.034
221.991
221.928
221.85
221.762
221.666
221.565
221.462
221.358
221.254
221.151
221.051
220.953
220.859
220.768
220.681
220.597
220.518
220.442
220.37
220.301
220.236
220.174
220.115
220.059
220.006
219.956
219.909
219.864
219.821
219.781
219.742
219.706
219.671
219.638
219.607
219.578
219.55
219.524
219.499
219.477
219.455
219.437
219.419
219.409
219.388
219.402
198.242
197.694
197.825
198.382
199.438
200.945
202.753
204.725
206.761
208.782
210.719
212.523
214.166
215.631
216.913
218.014
218.944
219.716
220.345
220.847
221.238
221.533
221.747
221.893
221.982
222.024
222.03
222.004
221.956
221.889
221.808
221.717
221.619
221.518
221.414
221.309
221.206
221.104
221.004
220.908
220.815
220.726
220.64
220.558
220.48
220.406
220.335
220.268
220.204
220.144
220.087
220.032
219.981
219.932
219.886
219.842
219.8
219.761
219.723
219.688
219.654
219.622
219.592
219.563
219.536
219.511
219.487
219.465
219.445
219.427
219.409
219.4
219.38
219.395
194.326
193.746
194.119
195.055
196.548
198.52
200.789
203.181
205.585
207.915
210.103
212.105
213.898
215.473
216.833
217.987
218.95
219.74
220.377
220.88
221.267
221.555
221.761
221.898
221.979
222.014
222.012
221.981
221.927
221.856
221.772
221.679
221.579
221.476
221.372
221.267
221.164
221.063
220.964
220.869
220.777
220.689
220.604
220.524
220.447
220.374
220.305
220.239
220.177
220.117
220.061
220.008
219.958
219.91
219.865
219.822
219.781
219.743
219.706
219.672
219.639
219.608
219.578
219.55
219.524
219.499
219.476
219.455
219.435
219.418
219.401
219.392
219.373
219.388
190.558
189.921
190.607
191.992
193.945
196.392
199.112
201.901
204.641
207.245
209.65
211.817
213.731
215.393
216.811
218.002
218.987
219.786
220.425
220.924
221.304
221.584
221.781
221.909
221.981
222.009
222
221.963
221.904
221.829
221.742
221.646
221.545
221.441
221.336
221.231
221.127
221.026
220.929
220.834
220.743
220.656
220.573
220.493
220.418
220.346
220.278
220.213
220.152
220.094
220.039
219.987
219.937
219.89
219.846
219.804
219.764
219.726
219.691
219.657
219.625
219.594
219.565
219.538
219.512
219.488
219.465
219.445
219.425
219.409
219.393
219.385
219.366
219.382
186.968
186.241
187.337
189.226
191.64
194.553
197.702
200.854
203.893
206.736
209.324
211.627
213.639
215.368
216.829
218.045
219.041
219.845
220.481
220.973
221.345
221.615
221.803
221.922
221.986
222.006
221.991
221.948
221.885
221.806
221.716
221.618
221.515
221.41
221.304
221.199
221.096
220.995
220.897
220.803
220.713
220.627
220.545
220.466
220.392
220.321
220.254
220.19
220.13
220.072
220.018
219.967
219.918
219.872
219.829
219.788
219.748
219.711
219.676
219.643
219.611
219.582
219.553
219.526
219.501
219.478
219.456
219.436
219.417
219.401
219.385
219.378
219.359
219.376
183.588
182.727
184.35
186.77
189.627
192.987
196.53
200.006
203.307
206.354
209.094
211.508
213.598
215.377
216.87
218.102
219.105
219.908
220.539
221.023
221.386
221.647
221.825
221.936
221.992
222.005
221.984
221.937
221.869
221.787
221.694
221.594
221.49
221.383
221.276
221.171
221.068
220.967
220.87
220.776
220.687
220.601
220.52
220.442
220.368
220.298
220.232
220.169
220.109
220.053
220
219.949
219.901
219.856
219.813
219.772
219.734
219.698
219.663
219.63
219.599
219.57
219.542
219.516
219.491
219.468
219.447
219.427
219.408
219.393
219.377
219.371
219.352
219.37
180.445
179.401
181.679
184.617
187.889
191.668
195.563
199.323
202.85
206.069
208.936
211.44
213.59
215.408
216.923
218.167
219.172
219.972
220.596
221.072
221.426
221.678
221.847
221.95
221.999
222.005
221.979
221.927
221.856
221.77
221.675
221.573
221.467
221.36
221.252
221.146
221.043
220.942
220.845
220.752
220.663
220.578
220.497
220.42
220.347
220.278
220.212
220.15
220.091
220.035
219.983
219.933
219.886
219.841
219.799
219.759
219.721
219.685
219.651
219.618
219.588
219.559
219.532
219.506
219.482
219.459
219.438
219.419
219.401
219.386
219.371
219.364
219.346
219.365
177.551
176.29
179.341
182.749
186.406
190.565
194.768
198.774
202.495
205.859
208.83
211.406
213.604
215.452
216.983
218.233
219.238
220.033
220.65
221.119
221.463
221.707
221.868
221.963
222.006
222.006
221.975
221.919
221.844
221.756
221.658
221.554
221.447
221.339
221.231
221.125
221.021
220.92
220.824
220.731
220.642
220.558
220.477
220.401
220.328
220.26
220.194
220.133
220.075
220.019
219.967
219.918
219.871
219.827
219.785
219.746
219.708
219.673
219.639
219.608
219.578
219.549
219.522
219.497
219.473
219.451
219.43
219.411
219.393
219.379
219.364
219.358
219.341
219.36
174.904
173.423
177.321
181.137
185.152
189.648
194.117
198.335
202.219
205.703
208.76
211.395
213.631
215.501
217.044
218.297
219.301
220.091
220.701
221.161
221.498
221.733
221.887
221.976
222.012
222.008
221.972
221.912
221.834
221.744
221.644
221.538
221.43
221.321
221.212
221.105
221.001
220.901
220.804
220.712
220.623
220.539
220.459
220.383
220.311
220.243
220.178
220.117
220.059
220.005
219.953
219.904
219.858
219.814
219.773
219.734
219.697
219.662
219.629
219.597
219.568
219.54
219.513
219.488
219.465
219.443
219.422
219.404
219.387
219.373
219.358
219.353
219.335
219.355
172.456
170.904
175.619
179.757
184.098
188.887
193.583
197.983
202.004
205.589
208.716
211.399
213.665
215.553
217.103
218.358
219.359
220.144
220.747
221.2
221.529
221.758
221.905
221.987
222.018
222.01
221.97
221.906
221.826
221.733
221.631
221.524
221.415
221.304
221.195
221.088
220.984
220.883
220.787
220.694
220.606
220.522
220.443
220.367
220.296
220.228
220.164
220.103
220.045
219.991
219.94
219.892
219.846
219.803
219.762
219.723
219.686
219.652
219.619
219.588
219.559
219.531
219.505
219.48
219.457
219.435
219.415
219.397
219.38
219.367
219.352
219.347
219.33
219.35
169.979
168.681
174.164
178.591
183.222
188.255
193.146
197.699
201.837
205.504
208.69
211.411
213.702
215.603
217.159
218.415
219.412
220.192
220.789
221.235
221.558
221.78
221.921
221.998
222.024
222.011
221.968
221.902
221.818
221.723
221.62
221.512
221.401
221.29
221.18
221.072
220.968
220.868
220.771
220.679
220.591
220.507
220.428
220.353
220.281
220.214
220.15
220.09
220.033
219.979
219.928
219.88
219.835
219.792
219.751
219.713
219.677
219.642
219.61
219.579
219.55
219.523
219.497
219.472
219.45
219.428
219.408
219.391
219.374
219.361
219.347
219.342
219.325
219.346
167.618
167.189
172.916
177.595
182.494
187.732
192.787
197.471
201.705
205.442
208.677
211.429
213.739
215.651
217.211
218.466
219.461
220.236
220.827
221.267
221.583
221.799
221.935
222.008
222.03
222.013
221.966
221.897
221.812
221.715
221.61
221.5
221.389
221.277
221.166
221.059
220.954
220.853
220.757
220.665
220.577
220.493
220.414
220.339
220.268
220.201
220.138
220.078
220.021
219.967
219.917
219.869
219.824
219.782
219.741
219.703
219.667
219.633
219.601
219.571
219.542
219.515
219.489
219.465
219.443
219.422
219.402
219.385
219.368
219.355
219.341
219.337
219.321
219.342
)
;

boundaryField
{
    inlet
    {
        type            freestreamPressure;
        value           nonuniform List<scalar> 
230
(
214.788
214.791
214.797
214.804
214.812
214.82
214.828
214.837
214.846
214.856
214.866
214.877
214.888
214.9
214.913
214.927
214.941
214.956
214.972
214.989
215.007
215.026
215.046
215.067
215.09
215.114
215.139
215.166
215.194
215.225
215.257
215.291
215.326
215.365
215.405
215.448
215.493
215.541
215.591
215.645
215.701
215.76
215.822
215.887
215.956
216.027
216.102
216.179
216.26
216.343
216.429
216.518
216.608
216.7
216.794
216.889
216.984
217.08
217.174
217.268
217.36
217.45
217.536
217.619
217.696
217.769
217.834
217.892
217.942
217.983
218.015
218.045
218.06
218.123
217.857
217.129
216.498
215.96
215.514
215.152
214.861
214.634
214.461
214.332
214.242
214.183
214.15
214.137
214.141
214.156
214.181
214.212
214.244
214.278
214.312
214.347
214.381
214.413
214.445
214.476
214.505
214.532
214.558
214.583
214.607
214.629
214.649
214.669
214.687
214.705
214.721
214.737
214.751
214.765
214.778
218.652
219.394
220.052
220.622
221.107
221.515
221.856
222.138
222.37
222.56
222.714
222.838
222.938
223.018
223.081
223.131
223.169
223.198
223.219
223.234
223.245
223.251
223.255
223.256
223.255
223.253
223.249
223.245
223.241
223.235
223.23
223.225
223.219
223.214
223.208
223.203
223.198
223.193
223.188
223.184
223.179
223.176
223.173
223.171
223.168
223.165
223.162
223.159
223.155
223.152
223.148
223.143
223.139
223.134
223.129
223.123
223.117
223.11
223.103
223.095
223.087
223.078
223.068
223.058
223.046
223.034
223.021
223.007
222.991
222.975
222.956
222.937
222.916
222.893
222.868
222.842
222.813
222.782
222.748
222.712
222.674
222.632
222.588
222.54
222.489
222.434
222.377
222.315
222.25
222.181
222.109
222.033
221.953
221.87
221.783
221.694
221.601
221.506
221.409
221.31
221.21
221.109
221.007
220.905
220.804
220.704
220.606
220.51
220.417
220.329
220.244
220.166
220.094
220.033
219.974
)
;
    }
    outlet
    {
        type            freestreamPressure;
        value           nonuniform List<scalar> 
96
(
219.337
219.333
219.329
219.324
219.319
219.313
219.307
219.301
219.295
219.288
219.28
219.272
219.264
219.255
219.245
219.235
219.225
219.213
219.201
219.189
219.176
219.162
219.148
219.133
219.117
219.101
219.085
219.069
219.053
219.038
219.025
219.014
219.007
219.01
219.039
219.116
219.241
219.339
219.273
218.944
218.421
217.934
217.707
217.76
217.939
218.079
218.137
218.123
219.974
219.96
219.935
219.904
219.87
219.834
219.799
219.766
219.735
219.708
219.684
219.664
219.647
219.633
219.62
219.608
219.597
219.586
219.575
219.564
219.553
219.542
219.532
219.521
219.51
219.499
219.489
219.479
219.469
219.459
219.45
219.441
219.432
219.424
219.416
219.409
219.402
219.395
219.388
219.382
219.376
219.37
219.365
219.36
219.355
219.35
219.346
219.342
)
;
    }
    walls
    {
        type            zeroGradient;
    }
    frontAndBack
    {
        type            empty;
    }
}


// ************************************************************************* //
