/*--------------------------------*- C++ -*----------------------------------*\
| =========                 |                                                 |
| \\      /  F ield         | OpenFOAM: The Open Source CFD Toolbox           |
|  \\    /   O peration     | Version:  5.x                                   |
|   \\  /    A nd           | Web:      www.OpenFOAM.org                      |
|    \\/     M anipulation  |                                                 |
\*---------------------------------------------------------------------------*/
FoamFile
{
    version     2.0;
    format      ascii;
    class       volVectorField;
    location    "550";
    object      wallShearStress;
}
// * * * * * * * * * * * * * * * * * * * * * * * * * * * * * * * * * * * * * //

dimensions      [0 2 -2 0 0 0 0];

internalField   uniform (0 0 0);

boundaryField
{
    inlet
    {
        type            calculated;
        value           uniform (0 0 0);
    }
    outlet
    {
        type            calculated;
        value           uniform (0 0 0);
    }
    walls
    {
        type            calculated;
        value           nonuniform List<vector> 
164
(
(-630.011 -974.547 9.62965e-35)
(-1113.1 -857.67 -2.01793e-15)
(-1622.17 -659.461 -8.40032e-16)
(-1452.59 -487.123 2.23171e-15)
(-1358.96 -381.121 5.49161e-21)
(-1235.55 -299.097 1.51499e-15)
(-1112.53 -237.164 1.76603e-15)
(-1005.6 -191.573 -1.99835e-15)
(-913.684 -157.204 -1.80797e-32)
(-834.812 -130.593 2.39553e-15)
(-766.155 -109.659 -2.61232e-15)
(-707.175 -92.8805 -2.7012e-15)
(-654.283 -79.1406 2.2679e-20)
(-612.502 -68.3318 -2.91562e-15)
(-573.936 -59.1294 3.23053e-15)
(-547.253 -52.1667 3.13416e-15)
(-521.348 -45.9027 -3.25838e-15)
(-499.675 -40.6687 3.30114e-15)
(-481.148 -36.1181 3.26143e-15)
(-461.542 -31.9207 -3.42511e-15)
(-447.799 -28.4751 3.29964e-15)
(-431.74 -25.1442 6.53645e-21)
(-419.51 -22.3258 1.84823e-20)
(-408.114 -19.7405 -1.26232e-20)
(-396.433 -17.3436 -6.7077e-15)
(-388.165 -15.2554 3.21675e-15)
(-378.21 -13.2363 0)
(-369.702 -11.4182 1.58444e-15)
(-362.277 -9.74284 -1.57442e-15)
(-355.293 -8.18171 1.50463e-36)
(-348.247 -6.72 -1.15173e-20)
(-340.721 -5.33292 1.13257e-20)
(-334.743 -4.07008 1.02211e-20)
(-329.872 -2.87305 -2.15561e-20)
(-323.797 -1.75225 -6.89175e-16)
(-319.463 -0.690162 -1.48582e-35)
(-314.28 0.30147 8.15223e-17)
(-309.676 1.24934 -6.39335e-16)
(-306.323 2.13709 6.12387e-16)
(-303.081 2.99986 -1.18421e-15)
(-299.498 3.79704 1.50463e-35)
(-296.231 4.56843 4.41368e-15)
(-278.951 4.96757 3.91205e-35)
(-276.33 5.51429 -1.19124e-20)
(-271.937 5.96091 -2.94966e-15)
(-269.736 6.43453 5.59356e-21)
(-266.548 6.84858 -5.55789e-21)
(-263.38 7.23021 -2.92768e-15)
(-260.382 7.59659 5.84777e-15)
(-257.471 7.92593 2.92341e-15)
(-254.675 8.25221 5.58213e-21)
(-251.973 8.53908 -2.91731e-15)
(-249.365 8.82875 2.91291e-15)
(-246.84 9.08364 -5.55893e-21)
(-244.414 9.34394 -1.92478e-23)
(-240.999 9.53081 -1.91928e-23)
(-238.795 9.7618 5.5522e-21)
(-237.354 10.0013 -1.20371e-35)
(-234.415 10.1733 5.79039e-15)
(-232.954 10.3948 5.49375e-21)
(-231.074 10.5934 -5.68524e-15)
(-228.773 10.7894 5.71632e-15)
(-226.005 10.9775 -5.70977e-15)
(-224.344 11.1991 1.13583e-14)
(-221.497 11.3671 -5.68474e-15)
(-219.836 11.5751 5.63261e-15)
(-216.774 11.7165 -2.40741e-35)
(-214.438 11.8753 -2.69034e-21)
(-212.223 12.0456 -9.64908e-24)
(-209.931 12.2055 5.53013e-15)
(-206.311 12.2787 1.02512e-23)
(-203.894 12.4249 -2.67177e-21)
(-201.082 12.5395 -1.1067e-14)
(-196.947 12.5655 1.3418e-21)
(-193.305 12.6181 -1.13735e-14)
(-190.03 12.692 2.32941e-31)
(-185.522 12.6762 2.26406e-14)
(-180.491 12.6167 6.80465e-22)
(-175.684 12.5623 -1.16019e-14)
(-168.311 12.3197 1.1517e-14)
(-170.783 12.7438 -1.17203e-14)
(0.914251 0.774138 1.9068e-14)
(537.698 -1010.42 -3.85186e-34)
(-265.95 171.741 -1.24753e-14)
(-495.371 215.821 1.92593e-34)
(-596.564 200.822 1.65088e-32)
(-614.704 171.008 -1.1493e-31)
(-618.597 147.885 5.86366e-15)
(-624.337 130.852 2.21316e-20)
(-615.849 114.918 1.10203e-39)
(-597.648 100.379 -3.4662e-20)
(-577.108 87.8513 -5.6277e-15)
(-555.427 77.1136 -2.1851e-20)
(-540.251 68.5993 -5.49112e-15)
(-522.418 60.8945 2.16911e-20)
(-511.942 54.8417 -2.01619e-20)
(-496.119 48.9103 -5.55277e-15)
(-485.935 44.1453 5.21064e-15)
(-472.916 39.5297 -2.00261e-20)
(-461.089 35.4718 5.17361e-15)
(-451.035 31.8506 -1.89191e-20)
(-438.138 28.362 6.10006e-21)
(-430.445 25.4724 4.82282e-15)
(-419.269 22.5948 -2.88889e-34)
(-412.181 20.1569 -4.71065e-15)
(-403.891 17.8093 -4.62414e-15)
(-396.175 15.6568 -2.03758e-20)
(-391.143 13.7363 -4.31259e-15)
(-383.142 11.8337 -2.75829e-32)
(-378.211 10.1528 2.06449e-15)
(-373.061 8.5529 -4.0485e-15)
(-368.188 7.04337 -1.4076e-20)
(-361.884 5.60585 -1.90751e-15)
(-357.117 4.26405 -9.25043e-16)
(-354.13 3.02342 -1.34348e-20)
(-349.424 1.812 4.29121e-16)
(-345.626 0.689064 2.05207e-16)
(-340.757 -0.39189 -2.46604e-20)
(-338.689 -1.40444 1.16611e-20)
(-335.399 -2.38287 7.40976e-16)
(-331.976 -3.29401 -1.42014e-15)
(-329.661 -4.18846 -1.04242e-20)
(-327.949 -5.03212 2.58682e-15)
(-325.505 -5.8436 -2.48061e-15)
(-309.001 -6.23663 3.30346e-32)
(-307.264 -6.82132 -3.23378e-15)
(-304.902 -7.33041 -3.20599e-15)
(-302.095 -7.81005 -3.20447e-15)
(-299.604 -8.25734 6.35669e-15)
(-297.161 -8.67407 -3.16767e-15)
(-294.845 -9.07665 -3.14574e-15)
(-292.597 -9.43956 3.12791e-15)
(-290.423 -9.80141 6.17135e-37)
(-288.336 -10.1208 3.08937e-15)
(-287.092 -10.474 5.82829e-21)
(-285.307 -10.7687 6.06966e-15)
(-283.57 -11.0682 6.01602e-15)
(-281.803 -11.3324 -3.00927e-35)
(-280.223 -11.6056 1.23287e-31)
(-278.501 -11.846 -5.63048e-21)
(-277.023 -12.0976 1.16446e-14)
(-275.296 -12.3126 5.63732e-21)
(-273.437 -12.5255 -1.15008e-14)
(-271.789 -12.686 -5.74865e-15)
(-270.768 -12.8605 -3.00927e-35)
(-268.902 -12.982 -2.69768e-21)
(-267.953 -13.1484 -5.56312e-15)
(-265.432 -13.2281 -5.57834e-15)
(-263.43 -13.3348 -5.59778e-15)
(-263.773 -13.5483 5.43599e-15)
(-262.266 -13.6768 5.46422e-15)
(-259.929 -13.7595 2.57101e-21)
(-258.285 -13.8725 -1.36932e-31)
(-256.894 -14.0047 -1.29531e-21)
(-256.691 -14.2026 -5.21599e-15)
(-254.247 -14.2806 2.51239e-21)
(-252.993 -14.427 5.23612e-15)
(-251.311 -14.5555 -2.46877e-21)
(-249.41 -14.6742 1.21682e-21)
(-246.918 -14.7634 6.08993e-22)
(-244.475 -14.8594 -1.02239e-14)
(-240.113 -14.8446 1.01005e-14)
(-244.482 -15.303 4.52403e-22)
(-25.625 -2.07219 -1.93819e-14)
)
;
    }
    frontAndBack
    {
        type            empty;
    }
}


// ************************************************************************* //
