/*--------------------------------*- C++ -*----------------------------------*\
| =========                 |                                                 |
| \\      /  F ield         | OpenFOAM: The Open Source CFD Toolbox           |
|  \\    /   O peration     | Version:  5.x                                   |
|   \\  /    A nd           | Web:      www.OpenFOAM.org                      |
|    \\/     M anipulation  |                                                 |
\*---------------------------------------------------------------------------*/
FoamFile
{
    version     2.0;
    format      ascii;
    class       volScalarField;
    location    "1000";
    object      p;
}
// * * * * * * * * * * * * * * * * * * * * * * * * * * * * * * * * * * * * * //

dimensions      [0 2 -2 0 0 0 0];

internalField   nonuniform List<scalar> 
11040
(
-0.000163077
-53.7865
-181.631
-216.397
-228.117
-235.299
-236.155
-230.657
-220.657
-206.755
-188.707
-161.045
-134.436
-115.437
-102.081
-87.8493
-73.4151
-59.7857
-46.8831
-34.4366
-22.407
-12.0356
-3.38498
4.68747
12.2186
19.2144
25.6649
31.5552
36.8529
41.5041
45.4411
48.6174
51.0527
52.8268
54.0893
54.9349
55.1818
54.8698
54.9345
57.0776
56.9541
19.1702
-32.8879
-115.261
-157.442
-179.684
-196.022
-205.664
-207.892
-204.102
-195.236
-181.432
-158.461
-134.295
-115.627
-101.982
-87.9138
-73.6407
-60.0792
-47.2157
-34.7996
-22.7878
-12.438
-3.76734
4.32465
11.8768
18.897
25.3767
31.3017
36.6373
41.3273
45.3061
48.5269
51.0013
52.7983
54.0766
54.9496
55.2262
54.8916
54.7305
56.3254
55.8967
31.9312
-18.6044
-77.956
-127.331
-156.856
-176.439
-188.637
-193.304
-191.692
-184.884
-173.445
-154.382
-132.557
-114.33
-100.637
-87.0943
-73.2215
-59.8659
-47.1445
-34.8424
-22.9122
-12.6014
-3.95061
4.12807
11.6735
18.6938
25.1808
31.1197
36.4746
41.1897
45.2007
48.4583
50.9663
52.7897
54.0836
54.9776
55.2827
54.9661
54.7197
55.8785
55.2531
40.777
-4.41933
-48.9035
-94.004
-125.448
-147.801
-163.724
-172.599
-174.834
-171.443
-163.261
-148.303
-129.4
-112.203
-98.6872
-85.7333
-72.3802
-59.3369
-46.8378
-34.7139
-22.9151
-12.6885
-4.08648
3.96042
11.4852
18.4948
24.9811
30.9279
36.299
41.0392
45.084
48.3819
50.9308
52.7895
54.1018
55.0052
55.3295
55.0332
54.7443
55.6164
55.1026
47.6701
8.91613
-25.6435
-64.2586
-95.8798
-120.089
-138.48
-150.554
-156.204
-156.147
-151.253
-140.362
-124.86
-109.239
-96.1249
-83.7863
-71.0799
-58.4752
-46.288
-34.4183
-22.8182
-12.7273
-4.20698
3.78036
11.2613
18.2413
24.7121
30.6565
36.0381
40.8024
44.8858
48.2351
50.8418
52.7548
54.1016
55.017
55.3622
55.0993
54.7847
55.5191
55.3235
52.8727
20.5511
-7.01863
-39.0724
-68.3866
-92.6243
-112.249
-126.722
-135.457
-138.722
-137.219
-130.356
-118.563
-105.073
-92.754
-81.1429
-69.2183
-57.1938
-45.4203
-33.8875
-22.5603
-12.6585
-4.26335
3.62601
11.0301
17.9519
24.3832
30.3057
35.6833
40.4635
44.5842
47.9921
50.6715
52.6602
54.0636
55.0052
55.3865
55.1905
54.888
55.582
55.7237
56.7862
30.2827
7.90356
-18.3136
-43.9581
-66.706
-86.2633
-101.992
-113.031
-119.229
-120.987
-117.984
-110.066
-99.2889
-88.3182
-77.6596
-66.669
-55.3867
-44.156
-33.0603
-22.0914
-12.4436
-4.22624
3.5204
10.8085
17.6366
23.9966
29.8699
35.2218
40.0024
44.1535
47.6222
50.3869
52.4734
53.962
54.9578
55.4055
55.3225
55.096
55.7911
56.2484
59.7282
38.1618
19.8295
-1.47702
-23.0908
-43.3435
-61.7171
-77.5335
-89.8669
-98.269
-102.824
-103.278
-99.1371
-91.48
-82.4416
-73.0796
-63.2293
-52.8893
-42.3701
-31.8398
-21.3381
-12.028
-4.05344
3.49579
10.6197
17.3101
23.558
29.3452
34.6392
39.395
43.5596
47.0835
49.9408
52.1456
53.7535
54.8484
55.4129
55.5019
55.426
56.1719
56.8947
61.9241
44.396
29.3057
12.0223
-5.79399
-23.1161
-39.5302
-54.4379
-67.0144
-76.6893
-83.308
-86.5804
-85.8257
-81.3964
-74.7568
-67.0926
-58.6421
-49.48
-39.8844
-30.0852
-20.1859
-11.3161
-3.66348
3.61838
10.517
17.0155
23.1011
28.7553
33.9486
38.6416
42.7891
46.348
49.2919
51.6259
53.3859
54.6353
55.3862
55.7236
55.8839
56.7615
57.6534
63.5339
49.2525
36.7907
22.7684
8.26206
-6.14828
-20.2368
-33.5689
-45.5016
-55.4991
-63.2878
-68.5464
-70.518
-69.079
-65.0504
-59.4278
-52.6515
-44.913
-36.4805
-27.6173
-18.4881
-10.1828
-2.94689
3.98188
10.5808
16.823
22.6888
28.1572
33.2004
37.7846
41.8729
45.4309
48.4363
50.891
52.8195
54.2715
55.2784
55.9457
56.435
57.5315
58.5222
64.6857
52.9987
42.6788
31.2872
19.5453
7.76398
-3.98159
-15.429
-26.1231
-35.654
-43.7422
-50.0807
-53.9391
-54.9365
-53.391
-49.9592
-45.0664
-38.9684
-31.932
-24.2288
-16.0678
-8.47765
-1.77206
4.70205
10.9126
16.8234
22.4047
27.6305
32.4729
36.9019
40.8871
44.4025
47.432
49.9789
52.0661
53.7373
55.0354
56.0773
56.9599
58.3319
59.4519
65.4861
55.8745
47.3062
38.0323
28.5464
19.008
9.40332
-0.134591
-9.3149
-17.8632
-25.5625
-32.1601
-37.0318
-39.7134
-40.204
-38.8282
-35.86
-31.5239
-26.06
-19.7204
-12.7302
-6.02286
0.0208481
5.92328
11.6423
17.133
22.3547
27.2742
31.8615
36.0885
39.929
43.3628
46.3788
48.983
51.1997
53.0703
54.642
56.031
57.2961
58.9292
60.2634
66.0266
58.0841
50.9537
43.3843
35.7175
28.0294
20.2651
12.477
4.83461
-2.49041
-9.36531
-15.6113
-20.7449
-24.3333
-26.2234
-26.5027
-25.2689
-22.6477
-18.8121
-13.9634
-8.3072
-2.64076
2.60622
7.81377
12.9291
17.9002
22.676
27.2152
31.4848
35.4563
39.106
42.4169
45.3807
48.0043
50.3111
52.3378
54.1276
55.7808
57.3428
59.1427
60.7247
66.3838
59.7937
53.8494
47.6548
41.4474
35.258
29.0186
22.7381
16.5087
10.4295
4.56838
-0.967005
-5.82937
-9.6731
-12.3086
-13.6973
-13.8091
-12.6636
-10.3449
-6.98073
-2.72732
1.79085
6.13058
10.5348
14.9421
19.2948
23.5341
27.6122
31.4925
35.1453
38.5472
41.6821
44.5428
47.1342
49.4763
51.5969
53.5289
55.3459
57.0875
58.9399
60.6643
66.6165
61.1322
56.1715
51.0895
46.0522
41.0664
36.0641
31.0341
26.0232
21.084
16.2477
11.5661
7.27393
3.62193
0.776077
-1.1825
-2.1641
-2.11651
-1.04641
0.993445
3.90977
7.26514
10.6462
14.1816
17.8072
21.464
25.0892
28.6308
32.0493
35.3144
38.4022
41.2959
43.9865
46.4756
48.777
50.9081
52.8891
54.7667
56.5702
58.3889
60.1092
66.7781
62.206
58.0636
53.8842
49.7857
45.7621
41.7518
37.7355
33.7352
29.7768
25.8707
22.0364
18.4253
15.2088
12.5098
10.4066
8.99762
8.36323
8.54273
9.53883
11.3155
13.6065
16.0626
18.7327
21.5575
24.4823
27.4466
30.3986
33.2981
36.1139
38.8215
41.4033
43.8481
46.1531
48.3247
50.3702
52.2981
54.1345
55.8968
57.6224
59.2534
66.9273
63.113
59.6538
56.2098
52.8669
49.6122
46.3916
43.1846
40.0004
36.8502
33.7343
30.6571
27.7127
25.0142
22.6452
20.6652
19.1566
18.1972
17.8417
18.1212
19.0376
20.4562
22.1079
23.9957
26.0713
28.2885
30.5949
32.9437
35.2978
37.6269
39.907
42.1192
44.2503
46.2933
48.249
50.1169
51.8968
53.6016
55.2388
56.8209
58.3191
67.0593
63.8454
60.9257
58.0506
55.2871
52.6167
49.9929
47.3968
44.8316
42.302
39.8042
37.3381
34.9624
32.7501
30.7564
29.0225
27.6099
26.5811
25.9872
25.8664
26.2374
27.047
28.099
29.3768
30.8447
32.467
34.2014
36.0095
37.8593
39.7241
41.5817
43.414
45.2067
46.9504
48.6417
50.2756
51.8469
53.3611
54.8201
56.2251
57.5633
67.1662
64.4166
61.9144
59.474
57.149
54.918
52.7405
50.5998
48.496
46.4303
44.3977
42.396
40.4646
38.6521
36.9947
35.5208
34.2743
33.3021
32.6454
32.339
32.4055
32.8345
33.4842
34.3333
35.3572
36.5289
37.8162
39.1887
40.6205
42.0893
43.5758
45.0635
46.5391
47.9923
49.4176
50.8079
52.156
53.463
54.7277
55.9464
57.1139
67.2639
64.8814
62.7101
60.6097
58.6242
56.7306
54.8936
53.0987
51.3443
49.6301
47.951
46.3041
44.7171
43.2235
41.8471
40.6079
39.5368
38.668
38.033
37.6601
37.57
37.7722
38.1628
38.722
39.4334
40.2772
41.2287
42.2649
43.3655
44.5122
45.6892
46.8823
48.0795
49.2712
50.4512
51.6118
52.7457
53.8517
54.9271
55.9666
56.9679
67.3572
65.2718
63.3689
61.5413
59.8255
58.1982
56.6284
55.1035
53.6212
52.18
50.7754
49.4045
48.087
46.847
45.7007
44.6617
43.7523
42.9974
42.42
42.0423
41.881
41.9534
42.1811
42.5479
43.0434
43.6526
44.3569
45.139
45.983
46.8748
47.8012
48.7508
49.7131
50.6798
51.6448
52.6009
53.5412
54.464
55.3656
56.241
57.0884
67.4484
65.608
63.9268
62.3224
60.8253
59.4127
58.0571
56.7476
55.4813
54.2564
53.0688
51.9157
50.8118
49.7745
48.8153
47.9434
47.1751
46.5283
46.0201
45.6669
45.4817
45.4831
45.6104
45.8511
46.1988
46.6419
47.1663
47.7588
48.4074
49.1009
49.8289
50.5819
51.3516
52.1307
52.9139
53.6948
54.4675
55.2298
55.9784
56.7087
57.4187
67.538
65.9024
64.407
62.988
61.6714
60.4349
59.2541
58.1194
57.0278
55.9773
54.9641
53.9858
53.0532
52.1793
51.3725
50.6389
49.9904
49.4402
49.0007
48.684
48.4996
48.4651
48.5316
48.6904
48.9373
49.2632
49.6573
50.1094
50.6104
51.1514
51.7242
52.3214
52.9361
53.5622
54.1954
54.8301
55.4615
56.0877
56.7052
57.3104
57.9012
67.6256
66.1634
64.8255
63.5627
62.3969
61.3068
60.2708
59.2802
58.332
57.4241
56.553
55.7167
54.9232
54.1823
53.5001
52.8807
52.3329
51.8663
51.49
51.2128
51.0414
50.9911
51.0218
51.1274
51.3055
51.5486
51.8483
52.1965
52.5863
53.0108
53.4634
53.9382
54.4297
54.933
55.4444
55.9594
56.4741
56.9867
57.4943
57.994
58.4833
67.7111
66.3969
65.1938
64.0637
63.0255
62.0586
61.1439
60.2736
59.4446
58.6548
57.9011
57.1814
56.5021
55.8704
55.2906
54.7659
54.3023
53.907
53.5866
53.3474
53.1942
53.1394
53.1497
53.2208
53.3516
53.5359
53.7668
54.038
54.3441
54.6796
55.0393
55.4185
55.8128
56.2183
56.6319
57.0501
57.4695
57.8889
58.3056
58.7174
59.1216
67.7938
66.6071
65.5202
64.504
63.5746
62.7125
61.9005
61.1315
60.4028
59.7119
59.0559
58.4333
57.8486
57.3072
56.8124
56.3663
55.9731
55.6382
55.3662
55.1617
55.0279
54.9748
54.9739
55.0228
55.1209
55.263
55.4434
55.6571
55.8998
56.1672
56.4551
56.7597
57.0775
57.4055
57.7411
58.0814
58.4238
58.7673
59.1095
59.449
59.7827
67.8735
66.7972
65.8113
64.8934
64.0575
63.2851
62.5608
61.8782
61.2344
60.627
60.0535
59.5122
59.0065
58.5406
58.1166
57.736
57.4019
57.1179
56.8874
56.7137
56.5986
56.5502
56.5438
56.5783
56.6535
56.765
56.9079
57.0784
57.2729
57.4878
57.72
57.9664
58.2241
58.4906
58.7641
59.042
59.3224
59.6043
59.886
60.1661
60.4418
67.9498
66.9696
66.0718
65.2394
64.4844
63.7895
63.1406
62.532
61.9608
61.4246
60.921
60.4484
60.0094
59.6069
59.2424
58.9168
58.6322
58.3912
58.196
58.049
57.9512
57.9087
57.9001
57.9253
57.9843
58.0733
58.1882
58.3258
58.4832
58.6576
58.8464
59.047
59.2572
59.4751
59.699
59.9269
60.1573
60.3895
60.622
60.8538
61.082
68.0225
67.1264
66.3058
65.548
64.8634
64.2356
63.6521
63.1073
62.5986
62.1234
61.6796
61.2656
60.8831
60.5343
60.2201
59.9408
59.698
59.4933
59.3281
59.2041
59.1216
59.0854
59.0766
59.0958
59.1432
59.2154
59.309
59.4213
59.5499
59.6927
59.8473
60.0119
60.1845
60.3636
60.5478
60.7357
60.9259
61.1178
61.3103
61.5027
61.6921
68.0915
67.2691
66.5163
65.824
65.2008
64.6317
64.1049
63.6156
63.1609
62.7385
62.3462
61.9823
61.6481
61.345
61.0734
60.8335
60.626
60.452
60.3124
60.2081
60.139
60.1088
60.1009
60.1161
60.155
60.2146
60.2918
60.3845
60.4906
60.6084
60.7361
60.872
61.0146
61.1626
61.3151
61.4706
61.6283
61.7877
61.9476
62.1078
62.2654
68.1566
67.3991
66.7061
66.0713
65.502
64.9842
64.507
64.0661
63.6585
63.2818
62.934
62.6134
62.3207
62.0567
61.8216
61.6151
61.4376
61.2897
61.1718
61.0843
61.0269
61.0022
60.9956
61.0084
61.041
61.0909
61.1553
61.2325
61.3209
61.4189
61.525
61.638
61.7565
61.8796
62.0063
62.1357
62.267
62.3999
62.5333
62.6671
62.7987
68.2178
67.5174
66.8772
66.2931
65.7712
65.2984
64.8648
64.4662
64.0997
63.763
63.4539
63.1708
62.9139
62.6837
62.4799
62.302
62.1501
62.0244
61.925
61.8518
61.8045
61.7848
61.7798
61.791
61.8188
61.8611
61.9155
61.9804
62.0546
62.1367
62.2255
62.3199
62.419
62.5218
62.6277
62.7359
62.8457
62.9568
63.0685
63.1806
63.2908
68.275
67.6249
67.0315
66.492
66.0119
65.5787
65.1835
64.8221
64.4917
64.19
63.9147
63.6643
63.4385
63.2375
63.0606
62.9074
62.7774
62.6707
62.587
62.5262
62.4874
62.4721
62.4687
62.4789
62.5032
62.5395
62.5858
62.6409
62.7036
62.7728
62.8476
62.927
63.0102
63.0965
63.1854
63.2761
63.3682
63.4615
63.5553
63.6496
63.742
68.3283
67.7225
67.1703
66.6704
66.227
65.8288
65.4674
65.1388
64.8403
64.5693
64.3238
64.1019
63.9033
63.7276
63.5741
63.4421
63.3311
63.2407
63.1705
63.1201
63.0887
63.0772
63.0755
63.0851
63.1066
63.1381
63.178
63.225
63.2784
63.3371
63.4004
63.4675
63.5377
63.6105
63.6854
63.7618
63.8393
63.9179
63.9968
64.0763
64.1541
68.3777
67.8108
67.295
66.8299
66.419
66.0517
65.7201
65.4206
65.1502
64.9064
64.687
64.4903
64.3154
64.1619
64.0288
63.9153
63.8205
63.7442
63.6855
63.6442
63.6191
63.6109
63.6107
63.6199
63.6392
63.6669
63.7015
63.742
63.7877
63.8378
63.8916
63.9485
64.008
64.0696
64.1329
64.1974
64.2629
64.3292
64.3958
64.463
64.5285
68.4232
67.8905
67.4067
66.9722
66.59
66.2499
65.9448
65.671
65.4255
65.2057
65.0095
64.8349
64.681
64.5469
64.4317
64.3342
64.2537
64.1895
64.1408
64.1072
64.0876
64.0824
64.0835
64.0927
64.1102
64.1348
64.1651
64.2002
64.2396
64.2826
64.3286
64.3771
64.4277
64.48
64.5336
64.5883
64.6437
64.6998
64.7561
64.8129
64.8682
68.4649
67.9619
67.5062
67.0987
66.7416
66.4256
66.1439
65.8928
65.6695
65.4711
65.2954
65.1405
65.0051
64.8882
64.7886
64.7052
64.637
64.5834
64.5434
64.5164
64.5015
64.4988
64.5012
64.5103
64.5265
64.5485
64.5751
64.6058
64.6399
64.677
64.7164
64.758
64.8011
64.8456
64.8912
64.9376
64.9846
65.0321
65.0798
65.1278
65.1745
68.5028
68.0255
67.5943
67.2103
66.8752
66.5805
66.3195
66.0887
65.885
65.7057
65.5483
65.4108
65.2918
65.1901
65.1044
65.0334
64.9761
64.9317
64.8994
64.8783
64.8676
64.8671
64.8708
64.88
64.8952
64.9152
64.9389
64.9659
64.9957
65.0279
65.0619
65.0976
65.1345
65.1725
65.2113
65.2508
65.2907
65.3309
65.3713
65.412
65.4515
68.5369
68.0816
67.6715
67.308
66.9922
66.716
66.4734
66.2605
66.0744
65.9121
65.7711
65.6492
65.5448
65.4566
65.3832
65.3231
65.2755
65.2392
65.2134
65.1974
65.1902
65.1917
65.1964
65.2057
65.22
65.2382
65.2595
65.2834
65.3095
65.3375
65.367
65.3977
65.4294
65.4619
65.4951
65.5287
65.5626
65.5968
65.631
65.6655
65.6988
68.5673
68.1305
67.7384
67.3925
67.0933
66.8334
66.6069
66.41
66.2395
66.0924
65.9661
65.8582
65.767
65.6909
65.6284
65.5783
65.5392
65.5102
65.4905
65.4792
65.4753
65.4788
65.4848
65.4946
65.5084
65.5254
65.5448
65.5663
65.5895
65.6141
65.6398
65.6664
65.6938
65.7217
65.75
65.7787
65.8075
65.8365
65.8655
65.8948
65.9228
68.594
68.1725
67.7955
67.4644
67.1794
66.9336
66.7212
66.5385
66.3819
66.2485
66.1353
66.04
65.9607
65.8955
65.8429
65.8015
65.77
65.7474
65.7328
65.7254
65.7243
65.7292
65.736
65.746
65.7593
65.7751
65.7928
65.8121
65.8327
65.8544
65.8769
65.9001
65.9238
65.9478
65.9722
65.9967
66.0213
66.046
66.0707
66.0954
66.1191
68.6171
68.2076
67.8429
67.5241
67.2511
67.0174
66.8173
66.647
66.5029
66.3817
66.2805
66.1966
66.1279
66.0727
66.0292
65.9959
65.9716
65.9552
65.9458
65.9425
65.9445
65.9515
65.9599
65.9708
65.9842
65.9996
66.0163
66.0342
66.053
66.0724
66.0924
66.1128
66.1334
66.1543
66.1752
66.1962
66.2171
66.2381
66.2589
66.2797
66.2997
68.6365
68.2358
67.8805
67.5715
67.3084
67.0849
66.8956
66.7363
66.6034
66.4932
66.4027
66.3292
66.2703
66.224
66.1887
66.1625
66.1443
66.133
66.1275
66.1272
66.1312
66.1393
66.1485
66.1595
66.1726
66.1872
66.2028
66.2191
66.2361
66.2536
66.2714
66.2894
66.3075
66.3257
66.344
66.3621
66.3802
66.3981
66.4159
66.4336
66.4505
68.6522
68.2574
67.9088
67.6071
67.3516
67.1365
66.9562
66.8066
66.6835
66.5833
66.5027
66.4387
66.389
66.3513
66.3239
66.3052
66.2937
66.2885
66.2883
66.2925
66.3001
66.3108
66.3221
66.3347
66.3488
66.3638
66.3793
66.3952
66.4114
66.4276
66.4439
66.4601
66.4763
66.4922
66.508
66.5236
66.539
66.5541
66.5691
66.5839
66.5979
68.6646
68.2732
67.9291
67.6326
67.3827
67.1739
67.0009
66.8592
66.7445
66.6531
66.5813
66.526
66.4845
66.4544
66.4337
66.4207
66.4138
66.4122
66.4148
66.421
66.43
66.4415
66.4534
66.4664
66.4803
66.4948
66.5096
66.5246
66.5396
66.5545
66.5694
66.5841
66.5986
66.6129
66.627
66.6408
66.6543
66.6676
66.6806
66.6934
66.7055
68.6735
68.2822
67.94
67.6467
67.4009
67.1971
67.0301
66.8951
66.7877
66.7037
66.6397
66.5922
66.5588
66.5369
66.5245
66.5198
66.5211
66.5271
66.5365
66.5486
66.5624
66.5777
66.5929
66.6084
66.6243
66.6402
66.6559
66.6713
66.6864
66.7011
66.7153
66.7291
66.7425
66.7554
66.7678
66.7798
66.7914
66.8026
66.8134
66.8239
66.8339
68.6774
68.2803
67.9353
67.6415
67.3972
67.197
67.0354
66.9069
66.8069
66.7307
66.6744
66.6343
66.6073
66.5908
66.5827
66.5812
66.5848
66.5926
66.6037
66.6173
66.6324
66.6484
66.6642
66.6802
66.6963
66.7121
66.7276
66.7426
66.7572
66.7712
66.7847
66.7977
66.8102
66.8221
66.8335
66.8444
66.8549
66.8649
66.8745
66.8837
66.8927
68.6762
68.2691
67.9173
67.6196
67.3738
67.1746
67.0162
66.8929
66.7995
66.7311
66.6838
66.6538
66.6382
66.6341
66.6392
66.6512
66.668
66.6879
66.7094
66.7316
66.7535
66.7749
66.7956
66.8155
66.8347
66.853
66.8703
66.8867
66.9021
66.9167
66.9303
66.9432
66.9552
66.9665
66.9771
66.9871
66.9964
67.0052
67.0135
67.0212
67.0288
62.3368
66.41
69.7664
71.7165
72.901
73.694
74.1488
74.3562
74.4017
74.3375
74.2004
74.0176
73.8085
73.5862
73.3593
73.1341
72.9146
72.703
72.5011
72.3095
72.1287
71.9585
71.7989
71.6494
71.5096
71.379
71.2572
71.1435
71.0374
70.9384
70.8459
70.7593
70.6782
70.6021
70.5305
70.4632
70.3998
70.3401
70.2838
70.2308
70.1809
70.1338
70.0896
70.0479
70.0085
69.9714
69.9364
69.9032
69.8718
69.842
69.8137
69.7867
69.761
69.7364
69.7129
69.6903
69.6686
69.6476
69.6274
69.6078
69.5888
69.5704
69.5524
69.5349
69.5179
69.5014
69.4853
69.47
69.455
69.442
69.4275
69.4198
69.4021
69.4105
61.727
66.1253
69.625
71.7157
72.9643
73.7662
74.2119
74.4063
74.4382
74.3617
74.214
74.0226
73.8065
73.5787
73.3476
73.1191
72.8972
72.6841
72.481
72.2887
72.1075
71.9372
71.7777
71.6284
71.489
71.3589
71.2376
71.1245
71.0191
70.9207
70.8288
70.7429
70.6625
70.587
70.516
70.4493
70.3865
70.3273
70.2715
70.219
70.1696
70.123
70.0792
70.0379
69.999
69.9623
69.9276
69.8948
69.8637
69.8342
69.8062
69.7796
69.7541
69.7298
69.7065
69.6842
69.6627
69.642
69.622
69.6026
69.5838
69.5656
69.5478
69.5305
69.5136
69.4972
69.4813
69.4662
69.4513
69.4384
69.4241
69.4165
69.399
69.4074
61.2686
65.4347
69.2874
71.6363
72.9961
73.8329
74.2817
74.465
74.4816
74.3903
74.23
74.0281
73.8037
73.5694
73.3333
73.1012
72.8766
72.6616
72.4572
72.2642
72.0827
71.9124
71.753
71.6042
71.4653
71.3358
71.2152
71.1029
70.9982
70.9006
70.8095
70.7244
70.6447
70.57
70.4998
70.4337
70.3716
70.313
70.2579
70.2059
70.157
70.111
70.0677
70.0269
69.9885
69.9522
69.918
69.8856
69.8549
69.8258
69.7981
69.7718
69.7467
69.7227
69.6997
69.6776
69.6564
69.636
69.6162
69.597
69.5785
69.5604
69.5428
69.5257
69.509
69.4928
69.4771
69.4621
69.4474
69.4346
69.4205
69.413
69.3957
69.4041
61.0148
64.8321
68.8592
71.4548
72.969
73.8673
74.3364
74.5213
74.5278
74.4221
74.2475
74.0335
73.7994
73.5576
73.3159
73.0795
72.8519
72.6348
72.4291
72.2354
72.0536
71.8834
71.7244
71.576
71.4378
71.3092
71.1894
71.078
70.9743
70.8777
70.7876
70.7034
70.6246
70.5508
70.4815
70.4163
70.3549
70.2971
70.2426
70.1914
70.1432
70.0978
70.0551
70.0148
69.9769
69.9412
69.9074
69.8755
69.8453
69.8166
69.7893
69.7634
69.7386
69.715
69.6923
69.6706
69.6496
69.6295
69.61
69.5911
69.5727
69.5549
69.5375
69.5206
69.5041
69.4882
69.4726
69.4578
69.4432
69.4306
69.4166
69.4093
69.3921
69.4006
61.0659
64.588
68.4999
71.1983
72.8668
73.8525
74.3567
74.5528
74.5595
74.4472
74.2621
74.0365
73.7921
73.542
73.2939
73.0528
72.8219
72.6026
72.3956
72.2012
72.0192
71.8492
71.6907
71.5432
71.4059
71.2782
71.1596
71.0493
70.9468
70.8514
70.7625
70.6795
70.6018
70.5291
70.4608
70.3965
70.3361
70.2792
70.2256
70.1751
70.1277
70.083
70.041
70.0014
69.9642
69.929
69.8958
69.8644
69.8347
69.8065
69.7797
69.7542
69.7298
69.7066
69.6843
69.6629
69.6423
69.6224
69.6032
69.5846
69.5665
69.549
69.5319
69.5152
69.4989
69.4832
69.4678
69.4532
69.4388
69.4264
69.4125
69.4053
69.3884
69.3969
61.2769
64.6307
68.3139
70.9756
72.715
73.7768
74.3313
74.5486
74.5592
74.4459
74.2581
74.0275
73.7764
73.5192
73.2649
73.0191
72.7849
72.5634
72.3551
72.1602
71.9783
71.8087
71.651
71.5045
71.3685
71.2421
71.1249
71.0161
70.915
70.8211
70.7336
70.652
70.5757
70.5043
70.4372
70.3742
70.3148
70.259
70.2064
70.1569
70.1103
70.0665
70.0253
69.9865
69.95
69.9156
69.883
69.8523
69.8231
69.7955
69.7692
69.7441
69.7203
69.6974
69.6756
69.6546
69.6343
69.6148
69.596
69.5777
69.5599
69.5426
69.5258
69.5094
69.4934
69.4778
69.4627
69.4483
69.4341
69.4218
69.4082
69.4011
69.3844
69.393
61.5577
64.8337
68.2939
70.8689
72.5825
73.6607
74.2538
74.5019
74.524
74.4105
74.2199
73.9882
73.7372
73.4794
73.2229
72.9744
72.7378
72.5146
72.3055
72.1105
71.929
71.7604
71.6039
71.4588
71.3243
71.1997
71.0843
70.9774
70.8781
70.786
70.7003
70.6204
70.5457
70.4759
70.4103
70.3487
70.2907
70.2361
70.1847
70.1363
70.0908
70.048
70.0078
69.9699
69.9342
69.9006
69.8688
69.8387
69.8103
69.7833
69.7576
69.7331
69.7098
69.6874
69.666
69.6455
69.6257
69.6066
69.5881
69.5702
69.5527
69.5358
69.5192
69.5031
69.4874
69.4721
69.4572
69.443
69.4291
69.417
69.4036
69.3966
69.3802
69.3888
61.9316
65.0908
68.3414
70.8408
72.5045
73.5512
74.144
74.4103
74.4491
74.3427
74.1506
73.9145
73.6617
73.4059
73.1533
72.9083
72.6739
72.4518
72.2433
72.0492
71.869
71.7019
71.5473
71.4043
71.272
71.1497
71.0365
70.9319
70.8349
70.745
70.6615
70.5838
70.5111
70.4432
70.3794
70.3195
70.2631
70.21
70.16
70.1129
70.0687
70.0271
69.988
69.9512
69.9165
69.8838
69.8529
69.8237
69.7961
69.7698
69.7448
69.721
69.6982
69.6765
69.6556
69.6356
69.6163
69.5976
69.5796
69.562
69.545
69.5284
69.5122
69.4964
69.481
69.466
69.4513
69.4374
69.4237
69.4119
69.3987
69.3919
69.3758
69.3844
62.4785
65.3773
68.3356
70.7824
72.431
73.4533
74.0282
74.291
74.336
74.2382
74.0512
73.8146
73.558
73.2987
73.0463
72.8059
72.5787
72.3638
72.1611
71.9713
71.7945
71.6303
71.4786
71.3386
71.2094
71.09
70.9799
70.8782
70.7842
70.6971
70.6163
70.5411
70.4709
70.4053
70.3437
70.2858
70.2313
70.1801
70.1318
70.0863
70.0436
70.0034
69.9656
69.9301
69.8966
69.865
69.8352
69.807
69.7802
69.7548
69.7306
69.7075
69.6855
69.6644
69.6442
69.6247
69.606
69.5878
69.5703
69.5532
69.5366
69.5204
69.5046
69.4891
69.4741
69.4594
69.4451
69.4314
69.418
69.4064
69.3935
69.3868
69.371
69.3798
63.185
65.6769
68.242
70.6044
72.2529
73.2801
73.8746
74.1506
74.2001
74.1033
73.919
73.6859
73.431
73.1703
72.9147
72.6725
72.4473
72.2386
72.045
71.8651
71.697
71.5398
71.3937
71.2585
71.1336
71.0184
70.9123
70.8145
70.7241
70.6406
70.5631
70.4912
70.424
70.3612
70.3023
70.2469
70.1948
70.1456
70.0994
70.0558
70.0149
69.9764
69.9402
69.9062
69.8741
69.8438
69.8152
69.7882
69.7625
69.7381
69.7148
69.6926
69.6714
69.6511
69.6316
69.6128
69.5947
69.5771
69.5601
69.5436
69.5275
69.5117
69.4964
69.4813
69.4666
69.4523
69.4383
69.425
69.4118
69.4005
69.3879
69.3814
69.366
69.3748
63.8168
65.8786
68.0032
70.2221
71.8796
72.9321
73.5717
73.9064
74.0047
73.9363
73.7646
73.5358
73.2814
73.0204
72.7644
72.5215
72.2951
72.0861
71.8955
71.7225
71.5644
71.4185
71.2832
71.1573
71.04
70.9312
70.8307
70.738
70.6525
70.5735
70.5003
70.4324
70.369
70.3097
70.254
70.2016
70.1523
70.1058
70.062
70.0208
69.982
69.9455
69.9112
69.879
69.8485
69.8198
69.7927
69.7669
69.7425
69.7193
69.6971
69.676
69.6557
69.6363
69.6176
69.5996
69.5822
69.5654
69.549
69.533
69.5175
69.5023
69.4874
69.4729
69.4586
69.4447
69.4311
69.4181
69.4053
69.3942
69.3819
69.3757
69.3607
69.3696
64.0349
65.7767
67.5141
69.5047
71.1473
72.2644
72.9893
73.4241
73.6214
73.6378
73.5313
73.3465
73.1154
72.863
72.6076
72.3616
72.1315
71.9199
71.7283
71.5563
71.4019
71.2631
71.138
71.024
70.9188
70.8209
70.7298
70.645
70.5662
70.4932
70.4256
70.3627
70.304
70.2491
70.1974
70.1487
70.1028
70.0595
70.0187
69.9802
69.944
69.91
69.8779
69.8478
69.8194
69.7925
69.767
69.7429
69.72
69.6981
69.6773
69.6573
69.6382
69.6198
69.6021
69.585
69.5685
69.5524
69.5368
69.5215
69.5066
69.492
69.4777
69.4637
69.4499
69.4364
69.4233
69.4107
69.3982
69.3875
69.3756
69.3696
69.355
69.364
63.7434
65.2734
66.74
68.4439
69.9717
71.1168
71.9411
72.5172
72.8727
73.0391
73.0616
72.9827
72.835
72.644
72.4288
72.2032
71.9789
71.7645
71.5659
71.3868
71.2277
71.0878
70.9657
70.8588
70.7637
70.6781
70.5999
70.5273
70.4593
70.3954
70.3355
70.2794
70.2268
70.1773
70.1307
70.0866
70.0449
70.0054
69.9682
69.933
69.9
69.8689
69.8396
69.8119
69.7859
69.7612
69.7378
69.7156
69.6944
69.6742
69.6549
69.6363
69.6185
69.6014
69.5848
69.5688
69.5532
69.538
69.5233
69.5088
69.4946
69.4807
69.4671
69.4537
69.4404
69.4275
69.4148
69.4027
69.3907
69.3803
69.3688
69.3631
69.3489
69.3581
63.0273
64.3912
65.6844
67.1291
68.4894
69.6054
70.487
71.1726
71.6756
72.0102
72.2031
72.2838
72.277
72.2044
72.0854
71.9361
71.7691
71.5939
71.417
71.2441
71.0805
70.9308
70.7983
70.6841
70.5872
70.5056
70.4365
70.3763
70.322
70.2717
70.2239
70.178
70.1339
70.0916
70.0513
70.013
69.9765
69.9419
69.9091
69.8781
69.8488
69.8211
69.7951
69.7705
69.7473
69.7253
69.7043
69.6843
69.6653
69.647
69.6295
69.6126
69.5963
69.5806
69.5654
69.5506
69.5362
69.5221
69.5083
69.4948
69.4815
69.4684
69.4555
69.4427
69.4302
69.4178
69.4057
69.3941
69.3825
69.3726
69.3615
69.3561
69.3425
69.3519
62.0138
63.237
64.4108
65.665
66.8689
67.923
68.8178
69.566
70.1709
70.6369
70.9781
71.2132
71.3599
71.4341
71.45
71.4202
71.3552
71.2645
71.1566
71.0382
70.9147
70.7899
70.6668
70.5493
70.4416
70.3472
70.2682
70.2044
70.1537
70.1132
70.079
70.0479
70.0177
69.9873
69.9566
69.9259
69.8959
69.8669
69.8394
69.8133
69.7887
69.7654
69.7434
69.7225
69.7027
69.6838
69.6657
69.6485
69.6319
69.6159
69.6005
69.5856
69.5712
69.5572
69.5435
69.5302
69.5171
69.5043
69.4916
69.4792
69.4669
69.4547
69.4427
69.4307
69.4189
69.4073
69.3958
69.3847
69.3738
69.3643
69.3537
69.3487
69.3356
69.3454
60.8471
61.9517
63.0254
64.1375
65.2123
66.194
67.0722
67.8469
68.5146
69.0736
69.5289
69.8897
70.1673
70.3729
70.5179
70.6125
70.6656
70.6847
70.6761
70.6449
70.5959
70.534
70.463
70.3866
70.3074
70.2272
70.1488
70.0753
70.0105
69.9573
69.9164
69.8865
69.8646
69.8475
69.8319
69.8155
69.7976
69.7782
69.7581
69.7381
69.7188
69.7004
69.683
69.6665
69.6508
69.6357
69.6212
69.6071
69.5935
69.5803
69.5674
69.5549
69.5426
69.5306
69.5188
69.5071
69.4956
69.4843
69.473
69.4618
69.4507
69.4396
69.4286
69.4176
69.4066
69.3958
69.385
69.3746
69.3643
69.3553
69.3453
69.3407
69.3283
69.3385
59.6729
60.6688
61.6455
62.6379
63.6027
64.5099
65.3516
66.1237
66.8201
67.4364
67.9718
68.4291
68.8131
69.1299
69.3866
69.5906
69.7495
69.8702
69.9589
70.0207
70.0598
70.0797
70.0832
70.0729
70.0516
70.0219
69.986
69.9457
69.9021
69.8564
69.8106
69.7681
69.7318
69.704
69.6848
69.6724
69.6644
69.6581
69.6514
69.6433
69.6338
69.6233
69.6123
69.6013
69.5905
69.5799
69.5695
69.5593
69.5492
69.5393
69.5294
69.5196
69.5099
69.5003
69.4907
69.481
69.4714
69.4618
69.4521
69.4424
69.4327
69.4229
69.413
69.4031
69.3931
69.3832
69.3732
69.3636
69.354
69.3456
69.3363
69.3322
69.3205
69.3312
58.7148
59.6027
60.48
61.3619
62.2254
63.0544
63.843
64.5863
65.2783
65.914
66.4904
67.0065
67.4631
67.8621
68.2068
68.5012
68.7501
68.9585
69.1313
69.2733
69.3891
69.4822
69.5558
69.6122
69.6533
69.6806
69.6955
69.6999
69.6957
69.6849
69.6693
69.6502
69.6284
69.605
69.5818
69.5614
69.546
69.5364
69.5321
69.5312
69.5314
69.5312
69.5295
69.5263
69.522
69.5169
69.5115
69.5057
69.4997
69.4935
69.4871
69.4805
69.4737
69.4667
69.4595
69.4522
69.4447
69.437
69.4292
69.4212
69.4129
69.4045
69.396
69.3873
69.3784
69.3695
69.3605
69.3518
69.3429
69.3353
69.3266
69.3231
69.3122
69.3235
58.0898
58.8681
59.6435
60.4198
61.1861
61.9337
62.6578
63.3538
64.0166
64.6414
65.2247
65.7639
66.2576
66.7053
67.1076
67.466
67.7826
68.0602
68.3019
68.511
68.6909
68.8447
68.9756
69.0862
69.179
69.2558
69.3183
69.3678
69.4055
69.4329
69.4513
69.4627
69.4684
69.4698
69.4678
69.4629
69.4555
69.447
69.4392
69.4341
69.4327
69.4347
69.4388
69.4432
69.4466
69.4485
69.4489
69.4482
69.4466
69.4444
69.4416
69.4384
69.4348
69.4307
69.4262
69.4213
69.4161
69.4105
69.4046
69.3984
69.3918
69.385
69.3778
69.3704
69.3628
69.355
69.347
69.3391
69.3311
69.3242
69.3163
69.3134
69.3033
69.3156
57.7918
58.4616
59.1342
59.8084
60.4794
61.1426
61.794
62.4297
63.0456
63.6376
64.2023
64.7365
65.238
65.7049
66.1362
66.5316
66.8915
67.2168
67.5091
67.77
68.0017
68.2064
68.3864
68.5441
68.6816
68.801
68.9043
68.9931
69.0689
69.1329
69.1862
69.2298
69.2646
69.2918
69.3128
69.3286
69.3401
69.3479
69.3524
69.3541
69.354
69.3539
69.3554
69.3596
69.3659
69.3732
69.3801
69.3857
69.3896
69.392
69.3933
69.3937
69.3934
69.3924
69.3907
69.3885
69.3857
69.3824
69.3785
69.3742
69.3694
69.3642
69.3585
69.3525
69.3462
69.3395
69.3326
69.3257
69.3186
69.3125
69.3054
69.3032
69.2938
69.3073
57.7795
58.3448
58.9168
59.4929
60.0712
60.6492
61.2237
61.7914
62.3491
62.8936
63.4218
63.9306
64.4175
64.8801
65.3168
65.7261
66.1072
66.4598
66.784
67.0805
67.35
67.5938
67.8133
68.0101
68.1857
68.3419
68.4803
68.6025
68.7103
68.8051
68.8882
68.9609
69.0241
69.0784
69.1245
69.163
69.1947
69.2205
69.2412
69.2577
69.2703
69.2794
69.2857
69.2903
69.2949
69.3008
69.3086
69.3176
69.3268
69.3348
69.3412
69.346
69.3494
69.3517
69.353
69.3536
69.3534
69.3524
69.3508
69.3485
69.3456
69.3421
69.3381
69.3335
69.3285
69.3231
69.3174
69.3115
69.3054
69.3001
69.2938
69.2924
69.2837
69.2987
57.9945
58.4634
58.9411
59.4254
59.9159
60.4108
60.9079
61.4045
61.8984
62.3868
62.8672
63.337
63.7937
64.235
64.6587
65.0631
65.4467
65.8084
66.1474
66.4635
66.7564
67.0266
67.2746
67.5011
67.7071
67.8936
68.0619
68.2133
68.349
68.4705
68.579
68.6759
68.7623
68.8394
68.9079
68.9684
69.0214
69.0671
69.106
69.1386
69.1657
69.1879
69.206
69.2204
69.2315
69.24
69.2473
69.2549
69.2637
69.2738
69.2841
69.2937
69.3018
69.3082
69.313
69.3166
69.3191
69.3206
69.3213
69.3212
69.3203
69.3187
69.3163
69.3134
69.3098
69.3057
69.3012
69.2964
69.2913
69.2869
69.2814
69.2809
69.2729
69.2898
58.3782
58.7614
59.154
59.5553
59.9652
60.3822
60.8049
61.2315
61.6601
62.0888
62.5155
62.9382
63.3546
63.7626
64.1603
64.5456
64.917
65.2729
65.612
65.9333
66.2362
66.5203
66.7854
67.0315
67.259
67.4684
67.6603
67.8356
67.9951
68.1399
68.2709
68.3893
68.4961
68.5925
68.6794
68.7577
68.8283
68.8916
68.9479
68.9975
69.0406
69.0775
69.1086
69.1348
69.1565
69.1744
69.1889
69.2004
69.21
69.219
69.2286
69.2391
69.2501
69.2606
69.2696
69.2769
69.2826
69.287
69.2901
69.2923
69.2935
69.2938
69.2933
69.292
69.29
69.2873
69.284
69.2804
69.2764
69.2729
69.2683
69.2687
69.2614
69.2807
58.8768
59.1862
59.5047
59.8331
60.1712
60.5178
60.8718
61.2323
61.5978
61.9671
62.3386
62.7106
63.0814
63.4492
63.8123
64.1689
64.5172
64.8558
65.1831
65.4979
65.7991
66.0857
66.3571
66.613
66.8529
67.077
67.2854
67.4783
67.6563
67.82
67.97
68.1071
68.2322
68.346
68.4495
68.5435
68.6289
68.7064
68.7767
68.8403
68.8975
68.9487
68.9937
69.0329
69.0665
69.095
69.1191
69.1392
69.1558
69.1695
69.1807
69.1908
69.2009
69.2117
69.2229
69.2336
69.2431
69.2509
69.257
69.2617
69.2652
69.2676
69.2689
69.2694
69.269
69.2678
69.2659
69.2635
69.2605
69.2581
69.2543
69.2558
69.249
69.2716
59.4457
59.693
59.9487
60.2148
60.4907
60.7754
61.0682
61.3686
61.6758
61.9889
62.3067
62.628
62.9517
63.2762
63.6001
63.9221
64.2404
64.5537
64.8605
65.1595
65.4493
65.729
65.9974
66.2539
66.4977
66.7285
66.9459
67.1499
67.3405
67.5179
67.6824
67.8346
67.9749
68.1038
68.2222
68.3305
68.4295
68.5199
68.6023
68.6775
68.7461
68.8084
68.865
68.916
68.9615
69.0015
69.0362
69.0659
69.0913
69.1127
69.1306
69.1455
69.1578
69.1687
69.1791
69.1898
69.2009
69.2116
69.2211
69.2289
69.2351
69.2398
69.2432
69.2455
69.2468
69.2471
69.2466
69.2456
69.2437
69.2424
69.2394
69.2421
69.2356
69.2625
60.0495
60.2457
60.4492
60.6633
60.8866
61.1181
61.3578
61.6054
61.8604
62.1222
62.3902
62.6635
62.9413
63.2224
63.5059
63.7905
64.0751
64.3582
64.6388
64.9154
65.1869
65.4521
65.7098
65.9592
66.1993
66.4293
66.6488
66.8573
67.0545
67.2402
67.4144
67.5774
67.7292
67.8702
68.0008
68.1214
68.2326
68.3348
68.4286
68.5146
68.5933
68.6653
68.7311
68.7912
68.8461
68.8958
68.9406
68.9804
69.0153
69.0454
69.0712
69.0931
69.1116
69.1271
69.14
69.1512
69.1616
69.1722
69.183
69.1933
69.2025
69.21
69.2159
69.2202
69.2233
69.2254
69.2264
69.2266
69.226
69.2257
69.2236
69.2276
69.221
69.2536
60.6617
60.8166
60.9776
61.1487
61.3283
61.5154
61.7099
61.9121
62.1217
62.3383
62.5616
62.7911
63.0261
63.266
63.51
63.7573
64.0069
64.2578
64.509
64.7593
65.0077
65.2531
65.4944
65.7305
65.9606
66.1837
66.399
66.606
66.804
66.9926
67.1716
67.3408
67.5001
67.6495
67.7893
67.9197
68.0408
68.1532
68.2571
68.3529
68.4411
68.5223
68.5967
68.6649
68.7275
68.7849
68.8374
68.8852
68.9286
68.9674
69.0017
69.0315
69.0572
69.079
69.0975
69.1131
69.1261
69.1372
69.1475
69.1577
69.168
69.1777
69.1863
69.1932
69.1985
69.2024
69.205
69.2066
69.2073
69.2082
69.2068
69.2122
69.2049
69.2454
61.2635
61.3854
61.5122
61.6485
61.7923
61.9426
62.0996
62.2635
62.4345
62.6121
62.7964
62.987
63.1835
63.3857
63.5929
63.8046
64.0201
64.2387
64.4596
64.6819
64.9047
65.127
65.348
65.5666
65.7819
65.993
66.199
66.3993
66.593
66.7796
66.9586
67.1295
67.2922
67.4464
67.592
67.7291
67.8576
67.9779
68.09
68.1942
68.2909
68.3803
68.4629
68.5389
68.6089
68.6732
68.7322
68.7865
68.8362
68.8818
68.9233
68.9606
68.9938
69.0228
69.0478
69.0692
69.0872
69.1024
69.1151
69.126
69.1359
69.1455
69.155
69.1639
69.1717
69.1778
69.1823
69.1856
69.1875
69.1896
69.189
69.1959
69.1868
69.2383
61.8424
61.938
62.0377
62.146
62.2608
62.3811
62.5072
62.6395
62.778
62.9228
63.0737
63.2307
63.3935
63.5621
63.7361
63.9151
64.0988
64.2865
64.4778
64.672
64.8685
65.0663
65.2649
65.4632
65.6606
65.8561
66.049
66.2384
66.4236
66.6039
66.7786
66.9473
67.1094
67.2646
67.4126
67.5532
67.6864
67.812
67.9301
68.0409
68.1444
68.2409
68.3306
68.4138
68.4907
68.5617
68.6271
68.6874
68.7428
68.7938
68.8406
68.8837
68.923
68.9585
68.9902
69.018
69.042
69.0624
69.0797
69.0942
69.1063
69.1165
69.1257
69.1346
69.1432
69.1512
69.1578
69.1631
69.1666
69.17
69.1701
69.1787
69.1663
69.2333
62.3903
62.4653
62.5435
62.6294
62.721
62.8171
62.9181
63.0245
63.1363
63.2537
63.3766
63.505
63.639
63.7784
63.9232
64.0731
64.2279
64.3872
64.5508
64.7182
64.8889
65.0622
65.2377
65.4147
65.5923
65.7701
65.9471
66.1226
66.296
66.4665
66.6335
66.7963
66.9543
67.1071
67.2543
67.3954
67.5303
67.6586
67.7804
67.8956
68.0041
68.106
68.2014
68.2906
68.3736
68.4508
68.5223
68.5884
68.6493
68.7056
68.7573
68.805
68.8489
68.8893
68.9263
68.9598
68.9897
69.016
69.0387
69.0579
69.0741
69.0876
69.0987
69.1081
69.1164
69.1243
69.1318
69.1387
69.144
69.1491
69.1499
69.1606
69.1424
69.2321
62.9028
62.9616
63.0229
63.0911
63.1642
63.2408
63.3216
63.407
63.4971
63.5919
63.6915
63.7961
63.9057
64.0203
64.1399
64.2644
64.3937
64.5277
64.6662
64.8088
64.9552
65.1051
65.2581
65.4136
65.571
65.7299
65.8897
66.0495
66.2089
66.3672
66.5236
66.6776
66.8286
66.976
67.1193
67.2581
67.3919
67.5205
67.6435
67.7608
67.8723
67.9778
68.0775
68.1712
68.2592
68.3415
68.4183
68.4897
68.556
68.6173
68.674
68.7264
68.7746
68.819
68.8599
68.8976
68.9321
68.9634
68.9914
69.0159
69.037
69.0548
69.0696
69.0817
69.0916
69.0998
69.107
69.1139
69.1199
69.1265
69.1282
69.1413
69.1149
69.2364
63.3779
63.424
63.4721
63.5264
63.5847
63.6459
63.7105
63.7789
63.8513
63.9278
64.0084
64.0933
64.1826
64.2763
64.3746
64.4774
64.5847
64.6965
64.8126
64.933
65.0574
65.1856
65.3173
65.4522
65.5899
65.73
65.8719
66.0152
66.1594
66.3038
66.4478
66.5909
66.7326
66.8722
67.0091
67.143
67.2733
67.3996
67.5215
67.6388
67.7512
67.8586
67.9607
68.0575
68.1491
68.2353
68.3164
68.3923
68.4632
68.5293
68.5906
68.6475
68.7001
68.7487
68.7934
68.8346
68.8726
68.9076
68.9396
68.9686
68.9944
69.0169
69.0361
69.0521
69.0652
69.0757
69.084
69.0909
69.0965
69.1031
69.1049
69.1205
69.0852
69.2455
63.8152
63.8514
63.8892
63.9324
63.979
64.028
64.0797
64.1345
64.1928
64.2544
64.3195
64.3883
64.4609
64.5373
64.6178
64.7022
64.7908
64.8835
64.9803
65.0811
65.1859
65.2945
65.4069
65.5227
65.6417
65.7637
65.8882
66.015
66.1434
66.2732
66.4038
66.5347
66.6654
66.7954
66.924
67.0509
67.1756
67.2975
67.4162
67.5315
67.6428
67.7501
67.853
67.9513
68.045
68.1339
68.2181
68.2975
68.3721
68.4422
68.5076
68.5687
68.6254
68.6781
68.7268
68.7717
68.8131
68.8512
68.8862
68.9184
68.9478
68.9743
68.9978
69.018
69.035
69.0489
69.0599
69.0685
69.0747
69.0811
69.082
69.0987
69.0579
69.2505
64.2157
64.2442
64.2739
64.3085
64.3458
64.385
64.4265
64.4706
64.5174
64.567
64.6196
64.6753
64.7342
64.7965
64.8622
64.9314
65.0042
65.0807
65.161
65.245
65.3327
65.4241
65.5191
65.6177
65.7196
65.8247
65.9328
66.0435
66.1566
66.2718
66.3886
66.5066
66.6254
66.7445
66.8635
66.9819
67.0992
67.2149
67.3287
67.44
67.5486
67.654
67.7559
67.8542
67.9485
68.0388
68.1248
68.2066
68.284
68.3572
68.426
68.4906
68.551
68.6074
68.6598
68.7084
68.7533
68.7947
68.8328
68.8678
68.8999
68.9292
68.9559
68.9797
69.0005
69.0182
69.0325
69.044
69.0523
69.0597
69.061
69.0772
69.0411
69.2305
64.5806
64.6031
64.6265
64.6542
64.6843
64.7158
64.7491
64.7845
64.8223
64.8624
64.9049
64.95
64.9979
65.0485
65.1021
65.1587
65.2185
65.2815
65.3478
65.4174
65.4905
65.567
65.6469
65.7302
65.8168
65.9066
65.9995
66.0954
66.1939
66.2949
66.3981
66.5032
66.6098
66.7176
66.8261
66.935
67.0437
67.152
67.2592
67.3652
67.4693
67.5713
67.6708
67.7675
67.861
67.9513
68.038
68.121
68.2001
68.2754
68.3468
68.4142
68.4776
68.5372
68.593
68.645
68.6933
68.738
68.7793
68.8173
68.852
68.8839
68.9129
68.9392
68.9628
68.9836
69.0014
69.016
69.0271
69.0365
69.0402
69.0546
69.0388
69.1632
64.9123
64.9301
64.9486
64.971
64.9952
65.0206
65.0475
65.0761
65.1066
65.139
65.1735
65.2101
65.249
65.2902
65.3339
65.3802
65.4292
65.481
65.5356
65.5933
65.6539
65.7177
65.7845
65.8545
65.9277
66.004
66.0833
66.1655
66.2506
66.3384
66.4287
66.5213
66.6158
66.7121
66.8099
66.9087
67.0082
67.108
67.2078
67.3071
67.4056
67.5029
67.5985
67.6922
67.7837
67.8726
67.9587
68.0418
68.1216
68.1981
68.2711
68.3405
68.4063
68.4684
68.527
68.5819
68.6332
68.6811
68.7255
68.7664
68.8041
68.8385
68.8699
68.8984
68.9241
68.947
68.9672
68.9845
68.9986
69.01
69.0177
69.0276
69.0418
69.0472
65.212
65.2261
65.2409
65.259
65.2787
65.2992
65.321
65.3442
65.3689
65.3953
65.4233
65.4531
65.4847
65.5184
65.5541
65.592
65.6322
65.6748
65.7198
65.7674
65.8177
65.8707
65.9265
65.9852
66.0467
66.1112
66.1785
66.2487
66.3217
66.3974
66.4757
66.5565
66.6397
66.7249
66.812
66.9006
66.9906
67.0816
67.1732
67.2652
67.3571
67.4486
67.5394
67.629
67.7172
67.8037
67.888
67.97
68.0495
68.1261
68.1998
68.2704
68.3378
68.4019
68.4626
68.5199
68.5739
68.6244
68.6716
68.7154
68.7558
68.793
68.827
68.8577
68.8854
68.9101
68.932
68.951
68.9671
68.98
68.9915
68.9953
69.032
68.9158
65.4834
65.4946
65.5064
65.5211
65.5372
65.554
65.5717
65.5906
65.6107
65.6322
65.6551
65.6794
65.7053
65.7328
65.762
65.7931
65.8261
65.8612
65.8983
65.9377
65.9793
66.0234
66.0699
66.1189
66.1705
66.2248
66.2817
66.3413
66.4035
66.4685
66.536
66.606
66.6785
66.7532
66.8301
66.9089
66.9894
67.0715
67.1547
67.2388
67.3236
67.4086
67.4937
67.5783
67.6622
67.7452
67.8268
67.9067
67.9848
68.0606
68.1341
68.2051
68.2732
68.3385
68.4008
68.4599
68.5159
68.5687
68.6183
68.6645
68.7076
68.7473
68.7838
68.8169
68.8468
68.8734
68.8969
68.9171
68.9344
68.9477
68.9611
68.959
68.9984
68.8183
65.726
65.7349
65.7445
65.7566
65.7699
65.7836
65.7981
65.8136
65.8302
65.8478
65.8666
65.8866
65.9078
65.9305
65.9546
65.9802
66.0074
66.0364
66.0671
66.0997
66.1343
66.171
66.2098
66.2508
66.2941
66.3397
66.3878
66.4383
66.4913
66.5467
66.6047
66.6651
66.7279
66.7931
66.8605
66.9301
67.0016
67.0749
67.1498
67.226
67.3034
67.3816
67.4604
67.5394
67.6184
67.6971
67.7751
67.8521
67.9279
68.0021
68.0746
68.145
68.2132
68.2789
68.3421
68.4025
68.46
68.5146
68.5661
68.6145
68.6598
68.7018
68.7405
68.776
68.808
68.8367
68.8619
68.8834
68.9016
68.915
68.9279
68.9221
68.9469
68.7798
65.946
65.9531
65.9609
65.9709
65.9819
65.9933
66.0053
66.0181
66.0317
66.0463
66.0618
66.0783
66.0958
66.1146
66.1345
66.1557
66.1782
66.2022
66.2277
66.2548
66.2836
66.3141
66.3465
66.3808
66.4171
66.4555
66.496
66.5387
66.5837
66.631
66.6805
66.7324
66.7866
66.8431
66.9019
66.9628
67.0259
67.0909
67.1577
67.2262
67.2962
67.3674
67.4397
67.5127
67.5862
67.66
67.7337
67.8071
67.8798
67.9516
68.0222
68.0913
68.1588
68.2243
68.2876
68.3486
68.4071
68.4629
68.5159
68.566
68.6131
68.6571
68.6978
68.7353
68.7693
68.7999
68.8268
68.8498
68.8691
68.8828
68.8942
68.8881
68.8944
68.7855
66.1388
66.1446
66.151
66.1595
66.1687
66.1782
66.1882
66.199
66.2104
66.2226
66.2355
66.2493
66.264
66.2796
66.2963
66.314
66.3329
66.3529
66.3743
66.397
66.4211
66.4468
66.474
66.5029
66.5335
66.5659
66.6002
66.6365
66.6748
66.7151
66.7576
66.8022
66.8489
66.8979
66.949
67.0023
67.0577
67.1151
67.1745
67.2357
67.2986
67.3631
67.4289
67.4959
67.5638
67.6325
67.7015
67.7708
67.8399
67.9087
67.9768
68.0441
68.1101
68.1747
68.2376
68.2986
68.3575
68.4141
68.4681
68.5195
68.568
68.6136
68.6561
68.6953
68.7311
68.7634
68.792
68.8164
68.8367
68.8514
68.8616
68.8582
68.8528
68.8026
66.3164
66.3211
66.3264
66.3336
66.3414
66.3494
66.3579
66.3669
66.3765
66.3867
66.3976
66.4092
66.4215
66.4347
66.4486
66.4635
66.4794
66.4962
66.5141
66.5332
66.5535
66.5751
66.598
66.6224
66.6482
66.6757
66.7047
66.7355
66.7681
66.8025
66.8388
66.877
66.9173
66.9596
67.0039
67.0503
67.0988
67.1492
67.2016
67.256
67.3122
67.3701
67.4295
67.4904
67.5526
67.6158
67.6799
67.7446
67.8097
67.8749
67.94
68.0047
68.0687
68.1317
68.1935
68.2539
68.3126
68.3693
68.4238
68.476
68.5255
68.5723
68.6161
68.6568
68.6941
68.7278
68.7578
68.7835
68.8049
68.8207
68.8309
68.8313
68.823
68.809
66.4647
66.4686
66.4732
66.4795
66.4862
66.4931
66.5004
66.5082
66.5165
66.5253
66.5347
66.5447
66.5553
66.5665
66.5785
66.5913
66.6049
66.6193
66.6347
66.651
66.6684
66.6869
66.7065
66.7274
66.7495
66.7731
66.798
66.8245
66.8525
66.8822
66.9136
66.9467
66.9817
67.0185
67.0572
67.0978
67.1403
67.1848
67.2313
67.2796
67.3298
67.3818
67.4356
67.4909
67.5477
67.6058
67.6651
67.7253
67.7863
67.8478
67.9096
67.9715
68.0331
68.0942
68.1545
68.2138
68.2719
68.3283
68.3829
68.4355
68.4857
68.5333
68.5782
68.62
68.6586
68.6936
68.7247
68.7517
68.7741
68.7912
68.8023
68.8063
68.8001
68.8012
66.6099
66.613
66.617
66.6224
66.6283
66.6343
66.6406
66.6473
66.6545
66.6621
66.6701
66.6787
66.6878
66.6975
66.7078
66.7187
66.7304
66.7427
66.7559
66.7699
66.7847
66.8006
66.8174
66.8352
66.8542
66.8744
66.8958
66.9185
66.9426
66.9681
66.9951
67.0237
67.0539
67.0858
67.1194
67.1548
67.192
67.231
67.2719
67.3147
67.3592
67.4056
67.4537
67.5035
67.555
67.6079
67.6622
67.7177
67.7743
67.8317
67.8897
67.9482
68.0069
68.0655
68.1237
68.1813
68.238
68.2936
68.3476
68.4
68.4502
68.4982
68.5436
68.5862
68.6255
68.6614
68.6936
68.7216
68.745
68.7633
68.7756
68.7823
68.7792
68.7856
66.7156
66.7182
66.7218
66.7268
66.7322
66.7376
66.7433
66.7494
66.7558
66.7627
66.7699
66.7776
66.7858
66.7944
66.8037
66.8134
66.8238
66.8348
66.8465
66.859
66.8722
66.8862
66.9011
66.917
66.9338
66.9516
66.9705
66.9906
67.0119
67.0345
67.0584
67.0837
67.1105
67.1388
67.1687
67.2002
67.2333
67.2682
67.3048
67.3431
67.3833
67.4252
67.4688
67.5142
67.5612
67.6098
67.6599
67.7114
67.7642
67.818
67.8728
67.9282
67.9842
68.0404
68.0966
68.1526
68.208
68.2626
68.316
68.368
68.4182
68.4663
68.5121
68.5552
68.5952
68.6319
68.6649
68.6938
68.7181
68.7375
68.7512
68.76
68.7594
68.7687
66.842
66.8441
66.8474
66.8519
66.8567
66.8616
66.8666
66.8721
66.8778
66.8839
66.8903
66.8972
66.9044
66.9121
66.9202
66.9288
66.9379
66.9476
66.9579
66.9687
66.9803
66.9926
67.0056
67.0194
67.034
67.0496
67.0661
67.0835
67.1021
67.1218
67.1426
67.1646
67.188
67.2127
67.2388
67.2664
67.2955
67.3261
67.3584
67.3923
67.4278
67.4651
67.504
67.5447
67.5869
67.6309
67.6763
67.7233
67.7716
67.8213
67.872
67.9237
67.9761
68.0291
68.0824
68.1358
68.1889
68.2415
68.2933
68.344
68.3933
68.4407
68.486
68.5289
68.5689
68.6057
68.6389
68.6682
68.6931
68.7132
68.7278
68.7381
68.7392
68.751
66.8991
66.9007
66.9039
66.9085
66.9131
66.9177
66.9226
66.9279
66.9334
66.9392
66.9454
66.9519
66.9588
66.9661
66.9738
66.982
66.9906
66.9998
67.0095
67.0197
67.0306
67.0421
67.0542
67.0672
67.0808
67.0953
67.1106
67.1269
67.1441
67.1623
67.1816
67.202
67.2236
67.2464
67.2706
67.296
67.3229
67.3513
67.3811
67.4125
67.4455
67.4801
67.5164
67.5543
67.5938
67.635
67.6777
67.722
67.7678
67.8149
67.8633
67.9128
67.9632
68.0143
68.066
68.1179
68.1699
68.2215
68.2726
68.3228
68.3717
68.419
68.4643
68.5073
68.5476
68.5848
68.6185
68.6484
68.6738
68.6948
68.7103
68.7217
68.724
68.7381
67.0346
67.0366
67.0397
67.0438
67.048
67.0523
67.0568
67.0616
67.0666
67.0719
67.0775
67.0834
67.0896
67.0961
67.1031
67.1104
67.1181
67.1262
67.1348
67.1439
67.1535
67.1636
67.1743
67.1856
67.1976
67.2103
67.2237
67.2379
67.2529
67.2688
67.2856
67.3034
67.3222
67.3421
67.3631
67.3853
67.4087
67.4335
67.4596
67.4871
67.516
67.5465
67.5784
67.6119
67.6469
67.6835
67.7217
67.7613
67.8024
67.845
67.8888
67.9338
67.9798
68.0267
68.0743
68.1224
68.1707
68.219
68.2669
68.3142
68.3604
68.4054
68.4486
68.4897
68.5284
68.5642
68.5967
68.6256
68.6504
68.6708
68.6861
68.6977
68.7001
68.7154
69.124
69.5446
69.9206
70.2483
70.5297
70.7688
70.9701
71.1383
71.2781
71.3936
71.4886
71.5664
71.6297
71.681
71.7222
71.7551
71.7811
71.8015
71.8172
71.829
71.8377
71.8439
71.8481
71.8507
71.852
71.8522
71.8517
71.8506
71.8491
71.8472
71.845
71.8427
71.8403
71.8378
71.8353
71.8329
71.8304
71.828
71.8257
71.8234
71.8212
69.119
69.5288
69.8969
70.218
70.4953
70.7327
70.9341
71.1041
71.2468
71.3661
71.4654
71.5477
71.6157
71.6716
71.7174
71.7547
71.7848
71.809
71.8282
71.8433
71.855
71.8636
71.8702
71.8748
71.8778
71.8795
71.8802
71.88
71.8792
71.8779
71.8761
71.8741
71.8717
71.8692
71.8666
71.8639
71.8611
71.8582
71.8554
71.8526
71.8497
69.1139
69.517
69.881
70.1987
70.4747
70.7126
70.9163
71.0897
71.2368
71.3611
71.4656
71.5532
71.6264
71.6873
71.7377
71.7792
71.8131
71.8407
71.8629
71.8805
71.8943
71.9045
71.9125
71.9182
71.9221
71.9245
71.9256
71.9258
71.9251
71.9238
71.922
71.9197
71.9171
71.9142
71.9111
71.9078
71.9044
71.901
71.8974
71.8938
71.8902
69.1102
69.5133
69.8786
70.1971
70.4749
70.7156
70.9227
71.1003
71.2521
71.3812
71.4908
71.5834
71.6616
71.7271
71.782
71.8277
71.8655
71.8965
71.9218
71.9422
71.9584
71.9706
71.9804
71.9876
71.9927
71.996
71.9979
71.9986
71.9982
71.997
71.9952
71.9927
71.9898
71.9864
71.9828
71.9789
71.9747
71.9704
71.9659
71.9613
71.9568
69.1067
69.5137
69.8833
70.2048
70.4861
70.7307
70.9423
71.1249
71.2819
71.4167
71.5319
71.6303
71.714
71.785
71.845
71.8954
71.9375
71.9725
72.0013
72.0246
72.0434
72.0575
72.0689
72.0776
72.0836
72.0876
72.0899
72.0908
72.0905
72.0891
72.0869
72.0839
72.0804
72.0763
72.0717
72.0668
72.0616
72.0561
72.0505
72.0446
72.0388
69.1027
69.5161
69.8921
70.2183
70.5049
70.7551
70.9726
71.1616
71.3253
71.467
71.5891
71.6943
71.7846
71.8618
71.9276
71.9834
72.0304
72.0698
72.1024
72.129
72.1505
72.1667
72.18
72.1901
72.1972
72.2019
72.2047
72.2058
72.2054
72.2038
72.201
72.1974
72.193
72.188
72.1824
72.1763
72.1698
72.163
72.1559
72.1484
72.1412
69.0985
69.5211
69.9059
70.2392
70.5331
70.7907
71.0159
71.2127
71.3845
71.5341
71.6642
71.777
71.8746
71.9587
72.031
72.0927
72.145
72.1891
72.2258
72.256
72.2804
72.2988
72.3139
72.3254
72.3335
72.3389
72.3419
72.343
72.3423
72.3401
72.3367
72.3321
72.3267
72.3204
72.3134
72.3058
72.2977
72.2891
72.2803
72.2709
72.2619
69.0944
69.5294
69.9259
70.2686
70.5719
70.8387
71.0731
71.2791
71.46
71.6187
71.7575
71.8788
71.9845
72.0762
72.1555
72.2237
72.2819
72.3311
72.3723
72.4063
72.4339
72.4545
72.4715
72.4845
72.4936
72.4994
72.5026
72.5035
72.5023
72.4994
72.495
72.4893
72.4824
72.4746
72.4659
72.4566
72.4465
72.436
72.425
72.4135
72.4023
69.0905
69.5411
69.952
70.3066
70.6213
70.8991
71.1442
71.3607
71.5521
71.7209
71.8696
72.0003
72.115
72.2152
72.3023
72.3775
72.4421
72.497
72.5431
72.5812
72.6121
72.6352
72.6541
72.6685
72.6784
72.6847
72.6878
72.6883
72.6865
72.6826
72.6769
72.6697
72.6611
72.6514
72.6407
72.6291
72.6168
72.6039
72.5904
72.5763
72.5626
69.0869
69.5564
69.9845
70.3533
70.6817
70.9723
71.2297
71.4584
71.6616
71.8418
72.0015
72.1427
72.2674
72.3769
72.4725
72.5556
72.6272
72.6882
72.7397
72.7821
72.8166
72.8422
72.8631
72.879
72.8897
72.8961
72.8991
72.899
72.8961
72.8909
72.8836
72.8745
72.8639
72.8519
72.8387
72.8246
72.8095
72.7937
72.7773
72.7602
72.7435
69.0837
69.5754
70.0237
70.4093
70.7536
71.0591
71.3308
71.5732
71.7897
71.9828
72.1546
72.3076
72.4432
72.563
72.6681
72.7597
72.839
72.9068
72.9639
73.0112
73.0495
73.0777
73.1006
73.1178
73.1291
73.1357
73.1382
73.1371
73.1329
73.126
73.1167
73.1053
73.0921
73.0773
73.0612
73.044
73.0257
73.0066
72.9867
72.9661
72.9459
69.0814
69.5987
70.0703
70.4754
70.8381
71.1606
71.4485
71.7065
71.9379
72.1453
72.3308
72.4966
72.6445
72.7755
72.891
72.9921
73.0798
73.1549
73.2183
73.2707
73.313
73.344
73.3689
73.3873
73.3991
73.4054
73.4071
73.4047
73.3987
73.3896
73.3778
73.3636
73.3473
73.3292
73.3096
73.2886
73.2665
73.2434
73.2195
73.1947
73.1705
69.08
69.6267
70.1251
70.5527
70.9363
71.2782
71.5843
71.8598
72.108
72.3314
72.532
72.7122
72.8735
73.0171
73.144
73.2555
73.3523
73.4354
73.5056
73.5635
73.6101
73.6439
73.6707
73.6901
73.7021
73.7078
73.7083
73.7041
73.6958
73.684
73.669
73.6513
73.6312
73.6091
73.5852
73.5599
73.5332
73.5055
73.4768
73.4472
73.4181
69.0801
69.6603
70.189
70.6422
71.0496
71.4134
71.7402
72.0353
72.3022
72.5434
72.7609
72.9569
73.1332
73.2906
73.4302
73.553
73.66
73.7518
73.8293
73.8931
73.9441
73.9806
74.0092
74.0294
74.0412
74.0459
74.0445
74.038
74.0267
74.0113
73.9924
73.9704
73.9457
73.9188
73.8898
73.8592
73.8271
73.7938
73.7596
73.7242
73.6895
69.0822
69.7001
70.263
70.7455
71.1797
71.5682
71.9182
72.2354
72.5232
72.7844
73.0205
73.2343
73.4271
73.5998
73.7534
73.8887
74.0067
74.1081
74.1935
74.2635
74.3191
74.3583
74.3884
74.409
74.42
74.4229
74.4191
74.4093
74.3941
74.3743
74.3505
74.3231
74.2928
74.2599
74.2249
74.1879
74.1493
74.1095
74.0686
74.0266
73.9852
69.0867
69.7472
70.3488
70.8642
71.3287
71.7451
72.1212
72.4631
72.7744
73.0578
73.3148
73.5482
73.7595
73.9491
74.1181
74.2673
74.3974
74.5091
74.603
74.6796
74.7398
74.7814
74.8126
74.8329
74.8425
74.8428
74.8355
74.8213
74.8011
74.7757
74.7457
74.7118
74.6745
74.6344
74.5919
74.5473
74.501
74.4534
74.4046
74.3547
74.3054
69.0944
69.8028
70.4479
71.0005
71.4992
71.9469
72.3524
72.7221
73.0597
73.3679
73.6483
73.9036
74.1354
74.3439
74.53
74.6944
74.8378
74.9606
75.0636
75.147
75.2117
75.2554
75.2869
75.3062
75.3132
75.3099
75.2977
75.2778
75.251
75.2184
75.1807
75.1386
75.0928
75.0438
74.9922
74.9385
74.8828
74.8258
74.7677
74.7084
74.6498
69.1062
69.8685
70.5625
71.1571
71.6942
72.1773
72.6158
73.0167
73.3839
73.72
74.0265
74.3064
74.561
74.7906
74.9956
75.1768
75.3347
75.4697
75.5821
75.6725
75.7415
75.7864
75.8174
75.8344
75.8375
75.8287
75.81
75.7825
75.7473
75.7055
75.658
75.6056
75.5492
75.4894
75.4268
75.3618
75.295
75.2268
75.1574
75.0871
75.0175
69.1232
69.9461
70.6951
71.3371
71.9176
72.4405
72.9163
73.3524
73.7529
74.1205
74.4563
74.7637
75.044
75.297
75.5231
75.7228
75.8965
76.0445
76.1669
76.264
76.3366
76.3817
76.4108
76.4238
76.4209
76.4047
76.3771
76.3395
76.2933
76.2397
76.1799
76.1147
76.0451
75.9719
75.8957
75.8172
75.7368
75.6552
75.5725
75.489
75.4065
69.1467
70.0378
70.8489
71.5446
72.174
72.7419
73.26
73.7359
74.1741
74.5771
74.946
75.2844
75.5935
75.8728
76.1223
76.3424
76.5333
76.695
76.8276
76.9311
77.0061
77.0497
77.0747
77.0813
77.0699
77.0432
77.0036
76.9528
76.8923
76.8237
76.7481
76.6668
76.5808
76.491
76.3983
76.3033
76.2065
76.1087
76.0101
75.911
75.8133
69.1783
70.1466
71.0277
71.7842
72.4691
73.0882
73.6541
74.1753
74.6562
75.0995
75.5058
75.8793
76.2209
76.5295
76.8051
77.0477
77.2572
77.4333
77.5759
77.6848
77.7604
77.8
77.818
77.8148
77.7911
77.75
77.6943
77.626
77.5469
77.4589
77.3634
77.2618
77.1553
77.0451
76.932
76.817
76.7004
76.5833
76.4658
76.3483
76.2326
69.2203
70.2759
71.2364
72.0621
72.8101
73.4874
74.108
74.6808
75.2105
75.6997
76.1486
76.5618
76.9401
77.2819
77.5864
77.8536
78.0829
78.2738
78.4256
78.5381
78.6114
78.6431
78.6499
78.6323
78.5912
78.5304
78.4531
78.3617
78.2586
78.1456
78.0248
77.8977
77.7658
77.6303
77.4923
77.353
77.2126
77.0724
76.9325
76.7934
76.6567
69.2751
70.4302
71.4811
72.3858
73.206
73.9499
74.6332
75.2653
75.851
76.3928
76.8903
77.3489
77.7688
78.1478
78.4845
78.7785
79.0286
79.2339
79.3934
79.5063
79.5727
79.5911
79.5807
79.542
79.4768
79.3891
79.2829
79.1612
79.0266
78.8818
78.7288
78.5698
78.4062
78.2396
78.0714
77.9026
77.7338
77.5662
77.4001
77.2357
77.0748
69.3461
70.6151
71.7693
72.7649
73.668
74.4889
75.2445
75.945
76.5955
77.198
77.7515
78.2619
78.7292
79.15
79.5223
79.845
80.1163
80.3347
80.4986
80.6069
80.6595
80.6565
80.6204
80.5516
80.4527
80.3286
80.1839
80.0224
79.8473
79.6617
79.4682
79.2692
79.0666
78.8621
78.6571
78.4532
78.2507
78.051
77.8544
77.6611
77.4728
69.4376
70.8375
72.1111
73.2118
74.2109
75.1211
75.9609
76.7412
77.467
78.1401
78.7582
79.3282
79.8496
80.3174
80.7286
81.0813
81.3731
81.6014
81.764
81.8596
81.8879
81.8518
81.778
81.6667
81.5214
81.3482
81.1525
80.939
80.7118
80.4745
80.2303
79.9818
79.7313
79.4809
79.2321
78.9867
78.7449
78.5081
78.2767
78.0509
77.8319
69.5549
71.107
72.5192
73.7425
74.8537
75.8687
76.8074
77.6814
78.4958
79.2514
79.9447
80.5835
81.1665
81.6867
82.1397
82.5226
82.8318
83.0638
83.2158
83.2859
83.274
83.1877
83.0595
82.8886
82.68
82.4409
82.1782
81.8976
81.604
81.3018
80.9946
80.6856
80.3775
80.0724
79.7722
79.4785
79.1917
78.9131
78.6431
78.3815
78.1296
69.7052
71.4357
73.0106
74.3784
75.622
76.7611
77.8173
78.8027
79.7222
80.5753
81.3564
82.0747
82.7277
83.3054
83.8018
84.2124
84.5323
84.7567
84.8823
84.907
84.8311
84.6704
84.4646
84.211
83.9167
83.5905
83.2407
82.8744
82.4975
82.115
81.7313
81.3498
80.9735
80.6047
80.2453
79.8971
79.5602
79.2358
78.9242
78.6249
78.3389
69.8977
71.8399
73.608
75.1483
76.5503
77.8385
79.036
80.1554
81.2009
82.1701
83.0544
83.8646
84.596
85.2353
85.7734
86.2043
86.5212
86.7184
86.7919
86.7405
86.5657
86.296
85.9811
85.6145
85.2059
84.7662
84.3053
83.8317
83.3524
82.873
82.3983
81.9321
81.4774
81.0365
80.6114
80.2037
79.8131
79.4406
79.0863
78.749
78.4299
70.1444
72.342
74.3429
76.0922
77.6868
79.1569
80.527
81.81
83.0086
84.1171
85.1228
86.0382
86.8556
87.5565
88.1284
88.5629
88.8516
88.9878
88.9684
88.7938
88.4693
88.043
87.5773
87.0593
86.5015
85.9171
85.3179
84.7137
84.1122
83.5194
82.9404
82.3787
81.8373
81.3182
80.8231
80.3533
79.9081
79.4878
79.0924
78.7199
78.3716
70.4616
72.9727
75.2593
77.2669
79.1002
80.7965
82.3812
83.8672
85.254
86.5308
87.6786
88.7117
89.6183
90.3723
90.957
91.3614
91.5762
91.5953
91.4184
91.051
90.5049
89.8586
89.1901
88.4745
87.7277
86.9651
86.2001
85.4431
84.7019
83.9825
83.2894
82.6255
81.9932
81.3939
80.8286
80.2981
79.801
79.337
78.9057
78.5042
78.1341
70.8717
73.7765
76.4224
78.7571
80.8938
82.8778
84.7359
86.4783
88.0995
89.5795
90.8903
92.0482
93.0349
93.8145
94.3653
94.6752
94.736
94.5464
94.1134
93.4531
92.5887
91.6434
90.7118
89.7488
88.7729
87.8013
86.8477
85.9219
85.0307
84.1786
83.3689
82.6032
81.8825
81.207
80.5768
79.9921
79.4504
78.9509
78.4928
78.0725
77.6919
71.3983
74.8055
77.9129
80.6704
83.2009
85.5578
87.7688
89.8377
91.7495
93.4686
94.954
96.2247
97.2528
97.991
98.414
98.5132
98.2882
97.7499
96.9216
95.8377
94.5399
93.2122
91.9612
90.7095
89.4766
88.2795
87.1299
86.0348
84.998
84.0214
83.1054
82.2494
81.4524
80.7131
80.0305
79.4037
78.8294
78.3067
77.8346
77.409
77.0329
72.0771
76.1032
79.7893
83.0778
86.1056
88.9315
91.5813
94.0473
96.2959
98.2664
99.9004
101.222
102.192
102.755
102.889
102.6
101.908
100.85
99.4755
97.8468
96.0277
94.2722
92.6854
91.144
89.6654
88.2633
86.9439
85.7087
84.5566
83.4852
82.4915
81.5717
80.7225
79.9409
79.2247
78.5726
77.9808
77.4487
76.976
76.5589
76.2023
72.8966
77.6593
82.0341
85.9547
89.5761
92.9581
96.1184
99.0284
101.623
103.804
105.497
106.737
107.48
107.669
107.307
106.43
105.098
103.383
101.371
99.1522
96.8079
94.6553
92.7783
91.0005
89.333
87.7833
86.3495
85.0258
83.8054
82.6813
81.6465
80.6946
79.8199
79.018
78.286
77.6224
77.024
76.4909
76.0247
75.6232
75.2947
73.8189
79.4645
84.6625
89.3394
93.669
97.7034
101.439
104.813
107.714
109.994
111.575
112.519
112.792
112.363
111.28
109.634
107.534
105.097
102.439
99.6668
96.8691
94.4046
92.3197
90.3844
88.6014
86.9705
85.481
84.1198
82.8746
81.7346
80.6894
79.7302
78.8498
78.0427
77.3058
76.6379
76.0364
75.5036
75.0435
74.6572
74.3583
74.8213
81.5275
87.7103
93.2899
98.4551
103.237
107.588
111.392
114.479
116.646
117.851
118.215
117.735
116.442
114.456
111.935
109.037
105.911
102.685
99.4686
96.3397
93.674
91.4721
89.4591
87.6291
85.9747
84.4775
83.1183
81.8808
80.7507
79.7158
78.7654
77.8913
77.0874
76.3503
75.6794
75.0733
74.5361
74.0753
73.6968
73.4221
75.8835
83.8691
91.2297
97.8816
104.016
109.621
114.569
118.67
121.701
123.429
123.922
123.389
121.898
119.565
116.599
113.214
109.597
105.901
102.249
98.7333
95.4079
92.6466
90.406
88.3798
86.5551
84.919
83.4471
82.1159
80.9061
79.8019
78.7891
77.8564
76.9945
76.1972
75.461
74.7857
74.1704
73.6214
73.1492
72.7659
72.5035
76.9764
86.5111
95.2795
103.193
110.42
116.864
122.279
126.399
128.994
129.874
129.309
127.621
124.959
121.542
117.653
113.532
109.357
105.261
101.342
97.666
94.2605
91.4856
89.2627
87.2672
85.4816
83.8891
82.4615
81.1723
80.0008
78.9299
77.9448
77.0332
76.1858
75.3959
74.6599
73.9777
73.3485
72.7799
72.284
71.8802
71.612
78.0681
89.4818
99.9264
109.299
117.696
124.874
130.456
134.15
135.824
135.461
133.595
130.631
126.79
122.39
117.754
113.095
108.549
104.22
100.174
96.4464
93.0442
90.3101
88.1393
86.1998
84.4715
82.9351
81.5601
80.3187
79.1891
78.1537
77.1973
76.3075
75.4744
74.6914
73.9546
73.2636
72.6167
72.0224
71.4912
71.0515
70.7523
79.1293
92.8221
105.247
116.255
125.788
133.405
138.647
141.345
141.631
139.775
136.554
132.364
127.477
122.304
117.152
112.158
107.41
102.981
98.9079
95.2034
91.8563
89.1934
87.0921
85.2204
83.5564
82.08
80.7596
79.5662
78.478
77.4772
76.5484
75.679
74.8593
74.0823
73.3438
72.643
71.9766
71.3531
70.7773
70.2889
69.9261
80.1369
96.5883
111.324
124.066
134.498
142.003
146.239
147.39
145.997
142.65
138.218
132.972
127.257
121.563
116.118
110.955
106.128
101.69
97.6552
94.0161
90.7513
88.1734
86.1481
84.347
82.7479
81.3303
80.0623
78.9144
77.8649
76.896
75.9924
75.1416
74.3336
73.5617
72.8211
72.1106
71.4245
70.7713
70.1448
69.5995
69.1337
81.0812
100.853
118.215
132.612
143.411
150.032
152.6
151.872
148.802
144.205
138.814
132.717
126.413
120.44
114.874
109.654
104.829
100.44
96.479
92.9272
89.7566
87.267
85.3166
83.5836
82.0458
80.683
79.4632
78.3568
77.3422
76.4018
75.5206
74.6861
73.8883
73.1206
72.3777
71.6581
70.9536
70.2722
69.5931
68.9874
68.3748
81.9635
105.703
125.914
141.581
151.919
156.849
157.317
154.704
150.231
144.746
138.63
131.863
125.201
119.148
113.571
108.363
103.59
99.2822
95.4126
91.9561
88.8815
86.4777
84.5974
82.9267
81.4443
80.1309
78.9541
77.8843
76.9004
75.985
75.1233
74.3028
73.5138
72.7495
72.0045
71.2767
70.5559
69.849
69.1197
68.4538
67.6511
82.8114
111.222
134.281
150.449
159.347
161.998
160.303
156.091
150.628
144.605
137.915
130.63
123.825
117.835
112.305
107.147
102.457
98.2439
94.4697
91.1074
88.1238
85.7997
83.9829
82.3675
80.9338
79.6637
78.5245
77.4865
76.529
75.6351
74.7903
73.9817
73.2
72.4386
71.6916
70.957
70.2223
69.4934
68.7196
67.9961
66.9671
83.6373
117.331
142.851
158.462
165.106
165.315
161.75
156.4
150.365
144.064
136.87
129.209
122.442
116.592
111.134
106.045
101.448
97.3321
93.6501
90.3758
87.4753
85.2224
83.462
81.896
80.5055
79.2731
78.1665
77.1558
76.2211
75.3455
74.515
73.7165
72.941
72.1821
71.4335
70.6931
69.947
69.1996
68.3894
67.6123
66.334
84.386
123.739
151.012
165.029
169.009
167.015
162.067
156.056
149.776
143.346
135.655
127.774
121.177
115.479
110.085
105.075
100.572
96.5458
92.9476
89.7524
86.9261
84.7342
83.0184
81.4928
80.1396
78.9402
77.8619
76.8748
75.9599
75.1003
74.2822
73.4927
72.7229
71.9667
71.2173
70.4729
69.7183
68.9563
68.1196
67.296
65.7547
84.2725
130.438
158.671
170.161
171.353
167.535
161.675
155.374
149.071
142.579
134.336
126.411
120.125
114.577
109.225
104.288
99.8706
95.923
92.3959
89.2662
86.4997
84.3753
82.7005
81.2046
79.8787
78.7038
77.6462
76.6761
75.7752
74.9267
74.1169
73.333
72.5667
71.8118
71.0616
70.3139
69.5528
68.7798
67.9255
67.0726
65.2762
85.887
137.898
165.031
173.13
172.161
167.019
160.482
154.032
147.811
141.297
132.388
124.386
118.487
113.201
107.981
103.178
98.8954
95.0708
91.6546
88.6251
85.945
83.8688
82.2615
80.814
79.5293
78.3906
77.364
76.4198
75.5405
74.7092
73.9129
73.1388
72.3793
71.6286
70.8797
70.1307
69.3656
68.5831
67.7167
66.8417
64.9466
71.8194
71.8183
71.8172
71.8159
71.8146
71.8131
71.8115
71.8098
71.808
71.806
71.8039
71.8016
71.7992
71.7965
71.7936
71.7905
71.7871
71.7835
71.7795
71.7752
71.7705
71.7655
71.76
71.754
71.7475
71.7404
71.7327
71.7244
71.7153
71.7054
71.6947
71.683
71.6703
71.6565
71.6415
71.6252
71.6075
71.5884
71.5676
71.5452
71.5209
71.4947
71.4665
71.4362
71.4036
71.3688
71.3315
71.2918
71.2496
71.2049
71.1576
71.1079
71.0558
71.0013
70.9445
70.8858
70.8251
70.7628
70.6992
70.6344
70.5689
70.5028
70.4367
70.3708
70.3054
70.2409
70.1777
70.1161
70.0565
69.9992
69.945
69.8934
69.8483
69.8002
71.8475
71.8468
71.8458
71.8443
71.8428
71.8412
71.8394
71.8376
71.8355
71.8334
71.831
71.8285
71.8257
71.8228
71.8196
71.8161
71.8123
71.8083
71.8039
71.7991
71.7939
71.7883
71.7822
71.7756
71.7684
71.7606
71.7521
71.7429
71.733
71.7222
71.7105
71.6978
71.684
71.6691
71.653
71.6355
71.6166
71.5962
71.5742
71.5505
71.525
71.4976
71.4682
71.4367
71.403
71.3671
71.3288
71.2882
71.2453
71.1998
71.152
71.1019
71.0494
70.9947
70.9379
70.8792
70.8187
70.7566
70.6932
70.6288
70.5636
70.4979
70.4321
70.3665
70.3014
70.2372
70.1743
70.1129
70.0534
69.9963
69.9422
69.8902
69.847
69.7924
71.8872
71.8867
71.8857
71.8842
71.8825
71.8809
71.879
71.8771
71.875
71.8726
71.8702
71.8675
71.8646
71.8614
71.858
71.8543
71.8502
71.8459
71.8412
71.836
71.8305
71.8244
71.8178
71.8107
71.803
71.7946
71.7855
71.7756
71.7649
71.7533
71.7407
71.7271
71.7124
71.6964
71.6791
71.6605
71.6403
71.6186
71.5952
71.5701
71.543
71.5141
71.483
71.4499
71.4146
71.377
71.337
71.2947
71.2501
71.203
71.1536
71.1019
71.048
70.9919
70.9339
70.874
70.8124
70.7494
70.6853
70.6202
70.5544
70.4884
70.4224
70.3566
70.2916
70.2275
70.1648
70.1037
70.0447
69.9878
69.9342
69.8818
69.8398
69.7777
71.9528
71.9523
71.9514
71.9497
71.9479
71.946
71.9441
71.9419
71.9396
71.937
71.9343
71.9313
71.928
71.9245
71.9207
71.9165
71.912
71.9071
71.9018
71.896
71.8897
71.8829
71.8755
71.8675
71.8587
71.8492
71.839
71.8278
71.8157
71.8026
71.7885
71.7731
71.7565
71.7387
71.7193
71.6985
71.6761
71.652
71.6262
71.5985
71.5688
71.5371
71.5034
71.4674
71.4293
71.3889
71.3462
71.3012
71.2539
71.2043
71.1525
71.0986
71.0426
70.9846
70.9249
70.8635
70.8007
70.7367
70.6718
70.6061
70.54
70.4738
70.4078
70.3422
70.2775
70.2138
70.1516
70.0911
70.0326
69.9762
69.9232
69.8705
69.8295
69.7605
72.0336
72.033
72.032
72.0302
72.0282
72.0261
72.0239
72.0215
72.0188
72.0159
72.0128
72.0094
72.0057
72.0017
71.9974
71.9926
71.9875
71.9819
71.9758
71.9691
71.9619
71.9541
71.9456
71.9364
71.9264
71.9155
71.9037
71.891
71.8772
71.8622
71.846
71.8286
71.8098
71.7895
71.7676
71.7441
71.7189
71.6919
71.663
71.6321
71.5992
71.5642
71.527
71.4876
71.446
71.4022
71.3561
71.3077
71.2572
71.2046
71.1499
71.0932
71.0347
70.9745
70.9128
70.8497
70.7855
70.7204
70.6546
70.5883
70.5219
70.4557
70.3898
70.3245
70.2603
70.1972
70.1357
70.0759
70.0183
69.9626
69.9103
69.8575
69.8175
69.7431
72.1346
72.1339
72.1328
72.1307
72.1283
72.1259
72.1233
72.1205
72.1174
72.1141
72.1104
72.1064
72.1021
72.0974
72.0923
72.0867
72.0806
72.074
72.0669
72.0591
72.0506
72.0414
72.0314
72.0206
72.0088
71.9961
71.9823
71.9674
71.9513
71.9338
71.9151
71.8948
71.873
71.8496
71.8245
71.7976
71.7688
71.738
71.7053
71.6705
71.6335
71.5944
71.5531
71.5095
71.4638
71.4158
71.3657
71.3135
71.2592
71.203
71.145
71.0852
71.0239
70.9612
70.8973
70.8324
70.7667
70.7004
70.6338
70.567
70.5004
70.4342
70.3686
70.3038
70.2402
70.178
70.1174
70.0586
70.0019
69.9472
69.8959
69.8433
69.8043
69.7269
72.2537
72.2527
72.2515
72.249
72.2461
72.2433
72.2402
72.2368
72.2331
72.2291
72.2247
72.2199
72.2147
72.2091
72.2029
72.1963
72.189
72.1811
72.1725
72.1632
72.1531
72.1421
72.1302
72.1173
72.1033
72.0882
72.0719
72.0542
72.0352
72.0147
71.9927
71.969
71.9436
71.9163
71.8872
71.8562
71.8231
71.7879
71.7506
71.7111
71.6694
71.6256
71.5794
71.5311
71.4807
71.4281
71.3735
71.317
71.2586
71.1985
71.1369
71.0739
71.0096
70.9444
70.8782
70.8115
70.7443
70.6769
70.6096
70.5424
70.4757
70.4097
70.3446
70.2805
70.2178
70.1566
70.0971
70.0395
69.984
69.9304
69.8802
69.8284
69.7902
69.7129
72.3923
72.391
72.3893
72.3863
72.3829
72.3793
72.3756
72.3714
72.3669
72.362
72.3566
72.3508
72.3445
72.3376
72.3301
72.3219
72.3131
72.3035
72.2931
72.2818
72.2695
72.2563
72.2419
72.2263
72.2096
72.1914
72.1719
72.1509
72.1282
72.1039
72.0779
72.05
72.0202
71.9884
71.9545
71.9185
71.8803
71.84
71.7974
71.7525
71.7054
71.6561
71.6046
71.551
71.4954
71.4378
71.3783
71.3172
71.2545
71.1904
71.1251
71.0587
70.9915
70.9237
70.8555
70.787
70.7185
70.6502
70.5823
70.5149
70.4483
70.3827
70.3182
70.2551
70.1934
70.1334
70.0752
70.0189
69.9649
69.9126
69.8637
69.8131
69.7755
69.7016
72.5505
72.5486
72.5465
72.5428
72.5385
72.5341
72.5294
72.5242
72.5186
72.5125
72.5059
72.4987
72.4908
72.4823
72.4731
72.4631
72.4522
72.4404
72.4276
72.4138
72.3989
72.3827
72.3653
72.3464
72.3262
72.3043
72.2808
72.2556
72.2286
72.1997
72.1689
72.1359
72.1009
72.0637
72.0242
71.9825
71.9385
71.8922
71.8436
71.7927
71.7396
71.6843
71.627
71.5676
71.5064
71.4435
71.379
71.3132
71.2461
71.1779
71.109
71.0394
70.9695
70.8993
70.8291
70.7591
70.6895
70.6205
70.5523
70.4849
70.4187
70.3537
70.29
70.2279
70.1675
70.1088
70.0521
69.9973
69.9448
69.8941
69.8467
69.7977
69.7607
69.6926
72.7291
72.7265
72.7236
72.7189
72.7136
72.708
72.7021
72.6957
72.6886
72.681
72.6727
72.6637
72.6539
72.6433
72.6318
72.6194
72.606
72.5914
72.5757
72.5587
72.5404
72.5206
72.4993
72.4765
72.4519
72.4255
72.3972
72.367
72.3348
72.3004
72.2638
72.2249
72.1838
72.1403
72.0944
72.0462
71.9956
71.9426
71.8874
71.8299
71.7703
71.7086
71.645
71.5796
71.5127
71.4443
71.3748
71.3041
71.2327
71.1607
71.0883
71.0158
70.9433
70.871
70.7992
70.728
70.6577
70.5883
70.52
70.4529
70.3872
70.323
70.2604
70.1995
70.1404
70.0833
70.0281
69.9749
69.9241
69.875
69.8292
69.7823
69.7457
69.6851
72.9287
72.9251
72.9212
72.9153
72.9085
72.9015
72.894
72.8858
72.877
72.8673
72.8569
72.8456
72.8334
72.8202
72.8059
72.7904
72.7737
72.7557
72.7363
72.7154
72.6929
72.6687
72.6427
72.6149
72.5851
72.5533
72.5193
72.4831
72.4446
72.4038
72.3606
72.3149
72.2667
72.2161
72.163
72.1075
72.0496
71.9893
71.9269
71.8623
71.7957
71.7273
71.6573
71.5858
71.5131
71.4393
71.3647
71.2896
71.214
71.1384
71.0629
70.9877
70.913
70.8391
70.766
70.694
70.6232
70.5537
70.4857
70.4192
70.3543
70.2911
70.2298
70.1703
70.1127
70.0571
70.0035
69.9521
69.9029
69.8556
69.8114
69.7668
69.7308
69.6782
73.1501
73.1452
73.14
73.1324
73.1238
73.1149
73.1054
73.095
73.0838
73.0716
73.0585
73.0443
73.0289
73.0124
72.9945
72.9752
72.9545
72.9322
72.9082
72.8825
72.8549
72.8253
72.7937
72.7599
72.7239
72.6856
72.6448
72.6016
72.5559
72.5077
72.4568
72.4034
72.3474
72.2888
72.2277
72.1642
72.0984
72.0304
71.9603
71.8883
71.8145
71.7393
71.6627
71.5852
71.5067
71.4277
71.3484
71.269
71.1898
71.111
71.0327
70.9553
70.8789
70.8037
70.7298
70.6574
70.5865
70.5173
70.4498
70.3841
70.3203
70.2584
70.1984
70.1404
70.0844
70.0305
69.9787
69.929
69.8816
69.8362
69.7936
69.7513
69.716
69.6714
73.394
73.3874
73.3804
73.3707
73.3598
73.3484
73.3363
73.3231
73.3089
73.2935
73.2769
73.259
73.2398
73.2191
73.1968
73.1728
73.1471
73.1195
73.09
73.0584
73.0246
72.9886
72.9502
72.9093
72.866
72.82
72.7714
72.7202
72.6662
72.6095
72.5501
72.488
72.4233
72.356
72.2863
72.2143
72.1401
72.0639
71.9859
71.9063
71.8253
71.7433
71.6604
71.5769
71.4931
71.4092
71.3256
71.2424
71.16
71.0784
70.998
70.9189
70.8413
70.7652
70.691
70.6185
70.5479
70.4793
70.4127
70.3481
70.2856
70.2251
70.1667
70.1103
70.0561
70.0039
69.9539
69.906
69.8603
69.8167
69.7759
69.7359
69.7013
69.664
73.6611
73.6521
73.6428
73.6303
73.6165
73.602
73.5866
73.5699
73.5518
73.5324
73.5115
73.4891
73.4649
73.4391
73.4113
73.3816
73.3498
73.3158
73.2795
73.2408
73.1997
73.1559
73.1096
73.0605
73.0086
72.9539
72.8963
72.8359
72.7726
72.7065
72.6376
72.566
72.4919
72.4154
72.3365
72.2555
72.1727
72.0881
72.0022
71.9151
71.8271
71.7384
71.6495
71.5605
71.4718
71.3836
71.2962
71.2098
71.1247
71.041
70.959
70.8787
70.8004
70.7241
70.6499
70.5778
70.5079
70.4402
70.3748
70.3115
70.2505
70.1916
70.1348
70.0802
70.0278
69.9774
69.9292
69.8831
69.8392
69.7974
69.7582
69.7206
69.6869
69.6559
73.9517
73.9397
73.9273
73.9114
73.8939
73.8754
73.8557
73.8345
73.8117
73.7872
73.761
73.7329
73.7027
73.6705
73.6361
73.5993
73.5602
73.5185
73.4741
73.4271
73.3772
73.3245
73.2689
73.2102
73.1486
73.0839
73.0162
72.9456
72.872
72.7957
72.7166
72.6349
72.5508
72.4645
72.3762
72.2862
72.1946
72.1018
72.0081
71.9137
71.819
71.7243
71.6298
71.5359
71.4429
71.351
71.2605
71.1715
71.0844
70.9992
70.9162
70.8354
70.7568
70.6807
70.607
70.5357
70.4668
70.4004
70.3364
70.2747
70.2153
70.1581
70.1032
70.0504
69.9997
69.9512
69.9048
69.8605
69.8184
69.7784
69.7409
69.7054
69.6727
69.6471
74.2659
74.2501
74.2336
74.2133
74.1911
74.1676
74.1427
74.1159
74.0871
74.0563
74.0235
73.9884
73.9509
73.911
73.8685
73.8233
73.7753
73.7244
73.6706
73.6138
73.5538
73.4907
73.4245
73.355
73.2824
73.2067
73.1279
73.0461
72.9615
72.8742
72.7843
72.6921
72.5977
72.5015
72.4037
72.3046
72.2045
72.1038
72.0027
71.9015
71.8007
71.7005
71.6012
71.5031
71.4065
71.3117
71.2188
71.128
71.0395
70.9535
70.8701
70.7892
70.7111
70.6356
70.5628
70.4926
70.4251
70.3602
70.2978
70.2378
70.1802
70.1249
70.0718
70.0209
69.9721
69.9255
69.8809
69.8384
69.798
69.7598
69.7238
69.6904
69.6587
69.6375
74.6032
74.5825
74.5609
74.535
74.5068
74.4771
74.4456
74.4118
74.3757
74.3372
74.2962
74.2526
74.2063
74.1571
74.1049
74.0497
73.9914
73.9298
73.865
73.7969
73.7254
73.6506
73.5724
73.491
73.4063
73.3185
73.2278
73.1341
73.0378
72.9391
72.8381
72.7351
72.6305
72.5245
72.4174
72.3097
72.2015
72.0934
71.9855
71.8783
71.7721
71.6672
71.5639
71.4625
71.3631
71.2661
71.1716
71.0798
70.9907
70.9045
70.8212
70.7409
70.6636
70.5892
70.5177
70.449
70.3831
70.3199
70.2593
70.2012
70.1455
70.0921
70.041
69.992
69.9451
69.9003
69.8575
69.8168
69.7781
69.7416
69.7071
69.6757
69.645
69.6274
74.9624
74.9355
74.9073
74.8745
74.8389
74.8014
74.7617
74.7194
74.6743
74.6264
74.5756
74.5218
74.4648
74.4046
74.3411
74.2742
74.2038
74.13
74.0526
73.9718
73.8874
73.7996
73.7084
73.6139
73.5163
73.4157
73.3123
73.2064
73.0981
72.9878
72.8757
72.7621
72.6475
72.5321
72.4163
72.3005
72.1851
72.0703
71.9566
71.8442
71.7336
71.6249
71.5185
71.4146
71.3134
71.2151
71.1198
71.0276
70.9386
70.8528
70.7703
70.691
70.615
70.542
70.4721
70.4052
70.3412
70.2799
70.2213
70.1651
70.1114
70.06
70.0108
69.9638
69.9188
69.8758
69.8348
69.7958
69.7587
69.7239
69.6909
69.6613
69.6317
69.617
75.3413
75.3065
75.2701
75.2285
75.1838
75.1368
75.087
75.0343
74.9783
74.9191
74.8566
74.7907
74.7213
74.6483
74.5716
74.4913
74.4073
74.3196
74.2282
74.1332
74.0348
73.9329
73.8277
73.7195
73.6084
73.4945
73.3783
73.2599
73.1398
73.0181
72.8952
72.7716
72.6476
72.5236
72.3999
72.2769
72.1551
72.0347
71.9161
71.7996
71.6856
71.5742
71.4657
71.3603
71.2581
71.1593
71.0639
70.9721
70.8838
70.7991
70.7179
70.6401
70.5657
70.4945
70.4266
70.3616
70.2996
70.2404
70.1838
70.1298
70.0781
70.0287
69.9815
69.9364
69.8932
69.852
69.8128
69.7754
69.74
69.7067
69.6752
69.6472
69.6186
69.6063
75.7362
75.6915
75.6447
75.5925
75.5366
75.4779
75.4161
75.3508
75.2819
75.2093
75.1331
75.0531
74.9692
74.8816
74.79
74.6946
74.5955
74.4925
74.386
74.2759
74.1624
74.0457
73.9261
73.8037
73.6788
73.5518
73.4229
73.2924
73.1608
73.0284
72.8956
72.7627
72.6303
72.4986
72.3681
72.2391
72.112
71.9872
71.8649
71.7454
71.629
71.516
71.4063
71.3003
71.1981
71.0996
71.005
70.9142
70.8272
70.744
70.6645
70.5886
70.5162
70.4471
70.3813
70.3185
70.2587
70.2016
70.1472
70.0953
70.0457
69.9983
69.9531
69.9098
69.8685
69.8291
69.7915
69.7558
69.7219
69.6901
69.6599
69.6335
69.6059
69.5957
76.1414
76.0846
76.0251
75.9598
75.8904
75.8178
75.7415
75.6614
75.5773
75.4893
75.3973
75.3012
75.2012
75.0971
74.9891
74.8773
74.7617
74.6426
74.5199
74.3941
74.2652
74.1335
73.9993
73.8629
73.7246
73.5848
73.4438
73.3021
73.1599
73.0178
72.876
72.7352
72.5955
72.4574
72.3214
72.1877
72.0567
71.9286
71.8038
71.6826
71.565
71.4513
71.3415
71.2358
71.1343
71.0369
70.9436
70.8545
70.7693
70.6881
70.6107
70.537
70.4669
70.4001
70.3366
70.2761
70.2186
70.1638
70.1116
70.0618
70.0143
69.9689
69.9256
69.8842
69.8447
69.807
69.771
69.7368
69.7044
69.6741
69.6452
69.6203
69.5935
69.5852
76.549
76.4773
76.4025
76.3215
76.2361
76.1471
76.0541
75.9569
75.8554
75.7499
75.6401
75.5263
75.4084
75.2867
75.1611
75.0319
74.8992
74.7633
74.6243
74.4826
74.3384
74.192
74.0438
73.8941
73.7433
73.5917
73.4398
73.288
73.1366
72.9861
72.8369
72.6893
72.5439
72.4009
72.2608
72.1238
71.9901
71.8602
71.7342
71.6123
71.4946
71.3812
71.2723
71.1678
71.0677
70.972
70.8808
70.7937
70.7108
70.632
70.557
70.4858
70.4181
70.3539
70.2928
70.2347
70.1795
70.127
70.077
70.0294
69.9839
69.9406
69.8991
69.8596
69.8218
69.7857
69.7513
69.7186
69.6876
69.6587
69.631
69.6075
69.5816
69.5748
76.9479
76.8586
76.7655
76.6662
76.5623
76.4544
76.3423
76.2259
76.1051
75.9803
75.8513
75.7185
75.5818
75.4415
75.2979
75.151
75.0012
74.8488
74.6939
74.537
74.3784
74.2184
74.0573
73.8956
73.7336
73.5718
73.4105
73.2501
73.0911
72.9339
72.7788
72.6263
72.4767
72.3304
72.1876
72.0487
71.9139
71.7834
71.6573
71.5358
71.419
71.307
71.1997
71.0971
70.9992
70.9059
70.817
70.7326
70.6523
70.5762
70.5039
70.4353
70.3703
70.3086
70.2501
70.1945
70.1417
70.0915
70.0437
69.9982
69.9547
69.9133
69.8737
69.8359
69.7998
69.7653
69.7324
69.7012
69.6715
69.6439
69.6174
69.5952
69.57
69.5647
77.3238
77.2139
77.0997
76.9796
76.8548
76.7258
76.5927
76.4554
76.314
76.1688
76.0198
75.8674
75.7118
75.5532
75.3918
75.228
75.062
74.8941
74.7247
74.5541
74.3827
74.2107
74.0386
73.8667
73.6954
73.5252
73.3564
73.1894
73.0247
72.8626
72.7034
72.5476
72.3955
72.2474
72.1036
71.9642
71.8294
71.6995
71.5746
71.4546
71.3397
71.2297
71.1248
71.0248
70.9296
70.8391
70.7531
70.6716
70.5943
70.521
70.4516
70.3859
70.3236
70.2646
70.2086
70.1555
70.1051
70.0572
70.0116
69.9682
69.9267
69.8872
69.8494
69.8133
69.7788
69.7459
69.7144
69.6845
69.6561
69.6298
69.6043
69.5834
69.5589
69.5549
77.6583
77.5252
77.3875
77.2443
77.0968
76.9454
76.7901
76.6312
76.4688
76.3031
76.1346
75.9634
75.7898
75.6141
75.4365
75.2575
75.0773
74.8961
74.7144
74.5323
74.3503
74.1687
73.9879
73.8081
73.6298
73.4533
73.2792
73.1076
72.9391
72.7739
72.6125
72.4552
72.3022
72.1539
72.0103
71.8718
71.7384
71.6103
71.4874
71.3699
71.2576
71.1505
71.0486
70.9517
70.8597
70.7724
70.6897
70.6113
70.5372
70.467
70.4006
70.3378
70.2783
70.222
70.1686
70.118
70.07
70.0243
69.9808
69.9394
69.8999
69.8622
69.8262
69.7917
69.7588
69.7273
69.6972
69.6686
69.6414
69.6162
69.5918
69.572
69.5482
69.5454
77.9291
77.771
77.6083
77.4409
77.27
77.0958
76.9187
76.7387
76.5564
76.3719
76.1855
75.9977
75.8086
75.6185
75.4277
75.2365
75.045
74.8536
74.6625
74.472
74.2823
74.0939
73.9069
73.7217
73.5388
73.3584
73.181
73.007
72.8367
72.6704
72.5085
72.3512
72.1989
72.0518
71.9099
71.7734
71.6425
71.5171
71.3972
71.2829
71.1739
71.0703
70.9719
70.8786
70.7901
70.7063
70.6271
70.5521
70.4813
70.4143
70.351
70.2911
70.2345
70.1809
70.1301
70.0819
70.0362
69.9928
69.9514
69.912
69.8744
69.8384
69.804
69.7711
69.7396
69.7095
69.6807
69.6534
69.6274
69.6033
69.5798
69.5612
69.5379
69.5362
78.1104
77.927
77.7393
77.5482
77.3549
77.1596
76.9627
76.7644
76.5652
76.3652
76.1649
75.9644
75.7639
75.5637
75.3638
75.1645
74.9658
74.768
74.5711
74.3755
74.1814
73.989
73.7986
73.6107
73.4255
73.2435
73.065
72.8904
72.7201
72.5544
72.3936
72.238
72.0877
71.943
71.804
71.6707
71.5432
71.4214
71.3053
71.1947
71.0897
70.9901
70.8956
70.8061
70.7215
70.6415
70.5658
70.4944
70.4269
70.3632
70.303
70.2461
70.1923
70.1414
70.0931
70.0474
70.004
69.9626
69.9233
69.8858
69.85
69.8157
69.7829
69.7515
69.7215
69.6927
69.6651
69.639
69.614
69.591
69.5684
69.5508
69.528
69.5274
78.1741
77.9673
77.7571
77.5452
77.333
77.1208
76.9088
76.6973
76.4867
76.2771
76.0687
75.8614
75.6554
75.4506
75.247
75.0445
74.8432
74.6432
74.4445
74.2473
74.0518
73.8583
73.6672
73.4788
73.2936
73.1119
72.9341
72.7608
72.5921
72.4286
72.2703
72.1176
71.9707
71.8296
71.6944
71.5652
71.4419
71.3244
71.2126
71.1065
71.0058
70.9105
70.8202
70.7349
70.6543
70.5781
70.5062
70.4384
70.3744
70.3139
70.2568
70.2028
70.1518
70.1036
70.0578
70.0144
69.9732
69.9339
69.8966
69.8609
69.8268
69.7942
69.7629
69.7329
69.7042
69.6766
69.6502
69.6252
69.6012
69.5792
69.5575
69.5408
69.5186
69.5189
78.0915
77.8664
77.6397
77.413
77.1886
76.9668
76.7477
76.5312
76.3175
76.1064
75.8979
75.6916
75.4872
75.2844
75.0831
74.8829
74.6838
74.4857
74.2887
74.093
73.899
73.7069
73.5172
73.3303
73.1468
72.9672
72.7918
72.6212
72.4556
72.2955
72.141
71.9924
71.8498
71.7133
71.5828
71.4583
71.3399
71.2272
71.1203
71.019
70.923
70.8322
70.7464
70.6654
70.5889
70.5167
70.4486
70.3843
70.3237
70.2665
70.2125
70.1614
70.1131
70.0674
70.0241
69.983
69.9439
69.9066
69.8711
69.8372
69.8048
69.7737
69.7439
69.7152
69.6878
69.6614
69.6361
69.6121
69.5891
69.5681
69.5471
69.5314
69.5096
69.5108
77.8364
77.6021
77.3689
77.1375
76.9114
76.6913
76.4764
76.2663
76.0606
75.8587
75.6599
75.4635
75.2688
75.0751
74.8819
74.6891
74.4963
74.3036
74.1112
73.9195
73.7289
73.5399
73.3533
73.1694
72.9891
72.8128
72.6411
72.4744
72.3131
72.1575
72.0078
71.8642
71.7268
71.5956
71.4705
71.3514
71.2383
71.1309
71.0292
70.9329
70.8419
70.7558
70.6746
70.5979
70.5256
70.4574
70.393
70.3324
70.2751
70.2211
70.1701
70.1219
70.0762
70.033
69.992
69.9531
69.916
69.8807
69.847
69.8148
69.7839
69.7543
69.7258
69.6985
69.6722
69.647
69.6227
69.5997
69.5776
69.5575
69.5372
69.5224
69.501
69.5031
77.387
77.1573
76.9325
76.7111
76.4985
76.2955
76.1002
75.9111
75.7271
75.5468
75.3688
75.1917
75.0145
74.8362
74.6563
74.4746
74.2911
74.106
73.9199
73.7334
73.5474
73.3626
73.1799
73
72.8238
72.6518
72.4847
72.3229
72.1668
72.0166
71.8726
71.7348
71.6032
71.4779
71.3587
71.2455
71.1381
71.0363
70.94
70.8489
70.7629
70.6817
70.605
70.5328
70.4646
70.4003
70.3398
70.2826
70.2287
70.1778
70.1297
70.0842
70.0411
70.0003
69.9616
69.9247
69.8896
69.8561
69.8241
69.7935
69.7641
69.7359
69.7087
69.6826
69.6574
69.6333
69.61
69.5879
69.5667
69.5474
69.5278
69.5138
69.4928
69.4956
76.7353
76.529
76.3326
76.141
75.9618
75.7956
75.6389
75.4882
75.3413
75.1956
75.049
74.8996
74.7459
74.5873
74.4234
74.2544
74.0809
73.9038
73.7241
73.5429
73.3615
73.181
73.0025
72.8271
72.6555
72.4885
72.3266
72.1704
72.0201
71.876
71.7382
71.6067
71.4815
71.3625
71.2494
71.1423
71.0408
70.9447
70.8539
70.7681
70.6871
70.6107
70.5386
70.4706
70.4066
70.3461
70.2892
70.2354
70.1847
70.1368
70.0915
70.0486
70.008
69.9695
69.9328
69.898
69.8647
69.833
69.8026
69.7735
69.7455
69.7185
69.6926
69.6676
69.6435
69.6204
69.598
69.5768
69.5563
69.5378
69.5188
69.5056
69.485
69.4886
75.9285
75.766
75.6205
75.4809
75.357
75.2488
75.1496
75.0535
74.9563
74.8547
74.7457
74.6273
74.4985
74.3592
74.2099
74.0518
73.8864
73.7152
73.5402
73.3629
73.1851
73.0082
72.8336
72.6623
72.4953
72.3333
72.1769
72.0264
71.8821
71.7441
71.6126
71.4873
71.3684
71.2555
71.1485
71.0472
70.9513
70.8607
70.775
70.6942
70.6179
70.5459
70.478
70.4141
70.3537
70.2968
70.2432
70.1925
70.1447
70.0995
70.0567
70.0162
69.9778
69.9413
69.9066
69.8736
69.842
69.8118
69.7828
69.7551
69.7283
69.7026
69.6777
69.6538
69.6306
69.6083
69.5868
69.5664
69.5466
69.5288
69.5104
69.4979
69.4776
69.4818
75.0559
74.9545
74.8794
74.8116
74.762
74.7288
74.7006
74.6684
74.6264
74.5705
74.4979
74.4074
74.299
74.1741
74.0346
73.8828
73.7214
73.553
73.38
73.2047
73.029
72.8547
72.6831
72.5154
72.3525
72.1951
72.0437
71.8985
71.7597
71.6275
71.5017
71.3822
71.2689
71.1616
71.06
70.9639
70.873
70.7872
70.7061
70.6296
70.5574
70.4893
70.4251
70.3646
70.3075
70.2536
70.2028
70.1549
70.1096
70.0667
70.0261
69.9876
69.9511
69.9164
69.8834
69.8518
69.8217
69.7928
69.7651
69.7385
69.7129
69.6881
69.6642
69.6412
69.6188
69.5973
69.5766
69.5568
69.5376
69.5205
69.5025
69.4907
69.4706
69.4755
74.1608
74.1355
74.1496
74.1727
74.2148
74.2702
74.3217
74.357
74.3694
74.3553
74.3132
74.2434
74.1484
74.0312
73.8955
73.7452
73.584
73.4153
73.2422
73.0671
72.8924
72.7197
72.5505
72.3859
72.2267
72.0734
71.9265
71.7862
71.6524
71.5253
71.4046
71.2903
71.182
71.0796
70.9828
70.8913
70.8048
70.7231
70.646
70.5733
70.5046
70.4399
70.3789
70.3213
70.267
70.2158
70.1675
70.1218
70.0786
70.0378
69.9991
69.9623
69.9275
69.8943
69.8626
69.8324
69.8035
69.7758
69.7492
69.7236
69.6989
69.675
69.652
69.6296
69.608
69.5872
69.5671
69.5479
69.5293
69.5127
69.4951
69.4839
69.464
69.4694
73.2665
73.3311
73.4542
73.5877
73.7376
73.8914
74.0263
74.1272
74.1882
74.2078
74.1871
74.1295
74.0399
73.9238
73.7868
73.6339
73.4699
73.2988
73.1239
72.9481
72.7735
72.6019
72.4346
72.2726
72.1166
71.9671
71.8242
71.6881
71.5588
71.4362
71.3201
71.2103
71.1065
71.0084
70.9157
70.8282
70.7455
70.6674
70.5937
70.5242
70.4586
70.3968
70.3385
70.2835
70.2316
70.1826
70.1364
70.0927
70.0513
70.0122
69.9751
69.9399
69.9064
69.8745
69.8441
69.815
69.7872
69.7605
69.7348
69.7101
69.6862
69.6631
69.6407
69.6191
69.5981
69.5779
69.5583
69.5396
69.5215
69.5053
69.4882
69.4774
69.4578
69.4636
72.3841
72.5527
72.8069
73.0717
73.3429
73.6002
73.8163
73.976
74.076
74.1188
74.1097
74.0557
73.9646
73.8443
73.7019
73.5436
73.3749
73.2
73.0226
72.8454
72.6705
72.4996
72.3338
72.1741
72.0209
71.8745
71.7352
71.6029
71.4775
71.3589
71.2468
71.1409
71.0409
70.9465
70.8574
70.7733
70.6939
70.6189
70.5482
70.4814
70.4184
70.3591
70.3031
70.2502
70.2004
70.1534
70.1089
70.0669
70.0272
69.9895
69.9538
69.9199
69.8876
69.8569
69.8275
69.7994
69.7725
69.7466
69.7218
69.6978
69.6746
69.6522
69.6304
69.6094
69.589
69.5692
69.5501
69.5319
69.5142
69.4985
69.4817
69.4714
69.4519
69.4581
71.5176
71.805
72.2157
72.6336
73.0356
73.395
73.6853
73.8933
74.0206
74.0759
74.0693
74.0116
73.9137
73.7853
73.635
73.4698
73.2953
73.116
72.9357
72.7568
72.5814
72.4109
72.2465
72.0886
71.9379
71.7943
71.6581
71.5291
71.4071
71.2919
71.1832
71.0807
70.984
70.8928
70.8068
70.7256
70.649
70.5767
70.5084
70.444
70.3833
70.326
70.272
70.221
70.173
70.1276
70.0847
70.0441
70.0057
69.9694
69.9348
69.902
69.8708
69.841
69.8125
69.7853
69.7592
69.7341
69.7099
69.6866
69.664
69.6421
69.621
69.6004
69.5805
69.5612
69.5425
69.5248
69.5074
69.4921
69.4756
69.4656
69.4464
69.453
70.6684
71.0899
71.6855
72.2779
72.8133
73.2676
73.6214
73.8652
74.0081
74.0662
74.0548
73.9881
73.8798
73.7412
73.5817
73.4087
73.2281
73.0444
72.861
72.6804
72.5045
72.3343
72.1709
72.0147
71.8661
71.725
71.5914
71.4652
71.3461
71.2339
71.1281
71.0285
70.9347
70.8462
70.7628
70.6841
70.6098
70.5398
70.4736
70.4113
70.3524
70.2969
70.2446
70.1953
70.1487
70.1047
70.0632
70.0239
69.9866
69.9513
69.9178
69.886
69.8556
69.8267
69.799
69.7725
69.7471
69.7226
69.6991
69.6763
69.6543
69.6329
69.6122
69.5922
69.5726
69.5538
69.5355
69.5181
69.501
69.486
69.4698
69.4602
69.4411
69.448
69.8399
70.4077
71.2197
72.0049
72.6679
73.2055
73.6102
73.8771
74.0251
74.0785
74.0569
73.978
73.8574
73.7076
73.5385
73.3577
73.1712
72.9832
72.7969
72.6147
72.4381
72.2682
72.1057
71.9509
71.804
71.665
71.5337
71.4099
71.2933
71.1836
71.0804
70.9832
70.8918
70.8056
70.7244
70.6478
70.5756
70.5074
70.4431
70.3825
70.3253
70.2713
70.2204
70.1725
70.1272
70.0844
70.044
70.0057
69.9695
69.9352
69.9025
69.8715
69.8419
69.8137
69.7867
69.7609
69.736
69.7122
69.6891
69.6669
69.6453
69.6244
69.6042
69.5845
69.5654
69.5468
69.5289
69.5118
69.495
69.4804
69.4644
69.4551
69.4361
69.4433
69.0401
69.7579
70.8212
71.8104
72.5871
73.1945
73.6372
73.9155
74.0605
74.1039
74.0689
73.9761
73.8425
73.6814
73.503
73.3149
73.1227
72.9308
72.7419
72.5581
72.381
72.2112
72.0494
71.8958
71.7504
71.6131
71.4838
71.362
71.2476
71.14
71.0389
70.9438
70.8544
70.7702
70.6909
70.6161
70.5456
70.4791
70.4163
70.3571
70.3013
70.2486
70.199
70.1522
70.108
70.0663
70.0268
69.9895
69.9541
69.9206
69.8887
69.8584
69.8295
69.8019
69.7756
69.7503
69.726
69.7026
69.68
69.6582
69.6371
69.6166
69.5967
69.5774
69.5586
69.5404
69.5227
69.5059
69.4894
69.475
69.4593
69.4503
69.4315
69.4389
68.281
69.1388
70.4924
71.6854
72.5569
73.2211
73.6893
73.9695
74.106
74.136
74.0861
73.9788
73.8324
73.6606
73.4735
73.2785
73.0814
72.8858
72.6945
72.5094
72.3317
72.162
72.0008
71.8481
71.704
71.5682
71.4405
71.3205
71.2078
71.102
71.0027
70.9094
70.8218
70.7392
70.6615
70.5883
70.5192
70.4541
70.3926
70.3347
70.28
70.2285
70.1799
70.1341
70.0908
70.05
70.0114
69.9749
69.9403
69.9074
69.8762
69.8465
69.8182
69.7912
69.7653
69.7405
69.7167
69.6938
69.6716
69.6502
69.6295
69.6093
69.5898
69.5707
69.5523
69.5344
69.5169
69.5004
69.4842
69.47
69.4545
69.4457
69.427
69.4347
67.5749
68.5494
70.2339
71.6166
72.5639
73.2731
73.7557
74.0309
74.1554
74.1705
74.1052
73.984
73.8255
73.6438
73.4487
73.2476
73.0459
72.8471
72.6537
72.4674
72.2892
72.1195
71.9588
71.8069
71.6639
71.5293
71.4029
71.2844
71.1732
71.069
70.9712
70.8794
70.7932
70.7121
70.6357
70.5638
70.4959
70.4319
70.3716
70.3147
70.2611
70.2105
70.1628
70.1179
70.0754
70.0354
69.9975
69.9617
69.9277
69.8955
69.8649
69.8357
69.8079
69.7814
69.756
69.7316
69.7082
69.6856
69.6639
69.6428
69.6224
69.6026
69.5833
69.5646
69.5463
69.5287
69.5115
69.4953
69.4792
69.4653
69.4499
69.4414
69.4229
69.4306
66.9254
67.9943
70.0454
71.5904
72.5969
73.3402
73.828
74.0941
74.2049
74.2047
74.1246
73.9902
73.8207
73.6299
73.4277
73.2212
73.0155
72.8139
72.6186
72.4312
72.2524
72.0828
71.9224
71.7712
71.629
71.4955
71.3703
71.2529
71.143
71.04
70.9435
70.853
70.768
70.6881
70.6129
70.5421
70.4753
70.4123
70.3529
70.2969
70.2441
70.1944
70.1475
70.1033
70.0616
70.0222
69.9849
69.9497
69.9163
69.8846
69.8545
69.8258
69.7985
69.7724
69.7474
69.7234
69.7003
69.6781
69.6567
69.6359
69.6158
69.5963
69.5773
69.5588
69.5408
69.5234
69.5065
69.4904
69.4746
69.4608
69.4456
69.4373
69.4189
69.4268
66.3221
67.4796
69.9144
71.5919
72.6471
73.4146
73.9009
74.1555
74.2521
74.2369
74.1429
73.9965
73.8171
73.6183
73.4098
73.1986
72.9893
72.7852
72.5883
72.3999
72.2207
72.051
71.8908
71.7402
71.5987
71.466
71.3417
71.2254
71.1165
71.0146
70.9192
70.8298
70.7458
70.6669
70.5927
70.5228
70.4569
70.3948
70.3362
70.281
70.2289
70.1799
70.1337
70.0901
70.049
70.0102
69.9735
69.9388
69.9059
69.8747
69.845
69.8167
69.7898
69.7641
69.7394
69.7158
69.6931
69.6712
69.65
69.6295
69.6097
69.5904
69.5717
69.5534
69.5357
69.5185
69.5017
69.4859
69.4702
69.4566
69.4416
69.4334
69.4152
69.4232
65.7404
67.0537
69.842
71.6119
72.7067
73.4899
73.9706
74.213
74.2956
74.2663
74.1598
74.0026
73.8143
73.6085
73.3945
73.1791
72.9668
72.7605
72.562
72.3727
72.1931
72.0233
71.8634
71.7131
71.5722
71.4402
71.3167
71.2012
71.0933
70.9923
70.8978
70.8092
70.7261
70.6481
70.5747
70.5056
70.4405
70.3791
70.3212
70.2666
70.2152
70.1668
70.1212
70.0781
70.0376
69.9993
69.9631
69.9288
69.8963
69.8655
69.8363
69.8084
69.7818
69.7564
69.7321
69.7088
69.6863
69.6647
69.6438
69.6236
69.604
69.5849
69.5664
69.5484
69.5308
69.5138
69.4973
69.4816
69.4661
69.4527
69.4378
69.4297
69.4116
69.4198
65.0574
66.6827
69.7951
71.646
72.7719
73.5623
74.035
74.2653
74.3347
74.2927
74.1748
74.0082
73.8121
73.6001
73.3814
73.1623
72.9472
72.739
72.5393
72.3492
72.1691
71.9992
71.8395
71.6895
71.549
71.4176
71.2948
71.18
71.0727
70.9725
70.8787
70.7909
70.7086
70.6313
70.5586
70.4902
70.4257
70.3649
70.3077
70.2537
70.2028
70.1549
70.1098
70.0673
70.0272
69.9893
69.9535
69.9197
69.8876
69.8572
69.8282
69.8007
69.7744
69.7493
69.7253
69.7022
69.68
69.6587
69.638
69.618
69.5986
69.5798
69.5615
69.5436
69.5263
69.5094
69.4931
69.4775
69.4622
69.4489
69.4342
69.4263
69.4083
69.4166
64.4419
66.5669
69.7667
71.6774
72.8363
73.6292
74.0931
74.3119
74.3691
74.3158
74.188
74.013
73.8103
73.5929
73.37
73.1477
72.9303
72.7204
72.5195
72.3287
72.1482
71.9782
71.8185
71.6688
71.5287
71.3977
71.2754
71.1612
71.0545
70.9549
70.8618
70.7747
70.693
70.6163
70.5442
70.4763
70.4124
70.3522
70.2954
70.2419
70.1916
70.1441
70.0995
70.0573
70.0176
69.9802
69.9448
69.9113
69.8795
69.8494
69.8208
69.7936
69.7676
69.7427
69.719
69.6962
69.6742
69.6531
69.6326
69.6128
69.5936
69.575
69.5569
69.5392
69.522
69.5053
69.4891
69.4737
69.4585
69.4454
69.4308
69.423
69.4052
69.4135
)
;

boundaryField
{
    inlet
    {
        type            freestreamPressure;
        value           nonuniform List<scalar> 
230
(
67.0346
67.0366
67.0397
67.0438
67.048
67.0523
67.0568
67.0616
67.0666
67.0719
67.0775
67.0834
67.0896
67.0961
67.1031
67.1104
67.1181
67.1262
67.1348
67.1439
67.1535
67.1636
67.1743
67.1856
67.1976
67.2103
67.2237
67.2379
67.2529
67.2688
67.2856
67.3034
67.3222
67.3421
67.3631
67.3853
67.4087
67.4335
67.4596
67.4871
67.516
67.5465
67.5784
67.6119
67.6469
67.6835
67.7217
67.7613
67.8024
67.845
67.8888
67.9338
67.9798
68.0267
68.0743
68.1224
68.1707
68.219
68.2669
68.3142
68.3604
68.4054
68.4486
68.4897
68.5284
68.5642
68.5967
68.6256
68.6504
68.6708
68.6861
68.6977
68.7001
68.7154
68.6762
68.2691
67.9173
67.6196
67.3738
67.1746
67.0162
66.8929
66.7995
66.7311
66.6838
66.6538
66.6382
66.6341
66.6392
66.6512
66.668
66.6879
66.7094
66.7316
66.7535
66.7749
66.7956
66.8155
66.8347
66.853
66.8703
66.8867
66.9021
66.9167
66.9303
66.9432
66.9552
66.9665
66.9771
66.9871
66.9964
67.0052
67.0135
67.0212
67.0288
69.124
69.5446
69.9206
70.2483
70.5297
70.7688
70.9701
71.1383
71.2781
71.3936
71.4886
71.5664
71.6297
71.681
71.7222
71.7551
71.7811
71.8015
71.8172
71.829
71.8377
71.8439
71.8481
71.8507
71.852
71.8522
71.8517
71.8506
71.8491
71.8472
71.845
71.8427
71.8403
71.8378
71.8353
71.8329
71.8304
71.828
71.8257
71.8234
71.8212
71.8194
71.8183
71.8172
71.8159
71.8146
71.8131
71.8115
71.8098
71.808
71.806
71.8039
71.8016
71.7992
71.7965
71.7936
71.7905
71.7871
71.7835
71.7795
71.7752
71.7705
71.7655
71.76
71.754
71.7475
71.7404
71.7327
71.7244
71.7153
71.7054
71.6947
71.683
71.6703
71.6565
71.6415
71.6252
71.6075
71.5884
71.5676
71.5452
71.5209
71.4947
71.4665
71.4362
71.4036
71.3688
71.3315
71.2918
71.2496
71.2049
71.1576
71.1079
71.0558
71.0013
70.9445
70.8858
70.8251
70.7628
70.6992
70.6344
70.5689
70.5028
70.4367
70.3708
70.3054
70.2409
70.1777
70.1161
70.0565
69.9992
69.945
69.8934
69.8483
69.8002
)
;
    }
    outlet
    {
        type            freestreamPressure;
        value           nonuniform List<scalar> 
96
(
69.4105
69.4074
69.4041
69.4006
69.3969
69.393
69.3888
69.3844
69.3798
69.3748
69.3696
69.364
69.3581
69.3519
69.3454
69.3385
69.3312
69.3235
69.3156
69.3073
69.2987
69.2898
69.2807
69.2716
69.2625
69.2536
69.2454
69.2383
69.2333
69.2321
69.2364
69.2455
69.2505
69.2305
69.1632
69.0472
68.9158
68.8183
68.7798
68.7855
68.8026
68.809
68.8012
68.7856
68.7687
68.751
68.7381
68.7154
69.8002
69.7924
69.7777
69.7605
69.7431
69.7269
69.7129
69.7016
69.6926
69.6851
69.6782
69.6714
69.664
69.6559
69.6471
69.6375
69.6274
69.617
69.6063
69.5957
69.5852
69.5748
69.5647
69.5549
69.5454
69.5362
69.5274
69.5189
69.5108
69.5031
69.4956
69.4886
69.4818
69.4755
69.4694
69.4636
69.4581
69.453
69.448
69.4433
69.4389
69.4347
69.4306
69.4268
69.4232
69.4198
69.4166
69.4135
)
;
    }
    walls
    {
        type            zeroGradient;
    }
    frontAndBack
    {
        type            empty;
    }
}


// ************************************************************************* //
