/*--------------------------------*- C++ -*----------------------------------*\
| =========                 |                                                 |
| \\      /  F ield         | OpenFOAM: The Open Source CFD Toolbox           |
|  \\    /   O peration     | Version:  5.x                                   |
|   \\  /    A nd           | Web:      www.OpenFOAM.org                      |
|    \\/     M anipulation  |                                                 |
\*---------------------------------------------------------------------------*/
FoamFile
{
    version     2.0;
    format      ascii;
    class       volScalarField;
    location    "950";
    object      p;
}
// * * * * * * * * * * * * * * * * * * * * * * * * * * * * * * * * * * * * * //

dimensions      [0 2 -2 0 0 0 0];

internalField   nonuniform List<scalar> 
11040
(
-0.000190395
-53.7866
-181.631
-216.397
-228.117
-235.299
-236.155
-230.658
-220.658
-206.755
-188.707
-161.045
-134.436
-115.437
-102.081
-87.8494
-73.4152
-59.7858
-46.8831
-34.4366
-22.407
-12.0357
-3.38504
4.68741
12.2186
19.2143
25.6648
31.5552
36.8529
41.504
45.4411
48.6173
51.0527
52.8267
54.0893
54.9349
55.1817
54.8697
54.9345
57.0776
56.954
19.1701
-32.8879
-115.261
-157.442
-179.684
-196.022
-205.664
-207.892
-204.102
-195.237
-181.432
-158.461
-134.295
-115.627
-101.982
-87.9138
-73.6407
-60.0792
-47.2157
-34.7997
-22.7879
-12.438
-3.7674
4.3246
11.8767
18.8969
25.3766
31.3016
36.6372
41.3273
45.306
48.5269
51.0013
52.7982
54.0765
54.9495
55.2262
54.8915
54.7305
56.3254
55.8967
31.9311
-18.6045
-77.9561
-127.331
-156.856
-176.439
-188.637
-193.305
-191.692
-184.884
-173.445
-154.382
-132.557
-114.331
-100.637
-87.0944
-73.2216
-59.8659
-47.1446
-34.8424
-22.9123
-12.6014
-3.95067
4.12802
11.6734
18.6937
25.1807
31.1196
36.4745
41.1897
45.2006
48.4582
50.9662
52.7896
54.0835
54.9775
55.2826
54.966
54.7196
55.8785
55.253
40.777
-4.4194
-48.9035
-94.0041
-125.448
-147.801
-163.724
-172.599
-174.835
-171.443
-163.261
-148.303
-129.4
-112.203
-98.6873
-85.7334
-72.3803
-59.3369
-46.8378
-34.714
-22.9152
-12.6885
-4.08653
3.96036
11.4851
18.4947
24.981
30.9279
36.299
41.0391
45.0839
48.3818
50.9308
52.7894
54.1017
55.0052
55.3294
55.0331
54.7442
55.6164
55.1026
47.6701
8.91608
-25.6436
-64.2586
-95.8798
-120.089
-138.48
-150.554
-156.204
-156.147
-151.253
-140.362
-124.86
-109.239
-96.125
-83.7864
-71.0799
-58.4753
-46.2881
-34.4184
-22.8182
-12.7274
-4.20704
3.78031
11.2613
18.2412
24.7121
30.6565
36.038
40.8023
44.8857
48.235
50.8417
52.7548
54.1015
55.0169
55.3622
55.0993
54.7846
55.5191
55.3235
52.8727
20.551
-7.01869
-39.0724
-68.3867
-92.6244
-112.249
-126.722
-135.457
-138.722
-137.219
-130.356
-118.563
-105.073
-92.7541
-81.143
-69.2184
-57.1938
-45.4204
-33.8876
-22.5604
-12.6586
-4.2634
3.62595
11.0301
17.9518
24.3831
30.3056
35.6833
40.4634
44.5842
47.992
50.6714
52.6602
54.0636
55.0051
55.3865
55.1904
54.8879
55.582
55.7236
56.7861
30.2826
7.9035
-18.3136
-43.9581
-66.7061
-86.2634
-101.992
-113.031
-119.229
-120.987
-117.984
-110.066
-99.289
-88.3183
-77.6596
-66.6691
-55.3868
-44.156
-33.0603
-22.0915
-12.4436
-4.2263
3.52034
10.8085
17.6366
23.9966
29.8699
35.2217
40.0024
44.1534
47.6221
50.3868
52.4733
53.9619
54.9578
55.4054
55.3224
55.0959
55.7911
56.2484
59.7281
38.1617
19.8294
-1.47708
-23.0909
-43.3435
-61.7171
-77.5336
-89.8669
-98.2691
-102.824
-103.278
-99.1372
-91.4801
-82.4416
-73.0797
-63.2294
-52.8893
-42.3702
-31.8399
-21.3382
-12.0281
-4.0535
3.49573
10.6196
17.3101
23.558
29.3451
34.6392
39.395
43.5595
47.0835
49.9408
52.1455
53.7535
54.8483
55.4129
55.5019
55.4259
56.1718
56.8946
61.924
44.396
29.3056
12.0222
-5.79405
-23.1161
-39.5302
-54.438
-67.0145
-76.6894
-83.3081
-86.5805
-85.8257
-81.3964
-74.7568
-67.0927
-58.6422
-49.4801
-39.8844
-30.0853
-20.186
-11.3162
-3.66353
3.61832
10.5169
17.0154
23.101
28.7552
33.9485
38.6415
42.789
46.3479
49.2919
51.6259
53.3858
54.6353
55.3862
55.7236
55.8839
56.7614
57.6534
63.5339
49.2524
36.7906
22.7684
8.262
-6.14834
-20.2369
-33.5689
-45.5017
-55.4992
-63.2879
-68.5464
-70.518
-69.079
-65.0504
-59.4279
-52.6515
-44.913
-36.4805
-27.6174
-18.4882
-10.1828
-2.94695
3.98182
10.5807
16.8229
22.6887
28.1571
33.2003
37.7846
41.8728
45.4309
48.4363
50.8909
52.8195
54.2714
55.2784
55.9457
56.435
57.5314
58.5221
64.6857
52.9986
42.6788
31.2872
19.5452
7.76392
-3.98165
-15.429
-26.1232
-35.654
-43.7423
-50.0808
-53.9392
-54.9366
-53.3911
-49.9592
-45.0664
-38.9684
-31.9321
-24.2288
-16.0679
-8.47771
-1.77212
4.70199
10.9126
16.8233
22.4046
27.6304
32.4728
36.9018
40.8871
44.4025
47.4319
49.9788
52.0661
53.7372
55.0354
56.0772
56.9599
58.3318
59.4519
65.486
55.8744
47.3061
38.0322
28.5464
19.0079
9.40326
-0.13465
-9.31496
-17.8633
-25.5626
-32.1601
-37.0319
-39.7135
-40.2041
-38.8283
-35.8601
-31.5239
-26.06
-19.7205
-12.7302
-6.02292
0.0207894
5.92322
11.6422
17.133
22.3547
27.2741
31.8615
36.0884
39.929
43.3627
46.3788
48.983
51.1997
53.0702
54.6419
56.031
57.296
58.9291
60.2633
66.0266
58.084
50.9536
43.3843
35.7175
28.0294
20.265
12.4769
4.83455
-2.49047
-9.36537
-15.6114
-20.745
-24.3334
-26.2234
-26.5028
-25.2689
-22.6477
-18.8122
-13.9635
-8.30726
-2.64082
2.60616
7.81371
12.929
17.9001
22.6759
27.2151
31.4847
35.4562
39.106
42.4168
45.3807
48.0042
50.3111
52.3378
54.1275
55.7808
57.3428
59.1426
60.7246
66.3838
59.7937
53.8493
47.6547
41.4473
35.258
29.0185
22.738
16.5086
10.4295
4.56832
-0.967064
-5.82943
-9.67316
-12.3087
-13.6973
-13.8092
-12.6636
-10.345
-6.98079
-2.72738
1.79079
6.13052
10.5347
14.942
19.2947
23.534
27.6121
31.4924
35.1452
38.5471
41.6821
44.5427
47.1342
49.4763
51.5968
53.5288
55.3458
57.0874
58.9398
60.6643
66.6164
61.1322
56.1714
51.0895
46.0522
41.0663
36.0641
31.034
26.0232
21.0839
16.2477
11.5661
7.27387
3.62187
0.776018
-1.18256
-2.16416
-2.11657
-1.04647
0.993387
3.90971
7.26508
10.6461
14.1816
17.8071
21.4639
25.0892
28.6307
32.0492
35.3143
38.4021
41.2958
43.9864
46.4755
48.7769
50.908
52.889
54.7666
56.5701
58.3889
60.1091
66.778
62.206
58.0635
53.8841
49.7856
45.7621
41.7518
37.7354
33.7352
29.7767
25.8707
22.0363
18.4253
15.2088
12.5098
10.4065
8.99757
8.36317
8.54267
9.53877
11.3154
13.6065
16.0626
18.7326
21.5574
24.4822
27.4466
30.3986
33.2981
36.1138
38.8214
41.4032
43.8481
46.153
48.3246
50.3702
52.298
54.1344
55.8967
57.6223
59.2534
66.9272
63.113
59.6538
56.2097
52.8669
49.6121
46.3916
43.1846
40.0003
36.8502
33.7342
30.657
27.7126
25.0141
22.6452
20.6651
19.1565
18.1972
17.8416
18.1211
19.0375
20.4562
22.1079
23.9956
26.0712
28.2884
30.5948
32.9437
35.2977
37.6269
39.9069
42.1192
44.2503
46.2933
48.2489
50.1168
51.8967
53.6015
55.2388
56.8209
58.319
67.0592
63.8453
60.9257
58.0505
55.287
52.6167
49.9929
47.3968
44.8316
42.3019
39.8042
37.338
34.9624
32.7501
30.7563
29.0225
27.6098
26.581
25.9871
25.8663
26.2373
27.0469
28.0989
29.3767
30.8447
32.4669
34.2014
36.0095
37.8593
39.7241
41.5817
43.4139
45.2066
46.9503
48.6417
50.2755
51.8469
53.361
54.82
56.225
57.5633
67.1662
64.4165
61.9143
59.4739
57.149
54.918
52.7405
50.5998
48.496
46.4302
44.3977
42.3959
40.4645
38.652
36.9946
35.5208
34.2743
33.302
32.6453
32.3389
32.4054
32.8344
33.4841
34.3332
35.3571
36.5289
37.8162
39.1887
40.6205
42.0893
43.5757
45.0635
46.539
47.9922
49.4175
50.8078
52.1559
53.4629
54.7277
55.9464
57.1138
67.2638
64.8813
62.7101
60.6097
58.6242
56.7305
54.8935
53.0986
51.3443
49.63
47.9509
46.3041
44.7171
43.2234
41.8471
40.6078
39.5367
38.6679
38.0329
37.66
37.5699
37.7721
38.1627
38.7219
39.4334
40.2771
41.2287
42.2649
43.3654
44.5122
45.6892
46.8823
48.0795
49.2711
50.4511
51.6118
52.7456
53.8516
54.927
55.9666
56.9678
67.3572
65.2717
63.3689
61.5413
59.8254
58.1981
56.6284
55.1035
53.6211
52.18
50.7754
49.4044
48.0869
46.8469
45.7007
44.6616
43.7523
42.9973
42.42
42.0422
41.881
41.9533
42.181
42.5478
43.0434
43.6525
44.3569
45.1389
45.9829
46.8747
47.8012
48.7507
49.7131
50.6797
51.6447
52.6008
53.5412
54.4639
55.3656
56.2409
57.0883
67.4484
65.6079
63.9268
62.3223
60.8253
59.4126
58.0571
56.7475
55.4812
54.2563
53.0687
51.9157
50.8117
49.7745
48.8153
47.9433
47.175
46.5283
46.0201
45.6668
45.4816
45.483
45.6103
45.8511
46.1988
46.6419
47.1663
47.7588
48.4074
49.1008
49.8288
50.5819
51.3515
52.1306
52.9138
53.6947
54.4674
55.2298
55.9784
56.7086
57.4186
67.5379
65.9024
64.407
62.988
61.6714
60.4348
59.254
58.1193
57.0278
55.9772
54.964
53.9857
53.0531
52.1793
51.3725
50.6388
49.9903
49.4402
49.0006
48.6839
48.4995
48.465
48.5316
48.6903
48.9372
49.2632
49.6572
50.1094
50.6103
51.1513
51.7242
52.3214
52.936
53.5622
54.1953
54.8301
55.4615
56.0876
56.7052
57.3104
57.9012
67.6256
66.1634
64.8255
63.5626
62.3968
61.3068
60.2707
59.2801
58.332
57.424
56.553
55.7166
54.9231
54.1823
53.5
52.8807
52.3328
51.8663
51.49
51.2127
51.0414
50.991
51.0218
51.1274
51.3054
51.5486
51.8482
52.1965
52.5863
53.0107
53.4634
53.9382
54.4296
54.9329
55.4443
55.9594
56.4741
56.9867
57.4943
57.9939
58.4832
67.711
66.3969
65.1937
64.0636
63.0254
62.0586
61.1438
60.2735
59.4446
58.6548
57.901
57.1814
56.502
55.8703
55.2906
54.7658
54.3022
53.907
53.5866
53.3474
53.1941
53.1394
53.1496
53.2208
53.3516
53.5359
53.7667
54.038
54.344
54.6795
55.0392
55.4184
55.8127
56.2182
56.6319
57.05
57.4695
57.8888
58.3055
58.7173
59.1215
67.7937
66.607
65.5202
64.504
63.5745
62.7124
61.9004
61.1315
60.4027
59.7118
59.0559
58.4333
57.8485
57.3072
56.8124
56.3662
55.973
55.6381
55.3662
55.1617
55.0278
54.9747
54.9738
55.0227
55.1208
55.2629
55.4433
55.657
55.8998
56.1671
56.455
56.7596
57.0775
57.4054
57.7411
58.0813
58.4238
58.7672
59.1095
59.4489
59.7826
67.8734
66.7971
65.8112
64.8934
64.0574
63.2851
62.5608
61.8781
61.2343
60.627
60.0534
59.5121
59.0064
58.5405
58.1166
57.736
57.4018
57.1178
56.8874
56.7136
56.5985
56.5501
56.5437
56.5782
56.6534
56.7649
56.9079
57.0783
57.2728
57.4878
57.72
57.9663
58.224
58.4906
58.764
59.0419
59.3223
59.6042
59.8859
60.166
60.4418
67.9497
66.9696
66.0717
65.2394
64.4843
63.7894
63.1405
62.5319
61.9607
61.4245
60.9209
60.4484
60.0093
59.6068
59.2423
58.9167
58.6321
58.3911
58.196
58.049
57.9511
57.9086
57.9001
57.9253
57.9843
58.0733
58.1882
58.3258
58.4831
58.6576
58.8463
59.0469
59.2572
59.475
59.6989
59.9268
60.1573
60.3895
60.6219
60.8537
61.0819
68.0224
67.1264
66.3057
65.548
64.8633
64.2356
63.652
63.1072
62.5985
62.1234
61.6796
61.2656
60.883
60.5342
60.22
59.9407
59.6979
59.4932
59.3281
59.2041
59.1216
59.0853
59.0766
59.0957
59.1431
59.2153
59.3089
59.4212
59.5499
59.6926
59.8473
60.0118
60.1844
60.3635
60.5478
60.7356
60.9258
61.1178
61.3102
61.5026
61.692
68.0914
67.2691
66.5163
65.824
65.2008
64.6316
64.1049
63.6155
63.1609
62.7385
62.3461
61.9823
61.6481
61.3449
61.0734
60.8334
60.6259
60.452
60.3124
60.208
60.139
60.1088
60.1008
60.1161
60.155
60.2146
60.2918
60.3844
60.4906
60.6084
60.736
60.8719
61.0145
61.1626
61.315
61.4706
61.6283
61.7876
61.9476
62.1077
62.2654
68.1565
67.399
66.7061
66.0713
65.502
64.9841
64.507
64.066
63.6584
63.2818
62.9339
62.6134
62.3206
62.0567
61.8216
61.615
61.4376
61.2897
61.1718
61.0843
61.0268
61.0022
60.9956
61.0084
61.041
61.0908
61.1553
61.2325
61.3208
61.4188
61.525
61.6379
61.7564
61.8795
62.0063
62.1357
62.267
62.3998
62.5332
62.667
62.7986
68.2177
67.5173
66.8772
66.293
65.7711
65.2983
64.8647
64.4661
64.0997
63.7629
63.4539
63.1708
62.9139
62.6836
62.4798
62.3019
62.15
62.0244
61.9249
61.8518
61.8044
61.7847
61.7797
61.7909
61.8188
61.8611
61.9154
61.9804
62.0545
62.1366
62.2254
62.3199
62.4189
62.5218
62.6277
62.7358
62.8456
62.9567
63.0684
63.1806
63.2907
68.2749
67.6249
67.0314
66.492
66.0118
65.5786
65.1834
64.822
64.4917
64.1899
63.9147
63.6643
63.4385
63.2374
63.0606
62.9073
62.7774
62.6707
62.587
62.5261
62.4873
62.472
62.4686
62.4789
62.5031
62.5394
62.5858
62.6408
62.7035
62.7727
62.8475
62.9269
63.0101
63.0964
63.1853
63.2761
63.3682
63.4614
63.5552
63.6495
63.742
68.3283
67.7225
67.1703
66.6703
66.2269
65.8287
65.4673
65.1387
64.8402
64.5693
64.3237
64.1019
63.9032
63.7275
63.5741
63.4421
63.331
63.2406
63.1704
63.1201
63.0887
63.0772
63.0754
63.085
63.1065
63.138
63.1779
63.225
63.2783
63.3371
63.4004
63.4674
63.5377
63.6104
63.6853
63.7617
63.8393
63.9178
63.9968
64.0762
64.154
68.3776
67.8108
67.295
66.8298
66.4189
66.0516
65.7201
65.4205
65.1501
64.9063
64.687
64.4902
64.3154
64.1618
64.0288
63.9152
63.8205
63.7441
63.6855
63.6441
63.619
63.6109
63.6106
63.6199
63.6392
63.6668
63.7014
63.7419
63.7876
63.8377
63.8916
63.9485
64.008
64.0696
64.1328
64.1974
64.2629
64.3291
64.3958
64.4629
64.5284
68.4232
67.8904
67.4066
66.9722
66.5899
66.2498
65.9448
65.6709
65.4254
65.2057
65.0095
64.8349
64.681
64.5469
64.4316
64.3341
64.2536
64.1894
64.1408
64.1072
64.0876
64.0823
64.0835
64.0926
64.1102
64.1348
64.165
64.2002
64.2395
64.2825
64.3286
64.3771
64.4277
64.4799
64.5336
64.5882
64.6437
64.6997
64.756
64.8128
64.8681
68.4648
67.9618
67.5061
67.0986
66.7415
66.4255
66.1438
65.8928
65.6694
65.4711
65.2954
65.1404
65.005
64.8881
64.7885
64.7051
64.637
64.5833
64.5433
64.5164
64.5015
64.4988
64.5011
64.5102
64.5264
64.5484
64.5751
64.6057
64.6398
64.6769
64.7164
64.7579
64.8011
64.8456
64.8912
64.9375
64.9845
65.032
65.0797
65.1278
65.1745
68.5027
68.0254
67.5942
67.2102
66.8752
66.5804
66.3194
66.0886
65.8849
65.7056
65.5483
65.4108
65.2918
65.1901
65.1043
65.0333
64.9761
64.9317
64.8993
64.8782
64.8675
64.8671
64.8707
64.88
64.8951
64.9151
64.9389
64.9659
64.9957
65.0278
65.0619
65.0975
65.1345
65.1725
65.2113
65.2507
65.2906
65.3309
65.3713
65.412
65.4514
68.5368
68.0815
67.6714
67.3079
66.9921
66.7159
66.4733
66.2605
66.0743
65.912
65.771
65.6491
65.5448
65.4566
65.3831
65.3231
65.2754
65.2391
65.2134
65.1974
65.1902
65.1916
65.1963
65.2057
65.22
65.2382
65.2595
65.2833
65.3094
65.3374
65.3669
65.3976
65.4294
65.4619
65.495
65.5286
65.5626
65.5967
65.631
65.6655
65.6988
68.5672
68.1305
67.7384
67.3924
67.0932
66.8333
66.6068
66.4099
66.2394
66.0924
65.966
65.8581
65.7669
65.6908
65.6284
65.5782
65.5391
65.5102
65.4904
65.4791
65.4753
65.4787
65.4847
65.4945
65.5083
65.5253
65.5448
65.5662
65.5894
65.614
65.6397
65.6664
65.6937
65.7216
65.75
65.7786
65.8075
65.8365
65.8655
65.8947
65.9228
68.594
68.1724
67.7955
67.4643
67.1794
66.9335
66.7212
66.5384
66.3819
66.2484
66.1353
66.04
65.9606
65.8954
65.8428
65.8014
65.7699
65.7474
65.7327
65.7253
65.7242
65.7291
65.736
65.746
65.7592
65.775
65.7927
65.812
65.8326
65.8543
65.8768
65.9
65.9237
65.9478
65.9721
65.9967
66.0213
66.046
66.0706
66.0953
66.119
68.617
68.2076
67.8428
67.524
67.251
67.0173
66.8173
66.647
66.5029
66.3817
66.2804
66.1965
66.1279
66.0726
66.0291
65.9958
65.9715
65.9552
65.9457
65.9425
65.9445
65.9515
65.9598
65.9707
65.9841
65.9995
66.0163
66.0341
66.0529
66.0724
66.0924
66.1127
66.1334
66.1542
66.1751
66.1961
66.2171
66.238
66.2588
66.2797
66.2996
68.6364
68.2357
67.8804
67.5714
67.3083
67.0848
66.8955
66.7363
66.6033
66.4931
66.4026
66.3291
66.2702
66.224
66.1886
66.1625
66.1443
66.1329
66.1275
66.1272
66.1312
66.1393
66.1484
66.1595
66.1726
66.1871
66.2027
66.2191
66.2361
66.2535
66.2713
66.2893
66.3075
66.3257
66.3439
66.362
66.3801
66.3981
66.4158
66.4336
66.4504
68.6521
68.2573
67.9087
67.607
67.3516
67.1364
66.9562
66.8065
66.6835
66.5833
66.5027
66.4387
66.3889
66.3512
66.3238
66.3051
66.2937
66.2884
66.2883
66.2924
66.3
66.3107
66.322
66.3347
66.3487
66.3637
66.3793
66.3952
66.4113
66.4276
66.4438
66.4601
66.4762
66.4922
66.508
66.5235
66.5389
66.5541
66.569
66.5838
66.5979
68.6645
68.2731
67.929
67.6325
67.3827
67.1739
67.0009
66.8591
66.7445
66.653
66.5812
66.5259
66.4844
66.4544
66.4337
66.4206
66.4138
66.4121
66.4147
66.4209
66.43
66.4415
66.4534
66.4663
66.4802
66.4947
66.5095
66.5245
66.5395
66.5545
66.5694
66.5841
66.5986
66.6129
66.6269
66.6407
66.6542
66.6675
66.6805
66.6933
66.7055
68.6734
68.2822
67.94
67.6467
67.4008
67.197
67.03
66.895
66.7876
66.7037
66.6396
66.5922
66.5587
66.5368
66.5244
66.5197
66.521
66.527
66.5365
66.5485
66.5624
66.5776
66.5928
66.6084
66.6242
66.6402
66.6559
66.6713
66.6864
66.701
66.7153
66.7291
66.7424
66.7553
66.7678
66.7798
66.7914
66.8025
66.8134
66.8238
66.8338
68.6774
68.2802
67.9352
67.6415
67.3971
67.197
67.0353
66.9069
66.8068
66.7307
66.6743
66.6342
66.6072
66.5908
66.5827
66.5811
66.5848
66.5925
66.6036
66.6172
66.6324
66.6484
66.6642
66.6802
66.6962
66.7121
66.7275
66.7426
66.7571
66.7712
66.7847
66.7977
66.8101
66.822
66.8335
66.8444
66.8548
66.8649
66.8745
66.8837
66.8927
68.6761
68.269
67.9172
67.6195
67.3737
67.1746
67.0162
66.8929
66.7994
66.7311
66.6837
66.6538
66.6381
66.6341
66.6392
66.6511
66.668
66.6878
66.7094
66.7315
66.7534
66.7749
66.7955
66.8154
66.8346
66.8529
66.8702
66.8866
66.9021
66.9166
66.9303
66.9431
66.9551
66.9664
66.977
66.987
66.9963
67.0051
67.0134
67.0212
67.0288
62.3367
66.4099
69.7664
71.7164
72.901
73.694
74.1488
74.3562
74.4017
74.3374
74.2003
74.0175
73.8085
73.5861
73.3593
73.134
72.9145
72.703
72.501
72.3095
72.1287
71.9585
71.7988
71.6493
71.5095
71.379
71.2571
71.1434
71.0374
70.9383
70.8458
70.7592
70.6781
70.602
70.5305
70.4632
70.3998
70.34
70.2837
70.2307
70.1808
70.1338
70.0895
70.0478
70.0085
69.9714
69.9363
69.9032
69.8717
69.8419
69.8136
69.7866
69.7609
69.7364
69.7128
69.6902
69.6685
69.6476
69.6274
69.6078
69.5888
69.5703
69.5523
69.5348
69.5178
69.5013
69.4852
69.47
69.4549
69.4419
69.4274
69.4197
69.4021
69.4104
61.727
66.1252
69.6249
71.7157
72.9643
73.7661
74.2119
74.4062
74.4382
74.3616
74.214
74.0225
73.8064
73.5786
73.3475
73.1191
72.8972
72.684
72.4809
72.2886
72.1074
71.9372
71.7776
71.6284
71.489
71.3589
71.2376
71.1245
71.019
70.9206
70.8288
70.7429
70.6624
70.5869
70.516
70.4493
70.3864
70.3272
70.2715
70.2189
70.1695
70.1229
70.0791
70.0378
69.9989
69.9622
69.9275
69.8947
69.8637
69.8342
69.8062
69.7795
69.7541
69.7298
69.7065
69.6841
69.6627
69.642
69.6219
69.6026
69.5838
69.5655
69.5477
69.5304
69.5135
69.4972
69.4812
69.4661
69.4512
69.4383
69.424
69.4164
69.3989
69.4073
61.2686
65.4347
69.2873
71.6362
72.996
73.8329
74.2816
74.465
74.4816
74.3903
74.2299
74.028
73.8036
73.5693
73.3333
73.1012
72.8766
72.6615
72.4572
72.2642
72.0827
71.9124
71.753
71.6041
71.4653
71.3358
71.2152
71.1028
70.9981
70.9005
70.8095
70.7243
70.6447
70.5699
70.4997
70.4337
70.3715
70.313
70.2578
70.2059
70.157
70.111
70.0677
70.0269
69.9884
69.9522
69.9179
69.8855
69.8548
69.8257
69.7981
69.7717
69.7466
69.7226
69.6996
69.6776
69.6564
69.6359
69.6161
69.597
69.5784
69.5603
69.5428
69.5256
69.509
69.4928
69.477
69.4621
69.4473
69.4346
69.4204
69.4129
69.3956
69.4041
61.0148
64.832
68.8591
71.4548
72.969
73.8673
74.3364
74.5212
74.5278
74.422
74.2475
74.0334
73.7994
73.5576
73.3158
73.0795
72.8519
72.6347
72.4291
72.2354
72.0536
71.8833
71.7243
71.576
71.4378
71.3091
71.1894
71.078
70.9742
70.8776
70.7875
70.7033
70.6246
70.5507
70.4814
70.4162
70.3548
70.297
70.2426
70.1913
70.1431
70.0977
70.055
70.0148
69.9769
69.9411
69.9074
69.8755
69.8452
69.8165
69.7893
69.7633
69.7386
69.7149
69.6922
69.6705
69.6496
69.6294
69.6099
69.591
69.5727
69.5548
69.5375
69.5206
69.5041
69.4881
69.4725
69.4578
69.4432
69.4306
69.4166
69.4092
69.3921
69.4006
61.0658
64.5879
68.4998
71.1983
72.8668
73.8524
74.3566
74.5528
74.5594
74.4471
74.262
74.0364
73.792
73.5419
73.2938
73.0528
72.8219
72.6026
72.3955
72.2011
72.0192
71.8492
71.6907
71.5431
71.4058
71.2782
71.1595
71.0493
70.9467
70.8513
70.7624
70.6794
70.6018
70.529
70.4607
70.3965
70.336
70.2791
70.2255
70.1751
70.1276
70.083
70.0409
70.0014
69.9641
69.929
69.8958
69.8644
69.8347
69.8065
69.7797
69.7541
69.7298
69.7065
69.6842
69.6628
69.6422
69.6224
69.6032
69.5846
69.5665
69.5489
69.5318
69.5151
69.4989
69.4831
69.4677
69.4531
69.4387
69.4263
69.4125
69.4053
69.3883
69.3969
61.2768
64.6306
68.3139
70.9756
72.715
73.7767
74.3312
74.5486
74.5592
74.4458
74.258
74.0274
73.7763
73.5192
73.2648
73.019
72.7848
72.5633
72.355
72.1601
71.9782
71.8087
71.651
71.5045
71.3684
71.2421
71.1249
71.0161
70.915
70.821
70.7335
70.6519
70.5757
70.5042
70.4372
70.3741
70.3148
70.2589
70.2063
70.1568
70.1103
70.0665
70.0253
69.9865
69.9499
69.9155
69.883
69.8522
69.823
69.7954
69.7691
69.7441
69.7202
69.6974
69.6755
69.6545
69.6343
69.6148
69.5959
69.5776
69.5598
69.5426
69.5257
69.5093
69.4933
69.4778
69.4626
69.4482
69.434
69.4218
69.4082
69.401
69.3844
69.3929
61.5576
64.8337
68.2938
70.8688
72.5825
73.6606
74.2537
74.5018
74.524
74.4104
74.2199
73.9882
73.7372
73.4793
73.2229
72.9743
72.7377
72.5146
72.3054
72.1104
71.929
71.7603
71.6038
71.4587
71.3243
71.1997
71.0843
70.9773
70.8781
70.7859
70.7002
70.6203
70.5457
70.4758
70.4102
70.3486
70.2906
70.236
70.1846
70.1362
70.0907
70.0479
70.0077
69.9698
69.9342
69.9005
69.8687
69.8387
69.8102
69.7832
69.7575
69.7331
69.7097
69.6874
69.666
69.6454
69.6256
69.6065
69.588
69.5701
69.5527
69.5357
69.5192
69.5031
69.4873
69.472
69.4571
69.443
69.429
69.4169
69.4035
69.3966
69.3802
69.3888
61.9316
65.0907
68.3414
70.8408
72.5044
73.5511
74.1439
74.4102
74.449
74.3426
74.1505
73.9144
73.6617
73.4058
73.1532
72.9082
72.6738
72.4517
72.2433
72.0492
71.8689
71.7019
71.5472
71.4042
71.2719
71.1496
71.0365
70.9318
70.8349
70.745
70.6615
70.5837
70.5111
70.4431
70.3793
70.3194
70.263
70.2099
70.1599
70.1129
70.0686
70.0271
69.9879
69.9511
69.9165
69.8838
69.8529
69.8237
69.796
69.7697
69.7447
69.7209
69.6982
69.6764
69.6556
69.6355
69.6162
69.5976
69.5795
69.562
69.5449
69.5283
69.5121
69.4963
69.4809
69.4659
69.4513
69.4374
69.4236
69.4118
69.3986
69.3918
69.3757
69.3844
62.4785
65.3773
68.3355
70.7823
72.4309
73.4533
74.0281
74.2909
74.3359
74.2381
74.0512
73.8145
73.5579
73.2986
73.0462
72.8059
72.5786
72.3637
72.1611
71.9713
71.7944
71.6303
71.4786
71.3385
71.2093
71.09
70.9799
70.8782
70.7841
70.697
70.6162
70.541
70.4709
70.4052
70.3437
70.2858
70.2313
70.18
70.1317
70.0863
70.0435
70.0034
69.9656
69.93
69.8966
69.865
69.8351
69.8069
69.7801
69.7547
69.7305
69.7075
69.6855
69.6644
69.6441
69.6247
69.6059
69.5878
69.5702
69.5531
69.5365
69.5203
69.5045
69.4891
69.474
69.4593
69.445
69.4314
69.4179
69.4063
69.3934
69.3868
69.371
69.3797
63.185
65.6769
68.2419
70.6044
72.2528
73.2801
73.8746
74.1505
74.2
74.1033
73.9189
73.6858
73.4309
73.1703
72.9146
72.6724
72.4472
72.2385
72.045
71.865
71.6969
71.5398
71.3937
71.2584
71.1335
71.0183
70.9122
70.8144
70.7241
70.6405
70.5631
70.4911
70.424
70.3612
70.3022
70.2469
70.1947
70.1456
70.0993
70.0558
70.0149
69.9764
69.9402
69.9061
69.8741
69.8438
69.8152
69.7881
69.7624
69.738
69.7147
69.6926
69.6714
69.651
69.6315
69.6127
69.5946
69.5771
69.5601
69.5435
69.5274
69.5117
69.4963
69.4813
69.4666
69.4523
69.4383
69.425
69.4118
69.4004
69.3878
69.3814
69.3659
69.3747
63.8167
65.8786
68.0031
70.2221
71.8796
72.932
73.5717
73.9063
74.0047
73.9362
73.7645
73.5358
73.2813
73.0203
72.7644
72.5214
72.295
72.0861
71.8955
71.7224
71.5643
71.4185
71.2832
71.1572
71.0399
70.9311
70.8306
70.7379
70.6524
70.5734
70.5003
70.4323
70.3689
70.3096
70.254
70.2016
70.1522
70.1057
70.0619
70.0207
69.9819
69.9455
69.9112
69.8789
69.8485
69.8198
69.7926
69.7669
69.7425
69.7192
69.6971
69.6759
69.6557
69.6363
69.6176
69.5996
69.5822
69.5653
69.5489
69.533
69.5174
69.5022
69.4874
69.4728
69.4585
69.4446
69.431
69.4181
69.4052
69.3942
69.3819
69.3756
69.3606
69.3695
64.0348
65.7767
67.5141
69.5046
71.1472
72.2643
72.9892
73.424
73.6214
73.6377
73.5312
73.3465
73.1153
72.8629
72.6076
72.3615
72.1314
71.9199
71.7282
71.5562
71.4019
71.2631
71.1379
71.024
70.9187
70.8208
70.7297
70.6449
70.5661
70.4931
70.4255
70.3626
70.304
70.249
70.1974
70.1487
70.1028
70.0594
70.0186
69.9801
69.9439
69.9099
69.8779
69.8477
69.8193
69.7924
69.767
69.7429
69.7199
69.6981
69.6772
69.6573
69.6382
69.6198
69.6021
69.585
69.5684
69.5523
69.5367
69.5214
69.5065
69.4919
69.4776
69.4636
69.4498
69.4364
69.4232
69.4106
69.3982
69.3874
69.3755
69.3695
69.3549
69.3639
63.7434
65.2734
66.74
68.4439
69.9717
71.1167
71.941
72.5171
72.8726
73.039
73.0615
72.9827
72.835
72.644
72.4287
72.2032
71.9788
71.7644
71.5659
71.3867
71.2276
71.0877
70.9657
70.8587
70.7637
70.6781
70.5999
70.5273
70.4592
70.3953
70.3355
70.2794
70.2267
70.1773
70.1306
70.0866
70.0448
70.0054
69.9681
69.933
69.8999
69.8688
69.8395
69.8119
69.7858
69.7611
69.7378
69.7155
69.6944
69.6741
69.6548
69.6363
69.6185
69.6013
69.5847
69.5687
69.5531
69.538
69.5232
69.5087
69.4946
69.4807
69.467
69.4536
69.4404
69.4275
69.4148
69.4026
69.3906
69.3802
69.3687
69.363
69.3489
69.3581
63.0272
64.3911
65.6844
67.1291
68.4893
69.6053
70.4869
71.1726
71.6756
72.0102
72.2031
72.2837
72.2769
72.2044
72.0853
71.936
71.7691
71.5939
71.4169
71.244
71.0804
70.9307
70.7983
70.684
70.5871
70.5055
70.4364
70.3762
70.3219
70.2716
70.2239
70.178
70.1338
70.0916
70.0513
70.0129
69.9765
69.9419
69.909
69.878
69.8487
69.8211
69.795
69.7705
69.7472
69.7252
69.7042
69.6843
69.6652
69.6469
69.6294
69.6125
69.5963
69.5806
69.5653
69.5505
69.5361
69.522
69.5082
69.4947
69.4814
69.4683
69.4554
69.4427
69.4301
69.4178
69.4056
69.394
69.3825
69.3725
69.3614
69.356
69.3424
69.3519
62.0137
63.2369
64.4107
65.6649
66.8688
67.923
68.8178
69.566
70.1708
70.6369
70.978
71.2131
71.3598
71.434
71.45
71.4201
71.3551
71.2645
71.1566
71.0382
70.9147
70.7898
70.6667
70.5493
70.4415
70.3471
70.2682
70.2044
70.1537
70.1131
70.079
70.0479
70.0176
69.9873
69.9566
69.9259
69.8958
69.8668
69.8393
69.8132
69.7886
69.7653
69.7433
69.7224
69.7026
69.6837
69.6657
69.6484
69.6318
69.6159
69.6005
69.5856
69.5711
69.5571
69.5434
69.5301
69.517
69.5042
69.4916
69.4791
69.4668
69.4547
69.4426
69.4307
69.4189
69.4072
69.3957
69.3847
69.3737
69.3642
69.3536
69.3486
69.3356
69.3453
60.847
61.9516
63.0254
64.1374
65.2122
66.194
67.0722
67.8468
68.5145
69.0736
69.5288
69.8896
70.1672
70.3729
70.5178
70.6124
70.6655
70.6847
70.676
70.6448
70.5959
70.5339
70.463
70.3866
70.3073
70.2272
70.1487
70.0753
70.0105
69.9573
69.9164
69.8864
69.8645
69.8474
69.8318
69.8155
69.7975
69.7782
69.7581
69.738
69.7187
69.7003
69.683
69.6665
69.6507
69.6356
69.6211
69.607
69.5934
69.5802
69.5674
69.5548
69.5425
69.5305
69.5187
69.5071
69.4956
69.4842
69.473
69.4618
69.4507
69.4396
69.4285
69.4175
69.4066
69.3957
69.3849
69.3746
69.3642
69.3552
69.3452
69.3406
69.3283
69.3384
59.6729
60.6687
61.6455
62.6378
63.6027
64.5098
65.3516
66.1237
66.8201
67.4363
67.9717
68.4291
68.8131
69.1299
69.3865
69.5905
69.7494
69.8701
69.9588
70.0206
70.0597
70.0797
70.0831
70.0729
70.0516
70.0218
69.9859
69.9456
69.9021
69.8563
69.8106
69.768
69.7317
69.704
69.6847
69.6723
69.6644
69.658
69.6513
69.6433
69.6338
69.6233
69.6123
69.6013
69.5904
69.5798
69.5695
69.5592
69.5492
69.5392
69.5294
69.5196
69.5099
69.5002
69.4906
69.481
69.4714
69.4617
69.4521
69.4424
69.4326
69.4228
69.4129
69.403
69.393
69.3831
69.3732
69.3636
69.3539
69.3456
69.3362
69.3321
69.3204
69.3311
58.7148
59.6026
60.48
61.3618
62.2253
63.0543
63.8429
64.5862
65.2783
65.914
66.4903
67.0065
67.463
67.862
68.2067
68.5012
68.75
68.9584
69.1312
69.2733
69.389
69.4821
69.5557
69.6122
69.6532
69.6805
69.6955
69.6998
69.6956
69.6848
69.6692
69.6502
69.6284
69.6049
69.5818
69.5614
69.5459
69.5364
69.532
69.5311
69.5314
69.5311
69.5294
69.5263
69.5219
69.5169
69.5114
69.5056
69.4996
69.4934
69.487
69.4804
69.4736
69.4666
69.4595
69.4522
69.4447
69.437
69.4291
69.4211
69.4129
69.4045
69.3959
69.3872
69.3784
69.3694
69.3605
69.3517
69.3428
69.3352
69.3265
69.323
69.3121
69.3235
58.0897
58.868
59.6434
60.4198
61.1861
61.9337
62.6578
63.3538
64.0165
64.6414
65.2247
65.7639
66.2575
66.7053
67.1076
67.466
67.7826
68.0602
68.3019
68.511
68.6908
68.8446
68.9755
69.0861
69.1789
69.2558
69.3183
69.3677
69.4055
69.4328
69.4513
69.4626
69.4683
69.4698
69.4678
69.4628
69.4554
69.4469
69.4392
69.4341
69.4327
69.4346
69.4387
69.4431
69.4466
69.4485
69.4489
69.4481
69.4465
69.4443
69.4416
69.4384
69.4347
69.4306
69.4261
69.4213
69.4161
69.4105
69.4046
69.3983
69.3918
69.3849
69.3778
69.3704
69.3627
69.3549
69.3469
69.3391
69.3311
69.3242
69.3162
69.3134
69.3032
69.3155
57.7917
58.4615
59.1341
59.8083
60.4793
61.1425
61.794
62.4297
63.0455
63.6375
64.2022
64.7365
65.2379
65.7048
66.1361
66.5315
66.8914
67.2168
67.509
67.7699
68.0016
68.2063
68.3864
68.544
68.6815
68.801
68.9042
68.993
69.0688
69.1329
69.1862
69.2297
69.2645
69.2918
69.3127
69.3285
69.34
69.3479
69.3524
69.354
69.3539
69.3538
69.3554
69.3595
69.3658
69.3732
69.3801
69.3856
69.3895
69.392
69.3933
69.3937
69.3933
69.3923
69.3907
69.3884
69.3856
69.3823
69.3785
69.3741
69.3694
69.3641
69.3585
69.3525
69.3461
69.3395
69.3326
69.3257
69.3186
69.3125
69.3053
69.3031
69.2937
69.3072
57.7794
58.3448
58.9168
59.4928
60.0712
60.6491
61.2236
61.7913
62.3491
62.8936
63.4217
63.9305
64.4174
64.8801
65.3167
65.726
66.1071
66.4597
66.784
67.0804
67.3499
67.5938
67.8133
68.01
68.1857
68.3418
68.4802
68.6025
68.7103
68.805
68.8882
68.9609
69.024
69.0783
69.1244
69.163
69.1946
69.2204
69.2412
69.2576
69.2702
69.2794
69.2857
69.2903
69.2948
69.3007
69.3085
69.3176
69.3267
69.3348
69.3412
69.3459
69.3493
69.3516
69.353
69.3535
69.3533
69.3524
69.3507
69.3484
69.3455
69.342
69.338
69.3335
69.3285
69.3231
69.3173
69.3115
69.3053
69.3
69.2937
69.2923
69.2837
69.2986
57.9944
58.4633
58.941
59.4253
59.9158
60.4108
60.9078
61.4045
61.8983
62.3868
62.8672
63.337
63.7937
64.2349
64.6586
65.063
65.4466
65.8083
66.1474
66.4634
66.7564
67.0266
67.2745
67.501
67.707
67.8936
68.0619
68.2132
68.349
68.4704
68.5789
68.6758
68.7623
68.8393
68.9078
68.9684
69.0214
69.0671
69.1059
69.1385
69.1656
69.1879
69.206
69.2204
69.2314
69.24
69.2473
69.2549
69.2637
69.2737
69.2841
69.2937
69.3018
69.3081
69.3129
69.3165
69.319
69.3206
69.3213
69.3212
69.3202
69.3186
69.3163
69.3133
69.3097
69.3057
69.3011
69.2964
69.2912
69.2869
69.2813
69.2808
69.2729
69.2897
58.3781
58.7613
59.1539
59.5553
59.9651
60.3822
60.8049
61.2314
61.66
62.0887
62.5155
62.9381
63.3545
63.7626
64.1602
64.5456
64.9169
65.2728
65.6119
65.9333
66.2362
66.5202
66.7853
67.0314
67.2589
67.4683
67.6603
67.8356
67.9951
68.1398
68.2708
68.3892
68.4961
68.5924
68.6793
68.7577
68.8282
68.8915
68.9479
68.9975
69.0406
69.0774
69.1086
69.1347
69.1565
69.1744
69.1888
69.2004
69.21
69.219
69.2285
69.2391
69.2501
69.2605
69.2695
69.2769
69.2826
69.2869
69.2901
69.2922
69.2935
69.2938
69.2932
69.2919
69.2899
69.2872
69.284
69.2804
69.2763
69.2729
69.2682
69.2686
69.2613
69.2807
58.8768
59.1861
59.5046
59.8331
60.1711
60.5177
60.8718
61.2322
61.5978
61.9671
62.3385
62.7105
63.0813
63.4491
63.8122
64.1688
64.5172
64.8557
65.1831
65.4978
65.799
66.0856
66.3571
66.6129
66.8529
67.077
67.2853
67.4783
67.6563
67.8199
67.97
68.1071
68.2321
68.346
68.4494
68.5435
68.6288
68.7063
68.7766
68.8402
68.8975
68.9486
68.9937
69.0328
69.0664
69.0949
69.119
69.1391
69.1558
69.1694
69.1807
69.1908
69.2009
69.2117
69.2228
69.2336
69.2431
69.2508
69.257
69.2616
69.2651
69.2675
69.2689
69.2693
69.2689
69.2677
69.2658
69.2634
69.2605
69.258
69.2542
69.2557
69.2489
69.2715
59.4456
59.6929
59.9486
60.2148
60.4907
60.7753
61.0681
61.3686
61.6758
61.9888
62.3066
62.628
62.9516
63.2761
63.6001
63.922
64.2403
64.5536
64.8604
65.1594
65.4493
65.7289
65.9974
66.2538
66.4977
66.7284
66.9458
67.1498
67.3404
67.5178
67.6824
67.8345
67.9748
68.1038
68.2221
68.3304
68.4294
68.5198
68.6023
68.6775
68.746
68.8084
68.865
68.9159
68.9614
69.0014
69.0361
69.0659
69.0912
69.1126
69.1305
69.1454
69.1578
69.1686
69.179
69.1898
69.2009
69.2116
69.221
69.2289
69.235
69.2397
69.2431
69.2454
69.2467
69.2471
69.2466
69.2455
69.2437
69.2423
69.2394
69.242
69.2355
69.2624
60.0494
60.2457
60.4492
60.6632
60.8865
61.1181
61.3577
61.6053
61.8603
62.1222
62.3902
62.6635
62.9412
63.2224
63.5058
63.7905
64.075
64.3582
64.6387
64.9154
65.1869
65.452
65.7098
65.9591
66.1992
66.4293
66.6488
66.8572
67.0544
67.2401
67.4144
67.5773
67.7291
67.8701
68.0007
68.1213
68.2325
68.3347
68.4285
68.5145
68.5932
68.6652
68.731
68.7912
68.846
68.8958
68.9406
68.9804
69.0152
69.0453
69.0711
69.0931
69.1116
69.127
69.1399
69.1511
69.1616
69.1722
69.1829
69.1932
69.2024
69.2099
69.2158
69.2202
69.2233
69.2253
69.2263
69.2266
69.2259
69.2257
69.2236
69.2275
69.2209
69.2535
60.6616
60.8165
60.9776
61.1487
61.3283
61.5153
61.7099
61.9121
62.1216
62.3383
62.5616
62.791
63.026
63.2659
63.5099
63.7572
64.0068
64.2577
64.5089
64.7593
65.0077
65.2531
65.4943
65.7305
65.9605
66.1836
66.399
66.6059
66.8039
66.9926
67.1716
67.3407
67.5
67.6495
67.7893
67.9196
68.0408
68.1531
68.257
68.3528
68.4411
68.5222
68.5966
68.6649
68.7275
68.7848
68.8373
68.8852
68.9285
68.9674
69.0017
69.0315
69.0571
69.079
69.0975
69.113
69.126
69.1372
69.1475
69.1577
69.1679
69.1776
69.1862
69.1932
69.1985
69.2023
69.2049
69.2066
69.2072
69.2081
69.2068
69.2121
69.2048
69.2453
61.2635
61.3853
61.5122
61.6484
61.7923
61.9425
62.0995
62.2635
62.4344
62.6121
62.7963
62.9869
63.1835
63.3856
63.5928
63.8045
64.02
64.2386
64.4595
64.6818
64.9046
65.127
65.3479
65.5665
65.7818
65.9929
66.199
66.3992
66.5929
66.7795
66.9585
67.1295
67.2922
67.4463
67.592
67.729
67.8576
67.9778
68.0899
68.1941
68.2908
68.3803
68.4628
68.5389
68.6088
68.6731
68.7322
68.7864
68.8362
68.8818
68.9232
68.9606
68.9938
69.0228
69.0478
69.0691
69.0872
69.1023
69.115
69.1259
69.1358
69.1454
69.1549
69.1639
69.1716
69.1777
69.1823
69.1855
69.1874
69.1895
69.1889
69.1959
69.1868
69.2382
61.8423
61.938
62.0376
62.1459
62.2608
62.381
62.5071
62.6394
62.778
62.9227
63.0736
63.2306
63.3935
63.562
63.736
63.9151
64.0987
64.2865
64.4778
64.672
64.8684
65.0663
65.2648
65.4632
65.6606
65.8561
66.0489
66.2383
66.4235
66.6038
66.7785
66.9472
67.1093
67.2645
67.4126
67.5532
67.6863
67.8119
67.9301
68.0408
68.1443
68.2408
68.3305
68.4137
68.4906
68.5616
68.6271
68.6873
68.7427
68.7937
68.8406
68.8836
68.9229
68.9584
68.9901
69.0179
69.0419
69.0624
69.0797
69.0941
69.1062
69.1164
69.1257
69.1345
69.1432
69.1511
69.1578
69.163
69.1665
69.1699
69.17
69.1787
69.1662
69.2333
62.3903
62.4653
62.5434
62.6294
62.721
62.817
62.918
63.0244
63.1363
63.2536
63.3765
63.5049
63.6389
63.7784
63.9231
64.073
64.2278
64.3872
64.5508
64.7182
64.8888
65.0622
65.2377
65.4146
65.5923
65.77
65.947
66.1226
66.296
66.4665
66.6334
66.7962
66.9543
67.1071
67.2542
67.3953
67.5302
67.6586
67.7804
67.8955
68.004
68.1059
68.2014
68.2905
68.3736
68.4507
68.5222
68.5883
68.6493
68.7055
68.7573
68.805
68.8489
68.8893
68.9262
68.9597
68.9897
69.0159
69.0386
69.0579
69.0741
69.0875
69.0986
69.108
69.1163
69.1243
69.1318
69.1386
69.144
69.1491
69.1499
69.1605
69.1424
69.232
62.9027
62.9615
63.0228
63.0911
63.1641
63.2408
63.3216
63.4069
63.497
63.5918
63.6915
63.7961
63.9057
64.0203
64.1398
64.2644
64.3937
64.5277
64.6661
64.8087
64.9552
65.1051
65.258
65.4135
65.571
65.7299
65.8896
66.0495
66.2089
66.3671
66.5235
66.6776
66.8285
66.9759
67.1193
67.258
67.3918
67.5204
67.6434
67.7607
67.8722
67.9778
68.0774
68.1712
68.2591
68.3414
68.4182
68.4896
68.5559
68.6173
68.674
68.7263
68.7745
68.8189
68.8599
68.8976
68.9321
68.9634
68.9914
69.0159
69.0369
69.0547
69.0695
69.0816
69.0915
69.0997
69.1069
69.1138
69.1199
69.1264
69.1282
69.1413
69.1149
69.2363
63.3779
63.424
63.472
63.5263
63.5846
63.6458
63.7104
63.7789
63.8513
63.9277
64.0083
64.0932
64.1825
64.2763
64.3745
64.4773
64.5846
64.6964
64.8125
64.9329
65.0573
65.1855
65.3172
65.4522
65.5899
65.7299
65.8719
66.0152
66.1593
66.3037
66.4478
66.5909
66.7325
66.8721
67.0091
67.1429
67.2732
67.3995
67.5215
67.6388
67.7512
67.8585
67.9606
68.0575
68.149
68.2353
68.3163
68.3922
68.4631
68.5292
68.5906
68.6475
68.7001
68.7486
68.7934
68.8346
68.8726
68.9075
68.9395
68.9685
68.9943
69.0169
69.036
69.052
69.0651
69.0756
69.0839
69.0908
69.0964
69.103
69.1049
69.1205
69.0851
69.2455
63.8152
63.8514
63.8891
63.9324
63.979
64.0279
64.0796
64.1345
64.1927
64.2543
64.3194
64.3882
64.4608
64.5373
64.6177
64.7022
64.7907
64.8834
64.9802
65.081
65.1858
65.2945
65.4068
65.5226
65.6417
65.7636
65.8882
66.0149
66.1434
66.2732
66.4038
66.5347
66.6654
66.7953
66.924
67.0509
67.1755
67.2974
67.4162
67.5314
67.6428
67.75
67.8529
67.9513
68.0449
68.1339
68.218
68.2974
68.3721
68.4421
68.5076
68.5686
68.6254
68.678
68.7267
68.7716
68.813
68.8511
68.8862
68.9183
68.9477
68.9742
68.9977
69.018
69.0349
69.0488
69.0598
69.0685
69.0747
69.081
69.082
69.0987
69.0578
69.2504
64.2157
64.2442
64.2739
64.3084
64.3458
64.385
64.4264
64.4705
64.5173
64.567
64.6196
64.6753
64.7342
64.7964
64.8621
64.9313
65.0042
65.0807
65.1609
65.2449
65.3326
65.424
65.5191
65.6176
65.7195
65.8247
65.9327
66.0435
66.1566
66.2717
66.3885
66.5065
66.6253
66.7445
66.8635
66.9819
67.0991
67.2149
67.3286
67.44
67.5485
67.6539
67.7559
67.8541
67.9485
68.0387
68.1248
68.2065
68.284
68.3571
68.4259
68.4905
68.551
68.6073
68.6598
68.7084
68.7533
68.7947
68.8328
68.8678
68.8998
68.9292
68.9558
68.9796
69.0005
69.0181
69.0325
69.0439
69.0522
69.0597
69.0609
69.0772
69.041
69.2304
64.5806
64.603
64.6265
64.6542
64.6842
64.7157
64.749
64.7845
64.8222
64.8623
64.9048
64.95
64.9978
65.0484
65.102
65.1586
65.2184
65.2814
65.3477
65.4174
65.4904
65.5669
65.6468
65.7301
65.8167
65.9065
65.9995
66.0953
66.1939
66.2949
66.3981
66.5032
66.6098
66.7175
66.8261
66.9349
67.0437
67.1519
67.2592
67.3651
67.4693
67.5712
67.6707
67.7674
67.861
67.9512
68.0379
68.1209
68.2001
68.2754
68.3467
68.4141
68.4776
68.5372
68.5929
68.6449
68.6932
68.738
68.7792
68.8172
68.852
68.8838
68.9128
68.9391
68.9628
68.9836
69.0013
69.016
69.0271
69.0364
69.0402
69.0545
69.0387
69.1631
64.9123
64.93
64.9486
64.9709
64.9952
65.0206
65.0474
65.0761
65.1066
65.139
65.1734
65.21
65.2489
65.2901
65.3338
65.3801
65.4291
65.4809
65.5356
65.5932
65.6539
65.7176
65.7845
65.8545
65.9276
66.0039
66.0832
66.1655
66.2506
66.3384
66.4286
66.5212
66.6158
66.7121
66.8098
66.9086
67.0081
67.1079
67.2077
67.3071
67.4055
67.5028
67.5985
67.6922
67.7837
67.8726
67.9587
68.0417
68.1216
68.198
68.271
68.3404
68.4062
68.4684
68.5269
68.5818
68.6332
68.681
68.7254
68.7664
68.804
68.8385
68.8699
68.8983
68.924
68.947
68.9671
68.9845
68.9985
69.0099
69.0176
69.0276
69.0417
69.0471
65.212
65.226
65.2408
65.2589
65.2786
65.2992
65.3209
65.3441
65.3689
65.3952
65.4232
65.453
65.4847
65.5183
65.554
65.5919
65.6321
65.6747
65.7198
65.7674
65.8177
65.8707
65.9265
65.9851
66.0467
66.1111
66.1784
66.2486
66.3216
66.3973
66.4757
66.5565
66.6396
66.7248
66.8119
66.9006
66.9906
67.0815
67.1732
67.2651
67.3571
67.4486
67.5393
67.629
67.7172
67.8036
67.888
67.97
68.0494
68.1261
68.1998
68.2704
68.3378
68.4018
68.4626
68.5199
68.5738
68.6243
68.6715
68.7153
68.7558
68.793
68.8269
68.8577
68.8853
68.9101
68.9319
68.9509
68.9671
68.9799
68.9915
68.9952
69.032
68.9157
65.4833
65.4945
65.5063
65.5211
65.5372
65.5539
65.5716
65.5905
65.6107
65.6322
65.655
65.6793
65.7052
65.7327
65.762
65.7931
65.8261
65.8611
65.8983
65.9376
65.9793
66.0233
66.0698
66.1189
66.1705
66.2247
66.2816
66.3412
66.4035
66.4684
66.5359
66.606
66.6784
66.7532
66.83
66.9089
66.9894
67.0714
67.1546
67.2388
67.3235
67.4086
67.4936
67.5782
67.6622
67.7451
67.8267
67.9066
67.9847
68.0606
68.1341
68.205
68.2732
68.3384
68.4007
68.4599
68.5159
68.5686
68.6182
68.6645
68.7075
68.7472
68.7837
68.8169
68.8467
68.8734
68.8968
68.917
68.9343
68.9477
68.9611
68.9589
68.9983
68.8182
65.7259
65.7349
65.7444
65.7566
65.7698
65.7836
65.7981
65.8136
65.8301
65.8478
65.8665
65.8865
65.9078
65.9304
65.9545
65.9801
66.0074
66.0363
66.0671
66.0997
66.1343
66.1709
66.2097
66.2507
66.294
66.3397
66.3877
66.4382
66.4912
66.5467
66.6046
66.665
66.7279
66.793
66.8605
66.93
67.0015
67.0748
67.1497
67.226
67.3033
67.3816
67.4603
67.5394
67.6184
67.697
67.775
67.8521
67.9278
68.0021
68.0745
68.145
68.2131
68.2789
68.342
68.4024
68.46
68.5145
68.5661
68.6145
68.6597
68.7017
68.7405
68.7759
68.808
68.8366
68.8618
68.8833
68.9016
68.915
68.9279
68.9221
68.9468
68.7797
65.9459
65.9531
65.9608
65.9709
65.9818
65.9932
66.0052
66.018
66.0317
66.0462
66.0617
66.0782
66.0958
66.1145
66.1344
66.1556
66.1782
66.2021
66.2276
66.2547
66.2835
66.3141
66.3464
66.3808
66.4171
66.4554
66.496
66.5387
66.5836
66.6309
66.6805
66.7324
66.7866
66.8431
66.9018
66.9628
67.0258
67.0908
67.1576
67.2261
67.2961
67.3673
67.4396
67.5126
67.5862
67.66
67.7337
67.807
67.8797
67.9515
68.0221
68.0913
68.1587
68.2242
68.2875
68.3485
68.407
68.4628
68.5159
68.566
68.613
68.657
68.6978
68.7352
68.7693
68.7998
68.8268
68.8498
68.869
68.8828
68.8941
68.8881
68.8943
68.7854
66.1388
66.1445
66.151
66.1594
66.1686
66.1782
66.1882
66.1989
66.2103
66.2225
66.2355
66.2493
66.2639
66.2796
66.2962
66.3139
66.3328
66.3529
66.3742
66.3969
66.4211
66.4467
66.4739
66.5028
66.5334
66.5658
66.6002
66.6364
66.6747
66.715
66.7575
66.8021
66.8489
66.8978
66.949
67.0023
67.0576
67.1151
67.1744
67.2357
67.2986
67.363
67.4289
67.4958
67.5638
67.6324
67.7015
67.7707
67.8399
67.9086
67.9768
68.044
68.11
68.1746
68.2376
68.2986
68.3574
68.414
68.468
68.5194
68.568
68.6136
68.656
68.6953
68.7311
68.7633
68.7919
68.8164
68.8366
68.8513
68.8616
68.8581
68.8527
68.8026
66.3163
66.321
66.3264
66.3335
66.3413
66.3494
66.3578
66.3668
66.3764
66.3867
66.3976
66.4091
66.4215
66.4346
66.4486
66.4635
66.4793
66.4961
66.5141
66.5332
66.5535
66.575
66.598
66.6223
66.6482
66.6756
66.7047
66.7354
66.768
66.8024
66.8387
66.877
66.9172
66.9595
67.0039
67.0503
67.0987
67.1492
67.2016
67.2559
67.3121
67.37
67.4295
67.4904
67.5525
67.6158
67.6799
67.7446
67.8097
67.8749
67.94
68.0046
68.0686
68.1316
68.1935
68.2538
68.3125
68.3692
68.4237
68.4759
68.5255
68.5722
68.6161
68.6567
68.694
68.7278
68.7577
68.7835
68.8048
68.8207
68.8309
68.8313
68.823
68.8089
66.4647
66.4685
66.4731
66.4794
66.4862
66.4931
66.5004
66.5082
66.5165
66.5253
66.5346
66.5446
66.5552
66.5665
66.5785
66.5912
66.6048
66.6192
66.6346
66.6509
66.6683
66.6868
66.7064
66.7273
66.7495
66.773
66.798
66.8244
66.8525
66.8822
66.9135
66.9467
66.9816
67.0184
67.0571
67.0977
67.1403
67.1848
67.2312
67.2796
67.3298
67.3818
67.4355
67.4908
67.5476
67.6057
67.665
67.7253
67.7862
67.8478
67.9096
67.9714
68.033
68.0941
68.1545
68.2138
68.2718
68.3282
68.3829
68.4354
68.4856
68.5333
68.5781
68.62
68.6585
68.6935
68.7247
68.7517
68.7741
68.7912
68.8023
68.8062
68.8
68.8011
66.6098
66.6129
66.6169
66.6224
66.6282
66.6342
66.6405
66.6473
66.6544
66.662
66.6701
66.6787
66.6878
66.6974
66.7077
66.7187
66.7303
66.7427
66.7558
66.7698
66.7847
66.8005
66.8173
66.8352
66.8541
66.8743
66.8957
66.9184
66.9425
66.968
66.9951
67.0236
67.0539
67.0857
67.1194
67.1548
67.192
67.231
67.2719
67.3146
67.3592
67.4055
67.4537
67.5035
67.5549
67.6078
67.6621
67.7176
67.7742
67.8316
67.8897
67.9482
68.0068
68.0654
68.1236
68.1812
68.238
68.2935
68.3476
68.3999
68.4502
68.4982
68.5436
68.5861
68.6255
68.6614
68.6935
68.7215
68.7449
68.7632
68.7755
68.7822
68.7792
68.7855
66.7155
66.7181
66.7218
66.7268
66.7321
66.7375
66.7432
66.7493
66.7558
66.7626
66.7698
66.7775
66.7857
66.7944
66.8036
66.8134
66.8238
66.8348
66.8465
66.8589
66.8721
66.8862
66.9011
66.9169
66.9337
66.9516
66.9705
66.9906
67.0119
67.0345
67.0584
67.0837
67.1105
67.1387
67.1686
67.2001
67.2332
67.2681
67.3047
67.3431
67.3832
67.4251
67.4688
67.5141
67.5612
67.6098
67.6599
67.7114
67.7641
67.818
67.8727
67.9282
67.9841
68.0404
68.0966
68.1525
68.2079
68.2625
68.3159
68.3679
68.4181
68.4663
68.512
68.5551
68.5952
68.6319
68.6648
68.6937
68.718
68.7375
68.7511
68.7599
68.7594
68.7686
66.8419
66.844
66.8473
66.8519
66.8567
66.8615
66.8666
66.872
66.8778
66.8838
66.8903
66.8971
66.9043
66.912
66.9201
66.9287
66.9378
66.9475
66.9578
66.9687
66.9802
66.9925
67.0055
67.0193
67.034
67.0495
67.066
67.0835
67.102
67.1217
67.1425
67.1646
67.1879
67.2126
67.2387
67.2663
67.2954
67.3261
67.3583
67.3922
67.4278
67.465
67.504
67.5446
67.5869
67.6308
67.6763
67.7232
67.7716
67.8212
67.8719
67.9236
67.9761
68.029
68.0823
68.1357
68.1888
68.2415
68.2933
68.344
68.3932
68.4407
68.486
68.5288
68.5688
68.6056
68.6389
68.6681
68.693
68.7132
68.7278
68.738
68.7391
68.751
66.8991
66.9006
66.9039
66.9084
66.913
66.9177
66.9226
66.9278
66.9333
66.9392
66.9453
66.9519
66.9588
66.966
66.9738
66.9819
66.9906
66.9997
67.0094
67.0197
67.0305
67.042
67.0542
67.0671
67.0808
67.0952
67.1106
67.1268
67.144
67.1623
67.1815
67.2019
67.2235
67.2464
67.2705
67.296
67.3229
67.3512
67.381
67.4124
67.4454
67.48
67.5163
67.5542
67.5937
67.6349
67.6777
67.722
67.7677
67.8149
67.8632
67.9127
67.9631
68.0143
68.0659
68.1179
68.1698
68.2215
68.2726
68.3227
68.3716
68.4189
68.4643
68.5073
68.5476
68.5848
68.6185
68.6483
68.6738
68.6947
68.7102
68.7217
68.724
68.738
67.0345
67.0365
67.0397
67.0438
67.048
67.0523
67.0568
67.0615
67.0666
67.0719
67.0774
67.0833
67.0895
67.0961
67.103
67.1103
67.118
67.1261
67.1347
67.1438
67.1534
67.1635
67.1743
67.1856
67.1976
67.2103
67.2237
67.2379
67.2529
67.2687
67.2855
67.3033
67.3221
67.342
67.363
67.3852
67.4087
67.4334
67.4595
67.487
67.516
67.5464
67.5784
67.6118
67.6469
67.6835
67.7216
67.7613
67.8024
67.8449
67.8887
67.9337
67.9797
68.0267
68.0743
68.1224
68.1707
68.2189
68.2668
68.3141
68.3604
68.4053
68.4485
68.4897
68.5283
68.5641
68.5967
68.6256
68.6503
68.6708
68.686
68.6976
68.7
68.7153
69.124
69.5445
69.9205
70.2482
70.5297
70.7688
70.9701
71.1383
71.278
71.3936
71.4886
71.5663
71.6296
71.6809
71.7221
71.7551
71.7811
71.8014
71.8171
71.829
71.8377
71.8439
71.8481
71.8507
71.8519
71.8522
71.8517
71.8506
71.849
71.8471
71.845
71.8426
71.8402
71.8378
71.8353
71.8328
71.8304
71.828
71.8256
71.8234
71.8212
69.119
69.5287
69.8968
70.218
70.4953
70.7326
70.9341
71.104
71.2467
71.366
71.4653
71.5477
71.6157
71.6716
71.7174
71.7546
71.7847
71.8089
71.8282
71.8432
71.8549
71.8636
71.8701
71.8747
71.8777
71.8794
71.8801
71.88
71.8792
71.8778
71.8761
71.874
71.8717
71.8692
71.8665
71.8638
71.861
71.8582
71.8553
71.8525
71.8497
69.1138
69.5169
69.8809
70.1986
70.4746
70.7126
70.9162
71.0897
71.2368
71.361
71.4655
71.5531
71.6263
71.6872
71.7376
71.7791
71.8131
71.8406
71.8628
71.8804
71.8942
71.9045
71.9124
71.9182
71.922
71.9244
71.9256
71.9257
71.9251
71.9238
71.9219
71.9197
71.917
71.9141
71.911
71.9078
71.9044
71.9009
71.8974
71.8937
71.8902
69.1101
69.5133
69.8786
70.1971
70.4749
70.7155
70.9227
71.1003
71.252
71.3812
71.4907
71.5834
71.6615
71.7271
71.7819
71.8276
71.8654
71.8965
71.9218
71.9422
71.9584
71.9706
71.9803
71.9876
71.9926
71.9959
71.9978
71.9985
71.9982
71.997
71.9951
71.9927
71.9897
71.9864
71.9827
71.9788
71.9747
71.9703
71.9659
71.9613
71.9568
69.1066
69.5136
69.8832
70.2047
70.486
70.7306
70.9422
71.1248
71.2819
71.4166
71.5319
71.6303
71.714
71.785
71.8449
71.8953
71.9375
71.9725
72.0012
72.0246
72.0433
72.0574
72.0688
72.0775
72.0836
72.0876
72.0899
72.0908
72.0904
72.0891
72.0868
72.0839
72.0803
72.0762
72.0717
72.0668
72.0615
72.0561
72.0504
72.0445
72.0388
69.1027
69.516
69.892
70.2183
70.5048
70.755
70.9726
71.1615
71.3253
71.4669
71.5891
71.6942
71.7845
71.8618
71.9276
71.9833
72.0304
72.0697
72.1023
72.129
72.1505
72.1667
72.1799
72.19
72.1972
72.2019
72.2047
72.2057
72.2053
72.2037
72.201
72.1974
72.193
72.1879
72.1823
72.1763
72.1698
72.1629
72.1558
72.1483
72.1411
69.0985
69.521
69.9059
70.2392
70.533
70.7907
71.0159
71.2127
71.3844
71.5341
71.6641
71.7769
71.8745
71.9587
72.0309
72.0926
72.145
72.189
72.2258
72.2559
72.2804
72.2988
72.3138
72.3254
72.3335
72.3388
72.3419
72.3429
72.3422
72.3401
72.3366
72.3321
72.3266
72.3203
72.3133
72.3057
72.2976
72.2891
72.2802
72.2709
72.2618
69.0944
69.5293
69.9258
70.2685
70.5718
70.8387
71.073
71.279
71.4599
71.6186
71.7574
71.8787
71.9844
72.0762
72.1555
72.2236
72.2818
72.3311
72.3723
72.4062
72.4338
72.4545
72.4715
72.4844
72.4935
72.4993
72.5025
72.5034
72.5023
72.4994
72.495
72.4892
72.4824
72.4746
72.4659
72.4565
72.4465
72.4359
72.4249
72.4134
72.4023
69.0904
69.5411
69.952
70.3065
70.6213
70.8991
71.1441
71.3607
71.552
71.7209
71.8695
72.0002
72.1149
72.2151
72.3022
72.3775
72.442
72.4969
72.543
72.5811
72.612
72.6351
72.654
72.6684
72.6784
72.6846
72.6878
72.6883
72.6864
72.6825
72.6768
72.6696
72.6611
72.6513
72.6406
72.6291
72.6167
72.6038
72.5903
72.5762
72.5625
69.0868
69.5563
69.9845
70.3532
70.6816
70.9722
71.2297
71.4583
71.6615
71.8418
72.0014
72.1427
72.2673
72.3768
72.4725
72.5555
72.6271
72.6882
72.7396
72.7821
72.8166
72.8422
72.8631
72.8789
72.8896
72.8961
72.8991
72.8989
72.8961
72.8909
72.8836
72.8745
72.8638
72.8518
72.8387
72.8245
72.8095
72.7937
72.7773
72.7601
72.7435
69.0837
69.5753
70.0237
70.4092
70.7535
71.059
71.3307
71.5731
71.7896
71.9827
72.1546
72.3075
72.4432
72.5629
72.668
72.7597
72.8389
72.9067
72.9639
73.0111
73.0494
73.0777
73.1006
73.1177
73.1291
73.1356
73.1381
73.137
73.1329
73.1259
73.1166
73.1052
73.092
73.0773
73.0612
73.0439
73.0256
73.0065
72.9866
72.966
72.9458
69.0813
69.5986
70.0703
70.4754
70.838
71.1606
71.4484
71.7064
71.9378
72.1452
72.3307
72.4966
72.6444
72.7755
72.891
72.9921
73.0797
73.1548
73.2183
73.2707
73.313
73.3439
73.3688
73.3872
73.399
73.4053
73.407
73.4046
73.3987
73.3896
73.3777
73.3635
73.3472
73.3291
73.3095
73.2886
73.2664
73.2434
73.2195
73.1947
73.1704
69.08
69.6267
70.125
70.5526
70.9362
71.2782
71.5843
71.8598
72.1079
72.3313
72.5319
72.7121
72.8734
73.017
73.144
73.2554
73.3523
73.4354
73.5056
73.5635
73.6101
73.6438
73.6706
73.69
73.702
73.7077
73.7082
73.704
73.6958
73.6839
73.6689
73.6512
73.6311
73.609
73.5852
73.5598
73.5332
73.5054
73.4768
73.4471
73.418
69.0801
69.6602
70.1889
70.6422
71.0495
71.4134
71.7401
72.0353
72.3021
72.5434
72.7608
72.9569
73.1331
73.2905
73.4301
73.553
73.6599
73.7518
73.8293
73.8931
73.9441
73.9806
74.0092
74.0294
74.0411
74.0458
74.0445
74.0379
74.0266
74.0113
73.9923
73.9703
73.9457
73.9187
73.8898
73.8591
73.827
73.7938
73.7595
73.7242
73.6894
69.0821
69.7
70.263
70.7454
71.1796
71.5682
71.9182
72.2353
72.5232
72.7843
73.0205
73.2342
73.427
73.5998
73.7533
73.8887
74.0067
74.108
74.1934
74.2635
74.3191
74.3582
74.3883
74.4089
74.4199
74.4229
74.419
74.4092
74.394
74.3742
74.3504
74.3231
74.2928
74.2599
74.2248
74.1879
74.1493
74.1095
74.0685
74.0265
73.9851
69.0866
69.7471
70.3487
70.8641
71.3287
71.745
72.1211
72.463
72.7743
73.0577
73.3147
73.5482
73.7594
73.9491
74.1181
74.2672
74.3973
74.509
74.6029
74.6795
74.7398
74.7813
74.8125
74.8329
74.8424
74.8428
74.8354
74.8213
74.8011
74.7756
74.7456
74.7117
74.6745
74.6344
74.5918
74.5473
74.501
74.4533
74.4045
74.3546
74.3053
69.0943
69.8028
70.4478
71.0005
71.4991
71.9469
72.3523
72.722
73.0596
73.3678
73.6482
73.9036
74.1353
74.3439
74.5299
74.6943
74.8377
74.9606
75.0635
75.1469
75.2117
75.2553
75.2869
75.3062
75.3132
75.3098
75.2976
75.2777
75.251
75.2183
75.1806
75.1385
75.0927
75.0438
74.9922
74.9384
74.8828
74.8258
74.7676
74.7083
74.6498
69.1061
69.8684
70.5624
71.157
71.6942
72.1772
72.6157
73.0166
73.3838
73.72
74.0264
74.3064
74.561
74.7906
74.9956
75.1768
75.3346
75.4696
75.5821
75.6724
75.7414
75.7863
75.8173
75.8343
75.8374
75.8287
75.8099
75.7824
75.7472
75.7054
75.6579
75.6056
75.5492
75.4893
75.4267
75.3618
75.2949
75.2267
75.1574
75.087
75.0175
69.1231
69.946
70.695
71.3371
71.9175
72.4404
72.9163
73.3524
73.7529
74.1204
74.4562
74.7637
75.044
75.297
75.5231
75.7228
75.8965
76.0444
76.1668
76.264
76.3365
76.3817
76.4107
76.4237
76.4209
76.4046
76.377
76.3395
76.2933
76.2397
76.1798
76.1146
76.045
75.9718
75.8957
75.8172
75.7368
75.6551
75.5724
75.4889
75.4064
69.1466
70.0378
70.8488
71.5445
72.1739
72.7419
73.2599
73.7359
74.174
74.577
74.9459
75.2844
75.5935
75.8727
76.1222
76.3423
76.5333
76.695
76.8275
76.931
77.0061
77.0497
77.0747
77.0813
77.0699
77.0432
77.0035
76.9528
76.8923
76.8236
76.748
76.6667
76.5807
76.491
76.3982
76.3032
76.2064
76.1087
76.0101
75.911
75.8132
69.1783
70.1466
71.0276
71.7841
72.4691
73.0881
73.654
74.1752
74.6561
75.0994
75.5058
75.8792
76.2208
76.5295
76.805
77.0476
77.2571
77.4333
77.5758
77.6847
77.7603
77.7999
77.8179
77.8147
77.791
77.7499
77.6942
77.6259
77.5469
77.4588
77.3633
77.2617
77.1553
77.0451
76.932
76.8169
76.7004
76.5832
76.4658
76.3482
76.2325
69.2202
70.2759
71.2363
72.062
72.8101
73.4873
74.1079
74.6807
75.2104
75.6996
76.1485
76.5618
76.9401
77.2818
77.5863
77.8535
78.0829
78.2737
78.4256
78.538
78.6113
78.6431
78.6499
78.6322
78.5912
78.5304
78.453
78.3617
78.2585
78.1455
78.0247
77.8976
77.7657
77.6302
77.4923
77.3529
77.2126
77.0723
76.9325
76.7933
76.6566
69.275
70.4302
71.481
72.3857
73.2059
73.9499
74.6331
75.2652
75.8509
76.3927
76.8903
77.3488
77.7688
78.1477
78.4844
78.7784
79.0286
79.2338
79.3933
79.5062
79.5726
79.5911
79.5806
79.542
79.4767
79.389
79.2828
79.1611
79.0266
78.8817
78.7288
78.5697
78.4061
78.2396
78.0713
77.9026
77.7338
77.5662
77.4
77.2357
77.0748
69.3461
70.615
71.7693
72.7649
73.668
74.4888
75.2444
75.945
76.5954
77.1979
77.7514
78.2618
78.7292
79.15
79.5222
79.8449
80.1163
80.3346
80.4985
80.6068
80.6594
80.6564
80.6203
80.5516
80.4527
80.3286
80.1839
80.0223
79.8473
79.6617
79.4682
79.2691
79.0665
78.862
78.6571
78.4531
78.2507
78.051
77.8544
77.6611
77.4727
69.4375
70.8375
72.111
73.2117
74.2108
75.121
75.9608
76.7411
77.467
78.14
78.7581
79.3281
79.8495
80.3173
80.7285
81.0813
81.373
81.6013
81.764
81.8596
81.8878
81.8517
81.7779
81.6666
81.5214
81.3481
81.1524
80.939
80.7118
80.4745
80.2302
79.9817
79.7313
79.4808
79.2321
78.9866
78.7448
78.508
78.2767
78.0508
77.8319
69.5549
71.1069
72.5191
73.7424
74.8536
75.8686
76.8073
77.6814
78.4958
79.2514
79.9446
80.5834
81.1664
81.6866
82.1396
82.5225
82.8318
83.0637
83.2157
83.2858
83.2739
83.1876
83.0594
82.8885
82.6799
82.4408
82.1781
81.8975
81.6039
81.3017
80.9945
80.6856
80.3775
80.0724
79.7721
79.4784
79.1916
78.9131
78.643
78.3814
78.1295
69.7052
71.4356
73.0105
74.3784
75.6219
76.7611
77.8172
78.8027
79.7221
80.5752
81.3563
82.0747
82.7276
83.3054
83.8017
84.2123
84.5322
84.7567
84.8822
84.9069
84.8311
84.6703
84.4645
84.2109
83.9166
83.5904
83.2407
82.8744
82.4974
82.115
81.7312
81.3498
80.9734
80.6046
80.2452
79.897
79.5602
79.2358
78.9242
78.6248
78.3388
69.8976
71.8399
73.6079
75.1483
76.5502
77.8385
79.0359
80.1553
81.2008
82.17
83.0543
83.8645
84.5959
85.2352
85.7733
86.2042
86.5212
86.7183
86.7919
86.7404
86.5657
86.296
85.981
85.6145
85.2059
84.7661
84.3052
83.8317
83.3523
82.8729
82.3982
81.932
81.4773
81.0365
80.6113
80.2036
79.813
79.4405
79.0862
78.7489
78.4299
70.1444
72.342
74.3428
76.0922
77.6867
79.1569
80.5269
81.8099
83.0085
84.117
85.1227
86.0381
86.8556
87.5565
88.1284
88.5629
88.8516
88.9878
88.9683
88.7938
88.4693
88.0429
87.5773
87.0592
86.5014
85.917
85.3179
84.7137
84.1121
83.5194
82.9403
82.3787
81.8372
81.3182
80.8231
80.3533
79.908
79.4878
79.0923
78.7199
78.3715
70.4615
72.9726
75.2592
77.2669
79.1002
80.7964
82.3812
83.8671
85.254
86.5307
87.6785
88.7117
89.6182
90.3723
90.9569
91.3614
91.5761
91.5952
91.4183
91.051
90.5049
89.8586
89.1901
88.4745
87.7277
86.965
86.2001
85.4431
84.7019
83.9825
83.2893
82.6255
81.9931
81.3938
80.8285
80.2981
79.8009
79.3369
78.9056
78.5042
78.1341
70.8716
73.7765
76.4223
78.757
80.8938
82.8777
84.7358
86.4782
88.0994
89.5794
90.8902
92.0482
93.0348
93.8144
94.3652
94.6751
94.736
94.5463
94.1134
93.453
92.5886
91.6434
90.7118
89.7487
88.7728
87.8012
86.8476
85.9218
85.0306
84.1786
83.3689
82.6032
81.8824
81.2069
80.5767
79.9921
79.4503
78.9508
78.4927
78.0724
77.6919
71.3982
74.8055
77.9129
80.6703
83.2008
85.5578
87.7687
89.8377
91.7494
93.4686
94.954
96.2247
97.2527
97.9909
98.414
98.5131
98.2882
97.7498
96.9216
95.8376
94.5398
93.2121
91.9612
90.7094
89.4765
88.2795
87.1299
86.0347
84.9979
84.0213
83.1053
82.2494
81.4524
80.7131
80.0304
79.4036
78.8294
78.3067
77.8346
77.409
77.0328
72.077
76.1031
79.7893
83.0778
86.1055
88.9314
91.5813
94.0472
96.2959
98.2663
99.9003
101.222
102.192
102.755
102.889
102.6
101.908
100.849
99.4755
97.8468
96.0276
94.2722
92.6854
91.144
89.6654
88.2632
86.9439
85.7086
84.5565
83.4852
82.4914
81.5716
80.7225
79.9409
79.2246
78.5725
77.9807
77.4487
76.9759
76.5588
76.2023
72.8965
77.6593
82.034
85.9547
89.5761
92.958
96.1183
99.0284
101.623
103.804
105.497
106.737
107.48
107.669
107.307
106.43
105.097
103.383
101.371
99.1521
96.8079
94.6552
92.7783
91.0005
89.333
87.7832
86.3495
85.0257
83.8053
82.6812
81.6464
80.6945
79.8198
79.0179
78.2859
77.6224
77.0239
76.4909
76.0246
75.6232
75.2946
73.8188
79.4644
84.6625
89.3394
93.669
97.7033
101.439
104.813
107.714
109.994
111.574
112.519
112.792
112.363
111.28
109.634
107.534
105.097
102.439
99.6667
96.8691
94.4045
92.3196
90.3844
88.6014
86.9704
85.4809
84.1197
82.8746
81.7345
80.6893
79.7301
78.8497
78.0427
77.3057
76.6378
76.0364
75.5036
75.0434
74.6571
74.3582
74.8213
81.5275
87.7102
93.2898
98.455
103.237
107.588
111.392
114.479
116.646
117.851
118.215
117.735
116.442
114.456
111.935
109.037
105.911
102.685
99.4686
96.3396
93.6739
91.4721
89.4591
87.629
85.9746
84.4775
83.1183
81.8807
80.7507
79.7158
78.7654
77.8912
77.0873
76.3502
75.6794
75.0732
74.5361
74.0753
73.6968
73.4221
75.8834
83.869
91.2297
97.8816
104.016
109.621
114.569
118.67
121.701
123.429
123.922
123.389
121.898
119.565
116.598
113.214
109.597
105.901
102.249
98.7332
95.4079
92.6465
90.406
88.3797
86.555
84.9189
83.4471
82.1158
80.9061
79.8018
78.7891
77.8563
76.9944
76.1972
75.461
74.7856
74.1704
73.6214
73.1492
72.7658
72.5035
76.9763
86.511
95.2795
103.193
110.42
116.863
122.279
126.399
128.994
129.874
129.309
127.621
124.959
121.542
117.653
113.532
109.356
105.261
101.342
97.6659
94.2604
91.4856
89.2626
87.2671
85.4816
83.889
82.4614
81.1722
80.0008
78.9298
77.9447
77.0331
76.1857
75.3958
74.6599
73.9776
73.3484
72.7798
72.2839
71.8802
71.612
78.0681
89.4817
99.9263
109.299
117.696
124.874
130.456
134.149
135.824
135.461
133.595
130.631
126.79
122.39
117.754
113.095
108.549
104.22
100.174
96.4463
93.0442
90.3101
88.1392
86.1998
84.4714
82.935
81.5601
80.3186
79.189
78.1537
77.1973
76.3074
75.4743
74.6914
73.9546
73.2635
72.6167
72.0223
71.4911
71.0514
70.7522
79.1292
92.8221
105.247
116.255
125.788
133.405
138.647
141.345
141.631
139.775
136.554
132.364
127.477
122.304
117.152
112.158
107.41
102.98
98.9079
95.2033
91.8562
89.1933
87.092
85.2203
83.5564
82.08
80.7595
79.5662
78.478
77.4771
76.5483
75.6789
74.8592
74.0822
73.3437
72.643
71.9766
71.3531
70.7772
70.2888
69.9261
80.1368
96.5883
111.324
124.066
134.498
142.003
146.239
147.39
145.997
142.649
138.218
132.972
127.257
121.563
116.117
110.955
106.128
101.69
97.6552
94.016
90.7513
88.1733
86.148
84.347
82.7478
81.3303
80.0622
78.9144
77.8649
76.8959
75.9923
75.1415
74.3335
73.5616
72.821
72.1105
71.4245
70.7712
70.1447
69.5994
69.1336
81.0812
100.853
118.215
132.612
143.411
150.032
152.6
151.872
148.802
144.205
138.814
132.717
126.412
120.44
114.874
109.654
104.829
100.44
96.4789
92.9271
89.7565
87.2669
85.3166
83.5836
82.0457
80.683
79.4632
78.3568
77.3421
76.4017
75.5206
74.686
73.8883
73.1205
72.3776
71.658
70.9536
70.2721
69.5931
68.9873
68.3747
81.9635
105.703
125.914
141.581
151.919
156.849
157.317
154.704
150.231
144.746
138.63
131.863
125.201
119.148
113.571
108.363
103.59
99.2822
95.4125
91.9561
88.8815
86.4776
84.5974
82.9266
81.4442
80.1308
78.9541
77.8843
76.9003
75.9849
75.1233
74.3028
73.5137
72.7495
72.0044
71.2767
70.5558
69.8489
69.1197
68.4537
67.651
82.8113
111.222
134.281
150.449
159.347
161.998
160.303
156.091
150.628
144.605
137.915
130.63
123.825
117.834
112.305
107.147
102.457
98.2438
94.4697
91.1073
88.1238
85.7996
83.9829
82.3674
80.9338
79.6636
78.5245
77.4864
76.529
75.6351
74.7902
73.9816
73.1999
72.4386
71.6916
70.9569
70.2222
69.4933
68.7195
67.996
66.9671
83.6373
117.331
142.851
158.462
165.106
165.315
161.75
156.4
150.365
144.064
136.87
129.209
122.442
116.592
111.134
106.045
101.448
97.3321
93.65
90.3757
87.4752
85.2224
83.462
81.8959
80.5054
79.2731
78.1665
77.1557
76.221
75.3455
74.5149
73.7165
72.941
72.182
71.4334
70.693
69.9469
69.1995
68.3894
67.6123
66.3339
84.386
123.739
151.012
165.029
169.009
167.015
162.067
156.056
149.776
143.346
135.655
127.774
121.177
115.479
110.085
105.075
100.572
96.5457
92.9475
89.7523
86.926
84.7342
83.0183
81.4927
80.1395
78.9402
77.8618
76.8747
75.9598
75.1003
74.2821
73.4926
72.7228
71.9666
71.2173
70.4728
69.7183
68.9562
68.1195
67.2959
65.7546
84.2725
130.438
158.671
170.161
171.353
167.535
161.675
155.374
149.071
142.579
134.336
126.411
120.125
114.577
109.225
104.288
99.8706
95.9229
92.3959
89.2662
86.4996
84.3753
82.7005
81.2046
79.8787
78.7038
77.6461
76.676
75.7752
74.9266
74.1168
73.3329
72.5666
71.8118
71.0615
70.3138
69.5527
68.7797
67.9254
67.0725
65.2762
85.887
137.898
165.031
173.13
172.161
167.019
160.482
154.032
147.811
141.297
132.388
124.386
118.487
113.201
107.981
103.178
98.8953
95.0707
91.6545
88.625
85.9449
83.8687
82.2614
80.814
79.5292
78.3906
77.364
76.4198
75.5404
74.7092
73.9128
73.1388
72.3793
71.6286
70.8796
70.1306
69.3655
68.5831
67.7166
66.8416
64.9465
71.8193
71.8182
71.8171
71.8159
71.8145
71.813
71.8115
71.8098
71.8079
71.806
71.8039
71.8016
71.7991
71.7964
71.7936
71.7904
71.7871
71.7834
71.7794
71.7751
71.7705
71.7654
71.7599
71.7539
71.7474
71.7404
71.7327
71.7243
71.7152
71.7054
71.6946
71.6829
71.6702
71.6564
71.6414
71.6251
71.6075
71.5883
71.5675
71.5451
71.5208
71.4947
71.4665
71.4361
71.4036
71.3687
71.3315
71.2918
71.2496
71.2048
71.1576
71.1079
71.0557
71.0012
70.9445
70.8857
70.8251
70.7628
70.6991
70.6344
70.5688
70.5028
70.4366
70.3707
70.3053
70.2408
70.1776
70.116
70.0564
69.9992
69.9449
69.8934
69.8483
69.8001
71.8474
71.8468
71.8457
71.8442
71.8427
71.8411
71.8394
71.8375
71.8355
71.8333
71.831
71.8284
71.8257
71.8227
71.8195
71.816
71.8123
71.8082
71.8038
71.799
71.7938
71.7882
71.7821
71.7755
71.7683
71.7605
71.7521
71.7429
71.7329
71.7221
71.7104
71.6977
71.684
71.669
71.6529
71.6354
71.6166
71.5962
71.5742
71.5505
71.525
71.4975
71.4681
71.4366
71.403
71.367
71.3288
71.2882
71.2452
71.1998
71.152
71.1018
71.0493
70.9946
70.9378
70.8791
70.8186
70.7565
70.6931
70.6287
70.5635
70.4978
70.432
70.3664
70.3014
70.2372
70.1742
70.1128
70.0534
69.9962
69.9422
69.8901
69.8469
69.7924
71.8871
71.8866
71.8857
71.8841
71.8825
71.8808
71.879
71.877
71.8749
71.8726
71.8701
71.8674
71.8645
71.8613
71.8579
71.8542
71.8502
71.8458
71.8411
71.836
71.8304
71.8243
71.8178
71.8107
71.8029
71.7946
71.7855
71.7756
71.7649
71.7533
71.7407
71.7271
71.7123
71.6963
71.6791
71.6604
71.6403
71.6185
71.5951
71.57
71.543
71.514
71.483
71.4498
71.4145
71.3769
71.337
71.2947
71.25
71.203
71.1536
71.1019
71.048
70.9919
70.9338
70.8739
70.8124
70.7494
70.6852
70.6201
70.5544
70.4883
70.4223
70.3566
70.2915
70.2275
70.1647
70.1037
70.0446
69.9877
69.9342
69.8817
69.8397
69.7777
71.9527
71.9523
71.9513
71.9496
71.9478
71.946
71.944
71.9419
71.9395
71.937
71.9342
71.9312
71.928
71.9245
71.9206
71.9165
71.912
71.9071
71.9017
71.896
71.8897
71.8828
71.8754
71.8674
71.8587
71.8492
71.8389
71.8277
71.8157
71.8026
71.7884
71.7731
71.7565
71.7386
71.7193
71.6985
71.6761
71.652
71.6261
71.5984
71.5688
71.5371
71.5033
71.4674
71.4292
71.3888
71.3461
71.3011
71.2538
71.2043
71.1525
71.0985
71.0425
70.9846
70.9248
70.8635
70.8007
70.7367
70.6717
70.6061
70.54
70.4738
70.4077
70.3422
70.2774
70.2138
70.1515
70.091
70.0326
69.9762
69.9232
69.8704
69.8294
69.7604
72.0335
72.033
72.032
72.0302
72.0281
72.026
72.0238
72.0214
72.0188
72.0159
72.0128
72.0094
72.0057
72.0017
71.9973
71.9926
71.9874
71.9818
71.9757
71.9691
71.9619
71.9541
71.9456
71.9363
71.9263
71.9155
71.9037
71.8909
71.8771
71.8622
71.846
71.8285
71.8097
71.7894
71.7675
71.7441
71.7188
71.6918
71.6629
71.632
71.5991
71.5641
71.5269
71.4876
71.4459
71.4021
71.356
71.3077
71.2572
71.2045
71.1498
71.0931
71.0346
70.9744
70.9127
70.8496
70.7854
70.7203
70.6545
70.5883
70.5219
70.4556
70.3897
70.3245
70.2602
70.1972
70.1356
70.0759
70.0182
69.9625
69.9103
69.8574
69.8175
69.743
72.1345
72.1338
72.1327
72.1306
72.1283
72.1259
72.1233
72.1205
72.1174
72.114
72.1104
72.1064
72.102
72.0973
72.0922
72.0866
72.0806
72.074
72.0668
72.059
72.0506
72.0414
72.0314
72.0205
72.0088
71.996
71.9823
71.9673
71.9512
71.9338
71.915
71.8947
71.873
71.8495
71.8244
71.7975
71.7687
71.738
71.7052
71.6704
71.6334
71.5943
71.553
71.5095
71.4637
71.4158
71.3656
71.3134
71.2592
71.203
71.1449
71.0852
71.0239
70.9612
70.8973
70.8324
70.7667
70.7004
70.6337
70.567
70.5004
70.4341
70.3685
70.3038
70.2402
70.178
70.1174
70.0585
70.0019
69.9471
69.8958
69.8432
69.8042
69.7268
72.2536
72.2527
72.2514
72.2489
72.2461
72.2432
72.2401
72.2367
72.233
72.229
72.2246
72.2199
72.2147
72.209
72.2029
72.1962
72.1889
72.181
72.1724
72.1631
72.153
72.142
72.1301
72.1172
72.1032
72.0881
72.0718
72.0542
72.0351
72.0146
71.9926
71.9689
71.9435
71.9163
71.8872
71.8561
71.823
71.7879
71.7506
71.7111
71.6694
71.6255
71.5794
71.5311
71.4806
71.428
71.3734
71.3169
71.2585
71.1985
71.1368
71.0738
71.0096
70.9443
70.8782
70.8114
70.7443
70.6769
70.6095
70.5424
70.4757
70.4096
70.3445
70.2805
70.2177
70.1565
70.097
70.0394
69.984
69.9303
69.8802
69.8283
69.7901
69.7129
72.3923
72.3909
72.3893
72.3863
72.3828
72.3793
72.3755
72.3714
72.3668
72.3619
72.3566
72.3507
72.3444
72.3375
72.33
72.3219
72.313
72.3034
72.293
72.2817
72.2695
72.2562
72.2418
72.2263
72.2095
72.1914
72.1718
72.1508
72.1282
72.1039
72.0778
72.0499
72.0201
71.9883
71.9544
71.9184
71.8803
71.8399
71.7973
71.7525
71.7054
71.6561
71.6046
71.551
71.4953
71.4377
71.3782
71.3171
71.2544
71.1903
71.125
71.0587
70.9915
70.9237
70.8554
70.7869
70.7184
70.6501
70.5822
70.5149
70.4483
70.3827
70.3182
70.255
70.1933
70.1333
70.0751
70.0189
69.9648
69.9125
69.8637
69.8131
69.7755
69.7015
72.5504
72.5486
72.5464
72.5427
72.5384
72.534
72.5293
72.5242
72.5186
72.5124
72.5058
72.4986
72.4908
72.4823
72.473
72.463
72.4521
72.4404
72.4276
72.4138
72.3988
72.3827
72.3652
72.3464
72.3261
72.3043
72.2808
72.2556
72.2286
72.1997
72.1688
72.1359
72.1008
72.0636
72.0242
71.9824
71.9384
71.8921
71.8435
71.7926
71.7395
71.6843
71.6269
71.5676
71.5064
71.4435
71.379
71.3131
71.246
71.1779
71.1089
71.0394
70.9694
70.8992
70.829
70.7591
70.6895
70.6205
70.5522
70.4849
70.4186
70.3536
70.29
70.2279
70.1674
70.1088
70.052
69.9973
69.9447
69.894
69.8466
69.7977
69.7606
69.6925
72.729
72.7264
72.7236
72.7189
72.7135
72.708
72.7021
72.6956
72.6885
72.6809
72.6726
72.6636
72.6538
72.6433
72.6318
72.6194
72.6059
72.5914
72.5756
72.5587
72.5403
72.5206
72.4993
72.4764
72.4518
72.4254
72.3972
72.367
72.3347
72.3003
72.2637
72.2249
72.1837
72.1403
72.0944
72.0461
71.9955
71.9426
71.8873
71.8298
71.7702
71.7085
71.6449
71.5796
71.5126
71.4443
71.3747
71.3041
71.2327
71.1607
71.0883
71.0157
70.9432
70.871
70.7992
70.728
70.6576
70.5882
70.5199
70.4528
70.3872
70.323
70.2604
70.1995
70.1404
70.0832
70.028
69.9749
69.924
69.875
69.8291
69.7822
69.7456
69.685
72.9286
72.925
72.9212
72.9152
72.9085
72.9015
72.894
72.8858
72.8769
72.8673
72.8568
72.8455
72.8333
72.8201
72.8058
72.7903
72.7736
72.7556
72.7362
72.7153
72.6928
72.6686
72.6427
72.6148
72.585
72.5532
72.5192
72.483
72.4446
72.4037
72.3605
72.3148
72.2667
72.2161
72.163
72.1074
72.0495
71.9893
71.9268
71.8622
71.7957
71.7273
71.6573
71.5858
71.513
71.4392
71.3647
71.2895
71.214
71.1384
71.0628
70.9876
70.913
70.839
70.766
70.694
70.6231
70.5537
70.4856
70.4191
70.3542
70.2911
70.2297
70.1702
70.1126
70.057
70.0035
69.952
69.9029
69.8556
69.8114
69.7667
69.7307
69.6782
73.1501
73.1451
73.1399
73.1323
73.1238
73.1149
73.1053
73.095
73.0837
73.0715
73.0584
73.0442
73.0289
73.0123
72.9944
72.9752
72.9545
72.9322
72.9082
72.8824
72.8548
72.8253
72.7936
72.7599
72.7238
72.6855
72.6448
72.6016
72.5559
72.5076
72.4568
72.4033
72.3473
72.2887
72.2277
72.1642
72.0983
72.0303
71.9602
71.8882
71.8145
71.7392
71.6627
71.5851
71.5067
71.4277
71.3484
71.269
71.1897
71.1109
71.0327
70.9553
70.8789
70.8037
70.7298
70.6573
70.5864
70.5172
70.4497
70.3841
70.3202
70.2583
70.1984
70.1404
70.0844
70.0305
69.9787
69.929
69.8816
69.8361
69.7936
69.7512
69.7159
69.6713
73.394
73.3873
73.3803
73.3706
73.3597
73.3484
73.3362
73.3231
73.3088
73.2934
73.2768
73.259
73.2397
73.219
73.1967
73.1728
73.1471
73.1195
73.0899
73.0583
73.0245
72.9885
72.9501
72.9093
72.8659
72.82
72.7714
72.7201
72.6661
72.6094
72.55
72.4879
72.4232
72.3559
72.2862
72.2142
72.14
72.0638
71.9858
71.9062
71.8253
71.7432
71.6603
71.5768
71.493
71.4092
71.3255
71.2424
71.1599
71.0783
70.9979
70.9188
70.8412
70.7652
70.6909
70.6184
70.5479
70.4793
70.4127
70.3481
70.2855
70.225
70.1666
70.1103
70.056
70.0039
69.9538
69.9059
69.8603
69.8167
69.7758
69.7358
69.7013
69.664
73.661
73.6521
73.6427
73.6303
73.6165
73.602
73.5865
73.5698
73.5517
73.5323
73.5114
73.489
73.4649
73.439
73.4112
73.3815
73.3497
73.3157
73.2794
73.2408
73.1996
73.1559
73.1095
73.0604
73.0085
72.9538
72.8962
72.8358
72.7725
72.7064
72.6375
72.566
72.4919
72.4153
72.3364
72.2555
72.1726
72.0881
72.0021
71.915
71.827
71.7384
71.6494
71.5605
71.4718
71.3836
71.2962
71.2098
71.1246
71.041
70.9589
70.8787
70.8003
70.724
70.6498
70.5777
70.5079
70.4402
70.3747
70.3115
70.2504
70.1915
70.1348
70.0802
70.0277
69.9774
69.9291
69.883
69.8392
69.7974
69.7582
69.7205
69.6868
69.6559
73.9516
73.9397
73.9272
73.9113
73.8938
73.8753
73.8557
73.8345
73.8117
73.7872
73.7609
73.7328
73.7027
73.6705
73.636
73.5993
73.5601
73.5184
73.4741
73.427
73.3772
73.3245
73.2688
73.2102
73.1485
73.0838
73.0162
72.9455
72.872
72.7956
72.7165
72.6349
72.5508
72.4645
72.3762
72.2861
72.1946
72.1018
72.008
71.9136
71.8189
71.7242
71.6297
71.5359
71.4428
71.3509
71.2604
71.1715
71.0843
70.9992
70.9161
70.8353
70.7568
70.6806
70.6069
70.5356
70.4668
70.4004
70.3363
70.2746
70.2152
70.158
70.1031
70.0503
69.9997
69.9512
69.9048
69.8605
69.8184
69.7784
69.7408
69.7053
69.6726
69.647
74.2658
74.25
74.2336
74.2133
74.191
74.1676
74.1426
74.1158
74.087
74.0563
74.0234
73.9883
73.9508
73.9109
73.8684
73.8232
73.7752
73.7244
73.6706
73.6137
73.5538
73.4907
73.4244
73.355
73.2824
73.2066
73.1278
73.0461
72.9614
72.8741
72.7842
72.692
72.5977
72.5015
72.4037
72.3046
72.2045
72.1037
72.0026
71.9015
71.8006
71.7004
71.6011
71.5031
71.4065
71.3116
71.2187
71.1279
71.0395
70.9535
70.87
70.7892
70.711
70.6355
70.5627
70.4926
70.4251
70.3601
70.2977
70.2377
70.1801
70.1248
70.0717
70.0208
69.9721
69.9254
69.8808
69.8383
69.798
69.7597
69.7237
69.6903
69.6587
69.6374
74.6031
74.5825
74.5608
74.535
74.5068
74.4771
74.4455
74.4117
74.3756
74.3372
74.2962
74.2526
74.2062
74.157
74.1049
74.0497
73.9913
73.9298
73.865
73.7968
73.7253
73.6505
73.5724
73.4909
73.4063
73.3185
73.2277
73.1341
73.0378
72.939
72.838
72.7351
72.6304
72.5244
72.4174
72.3096
72.2015
72.0933
71.9855
71.8783
71.7721
71.6672
71.5639
71.4624
71.3631
71.2661
71.1716
71.0797
70.9907
70.9045
70.8212
70.7409
70.6635
70.5891
70.5176
70.449
70.3831
70.3199
70.2593
70.2012
70.1455
70.0921
70.0409
69.9919
69.9451
69.9002
69.8575
69.8167
69.778
69.7415
69.7071
69.6756
69.645
69.6273
74.9624
74.9355
74.9073
74.8744
74.8388
74.8014
74.7616
74.7193
74.6742
74.6263
74.5755
74.5217
74.4648
74.4046
74.341
74.2741
74.2038
74.1299
74.0526
73.9717
73.8873
73.7995
73.7083
73.6138
73.5162
73.4156
73.3123
73.2063
73.098
72.9877
72.8756
72.7621
72.6475
72.5321
72.4163
72.3005
72.185
72.0702
71.9565
71.8442
71.7335
71.6248
71.5184
71.4145
71.3133
71.215
71.1197
71.0275
70.9385
70.8528
70.7703
70.691
70.6149
70.542
70.4721
70.4052
70.3411
70.2798
70.2212
70.1651
70.1114
70.06
70.0108
69.9637
69.9187
69.8757
69.8347
69.7957
69.7587
69.7238
69.6909
69.6612
69.6316
69.6169
75.3413
75.3065
75.27
75.2285
75.1837
75.1367
75.087
75.0342
74.9782
74.9191
74.8566
74.7906
74.7212
74.6482
74.5715
74.4912
74.4072
74.3195
74.2281
74.1332
74.0347
73.9328
73.8277
73.7194
73.6083
73.4945
73.3783
73.2599
73.1397
73.018
72.8952
72.7716
72.6476
72.5235
72.3998
72.2769
72.155
72.0346
71.9161
71.7996
71.6855
71.5741
71.4656
71.3602
71.258
71.1592
71.0639
70.9721
70.8838
70.799
70.7178
70.64
70.5656
70.4945
70.4265
70.3616
70.2996
70.2403
70.1838
70.1297
70.0781
70.0287
69.9814
69.9363
69.8932
69.852
69.8127
69.7754
69.7399
69.7066
69.6751
69.6471
69.6185
69.6063
75.7361
75.6915
75.6447
75.5924
75.5365
75.4779
75.416
75.3507
75.2818
75.2093
75.133
75.053
74.9692
74.8815
74.79
74.6946
74.5954
74.4925
74.3859
74.2758
74.1623
74.0457
73.926
73.8037
73.6788
73.5517
73.4228
73.2924
73.1607
73.0283
72.8955
72.7627
72.6302
72.4985
72.368
72.239
72.112
71.9871
71.8648
71.7454
71.629
71.5159
71.4063
71.3003
71.198
71.0995
71.0049
70.9141
70.8271
70.7439
70.6644
70.5885
70.5161
70.447
70.3812
70.3184
70.2586
70.2016
70.1472
70.0952
70.0456
69.9983
69.953
69.9098
69.8684
69.829
69.7914
69.7557
69.7218
69.69
69.6599
69.6335
69.6058
69.5957
76.1414
76.0845
76.025
75.9597
75.8903
75.8177
75.7415
75.6614
75.5773
75.4892
75.3972
75.3012
75.2011
75.0971
74.9891
74.8773
74.7617
74.6425
74.5199
74.394
74.2651
74.1334
73.9992
73.8628
73.7246
73.5847
73.4438
73.302
73.1599
73.0177
72.876
72.7351
72.5954
72.4574
72.3213
72.1876
72.0566
71.9286
71.8038
71.6825
71.5649
71.4512
71.3414
71.2358
71.1342
71.0368
70.9436
70.8544
70.7693
70.6881
70.6107
70.537
70.4668
70.4
70.3365
70.2761
70.2185
70.1637
70.1115
70.0617
70.0142
69.9689
69.9255
69.8842
69.8446
69.8069
69.7709
69.7368
69.7043
69.674
69.6451
69.6202
69.5935
69.5851
76.5489
76.4773
76.4024
76.3214
76.2361
76.147
76.054
75.9568
75.8554
75.7498
75.6401
75.5262
75.4084
75.2866
75.161
75.0318
74.8991
74.7632
74.6243
74.4825
74.3384
74.192
74.0438
73.8941
73.7433
73.5917
73.4398
73.2879
73.1365
72.986
72.8368
72.6893
72.5439
72.4009
72.2607
72.1237
71.9901
71.8602
71.7341
71.6122
71.4945
71.3811
71.2722
71.1677
71.0676
70.972
70.8807
70.7937
70.7108
70.6319
70.557
70.4858
70.4181
70.3538
70.2927
70.2347
70.1795
70.127
70.077
70.0293
69.9839
69.9405
69.8991
69.8595
69.8217
69.7856
69.7512
69.7186
69.6876
69.6586
69.631
69.6075
69.5815
69.5747
76.9479
76.8586
76.7654
76.6662
76.5623
76.4544
76.3422
76.2258
76.1051
75.9802
75.8513
75.7184
75.5817
75.4415
75.2978
75.1509
75.0012
74.8487
74.6939
74.537
74.3784
74.2183
74.0573
73.8956
73.7336
73.5717
73.4104
73.2501
73.0911
72.9338
72.7788
72.6263
72.4767
72.3303
72.1876
72.0487
71.9138
71.7833
71.6572
71.5358
71.419
71.3069
71.1996
71.097
70.9991
70.9058
70.817
70.7325
70.6523
70.5761
70.5038
70.4353
70.3703
70.3086
70.25
70.1944
70.1416
70.0914
70.0436
69.9981
69.9547
69.9133
69.8737
69.8359
69.7998
69.7653
69.7324
69.7012
69.6715
69.6438
69.6173
69.5951
69.57
69.5646
77.3238
77.2139
77.0997
76.9795
76.8547
76.7258
76.5926
76.4553
76.3139
76.1687
76.0198
75.8674
75.7118
75.5531
75.3918
75.2279
75.0619
74.8941
74.7247
74.5541
74.3826
74.2106
74.0385
73.8666
73.6954
73.5252
73.3564
73.1894
73.0246
72.8625
72.7034
72.5476
72.3955
72.2474
72.1035
71.9641
71.8294
71.6995
71.5745
71.4545
71.3396
71.2297
71.1247
71.0247
70.9295
70.839
70.7531
70.6715
70.5942
70.521
70.4516
70.3858
70.3236
70.2645
70.2086
70.1555
70.1051
70.0571
70.0115
69.9681
69.9267
69.8871
69.8494
69.8133
69.7788
69.7458
69.7143
69.6845
69.6561
69.6297
69.6043
69.5833
69.5588
69.5548
77.6582
77.5252
77.3875
77.2443
77.0967
76.9453
76.7901
76.6311
76.4687
76.3031
76.1345
75.9633
75.7897
75.614
75.4365
75.2575
75.0772
74.8961
74.7143
74.5323
74.3503
74.1687
73.9878
73.808
73.6297
73.4533
73.2791
73.1075
72.939
72.7739
72.6125
72.4552
72.3022
72.1538
72.0103
71.8718
71.7384
71.6102
71.4874
71.3698
71.2575
71.1504
71.0485
70.9516
70.8596
70.7723
70.6896
70.6113
70.5371
70.4669
70.4005
70.3377
70.2782
70.2219
70.1686
70.1179
70.0699
70.0242
69.9808
69.9394
69.8999
69.8622
69.8261
69.7917
69.7587
69.7272
69.6971
69.6686
69.6413
69.6162
69.5917
69.572
69.5481
69.5453
77.929
77.771
77.6082
77.4409
77.2699
77.0958
76.9186
76.7387
76.5563
76.3718
76.1855
75.9976
75.8085
75.6184
75.4277
75.2364
75.045
74.8536
74.6625
74.4719
74.2823
74.0938
73.9068
73.7217
73.5387
73.3584
73.181
73.0069
72.8366
72.6703
72.5084
72.3512
72.1989
72.0517
71.9098
71.7734
71.6424
71.517
71.3972
71.2828
71.1739
71.0703
70.9719
70.8785
70.79
70.7063
70.627
70.5521
70.4812
70.4142
70.3509
70.2911
70.2344
70.1808
70.13
70.0819
70.0362
69.9927
69.9513
69.9119
69.8743
69.8384
69.804
69.7711
69.7396
69.7095
69.6807
69.6534
69.6273
69.6032
69.5798
69.5611
69.5378
69.5361
78.1103
77.9269
77.7392
77.5482
77.3548
77.1596
76.9626
76.7644
76.5651
76.3652
76.1648
75.9643
75.7639
75.5636
75.3638
75.1644
74.9657
74.7679
74.5711
74.3755
74.1813
73.9889
73.7986
73.6106
73.4255
73.2434
73.0649
72.8903
72.72
72.5543
72.3935
72.2379
72.0877
71.943
71.8039
71.6706
71.5431
71.4213
71.3052
71.1947
71.0897
70.99
70.8955
70.8061
70.7214
70.6414
70.5658
70.4943
70.4269
70.3631
70.3029
70.246
70.1922
70.1413
70.0931
70.0473
70.0039
69.9626
69.9233
69.8857
69.8499
69.8157
69.7829
69.7515
69.7214
69.6926
69.6651
69.6389
69.6139
69.5909
69.5683
69.5507
69.528
69.5273
78.174
77.9672
77.7571
77.5452
77.3329
77.1207
76.9087
76.6973
76.4867
76.2771
76.0686
75.8614
75.6553
75.4505
75.2469
75.0444
74.8432
74.6431
74.4444
74.2472
74.0517
73.8583
73.6671
73.4788
73.2935
73.1118
72.9341
72.7607
72.5921
72.4285
72.2703
72.1176
71.9706
71.8296
71.6944
71.5651
71.4418
71.3243
71.2126
71.1064
71.0058
70.9104
70.8202
70.7348
70.6542
70.5781
70.5062
70.4383
70.3743
70.3138
70.2567
70.2028
70.1518
70.1035
70.0577
70.0143
69.9731
69.9339
69.8965
69.8608
69.8267
69.7941
69.7628
69.7329
69.7041
69.6766
69.6502
69.6251
69.6012
69.5792
69.5574
69.5408
69.5185
69.5189
78.0915
77.8663
77.6397
77.413
77.1885
76.9668
76.7476
76.5311
76.3174
76.1064
75.8978
75.6915
75.4871
75.2844
75.083
74.8828
74.6837
74.4856
74.2886
74.093
73.8989
73.7068
73.5171
73.3303
73.1468
72.9671
72.7917
72.6211
72.4556
72.2954
72.141
71.9924
71.8498
71.7132
71.5827
71.4583
71.3398
71.2272
71.1203
71.0189
70.923
70.8322
70.7464
70.6653
70.5888
70.5166
70.4485
70.3843
70.3237
70.2664
70.2124
70.1614
70.1131
70.0674
70.024
69.9829
69.9438
69.9066
69.8711
69.8372
69.8047
69.7736
69.7438
69.7152
69.6877
69.6613
69.6361
69.6121
69.589
69.568
69.547
69.5313
69.5095
69.5108
77.8363
77.602
77.3688
77.1375
76.9114
76.6912
76.4764
76.2662
76.0605
75.8586
75.6598
75.4634
75.2687
75.075
74.8819
74.689
74.4962
74.3035
74.1111
73.9194
73.7288
73.5399
73.3532
73.1694
72.989
72.8127
72.641
72.4743
72.313
72.1574
72.0077
71.8642
71.7268
71.5955
71.4704
71.3513
71.2382
71.1309
71.0292
70.9329
70.8418
70.7558
70.6745
70.5978
70.5255
70.4573
70.393
70.3323
70.2751
70.2211
70.17
70.1218
70.0762
70.033
69.992
69.953
69.916
69.8807
69.8469
69.8147
69.7838
69.7542
69.7258
69.6984
69.6721
69.6469
69.6227
69.5997
69.5775
69.5574
69.5371
69.5223
69.5009
69.503
77.3869
77.1573
76.9325
76.7111
76.4985
76.2954
76.1001
75.911
75.727
75.5467
75.3687
75.1917
75.0144
74.8361
74.6563
74.4745
74.291
74.1059
73.9198
73.7334
73.5473
73.3626
73.1798
73
72.8237
72.6518
72.4846
72.3228
72.1667
72.0166
71.8725
71.7347
71.6032
71.4778
71.3586
71.2454
71.138
71.0362
70.9399
70.8489
70.7629
70.6816
70.605
70.5327
70.4645
70.4003
70.3397
70.2825
70.2286
70.1777
70.1296
70.0841
70.0411
70.0003
69.9615
69.9247
69.8896
69.8561
69.8241
69.7934
69.7641
69.7358
69.7087
69.6825
69.6574
69.6332
69.61
69.5879
69.5666
69.5473
69.5277
69.5137
69.4927
69.4956
76.7352
76.5289
76.3326
76.141
75.9617
75.7956
75.6388
75.4882
75.3412
75.1956
75.049
74.8995
74.7458
74.5872
74.4233
74.2543
74.0808
73.9037
73.724
73.5428
73.3614
73.1809
73.0025
72.827
72.6554
72.4884
72.3266
72.1703
72.0201
71.876
71.7382
71.6067
71.4814
71.3624
71.2494
71.1422
71.0407
70.9447
70.8539
70.7681
70.6871
70.6106
70.5386
70.4706
70.4065
70.3461
70.2891
70.2354
70.1846
70.1367
70.0914
70.0486
70.0079
69.9694
69.9328
69.8979
69.8647
69.8329
69.8025
69.7734
69.7454
69.7185
69.6926
69.6676
69.6435
69.6203
69.598
69.5768
69.5562
69.5377
69.5188
69.5056
69.4849
69.4885
75.9285
75.766
75.6204
75.4808
75.3569
75.2488
75.1496
75.0534
74.9563
74.8546
74.7456
74.6272
74.4984
74.3591
74.2099
74.0518
73.8863
73.7152
73.5401
73.3628
73.185
73.0082
72.8335
72.6623
72.4953
72.3333
72.1768
72.0263
71.882
71.7441
71.6125
71.4873
71.3683
71.2554
71.1484
71.0471
70.9512
70.8606
70.775
70.6941
70.6178
70.5459
70.478
70.414
70.3537
70.2968
70.2431
70.1925
70.1446
70.0994
70.0567
70.0162
69.9778
69.9413
69.9066
69.8735
69.8419
69.8117
69.7828
69.755
69.7283
69.7025
69.6777
69.6537
69.6306
69.6083
69.5868
69.5664
69.5466
69.5288
69.5103
69.4979
69.4775
69.4818
75.0559
74.9545
74.8793
74.8115
74.762
74.7287
74.7006
74.6683
74.6263
74.5704
74.4979
74.4073
74.299
74.1741
74.0345
73.8828
73.7214
73.553
73.3799
73.2046
73.0289
72.8546
72.683
72.5154
72.3525
72.1951
72.0436
71.8984
71.7597
71.6274
71.5016
71.3821
71.2688
71.1615
71.0599
70.9638
70.873
70.7871
70.7061
70.6295
70.5573
70.4893
70.425
70.3645
70.3074
70.2536
70.2028
70.1548
70.1095
70.0666
70.0261
69.9876
69.9511
69.9164
69.8833
69.8518
69.8216
69.7928
69.7651
69.7385
69.7128
69.6881
69.6642
69.6411
69.6188
69.5973
69.5765
69.5568
69.5376
69.5204
69.5025
69.4906
69.4706
69.4754
74.1608
74.1355
74.1496
74.1726
74.2148
74.2701
74.3217
74.357
74.3694
74.3553
74.3131
74.2434
74.1483
74.0311
73.8954
73.7452
73.584
73.4153
73.2421
73.0671
72.8923
72.7196
72.5505
72.3859
72.2266
72.0734
71.9265
71.7861
71.6524
71.5252
71.4046
71.2902
71.182
71.0796
70.9827
70.8912
70.8047
70.7231
70.646
70.5732
70.5046
70.4399
70.3788
70.3213
70.267
70.2158
70.1674
70.1217
70.0786
70.0377
69.999
69.9623
69.9274
69.8942
69.8626
69.8324
69.8035
69.7758
69.7491
69.7235
69.6988
69.675
69.6519
69.6296
69.608
69.5872
69.567
69.5479
69.5292
69.5126
69.4951
69.4838
69.464
69.4693
73.2664
73.3311
73.4542
73.5877
73.7375
73.8914
74.0262
74.1271
74.1881
74.2077
74.187
74.1294
74.0398
73.9237
73.7867
73.6339
73.4699
73.2987
73.1239
72.948
72.7735
72.6019
72.4346
72.2726
72.1166
71.967
71.8241
71.688
71.5588
71.4362
71.3201
71.2103
71.1064
71.0083
70.9156
70.8281
70.7454
70.6674
70.5937
70.5242
70.4586
70.3967
70.3384
70.2834
70.2315
70.1825
70.1363
70.0926
70.0513
70.0122
69.9751
69.9398
69.9064
69.8745
69.8441
69.815
69.7871
69.7604
69.7347
69.71
69.6861
69.663
69.6407
69.619
69.5981
69.5778
69.5582
69.5396
69.5214
69.5053
69.4882
69.4774
69.4577
69.4636
72.384
72.5527
72.8069
73.0717
73.3429
73.6001
73.8162
73.9759
74.0759
74.1187
74.1097
74.0556
73.9645
73.8442
73.7018
73.5436
73.3748
73.2
73.0225
72.8453
72.6704
72.4995
72.3338
72.174
72.0208
71.8745
71.7352
71.6029
71.4775
71.3589
71.2467
71.1408
71.0409
70.9465
70.8574
70.7732
70.6938
70.6189
70.5481
70.4814
70.4184
70.359
70.303
70.2502
70.2004
70.1533
70.1089
70.0669
70.0271
69.9895
69.9538
69.9198
69.8876
69.8568
69.8274
69.7993
69.7724
69.7466
69.7217
69.6977
69.6745
69.6521
69.6304
69.6093
69.5889
69.5692
69.55
69.5319
69.5141
69.4984
69.4816
69.4713
69.4519
69.4581
71.5175
71.805
72.2156
72.6336
73.0355
73.395
73.6852
73.8932
74.0205
74.0758
74.0693
74.0116
73.9136
73.7853
73.635
73.4697
73.2952
73.116
72.9356
72.7567
72.5813
72.4109
72.2464
72.0886
71.9378
71.7943
71.658
71.529
71.407
71.2919
71.1832
71.0807
70.984
70.8928
70.8067
70.7255
70.6489
70.5766
70.5083
70.444
70.3832
70.3259
70.2719
70.221
70.1729
70.1275
70.0846
70.0441
70.0057
69.9693
69.9348
69.902
69.8707
69.8409
69.8125
69.7852
69.7591
69.734
69.7098
69.6865
69.6639
69.6421
69.6209
69.6004
69.5804
69.5612
69.5425
69.5247
69.5073
69.492
69.4755
69.4656
69.4463
69.4529
70.6684
71.0898
71.6854
72.2779
72.8132
73.2675
73.6213
73.8652
74.008
74.0661
74.0547
73.9881
73.8797
73.7412
73.5816
73.4086
73.2281
73.0444
72.861
72.6804
72.5044
72.3343
72.1709
72.0147
71.866
71.7249
71.5913
71.4651
71.3461
71.2338
71.1281
71.0285
70.9346
70.8461
70.7627
70.684
70.6098
70.5397
70.4736
70.4112
70.3524
70.2969
70.2446
70.1952
70.1486
70.1047
70.0631
70.0238
69.9866
69.9513
69.9178
69.8859
69.8556
69.8266
69.7989
69.7724
69.747
69.7226
69.699
69.6762
69.6542
69.6329
69.6122
69.5921
69.5726
69.5537
69.5354
69.518
69.501
69.486
69.4698
69.4601
69.441
69.448
69.8398
70.4076
71.2197
72.0049
72.6678
73.2054
73.6102
73.877
74.025
74.0784
74.0568
73.9779
73.8573
73.7075
73.5384
73.3577
73.1711
72.9831
72.7969
72.6147
72.4381
72.2682
72.1056
71.9508
71.8039
71.6649
71.5336
71.4098
71.2933
71.1835
71.0803
70.9832
70.8917
70.8056
70.7244
70.6478
70.5755
70.5074
70.4431
70.3824
70.3252
70.2713
70.2204
70.1724
70.1271
70.0843
70.0439
70.0057
69.9695
69.9351
69.9025
69.8714
69.8419
69.8137
69.7867
69.7608
69.736
69.7121
69.6891
69.6668
69.6453
69.6244
69.6041
69.5844
69.5653
69.5468
69.5288
69.5117
69.495
69.4803
69.4643
69.455
69.4361
69.4433
69.04
69.7578
70.8211
71.8104
72.587
73.1944
73.6372
73.9154
74.0605
74.1038
74.0689
73.976
73.8424
73.6814
73.5029
73.3148
73.1227
72.9307
72.7418
72.5581
72.3809
72.2111
72.0493
71.8957
71.7503
71.613
71.4837
71.362
71.2475
71.1399
71.0388
70.9438
70.8543
70.7702
70.6908
70.6161
70.5455
70.479
70.4162
70.357
70.3012
70.2486
70.1989
70.1521
70.1079
70.0662
70.0268
69.9894
69.9541
69.9205
69.8887
69.8584
69.8295
69.8019
69.7755
69.7502
69.7259
69.7025
69.68
69.6581
69.637
69.6165
69.5966
69.5773
69.5585
69.5403
69.5226
69.5059
69.4894
69.475
69.4592
69.4502
69.4314
69.4388
68.281
69.1387
70.4924
71.6854
72.5569
73.221
73.6893
73.9694
74.1059
74.1359
74.086
73.9787
73.8324
73.6606
73.4734
73.2785
73.0813
72.8857
72.6944
72.5093
72.3316
72.1619
72.0007
71.8481
71.704
71.5682
71.4404
71.3204
71.2077
71.102
71.0027
70.9094
70.8217
70.7392
70.6615
70.5882
70.5192
70.454
70.3926
70.3346
70.2799
70.2284
70.1798
70.134
70.0908
70.0499
70.0113
69.9748
69.9402
69.9074
69.8762
69.8465
69.8182
69.7911
69.7653
69.7405
69.7167
69.6937
69.6716
69.6501
69.6294
69.6093
69.5897
69.5707
69.5522
69.5343
69.5169
69.5004
69.4841
69.47
69.4544
69.4456
69.427
69.4346
67.5748
68.5493
70.2339
71.6165
72.5638
73.273
73.7556
74.0308
74.1554
74.1705
74.1052
73.9839
73.8255
73.6437
73.4486
73.2476
73.0459
72.8471
72.6537
72.4673
72.2891
72.1195
71.9587
71.8069
71.6638
71.5292
71.4029
71.2843
71.1731
71.0689
70.9711
70.8793
70.7931
70.712
70.6356
70.5637
70.4959
70.4319
70.3715
70.3146
70.261
70.2104
70.1628
70.1178
70.0754
70.0353
69.9974
69.9616
69.9276
69.8954
69.8648
69.8357
69.8079
69.7813
69.7559
69.7316
69.7081
69.6856
69.6638
69.6427
69.6223
69.6025
69.5832
69.5645
69.5463
69.5287
69.5115
69.4952
69.4792
69.4652
69.4499
69.4413
69.4228
69.4306
66.9254
67.9943
70.0454
71.5904
72.5968
73.3402
73.828
74.0941
74.2049
74.2046
74.1245
73.9901
73.8206
73.6298
73.4276
73.2212
73.0154
72.8138
72.6185
72.4311
72.2524
72.0827
71.9223
71.7712
71.6289
71.4954
71.3702
71.2529
71.1429
71.04
70.9435
70.8529
70.7679
70.688
70.6128
70.542
70.4752
70.4122
70.3528
70.2968
70.2441
70.1943
70.1474
70.1032
70.0615
70.0221
69.9849
69.9496
69.9162
69.8845
69.8544
69.8258
69.7984
69.7723
69.7473
69.7233
69.7003
69.6781
69.6566
69.6359
69.6157
69.5962
69.5772
69.5587
69.5408
69.5234
69.5064
69.4904
69.4745
69.4608
69.4456
69.4372
69.4188
69.4268
66.3221
67.4796
69.9143
71.5918
72.6471
73.4145
73.9008
74.1555
74.2521
74.2368
74.1429
73.9965
73.817
73.6182
73.4098
73.1985
72.9893
72.7851
72.5882
72.3998
72.2206
72.0509
71.8908
71.7401
71.5986
71.4659
71.3417
71.2253
71.1165
71.0146
70.9192
70.8297
70.7457
70.6669
70.5926
70.5227
70.4568
70.3947
70.3361
70.2809
70.2289
70.1798
70.1336
70.09
70.0489
70.0101
69.9734
69.9387
69.9058
69.8746
69.8449
69.8167
69.7898
69.764
69.7394
69.7157
69.693
69.6711
69.6499
69.6295
69.6096
69.5903
69.5716
69.5534
69.5356
69.5184
69.5017
69.4858
69.4701
69.4566
69.4415
69.4333
69.4151
69.4232
65.7403
67.0536
69.8419
71.6118
72.7067
73.4899
73.9705
74.213
74.2955
74.2663
74.1597
74.0026
73.8143
73.6084
73.3945
73.179
72.9667
72.7604
72.562
72.3727
72.193
72.0233
71.8633
71.7131
71.5722
71.4402
71.3167
71.2012
71.0932
70.9922
70.8977
70.8091
70.7261
70.648
70.5746
70.5055
70.4404
70.379
70.3211
70.2666
70.2152
70.1667
70.1211
70.0781
70.0375
69.9992
69.963
69.9287
69.8963
69.8655
69.8362
69.8083
69.7818
69.7564
69.732
69.7087
69.6863
69.6646
69.6437
69.6235
69.6039
69.5849
69.5663
69.5483
69.5308
69.5138
69.4972
69.4815
69.466
69.4526
69.4377
69.4297
69.4116
69.4198
65.0573
66.6826
69.7951
71.646
72.7719
73.5622
74.035
74.2653
74.3346
74.2926
74.1747
74.0081
73.8121
73.6001
73.3813
73.1622
72.9472
72.739
72.5392
72.3491
72.1691
71.9992
71.8394
71.6895
71.549
71.4176
71.2947
71.1799
71.0727
70.9724
70.8787
70.7909
70.7086
70.6312
70.5586
70.4901
70.4256
70.3649
70.3076
70.2536
70.2028
70.1549
70.1097
70.0672
70.0271
69.9892
69.9535
69.9196
69.8875
69.8571
69.8282
69.8006
69.7744
69.7493
69.7252
69.7022
69.68
69.6586
69.638
69.618
69.5986
69.5797
69.5614
69.5436
69.5262
69.5094
69.493
69.4775
69.4621
69.4489
69.4341
69.4262
69.4083
69.4165
64.4418
66.5669
69.7667
71.6774
72.8362
73.6292
74.0931
74.3119
74.3691
74.3157
74.1879
74.013
73.8102
73.5929
73.3699
73.1476
72.9303
72.7203
72.5195
72.3286
72.1482
71.9782
71.8184
71.6687
71.5286
71.3976
71.2753
71.1611
71.0545
70.9549
70.8618
70.7746
70.6929
70.6162
70.5441
70.4763
70.4124
70.3521
70.2954
70.2419
70.1915
70.1441
70.0994
70.0573
70.0176
69.9801
69.9447
69.9112
69.8795
69.8494
69.8207
69.7935
69.7675
69.7427
69.7189
69.6961
69.6741
69.653
69.6326
69.6128
69.5936
69.5749
69.5568
69.5391
69.5219
69.5053
69.489
69.4737
69.4585
69.4453
69.4307
69.4229
69.4051
69.4134
)
;

boundaryField
{
    inlet
    {
        type            freestreamPressure;
        value           nonuniform List<scalar> 
230
(
67.0345
67.0365
67.0397
67.0438
67.048
67.0523
67.0568
67.0615
67.0666
67.0719
67.0774
67.0833
67.0895
67.0961
67.103
67.1103
67.118
67.1261
67.1347
67.1438
67.1534
67.1635
67.1743
67.1856
67.1976
67.2103
67.2237
67.2379
67.2529
67.2687
67.2855
67.3033
67.3221
67.342
67.363
67.3852
67.4087
67.4334
67.4595
67.487
67.516
67.5464
67.5784
67.6118
67.6469
67.6835
67.7216
67.7613
67.8024
67.8449
67.8887
67.9337
67.9797
68.0267
68.0743
68.1224
68.1707
68.2189
68.2668
68.3141
68.3604
68.4053
68.4485
68.4897
68.5283
68.5641
68.5967
68.6256
68.6503
68.6708
68.686
68.6976
68.7
68.7153
68.6761
68.269
67.9172
67.6195
67.3737
67.1746
67.0162
66.8929
66.7994
66.7311
66.6837
66.6538
66.6381
66.6341
66.6392
66.6511
66.668
66.6878
66.7094
66.7315
66.7534
66.7749
66.7955
66.8154
66.8346
66.8529
66.8702
66.8866
66.9021
66.9166
66.9303
66.9431
66.9551
66.9664
66.977
66.987
66.9963
67.0051
67.0134
67.0212
67.0288
69.124
69.5445
69.9205
70.2482
70.5297
70.7688
70.9701
71.1383
71.278
71.3936
71.4886
71.5663
71.6296
71.6809
71.7221
71.7551
71.7811
71.8014
71.8171
71.829
71.8377
71.8439
71.8481
71.8507
71.8519
71.8522
71.8517
71.8506
71.849
71.8471
71.845
71.8426
71.8402
71.8378
71.8353
71.8328
71.8304
71.828
71.8256
71.8234
71.8212
71.8193
71.8182
71.8171
71.8159
71.8145
71.813
71.8115
71.8098
71.8079
71.806
71.8039
71.8016
71.7991
71.7964
71.7936
71.7904
71.7871
71.7834
71.7794
71.7751
71.7705
71.7654
71.7599
71.7539
71.7474
71.7404
71.7327
71.7243
71.7152
71.7054
71.6946
71.6829
71.6702
71.6564
71.6414
71.6251
71.6075
71.5883
71.5675
71.5451
71.5208
71.4947
71.4665
71.4361
71.4036
71.3687
71.3315
71.2918
71.2496
71.2048
71.1576
71.1079
71.0557
71.0012
70.9445
70.8857
70.8251
70.7628
70.6991
70.6344
70.5688
70.5028
70.4366
70.3707
70.3053
70.2408
70.1776
70.116
70.0564
69.9992
69.9449
69.8934
69.8483
69.8001
)
;
    }
    outlet
    {
        type            freestreamPressure;
        value           nonuniform List<scalar> 
96
(
69.4104
69.4073
69.4041
69.4006
69.3969
69.3929
69.3888
69.3844
69.3797
69.3747
69.3695
69.3639
69.3581
69.3519
69.3453
69.3384
69.3311
69.3235
69.3155
69.3072
69.2986
69.2897
69.2807
69.2715
69.2624
69.2535
69.2453
69.2382
69.2333
69.232
69.2363
69.2455
69.2504
69.2304
69.1631
69.0471
68.9157
68.8182
68.7797
68.7854
68.8026
68.8089
68.8011
68.7855
68.7686
68.751
68.738
68.7153
69.8001
69.7924
69.7777
69.7604
69.743
69.7268
69.7129
69.7015
69.6925
69.685
69.6782
69.6713
69.664
69.6559
69.647
69.6374
69.6273
69.6169
69.6063
69.5957
69.5851
69.5747
69.5646
69.5548
69.5453
69.5361
69.5273
69.5189
69.5108
69.503
69.4956
69.4885
69.4818
69.4754
69.4693
69.4636
69.4581
69.4529
69.448
69.4433
69.4388
69.4346
69.4306
69.4268
69.4232
69.4198
69.4165
69.4134
)
;
    }
    walls
    {
        type            zeroGradient;
    }
    frontAndBack
    {
        type            empty;
    }
}


// ************************************************************************* //
