/*--------------------------------*- C++ -*----------------------------------*\
| =========                 |                                                 |
| \\      /  F ield         | OpenFOAM: The Open Source CFD Toolbox           |
|  \\    /   O peration     | Version:  5.x                                   |
|   \\  /    A nd           | Web:      www.OpenFOAM.org                      |
|    \\/     M anipulation  |                                                 |
\*---------------------------------------------------------------------------*/
FoamFile
{
    version     2.0;
    format      ascii;
    class       volVectorField;
    location    "950";
    object      wallShearStress;
}
// * * * * * * * * * * * * * * * * * * * * * * * * * * * * * * * * * * * * * //

dimensions      [0 2 -2 0 0 0 0];

internalField   uniform (0 0 0);

boundaryField
{
    inlet
    {
        type            calculated;
        value           uniform (0 0 0);
    }
    outlet
    {
        type            calculated;
        value           uniform (0 0 0);
    }
    walls
    {
        type            calculated;
        value           nonuniform List<vector> 
164
(
(-628.727 -972.414 9.62965e-35)
(-1112.8 -857.502 -1.9868e-15)
(-1621.58 -659.239 -8.15327e-16)
(-1453.24 -487.353 2.20708e-15)
(-1360.42 -381.534 5.43211e-21)
(-1237.3 -299.527 1.49863e-15)
(-1114.37 -237.561 1.74723e-15)
(-1007.34 -191.911 -1.9778e-15)
(-915.271 -157.48 -2.4676e-32)
(-836.237 -130.819 2.37242e-15)
(-767.43 -109.843 -2.58732e-15)
(-708.408 -93.0449 -2.67424e-15)
(-655.413 -79.2801 2.24487e-20)
(-613.628 -68.4607 -2.88489e-15)
(-575.033 -59.2447 3.19595e-15)
(-548.24 -52.2632 3.10068e-15)
(-522.175 -45.9778 -3.22398e-15)
(-500.308 -40.722 3.26686e-15)
(-481.587 -36.1524 3.2282e-15)
(-461.786 -31.9387 -3.3909e-15)
(-447.854 -28.4797 3.2674e-15)
(-431.616 -25.1379 6.50876e-21)
(-419.214 -22.3109 1.83437e-20)
(-407.657 -19.719 -1.25082e-20)
(-395.816 -17.317 -6.64856e-15)
(-387.398 -15.2255 3.18909e-15)
(-377.292 -13.2044 3.00927e-36)
(-368.646 -11.3857 1.57171e-15)
(-361.095 -9.71101 -1.56203e-15)
(-353.98 -8.15143 1.50463e-36)
(-346.841 -6.69276 -1.14311e-20)
(-339.195 -5.30886 1.12434e-20)
(-333.117 -4.0502 1.0142e-20)
(-328.145 -2.8577 -2.14075e-20)
(-321.96 -1.74213 -6.84546e-16)
(-317.549 -0.685705 -9.54501e-36)
(-312.274 0.299782 8.09877e-17)
(-307.628 1.24142 -6.34995e-16)
(-303.996 2.1212 6.09277e-16)
(-300.72 2.97685 -1.17773e-15)
(-297.054 3.76629 1.80556e-35)
(-293.69 4.52953 4.39122e-15)
(-276.317 4.9209 3.61112e-35)
(-273.634 5.46087 -1.18689e-20)
(-269.163 5.90048 -2.93787e-15)
(-266.912 6.36757 5.57167e-21)
(-263.659 6.77467 -5.53703e-21)
(-260.43 7.14962 -2.91735e-15)
(-257.369 7.509 5.82828e-15)
(-254.401 7.83179 2.91421e-15)
(-251.543 8.15105 5.56575e-21)
(-248.784 8.43137 -2.90927e-15)
(-246.116 8.71401 2.90544e-15)
(-243.529 8.96211 -5.54606e-21)
(-241.039 9.21518 -1.94119e-23)
(-237.552 9.39494 -1.93704e-23)
(-235.279 9.61843 5.54409e-21)
(-233.809 9.85223 1.80556e-35)
(-230.77 10.0155 5.78502e-15)
(-229.291 10.2317 5.48744e-21)
(-227.313 10.4212 -5.6811e-15)
(-224.989 10.6113 5.71186e-15)
(-222.141 10.7901 -5.70714e-15)
(-220.438 11.0044 1.13537e-14)
(-217.496 11.1622 -5.68473e-15)
(-215.71 11.3582 5.63638e-15)
(-212.539 11.4879 -1.20371e-35)
(-210.102 11.6356 -2.69602e-21)
(-207.832 11.7967 -9.84402e-24)
(-205.52 11.9494 5.53883e-15)
(-201.708 12.0052 1.04943e-23)
(-199.214 12.1402 -2.67948e-21)
(-196.287 12.2408 -1.11041e-14)
(-192.037 12.2528 1.34696e-21)
(-188.206 12.2858 -1.14306e-14)
(-184.785 12.3422 3.68238e-31)
(-180.026 12.3013 2.27934e-14)
(-174.746 12.216 6.85854e-22)
(-169.471 12.1191 -1.17166e-14)
(-162.047 11.8616 1.16407e-14)
(-161.226 12.035 -1.19581e-14)
(-2.93941 0.946074 1.9105e-14)
(534.926 -1005.23 -3.85186e-34)
(-266.145 171.913 -1.24127e-14)
(-492.862 214.756 0)
(-592.21 199.376 -1.15255e-33)
(-609.749 169.64 -1.79208e-31)
(-616.658 147.416 5.78339e-15)
(-622.519 130.466 2.18395e-20)
(-613.453 114.471 7.34684e-40)
(-594.648 99.8765 -3.45212e-20)
(-573.507 87.3047 -5.5816e-15)
(-551.226 76.5332 -2.1705e-20)
(-535.604 68.0128 -5.46031e-15)
(-517.62 60.3378 2.15798e-20)
(-507.088 54.3244 -2.00635e-20)
(-491.286 48.4359 -5.52657e-15)
(-481.118 43.7105 5.18645e-15)
(-468.143 39.1328 -1.99361e-20)
(-456.362 35.1099 5.15087e-15)
(-446.345 31.5209 -1.88372e-20)
(-433.469 28.0612 6.09621e-21)
(-425.834 25.2007 4.80289e-15)
(-414.673 22.3482 -3.61112e-35)
(-407.646 19.9362 -4.69219e-15)
(-399.369 17.6108 -4.60735e-15)
(-391.701 15.4808 -2.03125e-20)
(-386.743 13.5824 -4.29593e-15)
(-378.623 11.6947 -3.28612e-32)
(-373.679 10.0317 2.0594e-15)
(-368.639 8.45199 -4.03534e-15)
(-363.768 6.95942 -1.40313e-20)
(-357.731 5.54203 -1.89891e-15)
(-353.041 4.21553 -9.20579e-16)
(-349.772 2.98665 -1.3395e-20)
(-345.389 1.79167 4.27277e-16)
(-341.711 0.681341 2.04223e-16)
(-336.904 -0.387593 -2.45127e-20)
(-334.109 -1.38534 1.1659e-20)
(-330.854 -2.35035 7.40737e-16)
(-328.112 -3.25552 -1.41194e-15)
(-325.429 -4.13458 -1.03963e-20)
(-323.805 -4.96842 2.57769e-15)
(-321.361 -5.76922 -2.47178e-15)
(-304.758 -6.15096 -4.50442e-32)
(-302.995 -6.72653 -3.22645e-15)
(-300.609 -7.22704 -3.19925e-15)
(-298.025 -7.70457 -3.19402e-15)
(-295.592 -8.14665 6.33412e-15)
(-293.157 -8.55713 -3.15633e-15)
(-290.865 -8.95407 -3.13405e-15)
(-288.645 -9.312 3.11578e-15)
(-286.499 -9.6689 3.64403e-37)
(-284.453 -9.98511 3.07612e-15)
(-282.545 -10.3087 5.82556e-21)
(-280.681 -10.5942 6.06949e-15)
(-278.95 -10.8879 6.01555e-15)
(-277.196 -11.147 6.01853e-36)
(-275.657 -11.4164 6.32062e-32)
(-273.963 -11.6528 -5.62682e-21)
(-272.523 -11.901 1.16336e-14)
(-270.807 -12.1116 5.63139e-21)
(-268.807 -12.3133 -1.15102e-14)
(-267.209 -12.4724 -5.74978e-15)
(-266.282 -12.6475 -2.40741e-35)
(-264.29 -12.7595 -2.69834e-21)
(-263.444 -12.927 -5.55585e-15)
(-261.045 -13.0094 -5.56687e-15)
(-259.049 -13.1131 -5.58371e-15)
(-259.134 -13.3102 5.43508e-15)
(-257.679 -13.4375 5.45791e-15)
(-255.438 -13.5216 2.56567e-21)
(-253.765 -13.6296 -8.26865e-32)
(-252.349 -13.7571 -1.28678e-21)
(-251.866 -13.9357 -5.21538e-15)
(-249.723 -14.0264 2.50495e-21)
(-248.06 -14.1459 5.24254e-15)
(-246.445 -14.2737 -2.46792e-21)
(-244.522 -14.3867 1.21617e-21)
(-241.954 -14.4667 6.08858e-22)
(-239.233 -14.541 -1.02278e-14)
(-235.077 -14.5327 1.01083e-14)
(-236.137 -14.7827 4.55451e-22)
(-27.588 -2.10852 -1.93715e-14)
)
;
    }
    frontAndBack
    {
        type            empty;
    }
}


// ************************************************************************* //
