# Wall shear stress
# Time       	patch        	min          	max          
0.000000e+00	walls	(-2.106847e+00 -1.980500e-01 -6.338532e-19)	(-1.426285e+00 3.185979e-01 8.452068e-19)
5.000000e+01	walls	(-2.577378e+02 -1.230634e+02 -7.753104e-16)	(7.497606e-01 1.451282e+02 7.431703e-16)
1.000000e+02	walls	(-2.661569e+02 -1.290607e+02 -8.655301e-16)	(1.029439e+00 1.374293e+02 8.642915e-16)
1.500000e+02	walls	(-2.682114e+02 -1.305583e+02 -8.868607e-16)	(8.845646e-01 1.352579e+02 8.930583e-16)
2.000000e+02	walls	(-2.691139e+02 -1.312105e+02 -8.942534e-16)	(8.714158e-01 1.342966e+02 9.005935e-16)
2.500000e+02	walls	(-2.693793e+02 -1.314082e+02 -8.966168e-16)	(8.589593e-01 1.340060e+02 9.033263e-16)
3.000000e+02	walls	(-2.694818e+02 -1.314813e+02 -8.974580e-16)	(8.562111e-01 1.338990e+02 9.042282e-16)
3.330000e+02	walls	(-2.695053e+02 -1.314997e+02 -8.976835e-16)	(8.551875e-01 1.338720e+02 9.044755e-16)
