/*--------------------------------*- C++ -*----------------------------------*\
| =========                 |                                                 |
| \\      /  F ield         | OpenFOAM: The Open Source CFD Toolbox           |
|  \\    /   O peration     | Version:  5.x                                   |
|   \\  /    A nd           | Web:      www.OpenFOAM.org                      |
|    \\/     M anipulation  |                                                 |
\*---------------------------------------------------------------------------*/
FoamFile
{
    version     2.0;
    format      ascii;
    class       volScalarField;
    location    "450";
    object      p;
}
// * * * * * * * * * * * * * * * * * * * * * * * * * * * * * * * * * * * * * //

dimensions      [0 2 -2 0 0 0 0];

internalField   nonuniform List<scalar> 
11040
(
-0.00418375
-53.8001
-181.646
-216.408
-228.126
-235.307
-236.163
-230.664
-220.664
-206.761
-188.712
-161.05
-134.44
-115.441
-102.084
-87.8528
-73.4185
-59.7889
-46.8862
-34.4396
-22.41
-12.0387
-3.38808
4.68432
12.2154
19.211
25.6614
31.5519
36.8498
41.501
45.4383
48.6149
51.0507
52.8252
54.088
54.9342
55.1821
54.8701
54.9335
57.0759
56.9528
19.1653
-32.8984
-115.272
-157.451
-179.692
-196.03
-205.671
-207.899
-204.108
-195.242
-181.438
-158.466
-134.299
-115.631
-101.985
-87.9173
-73.6441
-60.0824
-47.2188
-34.8027
-22.7909
-12.441
-3.77044
4.3215
11.8736
18.8937
25.3733
31.2983
36.6341
41.3242
45.3032
48.5244
50.9993
52.7967
54.0752
54.9488
55.2265
54.892
54.7296
56.3237
55.8955
31.9263
-18.6128
-77.9654
-127.339
-156.864
-176.446
-188.645
-193.311
-191.698
-184.89
-173.451
-154.387
-132.561
-114.334
-100.641
-87.0979
-73.2249
-59.8692
-47.1477
-34.8455
-22.9153
-12.6044
-3.95371
4.12492
11.6702
18.6904
25.1774
31.1163
36.4713
41.1866
45.1977
48.4558
50.9643
52.7881
54.0822
54.9767
55.2829
54.9664
54.7188
55.8768
55.2518
40.7722
-4.42633
-48.9114
-94.0119
-125.456
-147.808
-163.731
-172.606
-174.841
-171.449
-163.266
-148.307
-129.404
-112.207
-98.6911
-85.7369
-72.3837
-59.3402
-46.841
-34.717
-22.9182
-12.6916
-4.08958
3.95727
11.482
18.4915
24.9777
30.9246
36.2957
41.036
45.0811
48.3794
50.9288
52.7879
54.1004
55.0043
55.3297
55.0336
54.7434
55.6148
55.1014
47.6656
8.91023
-25.6501
-64.2654
-95.8867
-120.096
-138.487
-150.56
-156.21
-156.153
-151.258
-140.367
-124.864
-109.243
-96.1288
-83.79
-71.0833
-58.4786
-46.2913
-34.4215
-22.8213
-12.7304
-4.21009
3.77722
11.2581
18.238
24.7088
30.6532
36.0347
40.7992
44.8829
48.2326
50.8397
52.7532
54.1002
55.016
55.3623
55.0998
54.784
55.5176
55.3223
52.8686
20.546
-7.02424
-39.0783
-68.3928
-92.6305
-112.256
-126.728
-135.462
-138.727
-137.224
-130.36
-118.567
-105.077
-92.7579
-81.1466
-69.2218
-57.1971
-45.4236
-33.8907
-22.5634
-12.6616
-4.26645
3.62287
11.027
17.9486
24.3799
30.3023
35.6801
40.4603
44.5814
47.9896
50.6694
52.6586
54.0622
55.0042
55.3865
55.1909
54.8874
55.5806
55.7225
56.7824
30.2783
7.89875
-18.3187
-43.9635
-66.7116
-86.2689
-101.997
-113.036
-119.234
-120.992
-117.989
-110.07
-99.293
-88.3221
-77.6632
-66.6725
-55.3901
-44.1593
-33.0635
-22.0945
-12.4467
-4.22933
3.51728
10.8054
17.6334
23.9934
29.8666
35.2186
39.9994
44.1506
47.6197
50.3848
52.4717
53.9606
54.9568
55.4053
55.3228
55.0955
55.7899
56.2473
59.7247
38.1579
19.8253
-1.48151
-23.0956
-43.3484
-61.7221
-77.5385
-89.8718
-98.2738
-102.829
-103.282
-99.1413
-91.484
-82.4454
-73.0833
-63.2329
-52.8927
-42.3734
-31.843
-21.3412
-12.0311
-4.05651
3.4927
10.6166
17.307
23.5548
29.342
34.6361
39.392
43.5568
47.0811
49.9387
52.1439
53.7521
54.8473
55.4126
55.502
55.4256
56.1709
56.8936
61.921
44.3926
29.302
12.0184
-5.79815
-23.1204
-39.5347
-54.4425
-67.019
-76.6939
-83.3124
-86.5847
-85.8298
-81.4003
-74.7605
-67.0963
-58.6456
-49.4834
-39.8877
-30.0884
-20.1891
-11.3192
-3.66653
3.61533
10.5139
17.0124
23.098
28.7522
33.9455
38.6387
42.7864
46.3456
49.2898
51.6242
53.3845
54.6342
55.3857
55.7235
55.8835
56.7606
57.6525
63.5311
49.2494
36.7875
22.765
8.2584
-6.15212
-20.2408
-33.573
-45.5058
-55.5033
-63.292
-68.5504
-70.522
-69.0828
-65.0541
-59.4314
-52.6549
-44.9163
-36.4837
-27.6205
-18.4912
-10.1858
-2.94992
3.97886
10.5777
16.8199
22.6858
28.1542
33.1975
37.7818
41.8703
45.4286
48.4343
50.8892
52.8181
54.2703
55.2777
55.9453
56.4345
57.5307
58.5213
64.6832
52.9959
42.676
31.2842
19.5421
7.76058
-3.98514
-15.4326
-26.1269
-35.6578
-43.7461
-50.0846
-53.9429
-54.9402
-53.3946
-49.9627
-45.0698
-38.9717
-31.9352
-24.2319
-16.0709
-8.48065
-1.77504
4.69909
10.9097
16.8204
22.4018
27.6276
32.4701
36.8992
40.8846
44.4003
47.4299
49.9771
52.0646
53.736
55.0345
56.0766
56.9593
58.3311
59.451
65.4837
55.872
47.3036
38.0295
28.5435
19.0049
9.40016
-0.137873
-9.31828
-17.8667
-25.566
-32.1636
-37.0354
-39.7169
-40.2074
-38.8316
-35.8633
-31.5271
-26.0631
-19.7235
-12.7332
-6.02581
0.017922
5.92038
11.6394
17.1302
22.3519
27.2714
31.8588
36.0859
39.9266
43.3606
46.3768
48.9813
51.1982
53.0689
54.6409
56.0301
57.2953
58.9283
60.2625
66.0245
58.0818
50.9513
43.3818
35.7149
28.0267
20.2623
12.4741
4.83157
-2.49353
-9.3685
-15.6146
-20.7482
-24.3366
-26.2266
-26.5059
-25.272
-22.6507
-18.8152
-13.9664
-8.31013
-2.64365
2.60336
7.81095
12.9263
17.8974
22.6732
27.2126
31.4822
35.4538
39.1037
42.4147
45.3788
48.0025
50.3095
52.3364
54.1264
55.7797
57.3418
59.1417
60.7236
66.3819
59.7916
53.8472
47.6525
41.445
35.2556
29.016
22.7354
16.5059
10.4267
4.56549
-0.969958
-5.83236
-9.67612
-12.3116
-13.7003
-13.8121
-12.6665
-10.3479
-6.98361
-2.73015
1.78806
6.12782
10.5321
14.9394
19.2921
23.5315
27.6097
31.49
35.1429
38.545
41.68
44.5408
47.1324
49.4747
51.5954
53.5275
55.3446
57.0863
58.9387
60.6631
66.6147
61.1303
56.1694
51.0874
46.0501
41.0641
36.0618
31.0317
26.0207
21.0814
16.2451
11.5634
7.27119
3.61915
0.773275
-1.18531
-2.16691
-2.11931
-1.04918
0.9907
3.90705
7.26247
10.6436
14.179
17.8046
21.4615
25.0868
28.6284
32.047
35.3121
38.4
41.2938
43.9846
46.4738
48.7753
50.9065
52.8876
54.7653
56.5688
58.3876
60.1079
66.7763
62.2042
58.0617
53.8822
49.7837
45.7601
41.7497
37.7333
33.733
29.7744
25.8683
22.0339
18.4228
15.2063
12.5072
10.4039
8.995
8.36061
8.54012
9.53623
11.3129
13.604
16.0601
18.7302
21.5551
24.4799
27.4443
30.3963
33.2959
36.1117
38.8194
41.4013
43.8462
46.1512
48.323
50.3686
52.2965
54.133
55.8953
57.6209
59.252
66.9256
63.1113
59.6521
56.2079
52.865
49.6102
46.3896
43.1826
39.9982
36.8481
33.732
30.6548
27.7104
25.0118
22.6429
20.6628
19.1542
18.1948
17.8392
18.1187
19.0351
20.4538
22.1056
23.9934
26.069
28.2862
30.5926
32.9415
35.2956
37.6248
39.9049
42.1173
44.2484
46.2915
48.2472
50.1152
51.8951
53.6
55.2372
56.8194
58.3175
67.0577
63.8438
60.924
58.0489
55.2853
52.6149
49.991
47.3949
44.8296
42.2999
39.8021
37.336
34.9603
32.7479
30.7542
29.0203
27.6076
26.5788
25.9849
25.8641
26.2351
27.0447
28.0968
29.3745
30.8425
32.4648
34.1993
36.0074
37.8573
39.7221
41.5798
43.412
45.2048
46.9486
48.6399
50.2738
51.8452
53.3594
54.8184
56.2235
57.5617
67.1647
64.415
61.9128
59.4723
57.1473
54.9163
52.7387
50.598
48.4941
46.4284
44.3958
42.394
40.4625
38.65
36.9926
35.5187
34.2722
33.3
32.6432
32.3368
32.4033
32.8323
33.482
34.3311
35.3551
36.5268
37.8142
39.1867
40.6185
42.0874
43.5739
45.0616
46.5372
47.9904
49.4158
50.8061
52.1543
53.4613
54.726
55.9447
57.1122
67.2624
64.8798
62.7085
60.6081
58.6226
56.7289
54.8918
53.0969
51.3425
49.6282
47.9491
46.3022
44.7152
43.2215
41.8451
40.6059
39.5348
38.666
38.0309
37.658
37.5679
37.7701
38.1607
38.7199
39.4314
40.2752
41.2267
42.263
43.3635
44.5103
45.6873
46.8805
48.0777
49.2694
50.4494
51.61
52.7439
53.8499
54.9254
55.9649
56.9662
67.3558
65.2703
63.3674
61.5397
59.8239
58.1965
56.6267
55.1018
53.6195
52.1783
50.7736
49.4027
48.0851
46.8451
45.6988
44.6598
43.7504
42.9954
42.4181
42.0403
41.8791
41.9514
42.1791
42.5459
43.0415
43.6506
44.355
45.137
45.9811
46.8729
47.7994
48.7489
49.7113
50.6779
51.643
52.5991
53.5395
54.4622
55.3639
56.2393
57.0866
67.447
65.6065
63.9253
62.3208
60.8238
59.4111
58.0555
56.7459
55.4796
54.2547
53.067
51.914
50.81
49.7727
48.8135
47.9415
47.1732
46.5265
46.0182
45.665
45.4798
45.4812
45.6085
45.8492
46.1969
46.64
47.1645
47.757
48.4056
49.0991
49.827
50.5801
51.3498
52.1289
52.9121
53.693
54.4657
55.2281
55.9767
56.7069
57.417
67.5366
65.901
64.4055
62.9865
61.6699
60.4333
59.2525
58.1178
57.0262
55.9756
54.9624
53.9841
53.0514
52.1776
51.3707
50.6371
49.9886
49.4384
48.9989
48.6821
48.4978
48.4632
48.5298
48.6885
48.9354
49.2614
49.6555
50.1076
50.6086
51.1496
51.7224
52.3196
52.9343
53.5604
54.1936
54.8284
55.4598
56.0859
56.7035
57.3087
57.8995
67.6242
66.162
64.8241
63.5612
62.3954
61.3053
60.2692
59.2786
58.3304
57.4225
56.5514
55.715
54.9215
54.1806
53.4983
52.879
52.3311
51.8646
51.4882
51.211
51.0396
50.9893
51.02
51.1256
51.3037
51.5468
51.8465
52.1947
52.5846
53.009
53.4617
53.9365
54.4279
54.9312
55.4427
55.9577
56.4724
56.985
57.4926
57.9922
58.4815
67.7097
66.3955
65.1924
64.0622
63.024
62.0571
61.1424
60.272
59.4431
58.6532
57.8994
57.1798
56.5004
55.8687
55.2889
54.7642
54.3006
53.9053
53.5849
53.3457
53.1924
53.1377
53.1479
53.2191
53.3499
53.5342
53.765
54.0363
54.3423
54.6778
55.0375
55.4167
55.811
56.2165
56.6302
57.0483
57.4678
57.8872
58.3039
58.7157
59.1199
67.7924
66.6057
65.5188
64.5026
63.5731
62.711
61.899
61.13
60.4012
59.7103
59.0544
58.4317
57.8469
57.3056
56.8108
56.3646
55.9714
55.6365
55.3645
55.16
55.0262
54.9731
54.9722
55.0211
55.1192
55.2613
55.4416
55.6554
55.8981
56.1655
56.4533
56.758
57.0758
57.4038
57.7394
58.0797
58.4221
58.7656
59.1078
59.4472
59.781
67.8721
66.7958
65.8099
64.892
64.056
63.2837
62.5593
61.8767
61.2329
60.6255
60.0519
59.5106
59.0049
58.539
58.115
57.7344
57.4003
57.1162
56.8858
56.712
56.5969
56.5485
56.5421
56.5766
56.6518
56.7633
56.9062
57.0767
57.2712
57.4861
57.7183
57.9647
58.2224
58.4889
58.7624
59.0403
59.3207
59.6026
59.8843
60.1644
60.4401
67.9484
66.9683
66.0704
65.238
64.4829
63.788
63.1391
62.5305
61.9593
61.423
60.9194
60.4469
60.0078
59.6053
59.2408
58.9152
58.6306
58.3895
58.1944
58.0474
57.9495
57.907
57.8985
57.9237
57.9827
58.0717
58.1866
58.3241
58.4815
58.6559
58.8447
59.0453
59.2555
59.4734
59.6973
59.9252
60.1557
60.3879
60.6203
60.8521
61.0803
68.0212
67.1251
66.3044
65.5466
64.8619
64.2342
63.6506
63.1058
62.5971
62.1219
61.6781
61.2641
60.8816
60.5327
60.2185
59.9392
59.6964
59.4917
59.3265
59.2025
59.12
59.0838
59.075
59.0941
59.1415
59.2137
59.3073
59.4196
59.5483
59.691
59.8457
60.0102
60.1828
60.3619
60.5462
60.734
60.9242
61.1162
61.3087
61.501
61.6904
68.0901
67.2678
66.515
65.8226
65.1994
64.6303
64.1035
63.6141
63.1594
62.737
62.3447
61.9808
61.6466
61.3435
61.0719
60.8319
60.6244
60.4504
60.3108
60.2065
60.1374
60.1072
60.0992
60.1145
60.1534
60.213
60.2902
60.3828
60.489
60.6068
60.7345
60.8703
61.0129
61.161
61.3134
61.469
61.6267
61.786
61.946
62.1062
62.2638
68.1553
67.3977
66.7048
66.0699
65.5006
64.9827
64.5056
64.0646
63.657
63.2804
62.9325
62.6119
62.3192
62.0552
61.8201
61.6135
61.4361
61.2882
61.1702
61.0827
61.0253
61.0006
60.994
61.0068
61.0394
61.0893
61.1537
61.2309
61.3193
61.4173
61.5234
61.6363
61.7549
61.8779
62.0047
62.1341
62.2654
62.3982
62.5316
62.6655
62.797
68.2164
67.516
66.8759
66.2917
65.7698
65.297
64.8634
64.4647
64.0983
63.7615
63.4524
63.1693
62.9124
62.6822
62.4783
62.3004
62.1486
62.0229
61.9234
61.8503
61.8029
61.7832
61.7782
61.7894
61.8173
61.8595
61.9139
61.9788
62.053
62.1351
62.2239
62.3183
62.4174
62.5202
62.6261
62.7343
62.8441
62.9552
63.0668
63.179
63.2891
68.2737
67.6236
67.0301
66.4907
66.0105
65.5773
65.182
64.8206
64.4903
64.1885
63.9133
63.6628
63.437
63.236
63.0591
62.9058
62.7759
62.6692
62.5855
62.5246
62.4858
62.4705
62.4671
62.4773
62.5016
62.5379
62.5842
62.6393
62.702
62.7712
62.846
62.9254
63.0086
63.0949
63.1838
63.2745
63.3667
63.4599
63.5537
63.648
63.7404
68.327
67.7212
67.169
66.669
66.2256
65.8274
65.466
65.1374
64.8388
64.5679
64.3223
64.1005
63.9018
63.7261
63.5726
63.4406
63.3296
63.2392
63.1689
63.1186
63.0872
63.0757
63.0739
63.0835
63.105
63.1365
63.1764
63.2235
63.2768
63.3356
63.3989
63.4659
63.5362
63.6089
63.6838
63.7602
63.8378
63.9163
63.9953
64.0747
64.1525
68.3764
67.8095
67.2937
66.8286
66.4176
66.0503
65.7187
65.4192
65.1487
64.9049
64.6856
64.4888
64.314
64.1604
64.0273
63.9138
63.819
63.7427
63.684
63.6426
63.6176
63.6094
63.6091
63.6184
63.6377
63.6653
63.6999
63.7404
63.7861
63.8362
63.8901
63.947
64.0065
64.0681
64.1313
64.1959
64.2614
64.3276
64.3943
64.4614
64.5269
68.4219
67.8892
67.4054
66.9709
66.5886
66.2485
65.9434
65.6696
65.424
65.2043
65.0081
64.8335
64.6796
64.5455
64.4302
64.3327
64.2522
64.188
64.1393
64.1057
64.0861
64.0809
64.082
64.0911
64.1087
64.1333
64.1635
64.1987
64.2381
64.2811
64.3271
64.3756
64.4262
64.4785
64.5321
64.5868
64.6422
64.6982
64.7546
64.8113
64.8666
68.4636
67.9606
67.5049
67.0973
66.7402
66.4242
66.1425
65.8914
65.6681
65.4697
65.294
65.1391
65.0036
64.8867
64.7871
64.7037
64.6355
64.5819
64.5419
64.5149
64.5
64.4973
64.4997
64.5088
64.5249
64.5469
64.5736
64.6043
64.6384
64.6754
64.7149
64.7564
64.7996
64.8441
64.8897
64.9361
64.983
65.0305
65.0782
65.1263
65.173
68.5015
68.0242
67.5929
67.209
66.8739
66.5791
66.3181
66.0873
65.8836
65.7043
65.5469
65.4094
65.2904
65.1887
65.1029
65.0319
64.9746
64.9303
64.8979
64.8768
64.8661
64.8656
64.8693
64.8785
64.8937
64.9137
64.9374
64.9644
64.9942
65.0263
65.0604
65.0961
65.133
65.171
65.2098
65.2493
65.2892
65.3294
65.3698
65.4105
65.45
68.5356
68.0803
67.6702
67.3066
66.9908
66.7146
66.472
66.2591
66.073
65.9107
65.7696
65.6477
65.5434
65.4552
65.3817
65.3217
65.274
65.2377
65.2119
65.1959
65.1887
65.1902
65.1949
65.2042
65.2185
65.2367
65.258
65.2819
65.308
65.336
65.3655
65.3962
65.4279
65.4604
65.4936
65.5272
65.5611
65.5953
65.6295
65.6641
65.6974
68.566
68.1292
67.7371
67.3911
67.0919
66.832
66.6055
66.4086
66.2381
66.091
65.9646
65.8567
65.7655
65.6894
65.627
65.5768
65.5377
65.5088
65.489
65.4777
65.4738
65.4773
65.4833
65.4931
65.5069
65.5239
65.5433
65.5648
65.588
65.6126
65.6383
65.6649
65.6923
65.7202
65.7485
65.7772
65.806
65.8351
65.8641
65.8933
65.9214
68.5928
68.1712
67.7942
67.4631
67.1781
66.9322
66.7198
66.5371
66.3805
66.2471
66.1339
66.0386
65.9592
65.894
65.8414
65.8
65.7685
65.746
65.7313
65.7239
65.7228
65.7277
65.7346
65.7445
65.7578
65.7736
65.7913
65.8106
65.8312
65.8529
65.8754
65.8986
65.9223
65.9464
65.9707
65.9952
66.0199
66.0446
66.0692
66.0939
66.1176
68.6158
68.2063
67.8416
67.5227
67.2498
67.016
66.816
66.6457
66.5015
66.3803
66.279
66.1951
66.1265
66.0712
66.0277
65.9944
65.9701
65.9538
65.9443
65.9411
65.9431
65.95
65.9584
65.9693
65.9827
65.9981
66.0148
66.0327
66.0515
66.071
66.0909
66.1113
66.132
66.1528
66.1737
66.1947
66.2156
66.2366
66.2574
66.2783
66.2982
68.6352
68.2345
67.8792
67.5701
67.307
67.0835
66.8942
66.735
66.602
66.4918
66.4013
66.3277
66.2689
66.2226
66.1872
66.1611
66.1429
66.1315
66.1261
66.1258
66.1298
66.1379
66.147
66.1581
66.1712
66.1857
66.2013
66.2177
66.2347
66.2521
66.2699
66.2879
66.3061
66.3243
66.3425
66.3607
66.3787
66.3967
66.4144
66.4322
66.4491
68.6509
68.2561
67.9075
67.6058
67.3503
67.1351
66.9549
66.8052
66.6821
66.5819
66.5013
66.4373
66.3875
66.3499
66.3224
66.3037
66.2923
66.287
66.2869
66.291
66.2986
66.3093
66.3206
66.3333
66.3473
66.3623
66.3779
66.3938
66.4099
66.4262
66.4425
66.4587
66.4748
66.4908
66.5066
66.5222
66.5375
66.5527
66.5676
66.5824
66.5965
68.6633
68.2719
67.9278
67.6313
67.3814
67.1726
66.9995
66.8578
66.7431
66.6517
66.5799
66.5246
66.4831
66.453
66.4323
66.4192
66.4124
66.4107
66.4133
66.4195
66.4286
66.4401
66.452
66.4649
66.4788
66.4933
66.5082
66.5231
66.5381
66.5531
66.568
66.5827
66.5972
66.6115
66.6255
66.6393
66.6529
66.6661
66.6791
66.6919
66.7041
68.6722
68.2809
67.9387
67.6454
67.3995
67.1957
67.0287
66.8937
66.7863
66.7023
66.6382
66.5908
66.5573
66.5354
66.523
66.5183
66.5196
66.5256
66.5351
66.5471
66.561
66.5763
66.5914
66.607
66.6229
66.6388
66.6545
66.6699
66.685
66.6997
66.7139
66.7277
66.7411
66.7539
66.7664
66.7784
66.79
66.8012
66.812
66.8225
66.8325
68.6762
68.279
67.9339
67.6402
67.3959
67.1957
67.034
66.9056
66.8055
66.7293
66.673
66.6328
66.6059
66.5894
66.5813
66.5797
66.5834
66.5911
66.6022
66.6158
66.631
66.647
66.6628
66.6788
66.6948
66.7107
66.7262
66.7412
66.7558
66.7698
66.7833
66.7963
66.8088
66.8207
66.8321
66.843
66.8535
66.8635
66.8731
66.8823
66.8913
68.6749
68.2678
67.916
67.6182
67.3724
67.1733
67.0149
66.8915
66.7981
66.7297
66.6824
66.6524
66.6368
66.6327
66.6378
66.6497
66.6666
66.6865
66.708
66.7301
66.752
66.7735
66.7941
66.8141
66.8332
66.8515
66.8689
66.8852
66.9007
66.9152
66.9289
66.9418
66.9538
66.9651
66.9757
66.9857
66.995
67.0038
67.0121
67.0198
67.0274
62.3362
66.4094
69.7658
71.7156
72.9
73.6929
74.1476
74.3549
74.4003
74.3361
74.1989
74.0161
73.807
73.5847
73.3578
73.1326
72.9131
72.7016
72.4996
72.3081
72.1272
71.9571
71.7974
71.648
71.5082
71.3776
71.2558
71.1421
71.036
70.937
70.8445
70.7579
70.6768
70.6007
70.5292
70.4619
70.3985
70.3388
70.2825
70.2295
70.1796
70.1326
70.0883
70.0466
70.0073
69.9702
69.9352
69.902
69.8706
69.8408
69.8125
69.7856
69.7599
69.7353
69.7118
69.6893
69.6676
69.6466
69.6264
69.6069
69.5879
69.5695
69.5515
69.5341
69.5171
69.5006
69.4845
69.4693
69.4543
69.4413
69.4269
69.4192
69.4016
69.41
61.7265
66.1247
69.6244
71.7148
72.9633
73.765
74.2106
74.4049
74.4368
74.3602
74.2125
74.0211
73.805
73.5772
73.3461
73.1176
72.8957
72.6825
72.4795
72.2872
72.106
71.9358
71.7762
71.627
71.4876
71.3575
71.2362
71.1231
71.0177
70.9193
70.8274
70.7415
70.6611
70.5856
70.5147
70.448
70.3851
70.326
70.2702
70.2177
70.1683
70.1217
70.0779
70.0366
69.9977
69.961
69.9264
69.8936
69.8625
69.8331
69.8051
69.7784
69.753
69.7287
69.7055
69.6832
69.6617
69.641
69.621
69.6017
69.5829
69.5647
69.5469
69.5296
69.5128
69.4965
69.4806
69.4655
69.4506
69.4378
69.4235
69.4159
69.3984
69.4069
61.2681
65.4342
69.2868
71.6354
72.995
73.8317
74.2803
74.4636
74.4802
74.3888
74.2285
74.0265
73.8022
73.5679
73.3318
73.0997
72.8751
72.6601
72.4557
72.2627
72.0812
71.9109
71.7516
71.6027
71.4638
71.3344
71.2138
71.1014
70.9967
70.8992
70.8081
70.723
70.6433
70.5686
70.4984
70.4324
70.3702
70.3117
70.2565
70.2046
70.1557
70.1097
70.0664
70.0257
69.9872
69.951
69.9167
69.8844
69.8537
69.8246
69.797
69.7707
69.7456
69.7216
69.6986
69.6766
69.6554
69.635
69.6152
69.5961
69.5775
69.5595
69.5419
69.5249
69.5082
69.4921
69.4763
69.4614
69.4467
69.434
69.4198
69.4124
69.3951
69.4036
61.0143
64.8315
68.8585
71.4539
72.968
73.8661
74.3351
74.5198
74.5263
74.4205
74.246
74.0319
73.7979
73.5561
73.3143
73.078
72.8504
72.6333
72.4276
72.2339
72.0521
71.8819
71.7228
71.5745
71.4364
71.3077
71.1879
71.0765
70.9728
70.8762
70.7861
70.702
70.6232
70.5494
70.4801
70.4149
70.3535
70.2957
70.2413
70.19
70.1418
70.0964
70.0537
70.0135
69.9757
69.9399
69.9062
69.8743
69.8441
69.8154
69.7881
69.7622
69.7375
69.7138
69.6912
69.6695
69.6486
69.6284
69.609
69.5901
69.5718
69.554
69.5366
69.5198
69.5033
69.4874
69.4718
69.4571
69.4425
69.43
69.416
69.4087
69.3916
69.4001
61.0653
64.5874
68.4992
71.1975
72.8658
73.8513
74.3553
74.5514
74.558
74.4456
74.2605
74.0349
73.7905
73.5404
73.2923
73.0513
72.8204
72.6011
72.394
72.1997
72.0177
71.8477
71.6892
71.5416
71.4044
71.2767
71.1581
71.0479
70.9453
70.8499
70.761
70.678
70.6004
70.5276
70.4593
70.3951
70.3347
70.2778
70.2242
70.1738
70.1263
70.0817
70.0397
70.0001
69.9629
69.9278
69.8946
69.8632
69.8335
69.8053
69.7785
69.753
69.7287
69.7054
69.6832
69.6618
69.6412
69.6214
69.6022
69.5836
69.5656
69.5481
69.531
69.5143
69.4981
69.4824
69.467
69.4525
69.4381
69.4257
69.4119
69.4047
69.3878
69.3964
61.2763
64.6301
68.3133
70.9748
72.714
73.7756
74.33
74.5472
74.5577
74.4443
74.2565
74.0259
73.7748
73.5176
73.2633
73.0175
72.7833
72.5618
72.3535
72.1586
71.9767
71.8072
71.6495
71.503
71.3669
71.2406
71.1234
71.0146
70.9135
70.8196
70.7321
70.6505
70.5742
70.5028
70.4358
70.3727
70.3134
70.2576
70.205
70.1555
70.109
70.0652
70.024
69.9852
69.9487
69.9143
69.8817
69.851
69.8219
69.7942
69.768
69.743
69.7191
69.6963
69.6744
69.6535
69.6333
69.6138
69.5949
69.5767
69.5589
69.5417
69.5249
69.5085
69.4925
69.477
69.4619
69.4476
69.4334
69.4212
69.4076
69.4005
69.3839
69.3925
61.5571
64.8332
68.2933
70.8681
72.5815
73.6595
74.2524
74.5004
74.5225
74.4089
74.2183
73.9866
73.7356
73.4778
73.2213
72.9728
72.7362
72.513
72.3039
72.1089
71.9275
71.7588
71.6023
71.4573
71.3228
71.1982
71.0828
70.9758
70.8766
70.7844
70.6988
70.6189
70.5443
70.4744
70.4088
70.3472
70.2892
70.2346
70.1832
70.1349
70.0894
70.0466
70.0064
69.9686
69.9329
69.8993
69.8675
69.8375
69.809
69.782
69.7564
69.7319
69.7086
69.6863
69.6649
69.6444
69.6246
69.6055
69.5871
69.5692
69.5518
69.5348
69.5183
69.5022
69.4865
69.4713
69.4564
69.4423
69.4284
69.4163
69.403
69.396
69.3797
69.3883
61.931
65.0902
68.3408
70.8401
72.5035
73.55
74.1426
74.4088
74.4476
74.3411
74.149
73.9129
73.6601
73.4043
73.1517
72.9067
72.6723
72.4502
72.2418
72.0476
71.8674
71.7004
71.5457
71.4027
71.2704
71.1481
71.035
70.9304
70.8334
70.7435
70.66
70.5822
70.5096
70.4417
70.3779
70.318
70.2616
70.2085
70.1585
70.1115
70.0673
70.0257
69.9866
69.9498
69.9152
69.8825
69.8516
69.8225
69.7948
69.7685
69.7436
69.7198
69.6971
69.6753
69.6545
69.6345
69.6152
69.5966
69.5785
69.561
69.544
69.5274
69.5113
69.4955
69.4801
69.4652
69.4506
69.4367
69.423
69.4112
69.398
69.3913
69.3752
69.3839
62.4779
65.3767
68.3348
70.7815
72.4299
73.4521
74.0268
74.2895
74.3344
74.2366
74.0496
73.8129
73.5563
73.2971
73.0447
72.8043
72.5771
72.3622
72.1595
71.9697
71.7929
71.6288
71.477
71.337
71.2078
71.0885
70.9784
70.8767
70.7826
70.6956
70.6148
70.5396
70.4694
70.4038
70.3422
70.2843
70.2299
70.1786
70.1303
70.0849
70.0422
70.002
69.9643
69.9287
69.8953
69.8637
69.8339
69.8057
69.7789
69.7535
69.7294
69.7063
69.6843
69.6633
69.6431
69.6236
69.6049
69.5868
69.5692
69.5522
69.5356
69.5194
69.5037
69.4883
69.4732
69.4586
69.4443
69.4307
69.4173
69.4057
69.3928
69.3862
69.3705
69.3792
63.1843
65.6762
68.2411
70.6034
72.2517
73.2789
73.8732
74.1491
74.1985
74.1017
73.9173
73.6842
73.4293
73.1687
72.913
72.6709
72.4457
72.237
72.0434
71.8635
71.6954
71.5382
71.3921
71.2569
71.132
71.0168
70.9107
70.8129
70.7226
70.639
70.5616
70.4896
70.4225
70.3597
70.3008
70.2454
70.1933
70.1442
70.0979
70.0544
70.0135
69.975
69.9389
69.9048
69.8728
69.8425
69.8139
69.7869
69.7612
69.7368
69.7136
69.6914
69.6702
69.6499
69.6304
69.6117
69.5936
69.5761
69.5591
69.5426
69.5265
69.5108
69.4954
69.4804
69.4658
69.4515
69.4375
69.4243
69.4111
69.3998
69.3872
69.3808
69.3654
69.3743
63.8159
65.8777
68.0022
70.221
71.8784
72.9307
73.5703
73.9048
74.0031
73.9347
73.7629
73.5341
73.2797
73.0187
72.7628
72.5198
72.2934
72.0845
71.8939
71.7209
71.5628
71.4169
71.2816
71.1557
71.0384
70.9296
70.8291
70.7364
70.6509
70.5719
70.4988
70.4308
70.3674
70.3081
70.2525
70.2001
70.1508
70.1043
70.0605
70.0193
69.9806
69.9441
69.9098
69.8776
69.8472
69.8185
69.7913
69.7656
69.7412
69.718
69.6959
69.6748
69.6545
69.6351
69.6165
69.5985
69.5811
69.5643
69.5479
69.532
69.5165
69.5013
69.4865
69.472
69.4577
69.4439
69.4303
69.4174
69.4046
69.3935
69.3813
69.3751
69.3601
69.369
64.0338
65.7756
67.513
69.5034
71.1459
72.2629
72.9877
73.4224
73.6197
73.6361
73.5296
73.3448
73.1137
72.8613
72.606
72.3599
72.1298
71.9183
71.7266
71.5547
71.4003
71.2615
71.1364
71.0224
70.9172
70.8193
70.7282
70.6434
70.5646
70.4916
70.424
70.3611
70.3025
70.2475
70.1959
70.1472
70.1013
70.058
70.0172
69.9787
69.9426
69.9085
69.8765
69.8464
69.818
69.7911
69.7657
69.7416
69.7187
69.6969
69.676
69.6561
69.637
69.6186
69.601
69.5839
69.5673
69.5513
69.5357
69.5205
69.5056
69.491
69.4768
69.4628
69.449
69.4356
69.4225
69.4099
69.3975
69.3868
69.3749
69.369
69.3544
69.3635
63.7423
65.2722
66.7388
68.4426
69.9703
71.1152
71.9394
72.5155
72.8709
73.0373
73.0598
72.981
72.8333
72.6423
72.4271
72.2015
71.9772
71.7628
71.5643
71.3852
71.2261
71.0861
70.9641
70.8571
70.7621
70.6765
70.5983
70.5258
70.4577
70.3938
70.334
70.2779
70.2252
70.1758
70.1292
70.0851
70.0434
70.0039
69.9667
69.9316
69.8985
69.8674
69.8381
69.8105
69.7845
69.7598
69.7365
69.7143
69.6931
69.6729
69.6536
69.6351
69.6173
69.6002
69.5836
69.5676
69.5521
69.5369
69.5222
69.5078
69.4936
69.4798
69.4661
69.4527
69.4396
69.4267
69.414
69.4019
69.39
69.3796
69.3681
69.3624
69.3484
69.3576
63.026
64.3899
65.6831
67.1277
68.4879
69.6038
70.4853
71.1709
71.6739
72.0084
72.2014
72.282
72.2752
72.2027
72.0837
71.9343
71.7674
71.5923
71.4153
71.2424
71.0789
70.9292
70.7967
70.6825
70.5855
70.5039
70.4348
70.3747
70.3204
70.2701
70.2223
70.1765
70.1323
70.0901
70.0498
70.0115
69.975
69.9404
69.9076
69.8766
69.8473
69.8197
69.7937
69.7691
69.7459
69.7239
69.7029
69.683
69.6639
69.6457
69.6282
69.6114
69.5951
69.5794
69.5642
69.5494
69.535
69.521
69.5072
69.4937
69.4805
69.4674
69.4545
69.4418
69.4293
69.417
69.4049
69.3933
69.3818
69.3719
69.3608
69.3555
69.3419
69.3514
62.0125
63.2356
64.4094
65.6635
66.8673
67.9215
68.8162
69.5644
70.1692
70.6352
70.9764
71.2114
71.3581
71.4323
71.4483
71.4184
71.3534
71.2628
71.1549
71.0366
70.9131
70.7883
70.6652
70.5477
70.4399
70.3455
70.2666
70.2028
70.1521
70.1116
70.0774
70.0463
70.0161
69.9858
69.9551
69.9244
69.8943
69.8654
69.8379
69.8118
69.7872
69.764
69.7419
69.7211
69.7013
69.6824
69.6644
69.6471
69.6306
69.6146
69.5992
69.5844
69.57
69.556
69.5423
69.529
69.516
69.5032
69.4906
69.4781
69.4659
69.4537
69.4417
69.4298
69.418
69.4064
69.395
69.384
69.373
69.3636
69.353
69.348
69.3351
69.3448
60.8457
61.9502
63.0239
64.136
65.2107
66.1925
67.0706
67.8453
68.5129
69.0719
69.5271
69.888
70.1655
70.3712
70.5161
70.6107
70.6638
70.683
70.6744
70.6431
70.5942
70.5323
70.4614
70.385
70.3057
70.2256
70.1471
70.0737
70.0089
69.9557
69.9148
69.8849
69.863
69.8459
69.8303
69.814
69.796
69.7767
69.7566
69.7366
69.7173
69.699
69.6816
69.6651
69.6494
69.6343
69.6198
69.6058
69.5922
69.579
69.5661
69.5536
69.5414
69.5294
69.5176
69.506
69.4945
69.4832
69.4719
69.4608
69.4497
69.4386
69.4276
69.4167
69.4057
69.3949
69.3842
69.3738
69.3635
69.3546
69.3446
69.3401
69.3277
69.3379
59.6714
60.6672
61.644
62.6363
63.6011
64.5083
65.35
66.1221
66.8185
67.4347
67.9701
68.4274
68.8114
69.1282
69.3848
69.5889
69.7477
69.8685
69.9571
70.019
70.0581
70.078
70.0815
70.0713
70.05
70.0202
69.9843
69.944
69.9005
69.8548
69.809
69.7665
69.7302
69.7024
69.6832
69.6708
69.6629
69.6566
69.6499
69.6418
69.6324
69.6219
69.6109
69.5999
69.5891
69.5785
69.5681
69.5579
69.5479
69.538
69.5281
69.5184
69.5087
69.4991
69.4895
69.4799
69.4703
69.4607
69.451
69.4414
69.4316
69.4219
69.412
69.4021
69.3922
69.3823
69.3724
69.3628
69.3532
69.3449
69.3356
69.3315
69.3199
69.3306
58.7132
59.6011
60.4784
61.3602
62.2237
63.0527
63.8413
64.5846
65.2767
65.9123
66.4887
67.0048
67.4614
67.8604
68.2051
68.4995
68.7484
68.9567
69.1296
69.2716
69.3874
69.4805
69.5541
69.6105
69.6516
69.6789
69.6939
69.6982
69.694
69.6832
69.6677
69.6486
69.6268
69.6034
69.5803
69.5599
69.5444
69.5349
69.5306
69.5297
69.53
69.5297
69.528
69.5249
69.5206
69.5155
69.5101
69.5043
69.4984
69.4922
69.4858
69.4792
69.4724
69.4655
69.4583
69.451
69.4436
69.4359
69.4281
69.4201
69.4119
69.4035
69.395
69.3863
69.3775
69.3686
69.3597
69.351
69.3421
69.3345
69.3259
69.3224
69.3116
69.323
58.0881
58.8664
59.6418
60.4182
61.1844
61.932
62.6561
63.3521
64.0149
64.6397
65.223
65.7622
66.2559
66.7036
67.1059
67.4643
67.7809
68.0585
68.3002
68.5093
68.6892
68.843
68.9739
69.0845
69.1773
69.2542
69.3167
69.3662
69.4039
69.4312
69.4497
69.461
69.4668
69.4682
69.4662
69.4613
69.454
69.4455
69.4377
69.4326
69.4312
69.4332
69.4373
69.4417
69.4452
69.4471
69.4476
69.4468
69.4452
69.4431
69.4403
69.4372
69.4335
69.4295
69.425
69.4202
69.415
69.4094
69.4035
69.3973
69.3908
69.384
69.3769
69.3695
69.3619
69.3541
69.3461
69.3383
69.3304
69.3235
69.3156
69.3128
69.3027
69.315
57.7901
58.4599
59.1325
59.8067
60.4777
61.1409
61.7923
62.428
63.0438
63.6359
64.2005
64.7348
65.2362
65.7031
66.1345
66.5299
66.8898
67.2151
67.5073
67.7683
68
68.2047
68.3847
68.5424
68.6799
68.7994
68.9026
68.9914
69.0672
69.1313
69.1846
69.2282
69.263
69.2903
69.3112
69.327
69.3385
69.3464
69.3509
69.3526
69.3525
69.3524
69.354
69.3581
69.3645
69.3718
69.3788
69.3843
69.3882
69.3907
69.392
69.3924
69.3921
69.3911
69.3895
69.3873
69.3845
69.3812
69.3774
69.3731
69.3684
69.3632
69.3576
69.3516
69.3452
69.3386
69.3318
69.3249
69.3179
69.3118
69.3047
69.3026
69.2932
69.3067
57.7778
58.3431
58.9151
59.4912
60.0695
60.6475
61.2219
61.7897
62.3474
62.8919
63.42
63.9289
64.4157
64.8784
65.315
65.7243
66.1055
66.4581
66.7823
67.0788
67.3483
67.5921
67.8116
68.0084
68.184
68.3402
68.4786
68.6009
68.7087
68.8035
68.8866
68.9593
69.0225
69.0768
69.1229
69.1614
69.1931
69.2189
69.2397
69.2562
69.2688
69.278
69.2843
69.2889
69.2934
69.2994
69.3072
69.3163
69.3254
69.3335
69.3399
69.3447
69.3481
69.3504
69.3518
69.3524
69.3522
69.3513
69.3497
69.3474
69.3445
69.3411
69.3371
69.3326
69.3276
69.3222
69.3165
69.3107
69.3046
69.2994
69.2931
69.2917
69.2831
69.2981
57.9928
58.4617
58.9393
59.4237
59.9141
60.4091
60.9061
61.4028
61.8967
62.3851
62.8655
63.3353
63.792
64.2332
64.6569
65.0613
65.4449
65.8066
66.1457
66.4617
66.7547
67.025
67.2729
67.4994
67.7054
67.892
68.0603
68.2117
68.3474
68.4689
68.5774
68.6743
68.7607
68.8378
68.9063
68.9669
69.0199
69.0656
69.1045
69.1371
69.1641
69.1865
69.2046
69.219
69.2301
69.2386
69.2459
69.2535
69.2624
69.2724
69.2828
69.2925
69.3005
69.3069
69.3118
69.3154
69.3179
69.3195
69.3202
69.3201
69.3192
69.3176
69.3153
69.3124
69.3089
69.3048
69.3003
69.2956
69.2905
69.2862
69.2807
69.2802
69.2723
69.2893
58.3765
58.7596
59.1523
59.5536
59.9634
60.3805
60.8032
61.2297
61.6583
62.087
62.5138
62.9364
63.3528
63.7609
64.1585
64.5439
64.9153
65.2711
65.6102
65.9316
66.2345
66.5186
66.7837
67.0298
67.2573
67.4667
67.6587
67.834
67.9935
68.1383
68.2693
68.3877
68.4945
68.5909
68.6778
68.7562
68.8267
68.89
68.9464
68.996
69.0391
69.076
69.1072
69.1333
69.1551
69.173
69.1875
69.199
69.2087
69.2177
69.2273
69.2378
69.2489
69.2593
69.2684
69.2757
69.2815
69.2858
69.289
69.2912
69.2925
69.2928
69.2923
69.291
69.289
69.2864
69.2832
69.2796
69.2756
69.2722
69.2676
69.268
69.2608
69.2802
58.8751
59.1844
59.5029
59.8314
60.1695
60.5161
60.8701
61.2305
61.5961
61.9654
62.3368
62.7088
63.0796
63.4475
63.8106
64.1671
64.5155
64.8541
65.1814
65.4962
65.7974
66.084
66.3555
66.6113
66.8513
67.0754
67.2837
67.4767
67.6547
67.8184
67.9684
68.1055
68.2306
68.3444
68.4479
68.5419
68.6273
68.7048
68.7751
68.8388
68.896
68.9472
68.9923
69.0314
69.065
69.0936
69.1177
69.1378
69.1545
69.1681
69.1794
69.1895
69.1997
69.2105
69.2217
69.2324
69.2419
69.2498
69.2559
69.2606
69.2641
69.2665
69.2679
69.2684
69.268
69.2669
69.265
69.2627
69.2597
69.2574
69.2536
69.2551
69.2483
69.271
59.444
59.6913
59.9469
60.2131
60.489
60.7737
61.0665
61.3669
61.6741
61.9872
62.305
62.6263
62.95
63.2745
63.5984
63.9203
64.2387
64.552
64.8588
65.1578
65.4476
65.7273
65.9957
66.2522
66.496
66.7268
66.9442
67.1482
67.3388
67.5162
67.6808
67.833
67.9733
68.1023
68.2206
68.3289
68.4279
68.5183
68.6008
68.676
68.7446
68.807
68.8635
68.9145
68.96
69.0001
69.0348
69.0646
69.0899
69.1113
69.1293
69.1442
69.1566
69.1674
69.1779
69.1886
69.1997
69.2105
69.22
69.2278
69.234
69.2387
69.2422
69.2445
69.2458
69.2462
69.2458
69.2447
69.243
69.2416
69.2387
69.2414
69.2349
69.2619
60.0478
60.244
60.4475
60.6615
60.8849
61.1164
61.3561
61.6037
61.8587
62.1205
62.3885
62.6618
62.9396
63.2207
63.5042
63.7888
64.0734
64.3565
64.6371
64.9137
65.1852
65.4504
65.7082
65.9575
66.1976
66.4277
66.6472
66.8557
67.0528
67.2386
67.4128
67.5758
67.7276
67.8686
67.9992
68.1198
68.231
68.3332
68.4271
68.5131
68.5918
68.6638
68.7296
68.7898
68.8446
68.8944
68.9392
68.979
69.0139
69.0441
69.0699
69.0918
69.1103
69.1258
69.1388
69.15
69.1605
69.1711
69.1818
69.1922
69.2014
69.209
69.2149
69.2193
69.2224
69.2244
69.2255
69.2258
69.2252
69.225
69.2229
69.2269
69.2203
69.2531
60.66
60.8149
60.9759
61.147
61.3266
61.5137
61.7082
61.9104
62.12
62.3366
62.5599
62.7894
63.0244
63.2643
63.5083
63.7556
64.0052
64.2561
64.5073
64.7576
65.0061
65.2514
65.4927
65.7289
65.9589
66.182
66.3974
66.6044
66.8024
66.991
67.17
67.3392
67.4985
67.648
67.7878
67.9181
68.0393
68.1516
68.2555
68.3514
68.4397
68.5208
68.5952
68.6635
68.7261
68.7835
68.836
68.8839
68.9272
68.9661
69.0004
69.0302
69.0559
69.0778
69.0963
69.1118
69.1249
69.1361
69.1464
69.1566
69.1669
69.1767
69.1853
69.1922
69.1976
69.2015
69.2041
69.2058
69.2065
69.2074
69.2061
69.2115
69.2042
69.2448
61.2619
61.3837
61.5106
61.6468
61.7907
61.9409
62.0979
62.2619
62.4328
62.6105
62.7947
62.9853
63.1818
63.384
63.5912
63.8029
64.0184
64.237
64.4579
64.6802
64.903
65.1254
65.3463
65.5649
65.7802
65.9913
66.1974
66.3976
66.5914
66.778
66.957
67.128
67.2906
67.4448
67.5905
67.7275
67.8561
67.9763
68.0884
68.1927
68.2894
68.3788
68.4614
68.5375
68.6075
68.6718
68.7308
68.7851
68.8349
68.8805
68.922
68.9593
68.9925
69.0216
69.0466
69.0679
69.086
69.1012
69.114
69.1249
69.1348
69.1444
69.154
69.163
69.1707
69.1769
69.1814
69.1847
69.1867
69.1888
69.1883
69.1952
69.1862
69.2378
61.8407
61.9364
62.036
62.1443
62.2591
62.3794
62.5055
62.6378
62.7764
62.9211
63.072
63.229
63.3919
63.5604
63.7344
63.9135
64.0971
64.2849
64.4762
64.6704
64.8668
65.0647
65.2632
65.4616
65.659
65.8545
66.0474
66.2368
66.422
66.6023
66.777
66.9457
67.1078
67.263
67.4111
67.5517
67.6848
67.8105
67.9286
68.0394
68.1429
68.2394
68.3291
68.4123
68.4893
68.5603
68.6257
68.686
68.7414
68.7924
68.8393
68.8824
68.9217
68.9573
68.989
69.0168
69.0408
69.0613
69.0786
69.0931
69.1052
69.1155
69.1247
69.1336
69.1423
69.1502
69.157
69.1622
69.1658
69.1692
69.1693
69.178
69.1656
69.2328
62.3887
62.4637
62.5418
62.6278
62.7194
62.8155
62.9165
63.0228
63.1347
63.252
63.3749
63.5034
63.6373
63.7768
63.9215
64.0714
64.2262
64.3856
64.5492
64.7166
64.8872
65.0606
65.2361
65.413
65.5907
65.7685
65.9455
66.121
66.2944
66.465
66.6319
66.7947
66.9528
67.1056
67.2527
67.3939
67.5287
67.6571
67.7789
67.8941
68.0026
68.1045
68.2
68.2892
68.3722
68.4494
68.5209
68.587
68.648
68.7042
68.756
68.8037
68.8477
68.8881
68.925
68.9586
68.9885
69.0148
69.0375
69.0568
69.073
69.0865
69.0977
69.1071
69.1154
69.1234
69.1309
69.1378
69.1432
69.1483
69.1492
69.1599
69.1417
69.2315
62.9012
62.96
63.0212
63.0895
63.1625
63.2392
63.32
63.4054
63.4954
63.5902
63.6899
63.7945
63.9041
64.0187
64.1383
64.2628
64.3921
64.5261
64.6645
64.8072
64.9536
65.1035
65.2565
65.412
65.5694
65.7284
65.8881
66.0479
66.2073
66.3656
66.522
66.6761
66.8271
66.9745
67.1178
67.2566
67.3904
67.5189
67.642
67.7593
67.8708
67.9764
68.076
68.1698
68.2578
68.3401
68.4169
68.4883
68.5546
68.616
68.6727
68.7251
68.7733
68.8178
68.8587
68.8964
68.9309
68.9623
68.9903
69.0148
69.0359
69.0537
69.0685
69.0807
69.0906
69.0989
69.1061
69.113
69.1191
69.1257
69.1275
69.1406
69.1143
69.2358
63.3763
63.4224
63.4705
63.5248
63.5831
63.6443
63.7089
63.7773
63.8497
63.9262
64.0068
64.0917
64.181
64.2747
64.373
64.4758
64.5831
64.6949
64.811
64.9314
65.0558
65.184
65.3157
65.4506
65.5883
65.7284
65.8704
66.0137
66.1578
66.3022
66.4463
66.5894
66.7311
66.8706
67.0076
67.1415
67.2718
67.3981
67.52
67.6374
67.7498
67.8571
67.9593
68.0561
68.1477
68.2339
68.315
68.3909
68.4619
68.5279
68.5893
68.6462
68.6988
68.7474
68.7922
68.8334
68.8715
68.9064
68.9384
68.9675
68.9933
69.0159
69.0351
69.0511
69.0642
69.0747
69.0831
69.09
69.0957
69.1023
69.1042
69.1198
69.0845
69.245
63.8136
63.8499
63.8876
63.9308
63.9774
64.0264
64.0781
64.133
64.1912
64.2528
64.3179
64.3867
64.4593
64.5357
64.6162
64.7007
64.7892
64.8819
64.9787
65.0795
65.1843
65.293
65.4053
65.5211
65.6402
65.7621
65.8867
66.0134
66.1419
66.2717
66.4023
66.5332
66.6639
66.7939
66.9225
67.0494
67.1741
67.296
67.4148
67.53
67.6414
67.7486
67.8515
67.9499
68.0436
68.1325
68.2167
68.2961
68.3708
68.4408
68.5063
68.5674
68.6242
68.6768
68.7255
68.7705
68.8119
68.85
68.8851
68.9173
68.9467
68.9733
68.9967
69.017
69.034
69.0479
69.059
69.0676
69.0739
69.0803
69.0813
69.098
69.0572
69.2499
64.2142
64.2427
64.2724
64.3069
64.3443
64.3835
64.4249
64.469
64.5158
64.5655
64.6181
64.6738
64.7327
64.7949
64.8606
64.9298
65.0027
65.0792
65.1594
65.2434
65.3311
65.4225
65.5176
65.6161
65.7181
65.8232
65.9312
66.042
66.1551
66.2703
66.3871
66.5051
66.6239
66.7431
66.8621
66.9804
67.0977
67.2135
67.3272
67.4386
67.5471
67.6525
67.7545
67.8528
67.9471
68.0374
68.1235
68.2052
68.2827
68.3558
68.4247
68.4893
68.5497
68.6061
68.6586
68.7072
68.7522
68.7936
68.8317
68.8667
68.8988
68.9282
68.9549
68.9787
68.9996
69.0172
69.0316
69.0431
69.0514
69.0589
69.0602
69.0765
69.0404
69.2299
64.5791
64.6015
64.625
64.6527
64.6827
64.7142
64.7475
64.783
64.8208
64.8608
64.9034
64.9485
64.9963
65.047
65.1005
65.1572
65.2169
65.2799
65.3462
65.4159
65.489
65.5655
65.6454
65.7287
65.8153
65.9051
65.998
66.0939
66.1924
66.2934
66.3967
66.5017
66.6084
66.7161
66.8246
66.9335
67.0423
67.1505
67.2578
67.3637
67.4679
67.5699
67.6694
67.7661
67.8597
67.9499
68.0366
68.1196
68.1988
68.2741
68.3455
68.4129
68.4764
68.536
68.5917
68.6438
68.6921
68.7369
68.7782
68.8161
68.851
68.8828
68.9118
68.9382
68.9618
68.9827
69.0005
69.0151
69.0263
69.0357
69.0395
69.0539
69.0381
69.1626
64.9108
64.9286
64.9471
64.9694
64.9937
65.0191
65.046
65.0746
65.1051
65.1375
65.172
65.2086
65.2475
65.2887
65.3324
65.3787
65.4277
65.4795
65.5341
65.5918
65.6524
65.7162
65.783
65.8531
65.9262
66.0025
66.0818
66.164
66.2491
66.3369
66.4272
66.5198
66.6144
66.7107
66.8084
66.9072
67.0067
67.1066
67.2064
67.3057
67.4042
67.5015
67.5971
67.6909
67.7823
67.8713
67.9574
68.0405
68.1203
68.1968
68.2698
68.3392
68.405
68.4672
68.5258
68.5807
68.6321
68.6799
68.7243
68.7653
68.803
68.8375
68.8689
68.8974
68.9231
68.9461
68.9663
68.9837
68.9977
69.0092
69.0169
69.0269
69.0411
69.0465
65.2105
65.2246
65.2393
65.2575
65.2772
65.2977
65.3195
65.3427
65.3674
65.3938
65.4218
65.4516
65.4832
65.5169
65.5526
65.5905
65.6307
65.6733
65.7183
65.766
65.8162
65.8693
65.9251
65.9837
66.0453
66.1097
66.177
66.2472
66.3202
66.3959
66.4743
66.5551
66.6382
66.7234
66.8105
66.8992
66.9892
67.0802
67.1718
67.2638
67.3557
67.4473
67.538
67.6277
67.7159
67.8023
67.8867
67.9687
68.0482
68.1249
68.1986
68.2692
68.3366
68.4007
68.4614
68.5188
68.5727
68.6233
68.6704
68.7143
68.7548
68.792
68.8259
68.8567
68.8844
68.9092
68.9311
68.9501
68.9663
68.9792
68.9907
68.9945
69.0313
68.9151
65.4819
65.4931
65.5049
65.5196
65.5357
65.5525
65.5702
65.5891
65.6093
65.6307
65.6536
65.6779
65.7038
65.7313
65.7606
65.7917
65.8247
65.8597
65.8969
65.9362
65.9779
66.0219
66.0684
66.1175
66.1691
66.2233
66.2802
66.3398
66.4021
66.467
66.5346
66.6046
66.6771
66.7518
66.8287
66.9075
66.9881
67.0701
67.1533
67.2375
67.3222
67.4073
67.4923
67.577
67.6609
67.7438
67.8254
67.9054
67.9835
68.0594
68.1329
68.2038
68.272
68.3373
68.3996
68.4587
68.5148
68.5676
68.6171
68.6634
68.7065
68.7463
68.7827
68.8159
68.8458
68.8725
68.896
68.9162
68.9336
68.9469
68.9603
68.9582
68.9976
68.8176
65.7245
65.7335
65.743
65.7551
65.7684
65.7821
65.7967
65.8122
65.8287
65.8464
65.8651
65.8851
65.9064
65.929
65.9531
65.9788
66.006
66.0349
66.0657
66.0983
66.1329
66.1696
66.2084
66.2494
66.2927
66.3383
66.3864
66.4369
66.4898
66.5453
66.6033
66.6637
66.7265
66.7917
66.8591
66.9287
67.0002
67.0735
67.1484
67.2247
67.302
67.3803
67.4591
67.5381
67.6171
67.6958
67.7738
67.8508
67.9266
68.0009
68.0733
68.1438
68.212
68.2777
68.3409
68.4013
68.4589
68.5135
68.565
68.6134
68.6587
68.7007
68.7395
68.775
68.8071
68.8357
68.8609
68.8825
68.9008
68.9142
68.9271
68.9214
68.9462
68.7791
65.9445
65.9517
65.9594
65.9695
65.9805
65.9918
66.0038
66.0166
66.0303
66.0449
66.0603
66.0768
66.0944
66.1131
66.133
66.1542
66.1768
66.2008
66.2263
66.2534
66.2822
66.3127
66.3451
66.3794
66.4157
66.4541
66.4946
66.5373
66.5823
66.6296
66.6791
66.731
66.7853
66.8418
66.9005
66.9615
67.0245
67.0895
67.1564
67.2249
67.2948
67.3661
67.4383
67.5114
67.5849
67.6587
67.7324
67.8058
67.8785
67.9504
68.021
68.0901
68.1576
68.2231
68.2864
68.3474
68.4059
68.4618
68.5148
68.5649
68.612
68.656
68.6968
68.7343
68.7684
68.799
68.8259
68.849
68.8682
68.882
68.8934
68.8874
68.8936
68.7847
66.1374
66.1432
66.1496
66.158
66.1673
66.1768
66.1868
66.1975
66.209
66.2212
66.2341
66.2479
66.2626
66.2782
66.2949
66.3126
66.3315
66.3515
66.3729
66.3956
66.4197
66.4454
66.4726
66.5015
66.5321
66.5645
66.5988
66.6351
66.6734
66.7137
66.7562
66.8008
66.8476
66.8966
66.9477
67.001
67.0564
67.1138
67.1732
67.2344
67.2973
67.3618
67.4276
67.4946
67.5625
67.6312
67.7002
67.7695
67.8387
67.9075
67.9756
68.0428
68.1089
68.1735
68.2364
68.2975
68.3564
68.4129
68.467
68.5184
68.567
68.6126
68.6551
68.6943
68.7302
68.7625
68.791
68.8155
68.8359
68.8505
68.8608
68.8574
68.852
68.8019
66.315
66.3196
66.325
66.3322
66.34
66.348
66.3564
66.3655
66.3751
66.3853
66.3962
66.4078
66.4202
66.4333
66.4473
66.4621
66.478
66.4948
66.5128
66.5319
66.5521
66.5737
66.5967
66.621
66.6469
66.6743
66.7034
66.7342
66.7667
66.8011
66.8375
66.8757
66.916
66.9583
67.0026
67.049
67.0974
67.1479
67.2003
67.2547
67.3109
67.3688
67.4282
67.4892
67.5513
67.6146
67.6787
67.7434
67.8085
67.8737
67.9388
68.0035
68.0675
68.1305
68.1924
68.2528
68.3114
68.3681
68.4227
68.4749
68.5245
68.5713
68.6151
68.6558
68.6931
68.7269
68.7568
68.7827
68.804
68.8199
68.8301
68.8305
68.8223
68.8082
66.4633
66.4672
66.4718
66.478
66.4848
66.4917
66.499
66.5068
66.5151
66.5239
66.5333
66.5433
66.5539
66.5652
66.5772
66.5899
66.6035
66.6179
66.6333
66.6496
66.667
66.6855
66.7052
66.726
66.7482
66.7717
66.7967
66.8232
66.8512
66.8809
66.9123
66.9454
66.9804
67.0172
67.0559
67.0965
67.139
67.1836
67.23
67.2784
67.3286
67.3806
67.4343
67.4896
67.5464
67.6046
67.6638
67.7241
67.7851
67.8466
67.9084
67.9703
68.0319
68.093
68.1534
68.2127
68.2707
68.3272
68.3818
68.4344
68.4846
68.5323
68.5772
68.619
68.6576
68.6926
68.7238
68.7508
68.7733
68.7904
68.8015
68.8055
68.7993
68.8004
66.6084
66.6116
66.6156
66.621
66.6269
66.6329
66.6392
66.6459
66.6531
66.6607
66.6688
66.6773
66.6865
66.6961
66.7064
66.7174
66.729
66.7414
66.7546
66.7685
66.7834
66.7992
66.816
66.8339
66.8529
66.8731
66.8945
66.9172
66.9413
66.9668
66.9938
67.0224
67.0526
67.0845
67.1181
67.1535
67.1907
67.2298
67.2707
67.3134
67.358
67.4043
67.4525
67.5023
67.5537
67.6067
67.661
67.7165
67.7731
67.8305
67.8886
67.947
68.0057
68.0643
68.1226
68.1802
68.2369
68.2925
68.3466
68.3989
68.4492
68.4972
68.5426
68.5852
68.6246
68.6605
68.6927
68.7207
68.7441
68.7624
68.7748
68.7815
68.7784
68.7848
66.7142
66.7168
66.7204
66.7255
66.7308
66.7362
66.7419
66.748
66.7545
66.7613
66.7686
66.7763
66.7844
66.7931
66.8023
66.8121
66.8225
66.8335
66.8452
66.8577
66.8709
66.8849
66.8998
66.9157
66.9325
66.9503
66.9693
66.9894
67.0107
67.0332
67.0572
67.0825
67.1092
67.1375
67.1674
67.1989
67.2321
67.2669
67.3035
67.3419
67.382
67.4239
67.4676
67.513
67.56
67.6086
67.6587
67.7102
67.763
67.8168
67.8716
67.9271
67.983
68.0393
68.0955
68.1515
68.2069
68.2615
68.3149
68.3669
68.4171
68.4653
68.5111
68.5542
68.5943
68.631
68.664
68.6929
68.7172
68.7367
68.7504
68.7592
68.7586
68.7679
66.8406
66.8427
66.846
66.8506
66.8554
66.8602
66.8653
66.8707
66.8765
66.8826
66.889
66.8958
66.9031
66.9107
66.9189
66.9275
66.9366
66.9463
66.9566
66.9674
66.979
66.9913
67.0043
67.0181
67.0327
67.0483
67.0648
67.0823
67.1008
67.1205
67.1413
67.1634
67.1867
67.2114
67.2376
67.2651
67.2942
67.3249
67.3571
67.391
67.4266
67.4639
67.5028
67.5434
67.5857
67.6297
67.6751
67.7221
67.7705
67.8201
67.8708
67.9225
67.975
68.028
68.0813
68.1347
68.1878
68.2405
68.2923
68.343
68.3923
68.4397
68.4851
68.5279
68.5679
68.6048
68.638
68.6673
68.6922
68.7124
68.727
68.7373
68.7384
68.7502
66.8978
66.8993
66.9026
66.9071
66.9117
66.9164
66.9213
66.9265
66.9321
66.9379
66.9441
66.9506
66.9575
66.9648
66.9725
66.9807
66.9893
66.9985
67.0082
67.0184
67.0293
67.0408
67.053
67.0659
67.0796
67.094
67.1094
67.1256
67.1428
67.1611
67.1804
67.2008
67.2224
67.2452
67.2693
67.2948
67.3217
67.35
67.3799
67.4113
67.4443
67.4789
67.5152
67.5531
67.5926
67.6338
67.6765
67.7209
67.7666
67.8138
67.8621
67.9116
67.962
68.0132
68.0649
68.1168
68.1688
68.2205
68.2716
68.3218
68.3707
68.418
68.4634
68.5064
68.5467
68.5839
68.6176
68.6475
68.673
68.6939
68.7094
68.7209
68.7232
68.7373
67.0332
67.0352
67.0384
67.0425
67.0467
67.051
67.0555
67.0602
67.0653
67.0706
67.0762
67.0821
67.0883
67.0948
67.1018
67.1091
67.1168
67.1249
67.1335
67.1426
67.1522
67.1623
67.173
67.1844
67.1964
67.2091
67.2225
67.2367
67.2517
67.2676
67.2844
67.3021
67.321
67.3408
67.3619
67.3841
67.4075
67.4323
67.4584
67.4859
67.5148
67.5453
67.5772
67.6107
67.6458
67.6824
67.7205
67.7602
67.8013
67.8438
67.8876
67.9326
67.9787
68.0256
68.0733
68.1213
68.1697
68.2179
68.2659
68.3131
68.3594
68.4044
68.4476
68.4888
68.5275
68.5633
68.5959
68.6248
68.6495
68.67
68.6853
68.6969
68.6993
68.7146
69.1228
69.5434
69.9194
70.2471
70.5286
70.7677
70.969
71.1373
71.2771
71.3926
71.4876
71.5654
71.6287
71.68
71.7212
71.7541
71.7802
71.8005
71.8162
71.8281
71.8368
71.843
71.8472
71.8498
71.851
71.8513
71.8508
71.8497
71.8481
71.8462
71.8441
71.8418
71.8394
71.8369
71.8344
71.8319
71.8295
71.8271
71.8248
71.8225
71.8203
69.1178
69.5276
69.8957
70.2169
70.4942
70.7316
70.933
71.103
71.2457
71.3651
71.4644
71.5467
71.6147
71.6706
71.7164
71.7537
71.7838
71.808
71.8272
71.8423
71.854
71.8627
71.8692
71.8738
71.8768
71.8785
71.8792
71.8791
71.8783
71.877
71.8752
71.8731
71.8708
71.8683
71.8657
71.8629
71.8601
71.8573
71.8545
71.8517
71.8488
69.1127
69.5158
69.8798
70.1975
70.4736
70.7115
70.9152
71.0886
71.2358
71.36
71.4645
71.5522
71.6254
71.6863
71.7367
71.7782
71.8121
71.8397
71.8619
71.8795
71.8933
71.9036
71.9115
71.9173
71.9212
71.9235
71.9247
71.9249
71.9242
71.9229
71.9211
71.9188
71.9162
71.9133
71.9102
71.9069
71.9035
71.9
71.8965
71.8929
71.8893
69.1089
69.5121
69.8775
70.196
70.4738
70.7145
70.9216
71.0993
71.251
71.3802
71.4897
71.5824
71.6605
71.7261
71.781
71.8267
71.8645
71.8955
71.9209
71.9413
71.9575
71.9697
71.9794
71.9867
71.9918
71.9951
71.9969
71.9976
71.9973
71.9961
71.9942
71.9918
71.9889
71.9855
71.9819
71.9779
71.9738
71.9695
71.965
71.9604
71.9559
69.1054
69.5125
69.8821
70.2036
70.485
70.7296
70.9412
71.1238
71.2808
71.4156
71.5309
71.6293
71.713
71.784
71.844
71.8944
71.9365
71.9715
72.0003
72.0237
72.0424
72.0566
72.068
72.0766
72.0827
72.0867
72.089
72.0899
72.0896
72.0882
72.086
72.083
72.0794
72.0753
72.0708
72.0659
72.0607
72.0552
72.0496
72.0436
72.0379
69.1015
69.5149
69.8909
70.2172
70.5037
70.7539
70.9715
71.1605
71.3243
71.4659
71.5881
71.6933
71.7836
71.8608
71.9266
71.9824
72.0294
72.0688
72.1014
72.1281
72.1496
72.1658
72.179
72.1891
72.1963
72.201
72.2038
72.2049
72.2045
72.2028
72.2001
72.1965
72.1921
72.1871
72.1815
72.1754
72.1689
72.1621
72.1549
72.1475
72.1403
69.0973
69.5199
69.9048
70.2381
70.532
70.7896
71.0148
71.2116
71.3834
71.5331
71.6631
71.7759
71.8736
71.9577
72.03
72.0917
72.144
72.1881
72.2249
72.255
72.2795
72.2979
72.3129
72.3245
72.3326
72.3379
72.341
72.342
72.3414
72.3392
72.3358
72.3312
72.3257
72.3194
72.3125
72.3049
72.2968
72.2882
72.2793
72.27
72.261
69.0932
69.5282
69.9247
70.2674
70.5708
70.8376
71.072
71.278
71.4589
71.6176
71.7564
71.8777
71.9835
72.0752
72.1545
72.2227
72.2809
72.3301
72.3714
72.4053
72.4329
72.4536
72.4706
72.4836
72.4926
72.4985
72.5017
72.5025
72.5014
72.4985
72.4941
72.4884
72.4815
72.4737
72.465
72.4556
72.4456
72.4351
72.4241
72.4126
72.4014
69.0893
69.5399
69.9509
70.3054
70.6202
70.898
71.1431
71.3596
71.551
71.7199
71.8685
71.9993
72.114
72.2142
72.3012
72.3765
72.4411
72.496
72.5421
72.5802
72.6111
72.6342
72.6531
72.6675
72.6775
72.6837
72.6869
72.6874
72.6856
72.6816
72.676
72.6687
72.6602
72.6505
72.6398
72.6282
72.6159
72.6029
72.5895
72.5754
72.5616
69.0856
69.5551
69.9833
70.3521
70.6805
70.9712
71.2286
71.4573
71.6605
71.8408
72.0004
72.1417
72.2663
72.3758
72.4715
72.5546
72.6262
72.6873
72.7387
72.7812
72.8157
72.8413
72.8622
72.878
72.8887
72.8952
72.8982
72.8981
72.8952
72.89
72.8827
72.8736
72.863
72.851
72.8378
72.8236
72.8086
72.7928
72.7764
72.7593
72.7426
69.0825
69.5742
70.0226
70.4081
70.7525
71.058
71.3297
71.5721
71.7886
71.9817
72.1536
72.3065
72.4422
72.562
72.6671
72.7587
72.838
72.9058
72.963
73.0102
73.0485
73.0768
73.0997
73.1168
73.1282
73.1347
73.1372
73.1362
73.132
73.125
73.1157
73.1043
73.0912
73.0764
73.0603
73.0431
73.0248
73.0056
72.9858
72.9651
72.9449
69.0801
69.5974
70.0692
70.4743
70.837
71.1595
71.4474
71.7054
71.9368
72.1442
72.3297
72.4956
72.6434
72.7745
72.89
72.9911
73.0788
73.1539
73.2173
73.2697
73.3121
73.343
73.3679
73.3863
73.3981
73.4044
73.4061
73.4038
73.3978
73.3887
73.3769
73.3626
73.3464
73.3283
73.3087
73.2877
73.2656
73.2425
73.2186
73.1938
73.1695
69.0788
69.6255
70.1239
70.5515
70.9352
71.2771
71.5832
71.8587
72.1069
72.3303
72.5309
72.7111
72.8725
73.016
73.143
73.2544
73.3513
73.4344
73.5046
73.5626
73.6091
73.6429
73.6697
73.6891
73.7011
73.7068
73.7073
73.7032
73.6949
73.683
73.668
73.6503
73.6303
73.6082
73.5843
73.559
73.5323
73.5046
73.4759
73.4463
73.4172
69.0789
69.659
70.1878
70.641
71.0484
71.4123
71.7391
72.0342
72.3011
72.5424
72.7598
72.9559
73.1322
73.2896
73.4292
73.552
73.659
73.7508
73.8283
73.8922
73.9432
73.9797
74.0083
74.0285
74.0402
74.0449
74.0436
74.037
74.0257
74.0104
73.9915
73.9695
73.9448
73.9178
73.8889
73.8583
73.8262
73.7929
73.7586
73.7233
73.6886
69.0809
69.6988
70.2618
70.7443
71.1785
71.5671
71.9171
72.2343
72.5221
72.7833
73.0195
73.2332
73.4261
73.5988
73.7523
73.8877
74.0057
74.1071
74.1925
74.2626
74.3182
74.3573
74.3874
74.408
74.419
74.422
74.4182
74.4083
74.3932
74.3733
74.3495
74.3222
74.2919
74.259
74.2239
74.187
74.1484
74.1086
74.0677
74.0257
73.9843
69.0854
69.7459
70.3476
70.863
71.3276
71.744
72.1201
72.462
72.7733
73.0567
73.3137
73.5472
73.7584
73.9481
74.1171
74.2663
74.3964
74.5081
74.602
74.6786
74.7388
74.7804
74.8116
74.832
74.8415
74.8419
74.8345
74.8204
74.8002
74.7747
74.7447
74.7108
74.6736
74.6335
74.591
74.5464
74.5001
74.4525
74.4037
74.3537
74.3045
69.0931
69.8016
70.4467
70.9993
71.498
71.9458
72.3513
72.721
73.0586
73.3668
73.6472
73.9026
74.1343
74.3429
74.529
74.6934
74.8368
74.9596
75.0626
75.146
75.2108
75.2544
75.286
75.3053
75.3123
75.3089
75.2967
75.2768
75.2501
75.2175
75.1797
75.1376
75.0918
75.0429
74.9913
74.9375
74.8819
74.8249
74.7667
74.7075
74.6489
69.1049
69.8673
70.5613
71.1559
71.693
72.1761
72.6147
73.0156
73.3828
73.7189
74.0254
74.3054
74.56
74.7896
74.9946
75.1758
75.3337
75.4687
75.5812
75.6715
75.7405
75.7854
75.8164
75.8334
75.8365
75.8278
75.8091
75.7816
75.7464
75.7045
75.657
75.6047
75.5483
75.4885
75.4258
75.3609
75.2941
75.2259
75.1565
75.0861
75.0166
69.1219
69.9448
70.6939
71.3359
71.9164
72.4393
72.9152
73.3513
73.7518
74.1194
74.4552
74.7627
75.043
75.296
75.5221
75.7218
75.8955
76.0435
76.1659
76.2631
76.3356
76.3808
76.4098
76.4228
76.42
76.4037
76.3761
76.3386
76.2924
76.2388
76.1789
76.1138
76.0442
75.971
75.8948
75.8163
75.7359
75.6543
75.5716
75.488
75.4056
69.1454
70.0366
70.8476
71.5434
72.1728
72.7408
73.2588
73.7348
74.173
74.576
74.9449
75.2834
75.5925
75.8717
76.1212
76.3414
76.5323
76.694
76.8266
76.9301
77.0052
77.0488
77.0738
77.0804
77.069
77.0423
77.0027
76.9519
76.8914
76.8227
76.7472
76.6659
76.5799
76.4901
76.3974
76.3024
76.2056
76.1078
76.0092
75.9101
75.8123
69.177
70.1454
71.0265
71.783
72.4679
73.087
73.653
74.1742
74.6551
75.0984
75.5048
75.8782
76.2198
76.5285
76.8041
77.0467
77.2562
77.4323
77.5749
77.6838
77.7594
77.799
77.817
77.8138
77.7901
77.7491
77.6933
77.6251
77.546
77.4579
77.3624
77.2609
77.1544
77.0442
76.9311
76.8161
76.6995
76.5824
76.4649
76.3474
76.2316
69.2189
70.2747
71.2352
72.0609
72.8089
73.4862
74.1068
74.6797
75.2094
75.6986
76.1475
76.5608
76.9391
77.2808
77.5854
77.8526
78.082
78.2728
78.4247
78.5371
78.6104
78.6422
78.649
78.6313
78.5903
78.5295
78.4522
78.3608
78.2576
78.1447
78.0239
77.8968
77.7649
77.6294
77.4914
77.352
77.2117
77.0715
76.9316
76.7924
76.6557
69.2738
70.4289
71.4798
72.3846
73.2048
73.9488
74.6321
75.2641
75.8499
76.3917
76.8893
77.3478
77.7678
78.1468
78.4835
78.7775
79.0277
79.2329
79.3924
79.5053
79.5718
79.5902
79.5798
79.5411
79.4758
79.3882
79.282
79.1602
79.0257
78.8809
78.7279
78.5688
78.4053
78.2387
78.0705
77.9017
77.7329
77.5653
77.3992
77.2348
77.0739
69.3448
70.6138
71.7681
72.7637
73.6668
74.4877
75.2433
75.9439
76.5944
77.1969
77.7504
78.2608
78.7282
79.149
79.5213
79.844
80.1154
80.3337
80.4976
80.6059
80.6586
80.6556
80.6195
80.5507
80.4518
80.3277
80.183
80.0215
79.8464
79.6608
79.4674
79.2683
79.0657
78.8612
78.6562
78.4523
78.2498
78.0501
77.8535
77.6602
77.4718
69.4362
70.8362
72.1098
73.2105
74.2097
75.1199
75.9598
76.7401
77.4659
78.139
78.7571
79.3271
79.8486
80.3164
80.7276
81.0803
81.3721
81.6004
81.7631
81.8587
81.887
81.8509
81.7771
81.6658
81.5205
81.3473
81.1516
80.9381
80.7109
80.4736
80.2294
79.9809
79.7304
79.48
79.2313
78.9858
78.744
78.5072
78.2758
78.05
77.831
69.5536
71.1057
72.5179
73.7413
74.8525
75.8675
76.8063
77.6803
78.4947
79.2504
79.9436
80.5825
81.1655
81.6857
82.1387
82.5216
82.8309
83.0629
83.2149
83.285
83.2731
83.1868
83.0586
82.8877
82.6791
82.44
82.1773
81.8967
81.6031
81.3009
80.9937
80.6848
80.3767
80.0715
79.7713
79.4776
79.1908
78.9122
78.6422
78.3806
78.1287
69.7039
71.4344
73.0093
74.3772
75.6208
76.7599
77.8161
78.8016
79.7211
80.5742
81.3553
82.0737
82.7266
83.3044
83.8008
84.2114
84.5313
84.7558
84.8813
84.9061
84.8302
84.6695
84.4637
84.2101
83.9158
83.5896
83.2399
82.8736
82.4966
82.1142
81.7304
81.349
80.9726
80.6038
80.2444
79.8962
79.5594
79.235
78.9233
78.624
78.338
69.8963
71.8386
73.6067
75.1471
76.5491
77.8373
79.0348
80.1543
81.1998
82.169
83.0533
83.8635
84.595
85.2343
85.7724
86.2033
86.5203
86.7175
86.7911
86.7396
86.5649
86.2952
85.9802
85.6137
85.2051
84.7653
84.3045
83.8309
83.3515
82.8721
82.3974
81.9312
81.4765
81.0357
80.6105
80.2028
79.8122
79.4397
79.0854
78.7481
78.429
70.143
72.3407
74.3416
76.091
77.6855
79.1557
80.5258
81.8088
83.0075
84.116
85.1218
86.0371
86.8546
87.5556
88.1275
88.562
88.8507
88.987
88.9675
88.793
88.4685
88.0422
87.5765
87.0585
86.5007
85.9163
85.3171
84.7129
84.1114
83.5186
82.9396
82.3779
81.8365
81.3174
80.8223
80.3525
79.9072
79.4869
79.0915
78.719
78.3707
70.4601
72.9712
75.2579
77.2656
79.099
80.7953
82.3801
83.866
85.2529
86.5297
87.6775
88.7107
89.6173
90.3714
90.9561
91.3605
91.5753
91.5944
91.4175
91.0502
90.5042
89.8579
89.1894
88.4738
87.727
86.9643
86.1994
85.4424
84.7012
83.9818
83.2886
82.6247
81.9924
81.3931
80.8278
80.2973
79.8001
79.3361
78.9048
78.5034
78.1332
70.8702
73.7751
76.421
78.7558
80.8926
82.8766
84.7347
86.4771
88.0984
89.5784
90.8892
92.0473
93.0339
93.8136
94.3644
94.6743
94.7352
94.5456
94.1127
93.4523
92.588
91.6427
90.7111
89.748
88.7721
87.8006
86.847
85.9212
85.0299
84.1779
83.3682
82.6025
81.8817
81.2062
80.576
79.9913
79.4495
78.95
78.4919
78.0716
77.6911
71.3967
74.804
77.9115
80.669
83.1996
85.5566
87.7676
89.8366
91.7484
93.4676
94.953
96.2238
97.2519
97.9901
98.4132
98.5124
98.2875
97.7492
96.9209
95.837
94.5392
93.2115
91.9606
90.7088
89.4759
88.2788
87.1293
86.0341
84.9973
84.0207
83.1046
82.2487
81.4517
80.7124
80.0297
79.4029
78.8286
78.3059
77.8338
77.4082
77.032
72.0755
76.1016
79.7879
83.0764
86.1042
88.9302
91.5801
94.0461
96.2948
98.2654
99.8994
101.221
102.192
102.754
102.888
102.599
101.907
100.849
99.4749
97.8462
96.0271
94.2716
92.6848
91.1434
89.6648
88.2627
86.9433
85.708
84.5559
83.4845
82.4908
81.571
80.7218
79.9402
79.224
78.5718
77.98
77.4479
76.9752
76.558
76.2015
72.8948
77.6577
82.0325
85.9533
89.5748
92.9568
96.1172
99.0273
101.622
103.803
105.496
106.737
107.479
107.669
107.306
106.429
105.097
103.382
101.371
99.1516
96.8074
94.6547
92.7778
91
89.3325
87.7827
86.3489
85.0252
83.8048
82.6806
81.6458
80.6939
79.8192
79.0173
78.2852
77.6217
77.0232
76.4902
76.0239
75.6224
75.2939
73.817
79.4627
84.6609
89.3379
93.6676
97.702
101.438
104.812
107.713
109.993
111.574
112.519
112.791
112.362
111.279
109.633
107.534
105.097
102.438
99.6663
96.8687
94.4041
92.3192
90.3839
88.6009
86.9699
85.4804
84.1192
82.874
81.7339
80.6887
79.7295
78.8491
78.042
77.3051
76.6371
76.0357
75.5029
75.0427
74.6564
74.3574
74.8194
81.5257
87.7086
93.2883
98.4536
103.236
107.587
111.391
114.478
116.645
117.851
118.214
117.735
116.442
114.456
111.935
109.037
105.91
102.684
99.4682
96.3392
93.6735
91.4717
89.4586
87.6286
85.9741
84.477
83.1178
81.8802
80.7501
79.7152
78.7648
77.8906
77.0867
76.3496
75.6787
75.0725
74.5354
74.0746
73.696
73.4213
75.8813
83.8672
91.228
97.88
104.015
109.62
114.567
118.669
121.7
123.428
123.921
123.389
121.897
119.564
116.598
113.213
109.596
105.901
102.249
98.7329
95.4075
92.6461
90.4056
88.3793
86.5546
84.9184
83.4466
82.1153
80.9056
79.8013
78.7885
77.8557
76.9938
76.1965
75.4603
74.785
74.1697
73.6207
73.1485
72.7651
72.5028
76.9741
86.509
95.2776
103.192
110.419
116.862
122.278
126.398
128.993
129.874
129.309
127.621
124.958
121.542
117.653
113.532
109.356
105.26
101.342
97.6656
94.2601
91.4852
89.2623
87.2668
85.4812
83.8886
82.4609
81.1717
80.0003
78.9293
77.9442
77.0326
76.1851
75.3952
74.6592
73.977
73.3478
72.7791
72.2833
71.8795
71.6112
78.0656
89.4795
99.9243
109.297
117.694
124.872
130.455
134.148
135.823
135.46
133.594
130.631
126.79
122.39
117.754
113.094
108.549
104.219
100.173
96.446
93.0439
90.3098
88.1389
86.1994
84.471
82.9346
81.5596
80.3181
79.1885
78.1531
77.1967
76.3068
75.4738
74.6908
73.9539
73.2629
72.616
72.0216
71.4905
71.0508
70.7515
79.1266
92.8197
105.245
116.253
125.787
133.404
138.646
141.344
141.631
139.774
136.553
132.363
127.477
122.303
117.152
112.158
107.41
102.98
98.9077
95.2031
91.8559
89.193
87.0917
85.22
83.556
82.0796
80.7591
79.5657
78.4775
77.4766
76.5478
75.6784
74.8586
74.0816
73.3431
72.6423
71.9759
71.3524
70.7765
70.2882
69.9254
80.1339
96.5857
111.321
124.064
134.497
142.001
146.238
147.389
145.996
142.649
138.217
132.972
127.256
121.563
116.117
110.955
106.128
101.69
97.655
94.0158
90.751
88.173
86.1477
84.3466
82.7474
81.3298
80.0618
78.9139
77.8644
76.8954
75.9918
75.1409
74.333
73.561
72.8204
72.1099
71.4238
70.7706
70.144
69.5987
69.133
81.078
100.85
118.213
132.609
143.409
150.031
152.599
151.872
148.802
144.204
138.813
132.717
126.412
120.44
114.873
109.654
104.829
100.439
96.4787
92.9269
89.7563
87.2666
85.3162
83.5832
82.0453
80.6826
79.4627
78.3563
77.3416
76.4012
75.52
74.6855
73.8877
73.12
72.377
71.6574
70.9529
70.2715
69.5924
68.9867
68.374
81.9599
105.7
125.912
141.579
151.917
156.848
157.316
154.703
150.23
144.746
138.63
131.863
125.201
119.148
113.571
108.363
103.59
99.282
95.4123
91.9559
88.8812
86.4774
84.5971
82.9263
81.4438
80.1304
78.9536
77.8838
76.8998
75.9844
75.1228
74.3022
73.5131
72.7489
72.0038
71.2761
70.5552
69.8483
69.119
68.453
67.6504
82.8075
111.219
134.279
150.447
159.346
161.997
160.302
156.09
150.628
144.605
137.915
130.63
123.825
117.834
112.305
107.147
102.456
98.2437
94.4695
91.1071
88.1235
85.7993
83.9826
82.3671
80.9334
79.6632
78.524
77.486
76.5285
75.6346
74.7897
73.9811
73.1993
72.438
71.691
70.9563
70.2216
69.4927
68.7189
67.9954
66.9664
83.6332
117.327
142.848
158.46
165.104
165.314
161.749
156.4
150.365
144.064
136.87
129.209
122.442
116.592
111.134
106.045
101.448
97.3319
93.6499
90.3755
87.475
85.2221
83.4617
81.8956
80.505
79.2727
78.166
77.1553
76.2205
75.345
74.5144
73.7159
72.9404
72.1814
71.4328
70.6924
69.9463
69.1989
68.3887
67.6116
66.3333
84.3816
123.735
151.009
165.027
169.008
167.014
162.066
156.055
149.775
143.346
135.655
127.774
121.177
115.479
110.085
105.075
100.572
96.5456
92.9474
89.7521
86.9258
84.7339
83.018
81.4924
80.1391
78.9397
77.8614
76.8743
75.9593
75.0998
74.2816
73.492
72.7223
71.966
71.2167
70.4722
69.7176
68.9556
68.1189
67.2953
65.754
84.2679
130.435
158.668
170.159
171.352
167.534
161.675
155.373
149.07
142.579
134.336
126.411
120.125
114.577
109.225
104.288
99.8705
95.9228
92.3957
89.266
86.4994
84.375
82.7001
81.2042
79.8783
78.7034
77.6457
76.6755
75.7747
74.9261
74.1163
73.3324
72.566
71.8112
71.0609
70.3132
69.5521
68.7791
67.9248
67.0719
65.2755
85.8821
137.894
165.028
173.128
172.16
167.019
160.482
154.032
147.811
141.297
132.388
124.386
118.487
113.201
107.981
103.178
98.8952
95.0706
91.6544
88.6248
85.9447
83.8685
82.2611
80.8136
79.5288
78.3901
77.3635
76.4193
75.5399
74.7086
73.9123
73.1382
72.3787
71.628
70.879
70.13
69.3649
68.5824
67.716
66.841
64.9459
71.8185
71.8174
71.8163
71.815
71.8136
71.8122
71.8106
71.8089
71.8071
71.8051
71.803
71.8007
71.7983
71.7956
71.7927
71.7896
71.7862
71.7826
71.7786
71.7743
71.7696
71.7646
71.7591
71.7531
71.7466
71.7395
71.7318
71.7235
71.7144
71.7045
71.6938
71.6821
71.6694
71.6556
71.6406
71.6243
71.6067
71.5875
71.5668
71.5443
71.5201
71.4939
71.4657
71.4354
71.4028
71.3679
71.3307
71.291
71.2488
71.2041
71.1568
71.1071
71.055
71.0005
70.9438
70.885
70.8244
70.7621
70.6984
70.6337
70.5681
70.5021
70.436
70.3701
70.3047
70.2402
70.1771
70.1155
70.0559
69.9986
69.9444
69.8929
69.8478
69.7997
71.8466
71.8459
71.8448
71.8434
71.8418
71.8402
71.8385
71.8367
71.8346
71.8325
71.8301
71.8276
71.8248
71.8219
71.8187
71.8152
71.8114
71.8074
71.803
71.7982
71.793
71.7874
71.7813
71.7747
71.7675
71.7597
71.7512
71.7421
71.7321
71.7213
71.7096
71.6969
71.6831
71.6682
71.6521
71.6346
71.6158
71.5954
71.5734
71.5497
71.5242
71.4968
71.4673
71.4358
71.4022
71.3663
71.328
71.2874
71.2444
71.199
71.1512
71.1011
71.0486
70.9939
70.9371
70.8784
70.8179
70.7558
70.6925
70.628
70.5628
70.4972
70.4314
70.3658
70.3007
70.2366
70.1736
70.1122
70.0528
69.9957
69.9417
69.8896
69.8465
69.7919
71.8863
71.8858
71.8848
71.8833
71.8816
71.8799
71.8781
71.8762
71.874
71.8717
71.8693
71.8666
71.8636
71.8605
71.8571
71.8534
71.8493
71.845
71.8402
71.8351
71.8295
71.8235
71.8169
71.8098
71.8021
71.7937
71.7846
71.7748
71.7641
71.7524
71.7399
71.7262
71.7115
71.6955
71.6782
71.6596
71.6394
71.6177
71.5943
71.5692
71.5422
71.5132
71.4822
71.4491
71.4137
71.3761
71.3362
71.2939
71.2493
71.2022
71.1528
71.1011
71.0472
70.9912
70.9331
70.8732
70.8117
70.7487
70.6845
70.6194
70.5537
70.4877
70.4217
70.356
70.2909
70.2269
70.1642
70.1031
70.0441
69.9872
69.9337
69.8812
69.8392
69.7772
71.9519
71.9514
71.9504
71.9488
71.947
71.9451
71.9432
71.941
71.9387
71.9361
71.9334
71.9304
71.9271
71.9236
71.9198
71.9156
71.9111
71.9062
71.9009
71.8951
71.8888
71.882
71.8746
71.8666
71.8578
71.8483
71.8381
71.8269
71.8148
71.8017
71.7876
71.7722
71.7557
71.7378
71.7185
71.6977
71.6753
71.6512
71.6253
71.5976
71.568
71.5363
71.5025
71.4666
71.4284
71.388
71.3453
71.3004
71.2531
71.2035
71.1517
71.0978
71.0418
70.9838
70.9241
70.8628
70.8
70.736
70.671
70.6054
70.5393
70.4731
70.4071
70.3415
70.2768
70.2132
70.1509
70.0904
70.032
69.9756
69.9227
69.8699
69.8289
69.76
72.0327
72.0321
72.0311
72.0293
72.0273
72.0252
72.023
72.0205
72.0179
72.015
72.0119
72.0085
72.0048
72.0008
71.9964
71.9917
71.9866
71.9809
71.9749
71.9682
71.961
71.9532
71.9447
71.9355
71.9255
71.9146
71.9028
71.8901
71.8763
71.8613
71.8452
71.8277
71.8089
71.7886
71.7667
71.7432
71.718
71.691
71.6621
71.6312
71.5983
71.5633
71.5261
71.4868
71.4452
71.4013
71.3552
71.3069
71.2564
71.2038
71.1491
71.0924
71.0339
70.9737
70.912
70.8489
70.7847
70.7196
70.6538
70.5876
70.5212
70.4549
70.3891
70.3238
70.2596
70.1966
70.1351
70.0753
70.0177
69.962
69.9098
69.8569
69.817
69.7426
72.1337
72.133
72.1319
72.1298
72.1274
72.125
72.1224
72.1196
72.1165
72.1131
72.1095
72.1055
72.1012
72.0965
72.0914
72.0858
72.0797
72.0731
72.066
72.0582
72.0497
72.0405
72.0305
72.0197
72.0079
71.9952
71.9814
71.9665
71.9504
71.933
71.9142
71.8939
71.8721
71.8487
71.8236
71.7967
71.7679
71.7372
71.7044
71.6696
71.6326
71.5935
71.5522
71.5087
71.4629
71.415
71.3649
71.3127
71.2584
71.2022
71.1442
71.0844
71.0231
70.9605
70.8966
70.8317
70.766
70.6997
70.633
70.5663
70.4997
70.4335
70.3679
70.3032
70.2396
70.1774
70.1168
70.058
70.0013
69.9466
69.8953
69.8427
69.8038
69.7264
72.2528
72.2518
72.2505
72.2481
72.2452
72.2423
72.2393
72.2359
72.2322
72.2281
72.2238
72.219
72.2138
72.2082
72.202
72.1953
72.1881
72.1802
72.1716
72.1623
72.1522
72.1412
72.1293
72.1164
72.1024
72.0873
72.071
72.0533
72.0343
72.0138
71.9918
71.9681
71.9427
71.9155
71.8864
71.8553
71.8222
71.787
71.7497
71.7103
71.6686
71.6247
71.5786
71.5303
71.4798
71.4273
71.3727
71.3161
71.2578
71.1977
71.1361
71.0731
71.0088
70.9436
70.8775
70.8107
70.7435
70.6762
70.6088
70.5417
70.475
70.409
70.3439
70.2798
70.2171
70.1559
70.0965
70.0388
69.9834
69.9298
69.8796
69.8278
69.7896
69.7124
72.3914
72.3901
72.3884
72.3854
72.382
72.3784
72.3747
72.3705
72.366
72.3611
72.3557
72.3499
72.3435
72.3367
72.3292
72.321
72.3122
72.3026
72.2922
72.2809
72.2686
72.2553
72.241
72.2254
72.2087
72.1905
72.171
72.15
72.1273
72.103
72.077
72.0491
72.0193
71.9875
71.9536
71.9176
71.8795
71.8391
71.7965
71.7517
71.7046
71.6553
71.6038
71.5502
71.4945
71.4369
71.3775
71.3163
71.2536
71.1896
71.1242
71.0579
70.9907
70.9229
70.8547
70.7862
70.7177
70.6494
70.5815
70.5142
70.4476
70.382
70.3175
70.2544
70.1927
70.1327
70.0745
70.0183
69.9643
69.912
69.8632
69.8126
69.775
69.7011
72.5496
72.5477
72.5456
72.5418
72.5376
72.5332
72.5285
72.5233
72.5177
72.5116
72.5049
72.4977
72.4899
72.4814
72.4722
72.4621
72.4513
72.4395
72.4267
72.4129
72.398
72.3818
72.3644
72.3455
72.3252
72.3034
72.2799
72.2547
72.2277
72.1988
72.168
72.135
72.1
72.0628
72.0233
71.9816
71.9376
71.8913
71.8427
71.7918
71.7387
71.6835
71.6261
71.5668
71.5056
71.4427
71.3782
71.3123
71.2452
71.1771
71.1082
71.0386
70.9687
70.8985
70.8283
70.7583
70.6888
70.6198
70.5515
70.4842
70.418
70.353
70.2893
70.2272
70.1668
70.1081
70.0514
69.9967
69.9442
69.8935
69.8461
69.7972
69.7601
69.692
72.7282
72.7256
72.7227
72.718
72.7126
72.7071
72.7012
72.6947
72.6877
72.68
72.6717
72.6627
72.653
72.6424
72.6309
72.6185
72.605
72.5905
72.5748
72.5578
72.5395
72.5197
72.4984
72.4756
72.451
72.4246
72.3963
72.3661
72.3339
72.2995
72.2629
72.2241
72.1829
72.1394
72.0936
72.0453
71.9947
71.9418
71.8865
71.829
71.7694
71.7077
71.6441
71.5788
71.5119
71.4435
71.3739
71.3033
71.2319
71.1599
71.0875
71.015
70.9425
70.8702
70.7984
70.7273
70.6569
70.5875
70.5192
70.4522
70.3865
70.3223
70.2597
70.1988
70.1398
70.0826
70.0274
69.9743
69.9234
69.8744
69.8286
69.7817
69.7452
69.6845
72.9278
72.9242
72.9203
72.9144
72.9076
72.9006
72.8931
72.8849
72.876
72.8664
72.856
72.8447
72.8325
72.8192
72.8049
72.7895
72.7728
72.7548
72.7354
72.7144
72.6919
72.6678
72.6418
72.614
72.5842
72.5523
72.5184
72.4822
72.4437
72.4029
72.3597
72.314
72.2658
72.2152
72.1621
72.1066
72.0487
71.9885
71.926
71.8614
71.7949
71.7265
71.6564
71.585
71.5122
71.4384
71.3639
71.2887
71.2132
71.1376
71.0621
70.9869
70.9122
70.8383
70.7652
70.6932
70.6224
70.553
70.4849
70.4184
70.3536
70.2904
70.2291
70.1695
70.112
70.0564
70.0029
69.9515
69.9023
69.855
69.8109
69.7662
69.7302
69.6777
73.1492
73.1443
73.1391
73.1315
73.1229
73.114
73.1045
73.0941
73.0828
73.0707
73.0575
73.0433
73.028
73.0114
72.9936
72.9743
72.9536
72.9313
72.9073
72.8816
72.854
72.8244
72.7928
72.759
72.723
72.6847
72.6439
72.6007
72.555
72.5068
72.4559
72.4025
72.3465
72.2879
72.2268
72.1633
72.0975
72.0295
71.9594
71.8874
71.8137
71.7384
71.6619
71.5843
71.5059
71.4269
71.3476
71.2682
71.189
71.1101
71.0319
70.9545
70.8781
70.8029
70.729
70.6566
70.5857
70.5165
70.449
70.3834
70.3196
70.2577
70.1977
70.1397
70.0838
70.0299
69.9781
69.9284
69.881
69.8356
69.793
69.7507
69.7154
69.6709
73.3931
73.3864
73.3794
73.3697
73.3589
73.3475
73.3354
73.3222
73.3079
73.2926
73.276
73.2581
73.2389
73.2181
73.1959
73.1719
73.1462
73.1186
73.0891
73.0575
73.0237
72.9876
72.9492
72.9084
72.865
72.8191
72.7705
72.7193
72.6653
72.6086
72.5492
72.4871
72.4224
72.3551
72.2854
72.2134
72.1392
72.063
71.985
71.9054
71.8244
71.7424
71.6595
71.576
71.4922
71.4084
71.3247
71.2416
71.1591
71.0776
70.9972
70.9181
70.8404
70.7644
70.6902
70.6177
70.5471
70.4785
70.4119
70.3474
70.2848
70.2244
70.166
70.1096
70.0554
70.0032
69.9532
69.9053
69.8597
69.8161
69.7753
69.7353
69.7008
69.6635
73.6602
73.6512
73.6418
73.6294
73.6156
73.6011
73.5857
73.5689
73.5509
73.5315
73.5106
73.4881
73.464
73.4381
73.4104
73.3807
73.3488
73.3149
73.2786
73.2399
73.1987
73.155
73.1086
73.0595
73.0076
72.9529
72.8954
72.8349
72.7717
72.7056
72.6367
72.5651
72.491
72.4144
72.3356
72.2546
72.1718
72.0872
72.0013
71.9142
71.8262
71.7376
71.6486
71.5597
71.471
71.3828
71.2954
71.209
71.1239
71.0402
70.9582
70.8779
70.7996
70.7233
70.6491
70.577
70.5071
70.4395
70.374
70.3108
70.2497
70.1908
70.1341
70.0795
70.0271
69.9767
69.9285
69.8824
69.8386
69.7968
69.7576
69.72
69.6863
69.6554
73.9508
73.9388
73.9264
73.9105
73.8929
73.8745
73.8548
73.8336
73.8108
73.7863
73.7601
73.7319
73.7018
73.6696
73.6352
73.5984
73.5592
73.5175
73.4732
73.4262
73.3763
73.3236
73.2679
73.2093
73.1476
73.083
73.0153
72.9447
72.8711
72.7948
72.7157
72.634
72.5499
72.4636
72.3753
72.2853
72.1937
72.1009
72.0072
71.9128
71.8181
71.7234
71.6289
71.535
71.442
71.3501
71.2596
71.1707
71.0836
70.9984
70.9153
70.8345
70.756
70.6799
70.6062
70.5349
70.4661
70.3996
70.3356
70.2739
70.2145
70.1574
70.1024
70.0497
69.999
69.9505
69.9042
69.8599
69.8178
69.7778
69.7403
69.7048
69.6721
69.6465
74.2649
74.2492
74.2327
74.2124
74.1901
74.1667
74.1417
74.1149
74.0862
74.0554
74.0225
73.9874
73.95
73.91
73.8675
73.8223
73.7744
73.7235
73.6697
73.6128
73.5529
73.4898
73.4235
73.3541
73.2815
73.2058
73.127
73.0452
72.9606
72.8732
72.7834
72.6911
72.5968
72.5006
72.4028
72.3037
72.2036
72.1029
72.0018
71.9006
71.7998
71.6996
71.6003
71.5022
71.4056
71.3108
71.2179
71.1271
71.0387
70.9527
70.8692
70.7884
70.7102
70.6347
70.562
70.4918
70.4243
70.3594
70.297
70.237
70.1794
70.1241
70.0711
70.0202
69.9714
69.9248
69.8802
69.8377
69.7974
69.7592
69.7232
69.6898
69.6582
69.637
74.6023
74.5816
74.56
74.5341
74.5059
74.4762
74.4447
74.4109
74.3748
74.3363
74.2953
74.2517
74.2054
74.1562
74.104
74.0488
73.9905
73.9289
73.8641
73.7959
73.7245
73.6497
73.5715
73.4901
73.4054
73.3176
73.2268
73.1332
73.0369
72.9381
72.8372
72.7342
72.6296
72.5236
72.4165
72.3088
72.2006
72.0925
71.9846
71.8774
71.7712
71.6663
71.563
71.4616
71.3623
71.2653
71.1708
71.0789
70.9899
70.9037
70.8204
70.7401
70.6628
70.5884
70.5169
70.4482
70.3823
70.3191
70.2585
70.2004
70.1448
70.0914
70.0403
69.9913
69.9444
69.8996
69.8569
69.8161
69.7775
69.741
69.7066
69.6751
69.6445
69.6269
74.9615
74.9346
74.9064
74.8736
74.838
74.8005
74.7608
74.7184
74.6733
74.6255
74.5747
74.5208
74.4639
74.4037
74.3402
74.2733
74.2029
74.1291
74.0517
73.9708
73.8864
73.7986
73.7074
73.613
73.5154
73.4148
73.3114
73.2054
73.0972
72.9868
72.8747
72.7612
72.6466
72.5312
72.4154
72.2996
72.1842
72.0694
71.9557
71.8433
71.7327
71.624
71.5176
71.4137
71.3125
71.2142
71.1189
71.0267
70.9377
70.852
70.7695
70.6902
70.6141
70.5412
70.4713
70.4044
70.3404
70.2791
70.2205
70.1644
70.1107
70.0593
70.0101
69.9631
69.9181
69.8751
69.8341
69.7951
69.7581
69.7232
69.6903
69.6607
69.6311
69.6164
75.3404
75.3056
75.2692
75.2276
75.1829
75.1358
75.0861
75.0333
74.9774
74.9182
74.8557
74.7898
74.7203
74.6473
74.5707
74.4903
74.4063
74.3186
74.2273
74.1323
74.0338
73.932
73.8268
73.7186
73.6074
73.4936
73.3774
73.259
73.1388
73.0171
72.8943
72.7707
72.6467
72.5227
72.399
72.276
72.1542
72.0338
71.9152
71.7987
71.6847
71.5733
71.4648
71.3594
71.2572
71.1584
71.0631
70.9712
70.883
70.7982
70.717
70.6392
70.5648
70.4937
70.4257
70.3608
70.2988
70.2396
70.183
70.129
70.0773
70.028
69.9808
69.9356
69.8925
69.8513
69.8121
69.7748
69.7393
69.7061
69.6746
69.6466
69.6181
69.6058
75.7353
75.6906
75.6438
75.5915
75.5356
75.477
75.4152
75.3498
75.2809
75.2084
75.1321
75.0521
74.9683
74.8806
74.7891
74.6937
74.5945
74.4916
74.385
74.2749
74.1615
74.0448
73.9252
73.8028
73.6779
73.5509
73.4219
73.2915
73.1599
73.0274
72.8946
72.7618
72.6293
72.4977
72.3671
72.2382
72.1111
71.9863
71.864
71.7445
71.6281
71.515
71.4054
71.2994
71.1972
71.0987
71.0041
70.9133
70.8263
70.7431
70.6636
70.5877
70.5153
70.4463
70.3804
70.3177
70.2579
70.2008
70.1464
70.0945
70.0449
69.9976
69.9523
69.9091
69.8678
69.8284
69.7908
69.7551
69.7212
69.6895
69.6593
69.633
69.6053
69.5952
76.1405
76.0836
76.0242
75.9588
75.8895
75.8168
75.7406
75.6605
75.5764
75.4884
75.3963
75.3003
75.2002
75.0962
74.9882
74.8764
74.7608
74.6416
74.519
74.3931
74.2642
74.1325
73.9983
73.8619
73.7237
73.5839
73.4429
73.3011
73.159
73.0168
72.8751
72.7342
72.5945
72.4565
72.3204
72.1867
72.0557
71.9277
71.8029
71.6816
71.5641
71.4503
71.3406
71.2349
71.1334
71.036
70.9427
70.8536
70.7684
70.6872
70.6098
70.5361
70.466
70.3993
70.3357
70.2753
70.2178
70.163
70.1108
70.061
70.0135
69.9682
69.9248
69.8835
69.844
69.8063
69.7703
69.7362
69.7038
69.6735
69.6446
69.6197
69.593
69.5847
76.5481
76.4764
76.4015
76.3206
76.2352
76.1462
76.0532
75.9559
75.8545
75.7489
75.6392
75.5254
75.4075
75.2857
75.1602
75.0309
74.8983
74.7623
74.6234
74.4817
74.3375
74.1911
74.0429
73.8932
73.7424
73.5908
73.4389
73.287
73.1356
72.9851
72.8359
72.6884
72.543
72.4
72.2598
72.1228
71.9892
71.8593
71.7333
71.6113
71.4936
71.3803
71.2713
71.1668
71.0668
70.9711
70.8798
70.7928
70.71
70.6311
70.5562
70.4849
70.4173
70.353
70.2919
70.2339
70.1787
70.1262
70.0762
70.0286
69.9832
69.9398
69.8984
69.8588
69.8211
69.785
69.7506
69.718
69.687
69.6581
69.6304
69.6069
69.581
69.5743
76.947
76.8577
76.7646
76.6653
76.5614
76.4535
76.3414
76.2249
76.1042
75.9793
75.8504
75.7175
75.5809
75.4406
75.2969
75.15
75.0003
74.8478
74.693
74.5361
74.3775
74.2174
74.0564
73.8947
73.7327
73.5708
73.4095
73.2492
73.0902
72.9329
72.7779
72.6254
72.4758
72.3294
72.1867
72.0478
71.9129
71.7824
71.6564
71.5349
71.4181
71.3061
71.1987
71.0962
70.9982
70.9049
70.8161
70.7317
70.6514
70.5753
70.503
70.4345
70.3694
70.3078
70.2492
70.1936
70.1408
70.0906
70.0429
69.9974
69.954
69.9125
69.873
69.8352
69.7991
69.7646
69.7318
69.7005
69.6709
69.6433
69.6168
69.5946
69.5695
69.5642
77.3229
77.213
77.0988
76.9787
76.8538
76.7249
76.5918
76.4544
76.3131
76.1678
76.0189
75.8665
75.7109
75.5522
75.3909
75.227
75.061
74.8932
74.7238
74.5532
74.3817
74.2097
74.0376
73.8657
73.6945
73.5242
73.3554
73.1885
73.0237
72.8616
72.7024
72.5467
72.3946
72.2465
72.1026
71.9632
71.8285
71.6986
71.5736
71.4536
71.3387
71.2288
71.1238
71.0238
70.9286
70.8381
70.7522
70.6707
70.5934
70.5201
70.4507
70.385
70.3227
70.2637
70.2078
70.1547
70.1043
70.0564
70.0108
69.9674
69.926
69.8864
69.8487
69.8126
69.7781
69.7452
69.7137
69.6839
69.6555
69.6291
69.6037
69.5828
69.5583
69.5543
77.6574
77.5243
77.3866
77.2434
77.0959
76.9445
76.7892
76.6303
76.4678
76.3022
76.1336
75.9624
75.7888
75.6131
75.4356
75.2566
75.0763
74.8952
74.7134
74.5314
74.3494
74.1677
73.9869
73.8071
73.6288
73.4524
73.2782
73.1066
72.9381
72.773
72.6116
72.4542
72.3013
72.1529
72.0094
71.8709
71.7375
71.6093
71.4865
71.3689
71.2566
71.1496
71.0476
70.9507
70.8587
70.7714
70.6887
70.6104
70.5362
70.4661
70.3997
70.3369
70.2774
70.2211
70.1677
70.1171
70.0691
70.0235
69.98
69.9386
69.8992
69.8615
69.8254
69.791
69.758
69.7266
69.6965
69.6679
69.6408
69.6156
69.5912
69.5714
69.5476
69.5448
77.9282
77.7701
77.6074
77.44
77.269
77.0949
76.9177
76.7378
76.5554
76.3709
76.1846
75.9967
75.8076
75.6175
75.4267
75.2355
75.044
74.8526
74.6615
74.471
74.2813
74.0929
73.9059
73.7207
73.5378
73.3574
73.18
73.006
72.8357
72.6694
72.5075
72.3502
72.1979
72.0508
71.9089
71.7725
71.6415
71.5161
71.3963
71.2819
71.173
71.0694
70.971
70.8776
70.7892
70.7054
70.6261
70.5512
70.4803
70.4134
70.3501
70.2902
70.2336
70.18
70.1292
70.0811
70.0354
69.9919
69.9506
69.9112
69.8736
69.8376
69.8033
69.7704
69.7389
69.7088
69.6801
69.6528
69.6267
69.6027
69.5792
69.5606
69.5373
69.5357
78.1095
77.9261
77.7384
77.5473
77.3539
77.1587
76.9618
76.7635
76.5642
76.3643
76.1639
75.9634
75.763
75.5627
75.3628
75.1635
74.9648
74.767
74.5701
74.3745
74.1804
73.988
73.7976
73.6097
73.4245
73.2425
73.064
72.8894
72.7191
72.5534
72.3926
72.237
72.0867
71.942
71.803
71.6697
71.5422
71.4204
71.3043
71.1938
71.0888
70.9891
70.8946
70.8052
70.7205
70.6405
70.5649
70.4935
70.426
70.3623
70.3021
70.2452
70.1914
70.1405
70.0923
70.0465
70.0031
69.9618
69.9225
69.885
69.8492
69.8149
69.7822
69.7508
69.7207
69.6919
69.6644
69.6383
69.6133
69.5904
69.5678
69.5502
69.5275
69.5269
78.1732
77.9663
77.7562
77.5443
77.332
77.1198
76.9079
76.6964
76.4858
76.2762
76.0677
75.8605
75.6544
75.4496
75.246
75.0435
74.8422
74.6422
74.4435
74.2462
74.0508
73.8573
73.6662
73.4778
73.2925
73.1108
72.9331
72.7598
72.5911
72.4275
72.2693
72.1166
71.9697
71.8286
71.6934
71.5642
71.4409
71.3234
71.2116
71.1055
71.0049
70.9095
70.8193
70.7339
70.6533
70.5772
70.5053
70.4374
70.3734
70.313
70.2559
70.2019
70.1509
70.1027
70.0569
70.0135
69.9723
69.9331
69.8957
69.8601
69.826
69.7934
69.7621
69.7322
69.7034
69.6759
69.6496
69.6245
69.6006
69.5786
69.5569
69.5403
69.518
69.5184
78.0906
77.8655
77.6388
77.4121
77.1877
76.9659
76.7467
76.5302
76.3165
76.1055
75.8969
75.6906
75.4862
75.2834
75.0821
74.8819
74.6827
74.4846
74.2877
74.092
73.8979
73.7058
73.5161
73.3293
73.1458
72.9661
72.7908
72.6201
72.4546
72.2944
72.14
71.9914
71.8488
71.7122
71.5818
71.4573
71.3389
71.2262
71.1193
71.018
70.922
70.8312
70.7454
70.6644
70.5879
70.5157
70.4476
70.3834
70.3228
70.2656
70.2115
70.1605
70.1122
70.0665
70.0232
69.9821
69.943
69.9058
69.8703
69.8364
69.804
69.7729
69.7431
69.7145
69.687
69.6607
69.6354
69.6115
69.5884
69.5674
69.5465
69.5308
69.509
69.5103
77.8355
77.6012
77.368
77.1366
76.9105
76.6904
76.4755
76.2653
76.0596
75.8577
75.6589
75.4625
75.2677
75.074
74.8809
74.688
74.4952
74.3025
74.1101
73.9184
73.7278
73.5389
73.3522
73.1684
72.988
72.8117
72.64
72.4733
72.312
72.1564
72.0068
71.8632
71.7258
71.5945
71.4694
71.3504
71.2373
71.1299
71.0282
70.9319
70.8409
70.7548
70.6736
70.5969
70.5246
70.4564
70.3921
70.3314
70.2742
70.2202
70.1692
70.1209
70.0753
70.0321
69.9911
69.9522
69.9152
69.8799
69.8462
69.8139
69.7831
69.7535
69.725
69.6977
69.6714
69.6462
69.622
69.599
69.5769
69.5568
69.5366
69.5218
69.5004
69.5025
77.3861
77.1564
76.9316
76.7102
76.4976
76.2945
76.0992
75.9101
75.7261
75.5458
75.3678
75.1907
75.0135
74.8352
74.6553
74.4735
74.29
74.1049
73.9188
73.7323
73.5463
73.3615
73.1788
72.9989
72.8227
72.6507
72.4836
72.3218
72.1657
72.0156
71.8715
71.7337
71.6022
71.4769
71.3577
71.2444
71.137
71.0353
70.939
70.8479
70.7619
70.6807
70.6041
70.5318
70.4636
70.3994
70.3388
70.2816
70.2277
70.1768
70.1287
70.0833
70.0402
69.9994
69.9606
69.9238
69.8887
69.8553
69.8233
69.7927
69.7633
69.7351
69.7079
69.6818
69.6567
69.6326
69.6093
69.5873
69.566
69.5467
69.5271
69.5132
69.4922
69.4951
76.7344
76.5281
76.3317
76.1401
75.9608
75.7947
75.6379
75.4872
75.3403
75.1946
75.048
74.8985
74.7448
74.5862
74.4223
74.2533
74.0798
73.9027
73.7229
73.5418
73.3604
73.1799
73.0014
72.826
72.6544
72.4874
72.3255
72.1693
72.019
71.875
71.7372
71.6057
71.4804
71.3614
71.2484
71.1412
71.0397
70.9437
70.8529
70.7671
70.6861
70.6097
70.5376
70.4696
70.4056
70.3452
70.2882
70.2345
70.1837
70.1358
70.0905
70.0477
70.0071
69.9685
69.9319
69.8971
69.8638
69.8321
69.8017
69.7726
69.7446
69.7177
69.6918
69.6669
69.6428
69.6196
69.5973
69.5761
69.5556
69.5372
69.5182
69.5051
69.4844
69.4881
75.9277
75.7652
75.6196
75.48
75.3561
75.2479
75.1486
75.0525
74.9553
74.8537
74.7446
74.6262
74.4974
74.3581
74.2088
74.0507
73.8852
73.7141
73.539
73.3617
73.1839
73.0071
72.8325
72.6612
72.4942
72.3322
72.1758
72.0253
71.881
71.743
71.6115
71.4863
71.3673
71.2544
71.1474
71.0461
70.9503
70.8596
70.774
70.6932
70.6169
70.5449
70.477
70.413
70.3527
70.2958
70.2422
70.1915
70.1437
70.0985
70.0558
70.0153
69.9769
69.9404
69.9057
69.8726
69.8411
69.8109
69.782
69.7542
69.7275
69.7018
69.677
69.653
69.6299
69.6076
69.5861
69.5657
69.546
69.5282
69.5098
69.4974
69.477
69.4813
75.0551
74.9537
74.8785
74.8107
74.7611
74.7278
74.6996
74.6674
74.6253
74.5694
74.4968
74.4063
74.2979
74.173
74.0334
73.8817
73.7203
73.5518
73.3788
73.2035
73.0278
72.8535
72.6819
72.5143
72.3514
72.194
72.0426
71.8974
71.7586
71.6264
71.5006
71.3811
71.2678
71.1605
71.0589
70.9628
70.872
70.7861
70.7051
70.6286
70.5564
70.4883
70.4241
70.3636
70.3065
70.2526
70.2018
70.1539
70.1086
70.0657
70.0251
69.9867
69.9502
69.9155
69.8824
69.8509
69.8208
69.7919
69.7643
69.7377
69.712
69.6873
69.6635
69.6404
69.6181
69.5966
69.5758
69.5561
69.537
69.5198
69.5019
69.4901
69.4701
69.4749
74.16
74.1347
74.1488
74.1717
74.2139
74.2692
74.3207
74.356
74.3684
74.3543
74.3121
74.2423
74.1472
74.03
73.8943
73.744
73.5828
73.4141
73.2409
73.0659
72.8912
72.7185
72.5493
72.3847
72.2255
72.0723
71.9254
71.785
71.6513
71.5242
71.4035
71.2892
71.1809
71.0785
70.9817
70.8902
70.8038
70.7221
70.645
70.5722
70.5036
70.4389
70.3778
70.3203
70.266
70.2148
70.1665
70.1208
70.0776
70.0368
69.9981
69.9614
69.9265
69.8933
69.8617
69.8315
69.8026
69.7749
69.7483
69.7227
69.698
69.6742
69.6512
69.6289
69.6073
69.5865
69.5663
69.5472
69.5286
69.512
69.4945
69.4833
69.4635
69.4689
73.2656
73.3303
73.4534
73.5868
73.7366
73.8905
74.0253
74.1262
74.1871
74.2067
74.1859
74.1283
74.0387
73.9226
73.7855
73.6327
73.4687
73.2976
73.1227
72.9469
72.7723
72.6007
72.4334
72.2714
72.1154
71.9659
71.823
71.687
71.5577
71.4351
71.319
71.2092
71.1054
71.0073
70.9146
70.8271
70.7444
70.6664
70.5927
70.5232
70.4576
70.3957
70.3374
70.2824
70.2305
70.1816
70.1353
70.0917
70.0503
70.0112
69.9741
69.9389
69.9055
69.8736
69.8432
69.8141
69.7863
69.7596
69.7339
69.7092
69.6853
69.6623
69.6399
69.6183
69.5974
69.5771
69.5575
69.539
69.5208
69.5047
69.4876
69.4768
69.4572
69.4631
72.3833
72.5519
72.806
73.0708
73.342
73.5992
73.8152
73.9749
74.0749
74.1177
74.1085
74.0545
73.9634
73.843
73.7006
73.5424
73.3736
73.1988
73.0213
72.8441
72.6692
72.4983
72.3326
72.1729
72.0197
71.8733
71.734
71.6017
71.4764
71.3578
71.2457
71.1398
71.0398
70.9454
70.8563
70.7722
70.6928
70.6178
70.5471
70.4804
70.4174
70.358
70.302
70.2492
70.1994
70.1523
70.1079
70.0659
70.0262
69.9885
69.9528
69.9189
69.8866
69.8559
69.8265
69.7985
69.7716
69.7457
69.7209
69.6969
69.6737
69.6513
69.6296
69.6086
69.5882
69.5685
69.5494
69.5313
69.5135
69.4979
69.4811
69.4708
69.4514
69.4576
71.5168
71.8042
72.2148
72.6328
73.0346
73.394
73.6842
73.8922
74.0195
74.0747
74.0681
74.0104
73.9124
73.7841
73.6338
73.4685
73.294
73.1147
72.9344
72.7555
72.5801
72.4097
72.2452
72.0874
71.9366
71.7931
71.6569
71.5279
71.4059
71.2908
71.1821
71.0796
70.9829
70.8917
70.8057
70.7245
70.6479
70.5756
70.5073
70.4429
70.3822
70.3249
70.2709
70.22
70.1719
70.1265
70.0837
70.0431
70.0047
69.9684
69.9338
69.901
69.8698
69.84
69.8116
69.7844
69.7582
69.7332
69.709
69.6857
69.6631
69.6413
69.6202
69.5996
69.5797
69.5605
69.5418
69.5241
69.5067
69.4914
69.475
69.465
69.4458
69.4524
70.6676
71.0891
71.6847
72.277
72.8123
73.2666
73.6203
73.8641
74.0069
74.065
74.0535
73.9869
73.8785
73.7399
73.5804
73.4074
73.2268
73.0431
72.8597
72.6791
72.5032
72.3331
72.1697
72.0135
71.8648
71.7237
71.5902
71.464
71.3449
71.2327
71.127
71.0274
70.9335
70.8451
70.7617
70.683
70.6087
70.5387
70.4725
70.4102
70.3514
70.2959
70.2436
70.1942
70.1476
70.1037
70.0621
70.0228
69.9856
69.9503
69.9168
69.885
69.8546
69.8257
69.798
69.7716
69.7461
69.7217
69.6982
69.6754
69.6534
69.6321
69.6114
69.5914
69.5719
69.553
69.5347
69.5174
69.5003
69.4854
69.4692
69.4596
69.4406
69.4475
69.8391
70.4069
71.2189
72.0041
72.667
73.2045
73.6091
73.876
74.0239
74.0773
74.0557
73.9767
73.8561
73.7063
73.5372
73.3564
73.1699
72.9819
72.7956
72.6134
72.4368
72.2669
72.1044
71.9496
71.8027
71.6637
71.5325
71.4087
71.2921
71.1824
71.0792
70.9821
70.8906
70.8045
70.7233
70.6467
70.5745
70.5063
70.442
70.3814
70.3242
70.2702
70.2194
70.1714
70.1261
70.0833
70.0429
70.0047
69.9685
69.9341
69.9015
69.8705
69.8409
69.8127
69.7858
69.7599
69.7351
69.7112
69.6882
69.666
69.6445
69.6236
69.6034
69.5837
69.5646
69.5461
69.5281
69.5111
69.4944
69.4797
69.4638
69.4545
69.4356
69.4428
69.0393
69.7571
70.8204
71.8096
72.5861
73.1935
73.6362
73.9143
74.0593
74.1027
74.0677
73.9748
73.8411
73.6801
73.5016
73.3135
73.1214
72.9294
72.7405
72.5568
72.3796
72.2099
72.0481
71.8945
71.7491
71.6119
71.4825
71.3608
71.2463
71.1388
71.0377
70.9426
70.8532
70.7691
70.6898
70.615
70.5445
70.478
70.4152
70.356
70.3002
70.2475
70.1979
70.1511
70.1069
70.0652
70.0258
69.9884
69.9531
69.9196
69.8877
69.8574
69.8285
69.801
69.7746
69.7493
69.725
69.7017
69.6791
69.6573
69.6362
69.6158
69.5959
69.5766
69.5578
69.5396
69.522
69.5052
69.4888
69.4744
69.4587
69.4497
69.4309
69.4384
68.2803
69.1381
70.4916
71.6846
72.556
73.2201
73.6882
73.9683
74.1048
74.1347
74.0848
73.9775
73.8311
73.6593
73.4721
73.2772
73.08
72.8844
72.6931
72.508
72.3303
72.1607
71.9995
71.8468
71.7027
71.567
71.4392
71.3193
71.2066
71.1008
71.0015
70.9083
70.8206
70.7381
70.6604
70.5871
70.5181
70.4529
70.3915
70.3335
70.2789
70.2274
70.1788
70.133
70.0897
70.0489
70.0103
69.9738
69.9392
69.9064
69.8752
69.8455
69.8172
69.7902
69.7644
69.7396
69.7158
69.6928
69.6707
69.6493
69.6286
69.6085
69.5889
69.5699
69.5515
69.5336
69.5162
69.4997
69.4835
69.4694
69.4538
69.4451
69.4265
69.4341
67.5742
68.5487
70.2332
71.6157
72.5629
73.272
73.7546
74.0297
74.1542
74.1692
74.1039
73.9826
73.8242
73.6424
73.4473
73.2462
73.0445
72.8457
72.6523
72.466
72.2878
72.1182
71.9574
71.8056
71.6626
71.528
71.4017
71.2831
71.172
71.0677
70.97
70.8782
70.792
70.7109
70.6345
70.5626
70.4948
70.4308
70.3705
70.3136
70.2599
70.2094
70.1617
70.1167
70.0743
70.0343
69.9964
69.9606
69.9266
69.8944
69.8638
69.8347
69.8069
69.7804
69.755
69.7306
69.7072
69.6847
69.6629
69.6419
69.6215
69.6017
69.5825
69.5638
69.5456
69.528
69.5108
69.4946
69.4786
69.4646
69.4493
69.4408
69.4223
69.4301
66.9247
67.9937
70.0447
71.5896
72.5959
73.3392
73.8269
74.0929
74.2037
74.2034
74.1232
73.9888
73.8193
73.6285
73.4263
73.2198
73.0141
72.8124
72.6172
72.4298
72.251
72.0814
71.921
71.7699
71.6277
71.4942
71.369
71.2516
71.1417
71.0388
70.9423
70.8518
70.7668
70.6869
70.6117
70.5409
70.4741
70.4111
70.3517
70.2958
70.243
70.1932
70.1464
70.1021
70.0604
70.021
69.9838
69.9486
69.9152
69.8835
69.8534
69.8248
69.7975
69.7714
69.7464
69.7224
69.6994
69.6772
69.6557
69.635
69.6149
69.5954
69.5764
69.558
69.54
69.5227
69.5058
69.4897
69.4739
69.4602
69.445
69.4367
69.4183
69.4263
66.3214
67.479
69.9137
71.591
72.6461
73.4135
73.8997
74.1543
74.2508
74.2355
74.1416
73.9951
73.8157
73.6169
73.4084
73.1971
72.9879
72.7838
72.5868
72.3984
72.2193
72.0496
71.8895
71.7388
71.5974
71.4647
71.3404
71.2241
71.1153
71.0134
70.918
70.8285
70.7446
70.6657
70.5915
70.5216
70.4557
70.3936
70.335
70.2798
70.2278
70.1787
70.1325
70.089
70.0479
70.009
69.9724
69.9377
69.9048
69.8736
69.8439
69.8157
69.7888
69.763
69.7384
69.7148
69.6921
69.6702
69.6491
69.6286
69.6088
69.5895
69.5708
69.5526
69.5349
69.5177
69.501
69.4852
69.4695
69.456
69.441
69.4328
69.4146
69.4227
65.7397
67.053
69.8413
71.611
72.7057
73.4888
73.9694
74.2118
74.2943
74.265
74.1584
74.0012
73.8129
73.6071
73.3931
73.1776
72.9653
72.759
72.5606
72.3713
72.1917
72.0219
71.862
71.7118
71.5709
71.4389
71.3154
71.1999
71.092
70.991
70.8965
70.8079
70.7249
70.6468
70.5735
70.5043
70.4392
70.3778
70.32
70.2654
70.214
70.1656
70.12
70.077
70.0364
69.9981
69.9619
69.9277
69.8952
69.8644
69.8352
69.8073
69.7808
69.7554
69.7311
69.7078
69.6853
69.6637
69.6429
69.6227
69.6031
69.5841
69.5655
69.5476
69.53
69.5131
69.4965
69.4809
69.4654
69.452
69.4372
69.4292
69.4111
69.4193
65.0567
66.6821
69.7944
71.6451
72.7709
73.5612
74.0338
74.2641
74.3333
74.2913
74.1734
74.0067
73.8107
73.5987
73.3799
73.1608
72.9458
72.7376
72.5379
72.3477
72.1677
71.9978
71.838
71.6881
71.5477
71.4162
71.2934
71.1786
71.0714
70.9712
70.8774
70.7896
70.7073
70.63
70.5573
70.4889
70.4245
70.3637
70.3064
70.2525
70.2016
70.1537
70.1086
70.0661
70.026
69.9881
69.9524
69.9185
69.8865
69.856
69.8271
69.7996
69.7734
69.7483
69.7243
69.7012
69.6791
69.6577
69.6371
69.6171
69.5977
69.5789
69.5606
69.5428
69.5255
69.5087
69.4923
69.4768
69.4615
69.4483
69.4336
69.4257
69.4078
69.4161
64.4412
66.5664
69.7661
71.6765
72.8353
73.6281
74.0919
74.3106
74.3678
74.3143
74.1866
74.0116
73.8088
73.5915
73.3685
73.1462
72.9288
72.7189
72.5181
72.3272
72.1468
71.9768
71.8171
71.6674
71.5273
71.3963
71.274
71.1598
71.0532
70.9536
70.8605
70.7733
70.6917
70.615
70.5429
70.4751
70.4111
70.3509
70.2942
70.2407
70.1903
70.1429
70.0982
70.0561
70.0164
69.979
69.9436
69.9101
69.8784
69.8483
69.8197
69.7925
69.7665
69.7417
69.7179
69.6951
69.6732
69.6521
69.6317
69.6119
69.5927
69.5741
69.556
69.5384
69.5212
69.5046
69.4884
69.473
69.4578
69.4447
69.4302
69.4224
69.4046
69.413
)
;

boundaryField
{
    inlet
    {
        type            freestreamPressure;
        value           nonuniform List<scalar> 
230
(
67.0332
67.0352
67.0384
67.0425
67.0467
67.051
67.0555
67.0602
67.0653
67.0706
67.0762
67.0821
67.0883
67.0948
67.1018
67.1091
67.1168
67.1249
67.1335
67.1426
67.1522
67.1623
67.173
67.1844
67.1964
67.2091
67.2225
67.2367
67.2517
67.2676
67.2844
67.3021
67.321
67.3408
67.3619
67.3841
67.4075
67.4323
67.4584
67.4859
67.5148
67.5453
67.5772
67.6107
67.6458
67.6824
67.7205
67.7602
67.8013
67.8438
67.8876
67.9326
67.9787
68.0256
68.0733
68.1213
68.1697
68.2179
68.2659
68.3131
68.3594
68.4044
68.4476
68.4888
68.5275
68.5633
68.5959
68.6248
68.6495
68.67
68.6853
68.6969
68.6993
68.7146
68.6749
68.2678
67.916
67.6182
67.3724
67.1733
67.0149
66.8915
66.7981
66.7297
66.6824
66.6524
66.6368
66.6327
66.6378
66.6497
66.6666
66.6865
66.708
66.7301
66.752
66.7735
66.7941
66.8141
66.8332
66.8515
66.8689
66.8852
66.9007
66.9152
66.9289
66.9418
66.9538
66.9651
66.9757
66.9857
66.995
67.0038
67.0121
67.0198
67.0274
69.1228
69.5434
69.9194
70.2471
70.5286
70.7677
70.969
71.1373
71.2771
71.3926
71.4876
71.5654
71.6287
71.68
71.7212
71.7541
71.7802
71.8005
71.8162
71.8281
71.8368
71.843
71.8472
71.8498
71.851
71.8513
71.8508
71.8497
71.8481
71.8462
71.8441
71.8418
71.8394
71.8369
71.8344
71.8319
71.8295
71.8271
71.8248
71.8225
71.8203
71.8185
71.8174
71.8163
71.815
71.8136
71.8122
71.8106
71.8089
71.8071
71.8051
71.803
71.8007
71.7983
71.7956
71.7927
71.7896
71.7862
71.7826
71.7786
71.7743
71.7696
71.7646
71.7591
71.7531
71.7466
71.7395
71.7318
71.7235
71.7144
71.7045
71.6938
71.6821
71.6694
71.6556
71.6406
71.6243
71.6067
71.5875
71.5668
71.5443
71.5201
71.4939
71.4657
71.4354
71.4028
71.3679
71.3307
71.291
71.2488
71.2041
71.1568
71.1071
71.055
71.0005
70.9438
70.885
70.8244
70.7621
70.6984
70.6337
70.5681
70.5021
70.436
70.3701
70.3047
70.2402
70.1771
70.1155
70.0559
69.9986
69.9444
69.8929
69.8478
69.7997
)
;
    }
    outlet
    {
        type            freestreamPressure;
        value           nonuniform List<scalar> 
96
(
69.41
69.4069
69.4036
69.4001
69.3964
69.3925
69.3883
69.3839
69.3792
69.3743
69.369
69.3635
69.3576
69.3514
69.3448
69.3379
69.3306
69.323
69.315
69.3067
69.2981
69.2893
69.2802
69.271
69.2619
69.2531
69.2448
69.2378
69.2328
69.2315
69.2358
69.245
69.2499
69.2299
69.1626
69.0465
68.9151
68.8176
68.7791
68.7847
68.8019
68.8082
68.8004
68.7848
68.7679
68.7502
68.7373
68.7146
69.7997
69.7919
69.7772
69.76
69.7426
69.7264
69.7124
69.7011
69.692
69.6845
69.6777
69.6709
69.6635
69.6554
69.6465
69.637
69.6269
69.6164
69.6058
69.5952
69.5847
69.5743
69.5642
69.5543
69.5448
69.5357
69.5269
69.5184
69.5103
69.5025
69.4951
69.4881
69.4813
69.4749
69.4689
69.4631
69.4576
69.4524
69.4475
69.4428
69.4384
69.4341
69.4301
69.4263
69.4227
69.4193
69.4161
69.413
)
;
    }
    walls
    {
        type            zeroGradient;
    }
    frontAndBack
    {
        type            empty;
    }
}


// ************************************************************************* //
