/*--------------------------------*- C++ -*----------------------------------*\
| =========                 |                                                 |
| \\      /  F ield         | OpenFOAM: The Open Source CFD Toolbox           |
|  \\    /   O peration     | Version:  5.x                                   |
|   \\  /    A nd           | Web:      www.OpenFOAM.org                      |
|    \\/     M anipulation  |                                                 |
\*---------------------------------------------------------------------------*/
FoamFile
{
    version     2.0;
    format      ascii;
    class       volVectorField;
    location    "1150";
    object      wallShearStress;
}
// * * * * * * * * * * * * * * * * * * * * * * * * * * * * * * * * * * * * * //

dimensions      [0 2 -2 0 0 0 0];

internalField   uniform (0 0 0);

boundaryField
{
    inlet
    {
        type            calculated;
        value           uniform (0 0 0);
    }
    outlet
    {
        type            calculated;
        value           uniform (0 0 0);
    }
    walls
    {
        type            calculated;
        value           nonuniform List<vector> 
164
(
(-628.359 -971.855 4.81482e-35)
(-1112.4 -857.197 -1.98324e-15)
(-1621.14 -659.054 -8.12192e-16)
(-1452.89 -487.236 2.20354e-15)
(-1360.15 -381.456 5.42445e-21)
(-1237.11 -299.482 1.49662e-15)
(-1114.27 -237.539 1.74502e-15)
(-1007.3 -191.903 -1.97543e-15)
(-915.271 -157.481 -1.21334e-32)
(-836.268 -130.824 2.3699e-15)
(-767.475 -109.85 -2.58469e-15)
(-708.485 -93.0562 -2.67141e-15)
(-655.506 -79.2918 2.24246e-20)
(-613.773 -68.477 -2.8815e-15)
(-575.222 -59.2645 3.19194e-15)
(-548.469 -52.2851 3.09664e-15)
(-522.419 -45.9992 -3.21972e-15)
(-500.561 -40.7427 3.2625e-15)
(-481.844 -36.1719 3.22387e-15)
(-462.042 -31.9569 -3.38631e-15)
(-448.111 -28.4963 3.26297e-15)
(-431.869 -25.1529 6.50624e-21)
(-419.464 -22.3243 1.83211e-20)
(-407.901 -19.7312 -1.24913e-20)
(-396.057 -17.3275 -6.6395e-15)
(-387.632 -15.2352 3.18481e-15)
(-377.52 -13.2129 -1.50463e-36)
(-368.872 -11.3925 1.5696e-15)
(-361.313 -9.71724 -1.55995e-15)
(-354.192 -8.15662 6.01853e-36)
(-347.044 -6.69704 -1.14162e-20)
(-339.393 -5.31183 1.12287e-20)
(-333.308 -4.05242 1.01289e-20)
(-328.328 -2.85946 -2.13802e-20)
(-322.138 -1.74307 -6.83673e-16)
(-317.718 -0.686151 -6.95893e-36)
(-312.437 0.299913 8.08864e-17)
(-307.783 1.24197 -6.34207e-16)
(-304.142 2.12214 6.08537e-16)
(-300.858 2.97824 -1.17632e-15)
(-297.185 3.76788 7.52316e-36)
(-293.813 4.53135 4.38608e-15)
(-276.433 4.92318 1.95602e-35)
(-273.742 5.46327 -1.18543e-20)
(-269.266 5.90248 -2.93451e-15)
(-267.007 6.37009 5.56544e-21)
(-263.748 6.77728 -5.53089e-21)
(-260.512 7.15219 -2.91416e-15)
(-257.444 7.51153 5.82201e-15)
(-254.468 7.83425 2.91112e-15)
(-251.604 8.15344 5.55994e-21)
(-248.838 8.43359 -2.90628e-15)
(-246.162 8.71606 2.90251e-15)
(-243.567 8.96397 -5.54059e-21)
(-241.071 9.21682 -1.94287e-23)
(-237.575 9.39544 -1.93894e-23)
(-235.294 9.61865 5.53894e-21)
(-233.816 9.85293 2.40741e-35)
(-230.768 10.015 5.77993e-15)
(-229.28 10.2316 5.48279e-21)
(-227.292 10.4207 -5.67641e-15)
(-224.958 10.6103 5.70733e-15)
(-222.099 10.7877 -5.70278e-15)
(-220.385 11.0022 1.13454e-14)
(-217.431 11.1585 -5.68081e-15)
(-215.631 11.3545 5.63268e-15)
(-212.446 11.4825 -6.01853e-36)
(-209.992 11.6292 -2.69455e-21)
(-207.706 11.79 -9.8831e-24)
(-205.373 11.9414 5.53635e-15)
(-201.539 11.9948 1.05468e-23)
(-199.02 12.1289 -2.67868e-21)
(-196.064 12.2274 -1.1102e-14)
(-191.776 12.2358 1.34688e-21)
(-187.904 12.2657 -1.14318e-14)
(-184.43 12.319 2.25093e-31)
(-179.599 12.2719 2.28058e-14)
(-174.232 12.1797 6.86422e-22)
(-168.787 12.0699 -1.17335e-14)
(-161.317 11.8085 1.16611e-14)
(-159.196 11.8845 -1.20245e-14)
(-4.37697 1.00459 1.91584e-14)
(534.448 -1004.4 -3.85186e-34)
(-266.635 172.236 -1.24022e-14)
(-493.956 215.228 0)
(-593.232 199.716 6.09707e-32)
(-610.593 169.873 -9.07113e-32)
(-617.213 147.549 5.77962e-15)
(-622.996 130.566 2.18233e-20)
(-613.89 114.551 1.46937e-39)
(-595.052 99.9436 -3.45126e-20)
(-573.884 87.3621 -5.57575e-15)
(-551.583 76.5827 -2.1681e-20)
(-535.942 68.0548 -5.45414e-15)
(-517.927 60.3735 2.15552e-20)
(-507.371 54.3544 -2.0041e-20)
(-491.537 48.4612 -5.52039e-15)
(-481.352 43.7312 5.1807e-15)
(-468.356 39.1502 -1.99141e-20)
(-456.554 35.1246 5.14521e-15)
(-446.523 31.5333 -1.88166e-20)
(-433.632 28.0713 6.09465e-21)
(-425.983 25.2096 4.79771e-15)
(-414.809 22.3554 -2.52778e-34)
(-407.773 19.9422 -4.68715e-15)
(-399.483 17.6159 -4.60243e-15)
(-391.807 15.485 -2.02886e-20)
(-386.837 13.5856 -4.29144e-15)
(-378.709 11.6976 -1.00088e-32)
(-373.756 10.0338 2.05728e-15)
(-368.712 8.45339 -4.03118e-15)
(-363.833 6.96056 -1.40157e-20)
(-357.792 5.543 -1.89697e-15)
(-353.094 4.21613 -9.1964e-16)
(-349.815 2.98692 -1.33817e-20)
(-345.428 1.79186 4.26847e-16)
(-341.763 0.681455 2.04003e-16)
(-336.953 -0.387659 -2.44848e-20)
(-334.067 -1.3852 1.16536e-20)
(-330.792 -2.34989 7.40485e-16)
(-328.17 -3.25611 -1.41004e-15)
(-325.436 -4.13477 -1.0386e-20)
(-323.805 -4.96846 2.57528e-15)
(-321.354 -5.76912 -2.4695e-15)
(-304.747 -6.1506 2.24894e-32)
(-302.978 -6.72604 -3.22353e-15)
(-300.588 -7.22638 -3.1964e-15)
(-298 -7.70379 -3.19118e-15)
(-295.564 -8.14573 6.3285e-15)
(-293.126 -8.55606 -3.15355e-15)
(-290.83 -8.9528 -3.13131e-15)
(-288.608 -9.3106 3.11302e-15)
(-286.462 -9.66741 1.17549e-38)
(-284.422 -9.98383 3.07321e-15)
(-282.473 -10.306 5.82137e-21)
(-280.575 -10.5901 6.06623e-15)
(-278.823 -10.8828 6.01299e-15)
(-277.059 -11.1415 -2.40741e-35)
(-275.529 -11.411 1.62883e-31)
(-273.847 -11.6479 -5.62378e-21)
(-272.42 -11.8966 1.16262e-14)
(-270.707 -12.1073 5.63084e-21)
(-268.683 -12.3071 -1.15052e-14)
(-267.097 -12.4664 -5.74633e-15)
(-266.17 -12.6424 0)
(-264.163 -12.7526 -2.69686e-21)
(-263.319 -12.9212 -5.55229e-15)
(-260.918 -13.0026 -5.56321e-15)
(-258.915 -13.1073 -5.58e-15)
(-258.978 -13.3014 5.43225e-15)
(-257.515 -13.4292 5.45495e-15)
(-255.268 -13.5134 2.56422e-21)
(-253.579 -13.6206 -6.10101e-32)
(-252.148 -13.747 -1.29618e-21)
(-251.575 -13.9196 -5.21545e-15)
(-249.548 -14.0165 2.5019e-21)
(-247.749 -14.1281 5.24276e-15)
(-246.107 -14.2544 -2.46774e-21)
(-244.134 -14.364 1.21618e-21)
(-241.494 -14.4393 6.09009e-22)
(-238.621 -14.5043 -1.02334e-14)
(-234.44 -14.4928 1.01164e-14)
(-234.134 -14.6572 4.57023e-22)
(-28.1947 -2.11307 -1.94231e-14)
)
;
    }
    frontAndBack
    {
        type            empty;
    }
}


// ************************************************************************* //
