# Wall shear stress
# Time       	patch        	min          	max          
0.000000e+00	walls	(-6.379209e+00 -1.207124e+00 -3.200071e-18)	(-4.319644e+00 4.352917e-01 2.226984e-18)
5.000000e+01	walls	(-2.099608e+03 -1.213495e+03 -1.314596e-14)	(2.569998e+01 7.535916e+02 4.195835e-15)
1.000000e+02	walls	(-2.323525e+03 -1.449825e+03 -1.419181e-14)	(3.678049e+01 5.626399e+02 4.585361e-15)
1.500000e+02	walls	(-2.401007e+03 -1.526585e+03 -1.439449e-14)	(3.165757e+01 5.118983e+02 4.665406e-15)
2.000000e+02	walls	(-2.422349e+03 -1.548871e+03 -1.444989e-14)	(2.978144e+01 4.974872e+02 4.687733e-15)
2.500000e+02	walls	(-2.429253e+03 -1.555745e+03 -1.446553e-14)	(2.928239e+01 4.932079e+02 4.694259e-15)
3.000000e+02	walls	(-2.431302e+03 -1.557847e+03 -1.447036e-14)	(2.912709e+01 4.918873e+02 4.696274e-15)
3.500000e+02	walls	(-2.431934e+03 -1.558483e+03 -1.447175e-14)	(2.907922e+01 4.914905e+02 4.696885e-15)
3.620000e+02	walls	(-2.432002e+03 -1.558551e+03 -1.447202e-14)	(2.907388e+01 4.914509e+02 4.696943e-15)
