/*--------------------------------*- C++ -*----------------------------------*\
| =========                 |                                                 |
| \\      /  F ield         | OpenFOAM: The Open Source CFD Toolbox           |
|  \\    /   O peration     | Version:  5.x                                   |
|   \\  /    A nd           | Web:      www.OpenFOAM.org                      |
|    \\/     M anipulation  |                                                 |
\*---------------------------------------------------------------------------*/
FoamFile
{
    version     2.0;
    format      ascii;
    class       volScalarField;
    location    "900";
    object      p;
}
// * * * * * * * * * * * * * * * * * * * * * * * * * * * * * * * * * * * * * //

dimensions      [0 2 -2 0 0 0 0];

internalField   nonuniform List<scalar> 
11040
(
-0.0032593
-99.7376
-337.071
-401.182
-422.366
-435.342
-436.796
-426.498
-407.829
-381.898
-348.214
-296.469
-246.657
-211.179
-186.387
-159.958
-133.114
-107.757
-83.7535
-60.586
-38.1668
-18.8012
-2.61837
12.5267
26.7134
39.9654
52.2782
63.6402
73.9896
83.2268
91.2392
97.9068
103.174
107.109
109.911
111.837
112.626
112.047
111.72
115.209
115.269
36.5743
-59.9135
-212.481
-290.477
-331.386
-361.458
-379.29
-383.473
-376.49
-360.052
-334.367
-291.477
-246.302
-211.47
-186.132
-160.012
-133.476
-108.252
-84.327
-61.2234
-38.8453
-19.5275
-3.31428
11.8605
26.0791
39.3688
51.7268
63.1402
73.5499
82.8585
90.9476
97.6956
103.042
107.037
109.875
111.85
112.708
112.111
111.372
113.834
113.373
61.2525
-32.5028
-142.363
-234.017
-288.797
-325.03
-347.622
-356.289
-353.301
-340.64
-319.325
-283.741
-242.968
-208.96
-183.52
-158.393
-132.621
-107.792
-84.1393
-61.2554
-39.0366
-19.7979
-3.62744
11.5166
25.7163
38.9988
51.3618
62.7904
73.2269
82.5755
90.7175
97.5303
102.943
106.997
109.874
111.888
112.81
112.268
111.385
113.048
112.236
78.6325
-5.14123
-87.3813
-171.036
-229.426
-270.86
-300.453
-317.071
-321.366
-315.173
-300.015
-272.177
-236.925
-204.867
-179.752
-155.736
-130.953
-106.72
-83.4933
-60.9531
-38.9899
-19.9176
-3.84575
11.2314
25.3847
38.6385
50.99
62.4221
72.8775
82.2623
90.458
97.3398
102.829
106.957
109.887
111.923
112.884
112.403
111.472
112.652
112.009
92.3257
20.5634
-43.3274
-114.929
-173.765
-218.798
-253.051
-275.643
-286.312
-286.345
-277.338
-257.134
-228.284
-199.191
-174.823
-151.956
-128.393
-104.993
-82.3608
-60.3074
-38.7282
-19.9209
-4.01143
10.9447
25.0058
38.1924
50.5017
61.914
72.3726
81.7857
90.0363
96.9995
102.591
106.826
109.843
111.917
112.915
112.521
111.589
112.591
112.451
102.744
42.9552
-8.03627
-67.4304
-121.972
-167.095
-203.666
-230.742
-247.187
-253.453
-250.818
-238.179
-216.311
-191.239
-168.362
-146.854
-124.763
-102.459
-80.6078
-59.1932
-38.1356
-19.6932
-4.02821
10.7338
24.6394
37.7035
49.9226
61.2747
71.7044
81.1232
89.4174
96.4651
102.177
106.554
109.699
111.844
112.909
112.671
111.827
112.815
113.223
110.633
61.6481
20.2356
-28.3136
-76.0035
-118.363
-154.814
-184.214
-204.949
-216.692
-220.159
-214.758
-200.175
-180.216
-159.879
-140.156
-119.822
-98.919
-78.0908
-57.4999
-37.1211
-19.1631
-3.84037
10.644
24.3202
37.1942
49.2614
60.4988
70.8533
80.2415
88.5563
95.6815
101.526
106.074
109.396
111.67
112.864
112.871
112.249
113.293
114.239
116.574
76.7318
42.7934
3.35633
-36.809
-74.5055
-108.738
-138.275
-161.393
-177.228
-185.911
-186.968
-179.465
-165.371
-148.669
-131.377
-113.184
-94.0578
-74.5716
-55.0458
-35.548
-18.2289
-3.36774
10.7376
24.0947
36.6961
48.5342
59.5853
69.7999
79.1023
87.396
94.5749
100.55
105.293
108.844
111.326
112.748
113.118
112.872
114.089
115.461
120.993
88.6122
60.666
28.6876
-4.39589
-36.6135
-67.1737
-94.982
-118.51
-136.682
-149.187
-155.486
-154.303
-146.255
-134.054
-119.943
-104.373
-87.4603
-69.7136
-51.5645
-33.2015
-16.7127
-2.4596
11.1374
24.0626
36.291
47.8068
58.5837
68.5756
77.7162
85.9226
93.1047
99.1827
104.123
107.942
110.724
112.502
113.379
113.678
115.236
116.858
124.206
97.8127
74.7279
48.7918
21.8732
-4.90654
-31.114
-55.9552
-78.2396
-96.9662
-111.612
-121.577
-125.454
-122.981
-115.661
-105.364
-92.9216
-78.6754
-63.112
-46.7211
-29.8068
-14.3814
-0.913608
12.0154
24.37
36.1063
47.1934
57.5984
67.276
76.1679
84.2053
91.3161
97.4369
102.539
106.633
109.777
112.027
113.55
114.558
116.613
118.411
126.475
104.861
85.74
64.6751
42.8992
21.0218
-0.80853
-22.115
-42.0558
-59.8683
-75.0273
-86.9578
-94.3084
-96.35
-93.6494
-87.4322
-78.4967
-67.3099
-54.3565
-40.1371
-25.0377
-10.9561
1.51389
13.5848
25.2028
36.3056
46.8428
56.77
66.0393
74.597
82.3851
89.3474
95.4375
100.638
104.967
108.479
111.241
113.46
115.261
117.891
119.981
128.022
110.233
94.3544
77.2084
59.6248
41.9234
24.0855
6.34955
-10.7469
-26.6932
-41.0876
-53.4553
-62.6448
-67.7826
-68.8479
-66.4415
-61.0756
-53.1609
-43.134
-31.457
-18.5434
-6.11431
5.11422
16.1097
26.7981
37.101
46.9462
56.2746
65.033
73.1692
80.632
87.3764
93.369
98.6031
103.105
106.931
110.156
112.988
115.511
118.644
121.202
129.044
114.331
101.117
87.1232
72.9167
58.6561
44.2448
29.7739
15.5565
1.91165
-10.9174
-22.5947
-32.2281
-39.0103
-42.6446
-43.2892
-41.1258
-36.3827
-29.3731
-20.4637
-10.0307
0.457659
10.1977
19.8912
29.4432
38.7607
47.7521
56.3422
64.4707
72.0844
79.1359
85.5871
91.413
96.6123
101.215
105.272
108.851
112.13
115.187
118.611
121.652
129.7
117.484
106.468
95.0159
83.5165
72.0402
60.4646
48.802
37.2227
25.9106
14.9893
4.66016
-4.43532
-11.6549
-16.64
-19.3149
-19.6237
-17.598
-13.3879
-7.22381
0.610144
8.96539
17.0163
25.2104
33.4352
41.5867
49.5575
57.2595
64.625
71.5984
78.1333
84.1945
89.7608
94.8316
99.4335
103.606
107.399
110.941
114.301
117.802
121.076
130.114
119.943
110.75
101.355
92.0248
82.7827
73.5057
64.1697
54.8615
45.6782
36.6762
27.9526
19.9407
13.106
7.75961
4.05544
2.15974
2.17287
4.08737
7.81038
13.1744
19.3756
25.6467
32.2237
38.9879
45.8324
52.6421
59.3199
65.792
72.0008
77.8997
83.454
88.6414
93.4577
97.9212
102.055
105.89
109.504
112.95
116.376
119.613
130.396
121.914
114.239
106.511
98.9207
91.4637
84.0284
76.5767
69.1496
61.7946
54.5301
47.3934
40.6635
34.658
29.607
25.6579
22.9934
21.7646
22.0482
23.853
27.1164
31.3502
35.9073
40.8763
46.1475
51.6211
57.1858
62.7446
68.2224
73.5597
78.7088
83.6339
88.3104
92.7282
96.8954
100.819
104.51
108.012
111.355
114.598
117.658
130.658
123.581
117.173
110.804
104.614
98.5828
92.6131
86.665
80.7555
74.9058
69.115
63.393
57.9125
52.8827
48.4606
44.7581
41.9276
40.1152
39.4245
39.9164
41.5972
44.2205
47.2885
50.8053
54.6811
58.8316
63.16
67.579
72.0184
76.4213
80.741
84.9407
88.9926
92.8808
96.6034
100.156
103.536
106.763
109.851
112.818
115.623
130.895
124.932
119.524
114.207
109.091
104.143
99.281
94.4675
89.7085
85.0131
80.3737
75.7907
71.3729
67.2546
63.5395
60.3054
57.6656
55.7377
54.618
54.3792
55.0582
56.5578
58.5159
60.9004
63.645
66.6839
69.9395
73.3394
76.8236
80.3417
83.8511
87.3165
90.7099
94.0117
97.2136
100.304
103.271
106.124
108.865
111.494
113.994
131.09
125.989
121.355
116.842
112.538
108.405
104.371
100.403
96.5012
92.6687
88.8955
85.1779
81.5894
78.2192
75.1351
72.391
70.0679
68.2536
67.0257
66.4504
66.5708
67.3682
68.5814
70.1695
72.0867
74.2838
76.7008
79.2809
81.9754
84.7421
87.5443
90.3505
93.1344
95.876
98.5638
101.183
103.719
106.174
108.544
110.821
112.999
131.273
126.853
122.833
118.949
115.273
111.766
108.363
105.037
101.784
98.6051
95.4896
92.4331
89.4863
86.7116
84.1536
81.8496
79.8573
78.2407
77.0587
76.365
76.1989
76.5778
77.3108
78.3598
79.6945
81.2783
83.0657
85.0134
87.083
89.2406
91.4558
93.7016
95.9549
98.1971
100.416
102.597
104.724
106.797
108.808
110.749
112.615
131.449
127.581
124.059
120.679
117.503
114.489
111.582
108.757
106.01
103.338
100.733
98.1901
95.7454
93.4438
91.3156
89.3862
87.6976
86.2957
85.2242
84.5246
84.2288
84.3681
84.7988
85.4896
86.4213
87.5661
88.8899
90.3598
91.9463
93.6226
95.364
97.1484
98.9564
100.772
102.582
104.375
106.137
107.863
109.547
111.18
112.759
131.624
128.21
125.099
122.132
119.361
116.746
114.235
111.81
109.463
107.194
104.992
102.854
100.807
98.8834
97.1043
95.487
94.0621
92.8632
91.9221
91.2698
90.9308
90.939
91.1829
91.6387
92.294
93.1279
94.1142
95.2279
96.4466
97.7491
99.116
100.529
101.973
103.434
104.902
106.364
107.809
109.233
110.631
111.992
113.314
131.796
128.763
125.996
123.372
120.935
118.646
116.46
114.358
112.337
110.391
108.513
106.7
104.972
103.352
101.857
100.498
99.2965
98.2781
97.4656
96.8819
96.545
96.4866
96.6173
96.9197
97.3863
98.0006
98.7423
99.5923
100.533
101.549
102.624
103.743
104.895
106.068
107.253
108.44
109.62
110.788
111.94
113.068
114.168
131.965
129.254
126.779
124.443
122.286
120.268
118.35
116.516
114.761
113.079
111.466
109.917
108.447
107.075
105.811
104.665
103.651
102.789
102.094
101.584
101.271
101.183
101.247
101.45
101.787
102.246
102.81
103.465
104.197
104.994
105.842
106.732
107.652
108.594
109.55
110.512
111.473
112.43
113.376
114.307
115.218
132.131
129.695
127.468
125.378
123.457
121.668
119.975
118.364
116.83
115.367
113.972
112.64
111.382
110.213
109.14
108.169
107.312
106.582
105.991
105.552
105.273
105.176
105.201
105.339
105.588
105.936
106.371
106.881
107.456
108.085
108.759
109.469
110.207
110.965
111.738
112.519
113.302
114.084
114.86
115.627
116.38
132.291
130.091
128.081
126.201
124.481
122.886
121.384
119.961
118.612
117.333
116.119
114.967
113.885
112.883
111.968
111.144
110.418
109.8
109.299
108.924
108.68
108.586
108.59
108.686
108.873
109.142
109.482
109.884
110.339
110.841
111.38
111.95
112.545
113.158
113.784
114.419
115.058
115.698
116.336
116.968
117.589
132.445
130.451
128.627
126.929
125.382
123.954
122.613
121.35
120.159
119.035
117.974
116.973
116.038
115.176
114.393
113.69
113.073
112.55
112.126
111.807
111.598
111.512
111.505
111.573
111.717
111.929
112.198
112.519
112.884
113.287
113.722
114.183
114.665
115.163
115.673
116.192
116.715
117.24
117.765
118.286
118.8
132.593
130.777
129.116
127.576
126.18
124.894
123.694
122.568
121.511
120.519
119.588
118.714
117.902
117.159
116.485
115.884
115.36
114.916
114.557
114.288
114.11
114.035
114.023
114.074
114.187
114.356
114.573
114.832
115.127
115.454
115.808
116.183
116.576
116.983
117.401
117.826
118.255
118.688
119.121
119.552
119.978
132.734
131.074
129.556
128.154
126.888
125.726
124.647
123.639
122.699
121.82
120.999
120.234
119.527
118.883
118.303
117.788
117.34
116.963
116.66
116.434
116.284
116.22
116.207
116.246
116.337
116.475
116.651
116.863
117.104
117.372
117.661
117.969
118.292
118.626
118.97
119.32
119.675
120.033
120.391
120.749
121.102
132.868
131.344
129.952
128.671
127.518
126.466
125.491
124.586
123.746
122.965
122.24
121.567
120.95
120.39
119.889
119.447
119.065
118.745
118.489
118.298
118.174
118.12
118.109
118.14
118.215
118.328
118.474
118.648
118.848
119.068
119.308
119.562
119.828
120.105
120.389
120.679
120.973
121.27
121.568
121.866
122.16
132.994
131.591
130.309
129.134
128.081
127.124
126.241
125.426
124.672
123.976
123.334
122.742
122.201
121.714
121.28
120.9
120.573
120.301
120.085
119.926
119.822
119.779
119.77
119.796
119.859
119.953
120.075
120.221
120.387
120.57
120.769
120.98
121.202
121.432
121.668
121.91
122.154
122.402
122.65
122.899
123.145
133.113
131.815
130.631
129.55
128.585
127.71
126.909
126.172
125.495
124.872
124.301
123.779
123.304
122.88
122.504
122.176
121.897
121.667
121.485
121.351
121.266
121.232
121.225
121.248
121.302
121.382
121.485
121.607
121.747
121.9
122.067
122.243
122.429
122.621
122.818
123.02
123.225
123.432
123.64
123.849
124.054
133.223
132.019
130.921
129.923
129.035
128.234
127.503
126.835
126.225
125.668
125.159
124.697
124.28
123.91
123.584
123.302
123.063
122.867
122.714
122.604
122.534
122.508
122.504
122.525
122.571
122.641
122.728
122.832
122.95
123.08
123.22
123.368
123.524
123.685
123.851
124.02
124.192
124.366
124.541
124.716
124.889
133.327
132.204
131.182
130.258
129.438
128.701
128.033
127.426
126.874
126.374
125.921
125.511
125.145
124.821
124.539
124.296
124.092
123.927
123.798
123.707
123.651
123.631
123.63
123.65
123.691
123.751
123.827
123.915
124.015
124.126
124.244
124.37
124.501
124.637
124.777
124.92
125.064
125.211
125.358
125.506
125.651
133.422
132.372
131.417
130.557
129.797
129.118
128.505
127.952
127.452
127.002
126.597
126.234
125.912
125.629
125.384
125.176
125.002
124.862
124.755
124.681
124.636
124.622
124.624
124.642
124.679
124.732
124.798
124.874
124.96
125.054
125.155
125.261
125.373
125.488
125.606
125.727
125.849
125.972
126.097
126.222
126.344
133.51
132.523
131.628
130.824
130.117
129.488
128.925
128.419
127.965
127.56
127.198
126.876
126.592
126.346
126.134
125.955
125.807
125.69
125.601
125.541
125.506
125.498
125.502
125.52
125.554
125.601
125.658
125.724
125.798
125.879
125.965
126.056
126.151
126.249
126.349
126.451
126.554
126.659
126.764
126.87
126.973
133.591
132.659
131.815
131.061
130.401
129.817
129.296
128.833
128.42
128.054
127.73
127.445
127.196
126.981
126.798
126.645
126.52
126.422
126.349
126.301
126.275
126.271
126.277
126.295
126.326
126.368
126.419
126.477
126.541
126.61
126.685
126.762
126.843
126.926
127.012
127.098
127.186
127.275
127.364
127.453
127.541
133.664
132.779
131.981
131.271
130.651
130.106
129.624
129.198
128.822
128.492
128.202
127.948
127.729
127.542
127.385
127.255
127.15
127.07
127.011
126.973
126.955
126.955
126.963
126.982
127.011
127.049
127.094
127.145
127.201
127.262
127.325
127.392
127.462
127.533
127.605
127.679
127.753
127.829
127.904
127.98
128.054
133.73
132.886
132.127
131.454
130.87
130.36
129.912
129.519
129.176
128.876
128.617
128.392
128.2
128.039
127.904
127.794
127.707
127.641
127.595
127.567
127.555
127.558
127.568
127.587
127.614
127.649
127.689
127.734
127.783
127.836
127.891
127.949
128.009
128.07
128.132
128.194
128.258
128.322
128.386
128.45
128.513
133.788
132.979
132.253
131.613
131.06
130.58
130.161
129.798
129.484
129.213
128.98
128.782
128.614
128.475
128.36
128.269
128.198
128.145
128.11
128.09
128.084
128.092
128.104
128.123
128.15
128.182
128.219
128.26
128.303
128.35
128.398
128.448
128.499
128.552
128.605
128.658
128.712
128.767
128.821
128.875
128.928
133.84
133.059
132.361
131.748
131.221
130.767
130.375
130.038
129.75
129.504
129.296
129.121
128.975
128.856
128.76
128.684
128.627
128.587
128.561
128.548
128.547
128.557
128.571
128.59
128.616
128.646
128.68
128.716
128.755
128.796
128.838
128.882
128.926
128.971
129.017
129.063
129.109
129.155
129.201
129.247
129.292
133.884
133.126
132.45
131.86
131.356
130.924
130.555
130.241
129.976
129.753
129.566
129.412
129.287
129.186
129.107
129.046
129.003
128.973
128.957
128.952
128.957
128.971
128.988
129.008
129.034
129.063
129.095
129.129
129.164
129.201
129.239
129.277
129.316
129.355
129.394
129.433
129.473
129.512
129.551
129.59
129.627
133.922
133.179
132.521
131.95
131.463
131.051
130.702
130.408
130.163
129.961
129.795
129.66
129.552
129.468
129.404
129.357
129.324
129.304
129.295
129.296
129.304
129.32
129.338
129.359
129.384
129.412
129.442
129.472
129.505
129.538
129.571
129.605
129.639
129.673
129.707
129.741
129.775
129.809
129.842
129.875
129.907
133.952
133.22
132.575
132.017
131.545
131.148
130.815
130.54
130.313
130.129
129.981
129.864
129.774
129.705
129.656
129.623
129.603
129.594
129.595
129.604
129.619
129.64
129.662
129.686
129.713
129.741
129.771
129.801
129.831
129.862
129.893
129.923
129.953
129.983
130.013
130.042
130.071
130.099
130.127
130.155
130.182
133.976
133.251
132.614
132.065
131.604
131.218
130.899
130.638
130.428
130.26
130.128
130.028
129.952
129.898
129.861
129.838
129.827
129.825
129.831
129.843
129.861
129.883
129.906
129.93
129.957
129.984
130.012
130.041
130.069
130.097
130.125
130.153
130.18
130.207
130.234
130.26
130.285
130.31
130.334
130.358
130.381
133.993
133.268
132.635
132.092
131.638
131.262
130.954
130.706
130.509
130.355
130.238
130.152
130.091
130.052
130.031
130.023
130.027
130.04
130.058
130.082
130.109
130.138
130.167
130.196
130.226
130.257
130.286
130.315
130.344
130.371
130.398
130.424
130.449
130.474
130.497
130.519
130.541
130.562
130.582
130.602
130.621
134.001
133.265
132.626
132.083
131.632
131.263
130.965
130.729
130.545
130.406
130.303
130.231
130.183
130.154
130.14
130.139
130.146
130.162
130.183
130.209
130.238
130.269
130.299
130.329
130.36
130.39
130.419
130.447
130.475
130.501
130.527
130.551
130.574
130.597
130.618
130.639
130.659
130.677
130.696
130.713
130.73
133.999
133.244
132.593
132.043
131.589
131.221
130.93
130.703
130.532
130.408
130.322
130.268
130.241
130.236
130.247
130.271
130.303
130.342
130.383
130.425
130.467
130.507
130.546
130.584
130.62
130.654
130.687
130.718
130.747
130.774
130.8
130.824
130.847
130.868
130.888
130.907
130.924
130.941
130.956
130.971
130.985
125.735
133.17
139.07
142.363
144.219
145.367
145.926
146.065
145.938
145.641
145.238
144.775
144.282
143.781
143.286
142.805
142.344
141.905
141.491
141.101
140.735
140.393
140.074
139.776
139.498
139.239
138.998
138.774
138.566
138.371
138.19
138.021
137.863
137.715
137.576
137.446
137.323
137.207
137.099
136.996
136.899
136.808
136.723
136.642
136.566
136.495
136.427
136.363
136.302
136.245
136.19
136.138
136.089
136.042
135.996
135.953
135.911
135.871
135.832
135.795
135.758
135.723
135.688
135.654
135.621
135.589
135.558
135.528
135.499
135.473
135.444
135.427
135.393
135.405
124.724
132.72
138.886
142.412
144.365
145.518
146.052
146.161
146.006
145.683
145.26
144.78
144.274
143.763
143.261
142.774
142.309
141.867
141.451
141.06
140.694
140.352
140.033
139.735
139.458
139.201
138.961
138.738
138.531
138.338
138.158
137.99
137.833
137.686
137.549
137.419
137.298
137.183
137.075
136.974
136.878
136.788
136.703
136.624
136.548
136.477
136.41
136.347
136.287
136.23
136.176
136.125
136.076
136.029
135.984
135.942
135.9
135.86
135.822
135.785
135.749
135.714
135.679
135.646
135.613
135.582
135.551
135.521
135.492
135.466
135.438
135.421
135.387
135.399
123.973
131.531
138.348
142.327
144.461
145.661
146.19
146.273
146.085
145.733
145.285
144.785
144.264
143.741
143.23
142.737
142.266
141.822
141.404
141.012
140.645
140.303
139.985
139.688
139.413
139.156
138.918
138.697
138.491
138.299
138.121
137.955
137.799
137.654
137.518
137.39
137.27
137.156
137.05
136.949
136.855
136.766
136.682
136.603
136.529
136.459
136.392
136.33
136.271
136.214
136.161
136.11
136.062
136.016
135.972
135.929
135.889
135.849
135.811
135.774
135.739
135.704
135.67
135.637
135.605
135.574
135.543
135.514
135.485
135.459
135.431
135.414
135.38
135.393
123.575
130.507
137.647
142.058
144.455
145.75
146.302
146.378
146.168
145.787
145.312
144.789
144.25
143.714
143.192
142.691
142.216
141.768
141.348
140.955
140.588
140.247
139.929
139.634
139.36
139.105
138.869
138.649
138.445
138.256
138.079
137.915
137.761
137.618
137.483
137.357
137.238
137.126
137.021
136.922
136.829
136.741
136.658
136.58
136.507
136.438
136.373
136.311
136.253
136.197
136.145
136.095
136.047
136.001
135.958
135.916
135.876
135.837
135.8
135.763
135.728
135.694
135.66
135.628
135.596
135.565
135.534
135.506
135.477
135.451
135.424
135.407
135.374
135.386
123.692
130.12
137.072
141.654
144.313
145.753
146.355
146.44
146.222
145.825
145.33
144.787
144.229
143.678
143.145
142.636
142.155
141.704
141.281
140.888
140.521
140.181
139.864
139.571
139.298
139.046
138.812
138.594
138.393
138.205
138.031
137.869
137.718
137.577
137.444
137.32
137.203
137.093
136.989
136.891
136.799
136.713
136.632
136.555
136.483
136.415
136.351
136.29
136.233
136.178
136.127
136.078
136.031
135.986
135.943
135.902
135.862
135.824
135.787
135.751
135.716
135.683
135.65
135.617
135.586
135.555
135.526
135.497
135.469
135.443
135.416
135.4
135.367
135.379
124.068
130.225
136.786
141.307
144.079
145.641
146.324
146.44
146.221
145.815
145.311
144.759
144.189
143.626
143.083
142.566
142.08
141.625
141.201
140.807
140.441
140.102
139.787
139.496
139.226
138.977
138.745
138.531
138.332
138.148
137.976
137.817
137.668
137.53
137.399
137.277
137.163
137.055
136.953
136.857
136.767
136.682
136.602
136.527
136.456
136.39
136.327
136.267
136.211
136.158
136.107
136.059
136.013
135.969
135.927
135.886
135.847
135.81
135.773
135.738
135.704
135.671
135.638
135.607
135.576
135.545
135.516
135.488
135.46
135.435
135.408
135.392
135.359
135.371
124.567
130.589
136.74
141.136
143.872
145.453
146.196
146.362
146.16
145.749
145.235
144.675
144.104
143.54
142.995
142.475
141.985
141.528
141.103
140.709
140.345
140.008
139.696
139.408
139.142
138.895
138.667
138.457
138.262
138.081
137.913
137.757
137.612
137.476
137.349
137.229
137.117
137.011
136.912
136.818
136.73
136.647
136.569
136.496
136.427
136.362
136.3
136.242
136.187
136.135
136.085
136.038
135.993
135.95
135.909
135.869
135.831
135.794
135.759
135.724
135.691
135.658
135.626
135.595
135.564
135.535
135.506
135.478
135.45
135.426
135.399
135.383
135.351
135.363
125.245
131.015
136.745
141.052
143.733
145.263
146.005
146.201
146.026
145.626
145.109
144.539
143.958
143.393
142.853
142.34
141.856
141.403
140.981
140.59
140.228
139.895
139.587
139.303
139.041
138.799
138.576
138.37
138.179
138.003
137.839
137.687
137.546
137.414
137.29
137.174
137.065
136.962
136.865
136.774
136.689
136.608
136.532
136.461
136.394
136.33
136.27
136.214
136.16
136.11
136.061
136.015
135.972
135.93
135.889
135.851
135.814
135.778
135.743
135.709
135.676
135.644
135.613
135.582
135.553
135.523
135.495
135.467
135.44
135.416
135.39
135.374
135.343
135.355
126.218
131.448
136.606
140.848
143.544
145.061
145.789
145.986
145.824
145.437
144.928
144.358
143.77
143.196
142.652
142.142
141.669
141.229
140.819
140.437
140.084
139.756
139.455
139.177
138.921
138.685
138.468
138.267
138.082
137.911
137.753
137.606
137.47
137.342
137.223
137.11
137.005
136.906
136.812
136.724
136.641
136.563
136.49
136.421
136.356
136.295
136.237
136.183
136.131
136.082
136.035
135.99
135.948
135.907
135.868
135.83
135.794
135.759
135.725
135.693
135.661
135.629
135.599
135.569
135.54
135.511
135.483
135.456
135.43
135.406
135.38
135.365
135.334
135.346
127.369
131.813
136.24
140.354
143.103
144.67
145.461
145.708
145.571
145.192
144.686
144.121
143.537
142.964
142.415
141.9
141.426
140.993
140.596
140.231
139.894
139.581
139.291
139.023
138.776
138.548
138.338
138.145
137.968
137.804
137.652
137.511
137.381
137.258
137.144
137.037
136.936
136.841
136.751
136.667
136.587
136.513
136.442
136.376
136.314
136.255
136.2
136.147
136.097
136.05
136.005
135.962
135.921
135.882
135.844
135.808
135.773
135.739
135.707
135.675
135.644
135.613
135.583
135.554
135.526
135.498
135.47
135.444
135.418
135.395
135.37
135.355
135.324
135.337
128.183
131.856
135.499
139.361
142.197
143.881
144.797
145.18
145.16
144.862
144.396
143.846
143.266
142.692
142.142
141.627
141.152
140.718
140.323
139.966
139.643
139.349
139.078
138.828
138.597
138.382
138.183
138
137.831
137.676
137.533
137.4
137.276
137.161
137.053
136.951
136.856
136.766
136.681
136.601
136.525
136.455
136.388
136.325
136.266
136.21
136.157
136.107
136.06
136.015
135.972
135.931
135.892
135.854
135.818
135.784
135.75
135.717
135.686
135.655
135.625
135.596
135.567
135.539
135.511
135.484
135.457
135.431
135.406
135.383
135.358
135.344
135.314
135.327
128.097
131.227
134.222
137.67
140.503
142.357
143.493
144.117
144.326
144.222
143.907
143.464
142.949
142.404
141.861
141.343
140.861
140.422
140.024
139.667
139.349
139.064
138.808
138.576
138.365
138.171
137.99
137.823
137.668
137.524
137.391
137.267
137.153
137.046
136.946
136.851
136.762
136.679
136.599
136.524
136.454
136.388
136.325
136.267
136.211
136.159
136.109
136.062
136.018
135.975
135.935
135.896
135.859
135.824
135.789
135.756
135.724
135.693
135.663
135.633
135.605
135.576
135.549
135.521
135.495
135.468
135.442
135.417
135.393
135.371
135.347
135.332
135.303
135.316
127.067
129.836
132.401
135.348
137.981
139.919
141.273
142.191
142.727
142.937
142.898
142.684
142.352
141.946
141.501
141.042
140.586
140.149
139.742
139.373
139.043
138.753
138.498
138.275
138.079
137.903
137.744
137.599
137.464
137.338
137.22
137.11
137.007
136.91
136.82
136.734
136.653
136.577
136.504
136.436
136.371
136.31
136.253
136.199
136.148
136.1
136.055
136.011
135.97
135.931
135.893
135.857
135.822
135.789
135.757
135.726
135.696
135.666
135.638
135.61
135.582
135.555
135.529
135.503
135.477
135.452
135.427
135.403
135.379
135.357
135.334
135.32
135.292
135.305
125.3
127.775
130.073
132.595
134.957
136.875
138.365
139.503
140.322
140.85
141.134
141.229
141.176
141.013
140.769
140.472
140.144
139.8
139.454
139.115
138.789
138.486
138.213
137.973
137.768
137.593
137.444
137.317
137.205
137.103
137.008
136.918
136.831
136.749
136.67
136.596
136.525
136.457
136.393
136.332
136.275
136.221
136.17
136.121
136.076
136.033
135.992
135.953
135.915
135.88
135.845
135.813
135.781
135.75
135.721
135.692
135.664
135.637
135.61
135.583
135.558
135.532
135.507
135.482
135.458
135.434
135.41
135.386
135.363
135.343
135.32
135.307
135.28
135.293
123.043
125.273
127.384
129.604
131.721
133.561
135.108
136.387
137.41
138.189
138.749
139.126
139.353
139.457
139.466
139.398
139.272
139.102
138.9
138.677
138.443
138.206
137.97
137.741
137.524
137.328
137.159
137.017
136.903
136.811
136.735
136.67
136.61
136.55
136.491
136.432
136.374
136.317
136.262
136.211
136.162
136.116
136.072
136.031
135.992
135.955
135.919
135.885
135.853
135.821
135.791
135.762
135.734
135.706
135.68
135.654
135.628
135.603
135.579
135.554
135.53
135.507
135.483
135.46
135.437
135.414
135.391
135.369
135.347
135.327
135.305
135.293
135.267
135.28
120.554
122.578
124.527
126.522
128.438
130.179
131.726
133.082
134.244
135.211
135.993
136.607
137.076
137.42
137.659
137.813
137.897
137.926
137.91
137.856
137.771
137.662
137.535
137.395
137.248
137.098
136.948
136.803
136.669
136.552
136.457
136.383
136.329
136.287
136.253
136.22
136.186
136.149
136.11
136.07
136.032
135.995
135.959
135.926
135.895
135.865
135.836
135.808
135.781
135.755
135.729
135.704
135.68
135.657
135.633
135.611
135.588
135.566
135.544
135.522
135.5
135.479
135.457
135.435
135.414
135.392
135.371
135.35
135.329
135.31
135.29
135.278
135.253
135.267
118.102
119.936
121.723
123.522
125.264
126.895
128.402
129.778
131.015
132.105
133.049
133.853
134.526
135.08
135.527
135.881
136.156
136.365
136.519
136.628
136.699
136.739
136.751
136.74
136.708
136.659
136.597
136.525
136.446
136.363
136.276
136.191
136.114
136.048
135.998
135.963
135.939
135.921
135.906
135.889
135.87
135.849
135.827
135.804
135.782
135.76
135.739
135.718
135.698
135.678
135.658
135.638
135.619
135.6
135.581
135.562
135.543
135.524
135.505
135.486
135.467
135.447
135.428
135.408
135.389
135.369
135.349
135.33
135.31
135.292
135.273
135.262
135.238
135.253
116.114
117.755
119.368
120.981
122.555
124.062
125.491
126.833
128.079
129.221
130.254
131.177
131.992
132.704
133.318
133.842
134.285
134.656
134.963
135.216
135.423
135.59
135.725
135.831
135.911
135.969
136.006
136.023
136.023
136.008
135.983
135.949
135.91
135.866
135.821
135.777
135.739
135.71
135.692
135.682
135.678
135.674
135.67
135.663
135.653
135.642
135.63
135.618
135.605
135.592
135.579
135.565
135.551
135.537
135.523
135.508
135.493
135.478
135.462
135.446
135.43
135.413
135.396
135.379
135.361
135.343
135.325
135.307
135.289
135.273
135.255
135.245
135.222
135.239
114.805
116.245
117.677
119.105
120.511
121.88
123.202
124.469
125.674
126.808
127.864
128.839
129.731
130.539
131.264
131.91
132.481
132.981
133.417
133.794
134.119
134.398
134.636
134.838
135.009
135.153
135.272
135.369
135.446
135.504
135.545
135.572
135.586
135.591
135.588
135.58
135.567
135.55
135.532
135.516
135.505
135.501
135.502
135.507
135.511
135.513
135.513
135.51
135.506
135.5
135.494
135.486
135.478
135.47
135.46
135.45
135.439
135.428
135.416
135.404
135.39
135.377
135.362
135.347
135.332
135.316
135.3
135.284
135.267
135.252
135.235
135.227
135.205
135.224
114.144
115.385
116.63
117.875
119.112
120.332
121.528
122.693
123.82
124.901
125.931
126.905
127.817
128.666
129.45
130.168
130.822
131.412
131.943
132.417
132.839
133.212
133.54
133.828
134.08
134.3
134.491
134.656
134.799
134.92
135.024
135.11
135.18
135.236
135.279
135.312
135.335
135.351
135.36
135.364
135.363
135.36
135.358
135.359
135.364
135.373
135.383
135.392
135.399
135.402
135.404
135.403
135.401
135.398
135.394
135.389
135.383
135.375
135.367
135.358
135.348
135.338
135.326
135.314
135.301
135.287
135.273
135.259
135.244
135.23
135.215
135.207
135.187
135.208
114.043
115.092
116.152
117.218
118.287
119.354
120.413
121.458
122.483
123.483
124.451
125.383
126.274
127.12
127.917
128.665
129.361
130.004
130.596
131.137
131.63
132.076
132.477
132.838
133.16
133.448
133.702
133.928
134.127
134.303
134.458
134.594
134.713
134.817
134.907
134.983
135.046
135.098
135.14
135.172
135.197
135.215
135.228
135.235
135.241
135.247
135.256
135.267
135.281
135.294
135.305
135.314
135.319
135.322
135.324
135.324
135.322
135.319
135.315
135.31
135.304
135.297
135.288
135.279
135.268
135.257
135.245
135.232
135.219
135.207
135.193
135.187
135.168
135.191
114.385
115.256
116.142
117.04
117.948
118.864
119.782
120.699
121.61
122.509
123.393
124.257
125.096
125.906
126.684
127.425
128.128
128.791
129.412
129.991
130.528
131.024
131.479
131.895
132.273
132.617
132.927
133.206
133.457
133.681
133.882
134.061
134.221
134.364
134.491
134.605
134.706
134.795
134.871
134.936
134.99
135.034
135.07
135.098
135.119
135.135
135.147
135.158
135.17
135.184
135.199
135.215
135.229
135.24
135.249
135.255
135.258
135.26
135.261
135.259
135.257
135.253
135.247
135.241
135.233
135.224
135.215
135.204
135.193
135.182
135.17
135.165
135.148
135.174
115.055
115.767
116.496
117.241
118.001
118.773
119.556
120.345
121.137
121.929
122.716
123.495
124.262
125.014
125.746
126.454
127.137
127.791
128.415
129.005
129.562
130.084
130.571
131.024
131.443
131.828
132.182
132.506
132.8
133.068
133.31
133.529
133.727
133.905
134.065
134.21
134.341
134.459
134.565
134.659
134.743
134.815
134.877
134.928
134.971
135.006
135.034
135.056
135.073
135.088
135.102
135.117
135.134
135.151
135.167
135.18
135.19
135.197
135.202
135.205
135.207
135.206
135.204
135.201
135.196
135.19
135.183
135.174
135.165
135.156
135.145
135.142
135.126
135.157
115.95
116.524
117.116
117.726
118.354
118.996
119.653
120.32
120.997
121.68
122.367
123.054
123.739
124.417
125.087
125.745
126.387
127.01
127.613
128.193
128.748
129.276
129.776
130.247
130.689
131.103
131.487
131.843
132.172
132.474
132.752
133.006
133.237
133.447
133.639
133.813
133.97
134.113
134.243
134.361
134.468
134.565
134.651
134.727
134.793
134.849
134.896
134.935
134.968
134.994
135.014
135.032
135.048
135.064
135.081
135.099
135.116
135.13
135.14
135.148
135.154
135.157
135.159
135.159
135.157
135.154
135.149
135.143
135.135
135.129
135.119
135.118
135.102
135.139
116.982
117.442
117.917
118.412
118.924
119.452
119.996
120.553
121.122
121.702
122.29
122.885
123.483
124.083
124.682
125.276
125.864
126.443
127.009
127.56
128.095
128.611
129.106
129.579
130.029
130.455
130.857
131.234
131.586
131.914
132.218
132.5
132.759
132.998
133.217
133.418
133.601
133.768
133.92
134.059
134.186
134.301
134.406
134.502
134.588
134.665
134.732
134.791
134.84
134.882
134.917
134.945
134.968
134.987
135.004
135.021
135.039
135.056
135.073
135.087
135.098
135.106
135.111
135.114
135.116
135.115
135.113
135.109
135.104
135.099
135.091
135.092
135.077
135.122
118.085
118.45
118.829
119.226
119.641
120.071
120.516
120.976
121.449
121.934
122.431
122.937
123.452
123.972
124.496
125.023
125.549
126.073
126.591
127.102
127.604
128.094
128.57
129.03
129.474
129.899
130.305
130.69
131.055
131.398
131.72
132.022
132.303
132.564
132.806
133.029
133.235
133.425
133.598
133.758
133.903
134.036
134.158
134.269
134.37
134.463
134.547
134.623
134.69
134.749
134.8
134.842
134.878
134.908
134.932
134.952
134.969
134.986
135.003
135.02
135.036
135.05
135.06
135.067
135.072
135.075
135.075
135.074
135.071
135.068
135.062
135.065
135.05
135.104
119.208
119.496
119.796
120.114
120.448
120.795
121.157
121.532
121.921
122.323
122.737
123.163
123.598
124.043
124.495
124.953
125.415
125.879
126.344
126.807
127.267
127.721
128.167
128.604
129.029
129.442
129.84
130.223
130.589
130.938
131.269
131.582
131.877
132.154
132.413
132.654
132.879
133.087
133.28
133.458
133.621
133.771
133.909
134.036
134.151
134.257
134.354
134.443
134.524
134.597
134.663
134.721
134.771
134.813
134.849
134.879
134.903
134.923
134.941
134.957
134.973
134.99
135.004
135.017
135.026
135.032
135.035
135.037
135.036
135.035
135.03
135.036
135.019
135.088
120.315
120.542
120.778
121.031
121.299
121.578
121.87
122.174
122.492
122.822
123.164
123.517
123.882
124.257
124.641
125.033
125.433
125.838
126.247
126.659
127.071
127.483
127.892
128.296
128.695
129.085
129.467
129.837
130.196
130.542
130.873
131.19
131.491
131.776
132.046
132.3
132.538
132.761
132.969
133.163
133.342
133.508
133.661
133.802
133.932
134.051
134.16
134.26
134.352
134.436
134.513
134.583
134.646
134.703
134.751
134.793
134.828
134.857
134.88
134.9
134.917
134.932
134.947
134.962
134.975
134.986
134.993
134.998
134.999
135.001
134.997
135.006
134.985
135.074
121.381
121.559
121.745
121.946
122.16
122.384
122.618
122.864
123.121
123.39
123.671
123.962
124.264
124.577
124.9
125.232
125.573
125.921
126.276
126.636
127
127.366
127.734
128.101
128.467
128.829
129.186
129.537
129.88
130.214
130.538
130.85
131.151
131.438
131.713
131.973
132.22
132.453
132.672
132.877
133.07
133.249
133.415
133.569
133.712
133.844
133.965
134.077
134.179
134.273
134.36
134.439
134.512
134.578
134.638
134.692
134.739
134.778
134.812
134.839
134.862
134.88
134.896
134.91
134.923
134.936
134.947
134.955
134.96
134.965
134.962
134.974
134.946
135.064
122.392
122.532
122.677
122.837
123.008
123.186
123.374
123.572
123.78
123.998
124.226
124.465
124.714
124.973
125.242
125.52
125.807
126.103
126.406
126.717
127.033
127.355
127.68
128.008
128.338
128.667
128.995
129.32
129.642
129.958
130.267
130.569
130.862
131.145
131.418
131.68
131.93
132.168
132.394
132.607
132.808
132.998
133.175
133.34
133.494
133.638
133.77
133.893
134.006
134.11
134.206
134.294
134.375
134.449
134.517
134.58
134.637
134.687
134.731
134.768
134.799
134.825
134.846
134.862
134.876
134.888
134.899
134.91
134.918
134.925
134.925
134.94
134.9
135.062
123.338
123.448
123.562
123.689
123.825
123.968
124.118
124.277
124.444
124.621
124.806
125
125.204
125.417
125.639
125.871
126.111
126.359
126.616
126.881
127.153
127.431
127.715
128.003
128.295
128.59
128.886
129.183
129.478
129.772
130.062
130.347
130.627
130.901
131.167
131.424
131.672
131.911
132.139
132.356
132.563
132.759
132.944
133.118
133.281
133.434
133.577
133.709
133.833
133.947
134.052
134.149
134.238
134.32
134.395
134.464
134.528
134.586
134.639
134.686
134.727
134.761
134.789
134.812
134.83
134.844
134.856
134.866
134.874
134.883
134.884
134.904
134.848
135.072
124.216
124.302
124.392
124.493
124.601
124.715
124.836
124.963
125.098
125.24
125.39
125.548
125.714
125.888
126.071
126.262
126.461
126.669
126.885
127.108
127.339
127.577
127.822
128.072
128.328
128.588
128.851
129.117
129.385
129.652
129.92
130.185
130.448
130.707
130.961
131.209
131.451
131.685
131.912
132.129
132.338
132.537
132.727
132.907
133.077
133.237
133.387
133.528
133.66
133.783
133.897
134.002
134.1
134.19
134.273
134.349
134.418
134.483
134.541
134.595
134.644
134.687
134.724
134.754
134.779
134.799
134.814
134.825
134.833
134.841
134.841
134.865
134.793
135.09
125.024
125.092
125.163
125.243
125.33
125.421
125.517
125.62
125.728
125.843
125.964
126.092
126.227
126.369
126.519
126.676
126.841
127.013
127.193
127.38
127.575
127.777
127.986
128.201
128.422
128.648
128.879
129.115
129.353
129.594
129.836
130.079
130.322
130.563
130.802
131.038
131.269
131.495
131.716
131.929
132.136
132.335
132.526
132.709
132.883
133.048
133.204
133.352
133.49
133.621
133.742
133.856
133.961
134.059
134.149
134.232
134.309
134.379
134.443
134.502
134.556
134.605
134.649
134.688
134.72
134.747
134.767
134.783
134.793
134.802
134.801
134.826
134.749
135.09
125.765
125.819
125.874
125.939
126.008
126.081
126.159
126.241
126.328
126.42
126.518
126.622
126.732
126.848
126.97
127.099
127.234
127.376
127.526
127.682
127.845
128.015
128.192
128.375
128.564
128.759
128.96
129.166
129.376
129.59
129.807
130.026
130.246
130.468
130.689
130.908
131.126
131.341
131.552
131.759
131.961
132.156
132.346
132.528
132.703
132.871
133.031
133.183
133.327
133.462
133.59
133.71
133.822
133.927
134.025
134.115
134.198
134.275
134.345
134.41
134.468
134.522
134.571
134.615
134.653
134.687
134.714
134.736
134.751
134.763
134.764
134.788
134.73
135.027
126.441
126.483
126.527
126.578
126.634
126.693
126.755
126.821
126.892
126.966
127.046
127.13
127.219
127.313
127.413
127.518
127.63
127.747
127.87
128
128.136
128.278
128.427
128.581
128.743
128.91
129.082
129.26
129.443
129.631
129.823
130.018
130.216
130.416
130.618
130.82
131.022
131.223
131.423
131.619
131.813
132.002
132.187
132.367
132.54
132.708
132.869
133.023
133.17
133.31
133.443
133.568
133.686
133.797
133.9
133.997
134.086
134.17
134.246
134.316
134.381
134.439
134.492
134.54
134.583
134.621
134.654
134.681
134.702
134.718
134.726
134.745
134.736
134.868
127.055
127.088
127.123
127.165
127.21
127.257
127.307
127.361
127.418
127.478
127.542
127.611
127.683
127.76
127.841
127.928
128.019
128.115
128.217
128.324
128.437
128.556
128.68
128.811
128.947
129.089
129.236
129.389
129.547
129.711
129.878
130.05
130.226
130.405
130.587
130.77
130.955
131.141
131.326
131.511
131.694
131.875
132.052
132.226
132.396
132.562
132.722
132.876
133.024
133.166
133.302
133.431
133.553
133.669
133.777
133.879
133.975
134.064
134.146
134.222
134.292
134.355
134.413
134.465
134.512
134.553
134.59
134.621
134.647
134.667
134.682
134.693
134.739
134.639
127.61
127.637
127.664
127.698
127.735
127.773
127.814
127.857
127.903
127.953
128.005
128.06
128.119
128.182
128.249
128.319
128.394
128.474
128.558
128.646
128.74
128.839
128.943
129.052
129.166
129.286
129.411
129.542
129.678
129.819
129.964
130.115
130.269
130.428
130.59
130.755
130.922
131.091
131.261
131.432
131.603
131.773
131.942
132.109
132.273
132.433
132.59
132.742
132.89
133.033
133.17
133.301
133.426
133.545
133.658
133.764
133.865
133.958
134.046
134.127
134.202
134.271
134.334
134.391
134.441
134.486
134.526
134.56
134.588
134.61
134.632
134.632
134.705
134.426
128.113
128.134
128.156
128.184
128.214
128.245
128.278
128.314
128.351
128.391
128.434
128.479
128.528
128.579
128.634
128.692
128.753
128.818
128.888
128.961
129.039
129.121
129.207
129.299
129.395
129.496
129.602
129.713
129.829
129.95
130.075
130.206
130.34
130.479
130.622
130.769
130.919
131.071
131.226
131.383
131.54
131.698
131.857
132.014
132.17
132.324
132.476
132.625
132.77
132.911
133.047
133.179
133.306
133.427
133.543
133.653
133.757
133.855
133.947
134.033
134.113
134.186
134.254
134.315
134.37
134.419
134.462
134.498
134.529
134.552
134.574
134.566
134.626
134.307
128.563
128.58
128.598
128.62
128.645
128.671
128.698
128.727
128.758
128.791
128.826
128.863
128.903
128.945
128.99
129.038
129.089
129.143
129.2
129.261
129.326
129.394
129.466
129.543
129.623
129.708
129.798
129.892
129.991
130.094
130.202
130.314
130.431
130.553
130.678
130.808
130.941
131.077
131.216
131.358
131.502
131.648
131.794
131.941
132.088
132.235
132.38
132.523
132.664
132.802
132.937
133.068
133.194
133.317
133.434
133.546
133.653
133.755
133.85
133.94
134.024
134.102
134.174
134.239
134.299
134.351
134.398
134.437
134.47
134.493
134.514
134.503
134.528
134.289
128.971
128.984
128.999
129.018
129.038
129.06
129.082
129.106
129.131
129.159
129.188
129.219
129.251
129.286
129.324
129.363
129.405
129.45
129.498
129.548
129.602
129.659
129.719
129.783
129.851
129.923
129.998
130.078
130.162
130.25
130.342
130.439
130.54
130.645
130.754
130.868
130.985
131.106
131.231
131.358
131.488
131.621
131.755
131.891
132.028
132.165
132.303
132.439
132.574
132.708
132.839
132.968
133.093
133.215
133.333
133.446
133.555
133.659
133.757
133.85
133.938
134.019
134.095
134.164
134.227
134.284
134.333
134.376
134.411
134.436
134.454
134.446
134.443
134.318
129.328
129.339
129.352
129.367
129.385
129.402
129.421
129.441
129.463
129.485
129.51
129.536
129.563
129.592
129.623
129.656
129.692
129.729
129.769
129.812
129.857
129.904
129.955
130.009
130.066
130.127
130.191
130.259
130.33
130.405
130.484
130.567
130.655
130.746
130.841
130.94
131.044
131.151
131.261
131.375
131.492
131.612
131.735
131.86
131.986
132.114
132.242
132.371
132.5
132.628
132.755
132.88
133.003
133.123
133.24
133.353
133.463
133.568
133.669
133.764
133.854
133.939
134.018
134.09
134.157
134.217
134.269
134.314
134.352
134.379
134.397
134.395
134.38
134.338
129.658
129.667
129.677
129.691
129.705
129.72
129.736
129.753
129.771
129.79
129.811
129.832
129.855
129.88
129.906
129.934
129.964
129.995
130.029
130.064
130.102
130.143
130.185
130.231
130.279
130.33
130.385
130.442
130.503
130.567
130.635
130.706
130.781
130.86
130.943
131.029
131.12
131.214
131.311
131.413
131.517
131.625
131.736
131.849
131.965
132.083
132.202
132.323
132.444
132.565
132.687
132.807
132.926
133.043
133.158
133.271
133.38
133.485
133.587
133.684
133.776
133.863
133.944
134.02
134.089
134.151
134.207
134.254
134.294
134.324
134.343
134.347
134.334
134.329
129.934
129.941
129.95
129.961
129.974
129.987
130.001
130.015
130.031
130.047
130.065
130.084
130.103
130.125
130.147
130.171
130.196
130.223
130.252
130.283
130.315
130.35
130.386
130.425
130.467
130.511
130.558
130.607
130.659
130.715
130.773
130.835
130.9
130.969
131.041
131.117
131.196
131.279
131.366
131.456
131.55
131.647
131.747
131.85
131.956
132.064
132.174
132.287
132.4
132.515
132.63
132.745
132.86
132.974
133.086
133.196
133.304
133.409
133.511
133.609
133.702
133.791
133.874
133.952
134.023
134.088
134.146
134.196
134.238
134.27
134.292
134.302
134.293
134.301
130.204
130.21
130.217
130.227
130.238
130.25
130.262
130.274
130.288
130.302
130.317
130.333
130.35
130.368
130.388
130.408
130.43
130.453
130.478
130.504
130.532
130.561
130.593
130.626
130.662
130.699
130.739
130.782
130.827
130.874
130.925
130.978
131.035
131.094
131.157
131.223
131.293
131.365
131.442
131.521
131.605
131.691
131.781
131.874
131.97
132.068
132.169
132.273
132.378
132.485
132.593
132.702
132.812
132.921
133.029
133.136
133.242
133.345
133.446
133.543
133.637
133.726
133.811
133.89
133.963
134.03
134.09
134.142
134.185
134.22
134.243
134.258
134.254
134.267
130.4
130.405
130.412
130.421
130.431
130.441
130.452
130.463
130.476
130.488
130.502
130.517
130.532
130.548
130.565
130.584
130.603
130.624
130.646
130.669
130.694
130.72
130.748
130.778
130.809
130.843
130.878
130.916
130.955
130.998
131.042
131.09
131.14
131.192
131.248
131.307
131.369
131.434
131.502
131.574
131.649
131.727
131.809
131.893
131.981
132.072
132.165
132.261
132.359
132.46
132.562
132.665
132.77
132.874
132.979
133.083
133.186
133.288
133.388
133.484
133.578
133.668
133.753
133.833
133.908
133.976
134.037
134.091
134.137
134.173
134.199
134.217
134.217
134.234
130.636
130.64
130.646
130.655
130.664
130.673
130.682
130.693
130.703
130.715
130.727
130.74
130.753
130.768
130.783
130.799
130.816
130.834
130.854
130.874
130.896
130.919
130.943
130.969
130.996
131.025
131.056
131.089
131.124
131.161
131.2
131.241
131.285
131.331
131.38
131.431
131.485
131.543
131.603
131.666
131.733
131.802
131.875
131.951
132.03
132.112
132.197
132.284
132.374
132.467
132.561
132.658
132.756
132.854
132.954
133.053
133.152
133.25
133.347
133.441
133.533
133.621
133.705
133.785
133.86
133.928
133.99
134.045
134.091
134.129
134.157
134.177
134.179
134.201
130.742
130.745
130.751
130.759
130.768
130.777
130.786
130.796
130.806
130.817
130.829
130.841
130.854
130.868
130.882
130.898
130.914
130.931
130.949
130.968
130.989
131.01
131.033
131.057
131.083
131.11
131.139
131.169
131.201
131.235
131.272
131.31
131.35
131.393
131.438
131.486
131.536
131.589
131.645
131.703
131.765
131.83
131.897
131.968
132.042
132.119
132.199
132.281
132.367
132.455
132.545
132.637
132.731
132.827
132.923
133.02
133.117
133.213
133.308
133.402
133.493
133.581
133.666
133.746
133.821
133.89
133.953
134.009
134.057
134.096
134.125
134.147
134.152
134.177
130.996
131
131.006
131.013
131.021
131.029
131.038
131.047
131.056
131.066
131.077
131.088
131.099
131.112
131.125
131.138
131.153
131.168
131.184
131.201
131.219
131.238
131.258
131.28
131.302
131.326
131.351
131.378
131.406
131.436
131.467
131.501
131.536
131.573
131.612
131.654
131.698
131.744
131.793
131.844
131.899
131.955
132.015
132.078
132.143
132.211
132.283
132.357
132.433
132.513
132.594
132.678
132.764
132.852
132.941
133.03
133.12
133.21
133.3
133.388
133.474
133.558
133.638
133.715
133.787
133.854
133.915
133.969
134.015
134.054
134.082
134.104
134.109
134.136
134.83
135.611
136.31
136.92
137.445
137.891
138.267
138.582
138.844
139.061
139.239
139.386
139.505
139.603
139.681
139.744
139.794
139.833
139.863
139.887
139.904
139.916
139.925
139.931
139.934
139.935
139.935
139.934
139.931
139.928
139.925
139.921
139.917
139.912
139.908
139.904
139.9
139.895
139.891
139.887
139.883
134.82
135.581
136.266
136.863
137.38
137.823
138.199
138.517
138.785
139.008
139.195
139.35
139.478
139.584
139.671
139.742
139.8
139.846
139.883
139.912
139.935
139.952
139.966
139.975
139.982
139.985
139.988
139.988
139.987
139.985
139.982
139.979
139.975
139.971
139.967
139.962
139.957
139.952
139.947
139.942
139.937
134.81
135.559
136.236
136.827
137.341
137.785
138.165
138.489
138.765
138.998
139.194
139.359
139.497
139.612
139.708
139.786
139.851
139.904
139.947
139.981
140.008
140.028
140.044
140.055
140.063
140.069
140.072
140.073
140.072
140.07
140.068
140.064
140.059
140.055
140.049
140.044
140.038
140.032
140.025
140.019
140.013
134.802
135.551
136.23
136.823
137.341
137.789
138.176
138.508
138.792
139.034
139.24
139.414
139.561
139.685
139.789
139.875
139.947
140.007
140.055
140.095
140.126
140.15
140.169
140.184
140.194
140.201
140.206
140.208
140.208
140.206
140.203
140.2
140.195
140.189
140.183
140.176
140.169
140.161
140.153
140.145
140.137
134.795
135.551
136.238
136.836
137.36
137.816
138.211
138.552
138.846
139.099
139.315
139.5
139.657
139.791
139.904
140
140.08
140.147
140.202
140.247
140.283
140.311
140.333
140.35
140.363
140.371
140.376
140.379
140.379
140.377
140.374
140.369
140.363
140.356
140.348
140.34
140.33
140.321
140.311
140.3
140.29
134.786
135.554
136.253
136.86
137.393
137.86
138.266
138.619
138.925
139.19
139.419
139.617
139.786
139.932
140.056
140.162
140.251
140.326
140.388
140.439
140.481
140.512
140.538
140.558
140.573
140.583
140.589
140.592
140.592
140.59
140.586
140.58
140.572
140.564
140.554
140.543
140.532
140.52
140.507
140.493
140.48
134.777
135.562
136.277
136.897
137.444
137.924
138.344
138.712
139.033
139.313
139.556
139.768
139.952
140.11
140.246
140.363
140.462
140.546
140.616
140.674
140.721
140.757
140.786
140.809
140.825
140.837
140.843
140.847
140.846
140.843
140.838
140.83
140.821
140.81
140.798
140.784
140.77
140.755
140.739
140.722
140.705
134.767
135.575
136.312
136.949
137.514
138.011
138.448
138.832
139.171
139.467
139.727
139.955
140.153
140.326
140.475
140.604
140.714
140.808
140.886
140.951
141.004
141.045
141.078
141.104
141.122
141.134
141.141
141.144
141.143
141.139
141.132
141.122
141.11
141.097
141.081
141.065
141.047
141.028
141.008
140.987
140.967
134.758
135.595
136.358
137.017
137.603
138.121
138.577
138.981
139.339
139.654
139.933
140.178
140.393
140.581
140.745
140.887
141.009
141.114
141.201
141.274
141.334
141.379
141.416
141.444
141.464
141.477
141.485
141.487
141.485
141.479
141.47
141.457
141.442
141.425
141.406
141.386
141.364
141.341
141.316
141.291
141.266
134.748
135.62
136.416
137.101
137.712
138.253
138.733
139.16
139.539
139.876
140.174
140.439
140.673
140.878
141.058
141.215
141.35
141.466
141.564
141.645
141.712
141.761
141.802
141.834
141.855
141.869
141.876
141.878
141.874
141.866
141.853
141.838
141.819
141.798
141.775
141.75
141.723
141.694
141.665
141.634
141.603
134.739
135.653
136.486
137.202
137.843
138.411
138.917
139.369
139.773
140.134
140.455
140.741
140.996
141.22
141.418
141.591
141.741
141.869
141.978
142.068
142.142
142.197
142.241
142.275
142.299
142.313
142.319
142.319
142.313
142.302
142.286
142.266
142.243
142.217
142.189
142.158
142.125
142.091
142.055
142.017
141.981
134.732
135.693
136.569
137.321
137.996
138.596
139.132
139.613
140.044
140.431
140.778
141.088
141.365
141.611
141.828
142.018
142.184
142.326
142.447
142.547
142.628
142.688
142.737
142.774
142.798
142.812
142.817
142.815
142.806
142.791
142.771
142.746
142.718
142.686
142.651
142.613
142.573
142.532
142.489
142.444
142.399
134.725
135.741
136.667
137.461
138.174
138.81
139.38
139.893
140.355
140.772
141.147
141.484
141.786
142.055
142.293
142.503
142.686
142.843
142.976
143.087
143.177
143.242
143.295
143.334
143.359
143.372
143.375
143.37
143.357
143.337
143.311
143.28
143.245
143.206
143.163
143.118
143.07
143.02
142.968
142.914
142.861
134.721
135.799
136.781
137.622
138.379
139.056
139.664
140.213
140.711
141.16
141.566
141.933
142.262
142.557
142.819
143.05
143.252
143.425
143.573
143.695
143.793
143.864
143.92
143.961
143.986
143.997
143.998
143.988
143.97
143.944
143.912
143.873
143.829
143.782
143.73
143.675
143.617
143.557
143.495
143.431
143.368
134.721
135.869
136.913
137.809
138.616
139.338
139.989
140.579
141.115
141.602
142.042
142.441
142.802
143.125
143.413
143.667
143.89
144.081
144.243
144.377
144.484
144.561
144.62
144.662
144.686
144.695
144.691
144.676
144.651
144.617
144.576
144.528
144.474
144.416
144.353
144.287
144.217
144.145
144.071
143.995
143.92
134.724
135.951
137.067
138.024
138.886
139.66
140.359
140.995
141.574
142.102
142.581
143.017
143.411
143.766
144.083
144.363
144.608
144.819
144.997
145.144
145.26
145.341
145.403
145.445
145.467
145.471
145.462
145.439
145.405
145.361
145.309
145.249
145.183
145.112
145.036
144.956
144.872
144.786
144.698
144.608
144.518
134.732
136.049
137.245
138.27
139.196
140.028
140.781
141.468
142.096
142.67
143.192
143.668
144.101
144.491
144.839
145.148
145.418
145.65
145.845
146.004
146.129
146.215
146.278
146.319
146.336
146.335
146.316
146.284
146.238
146.182
146.116
146.042
145.96
145.873
145.78
145.684
145.584
145.481
145.376
145.268
145.162
134.748
136.165
137.451
138.554
139.551
140.448
141.262
142.007
142.689
143.315
143.885
144.407
144.882
145.311
145.694
146.034
146.331
146.586
146.799
146.972
147.105
147.194
147.257
147.293
147.304
147.293
147.264
147.218
147.157
147.085
147.001
146.908
146.808
146.701
146.589
146.472
146.352
146.229
146.103
145.976
145.849
134.773
136.302
137.69
138.88
139.957
140.927
141.811
142.62
143.364
144.048
144.672
145.245
145.767
146.24
146.662
147.037
147.363
147.642
147.874
148.06
148.201
148.291
148.35
148.38
148.381
148.357
148.312
148.248
148.168
148.074
147.969
147.853
147.729
147.598
147.462
147.321
147.176
147.028
146.879
146.727
146.577
134.809
136.465
137.968
139.257
140.424
141.477
142.438
143.321
144.135
144.884
145.569
146.199
146.775
147.296
147.762
148.174
148.532
148.837
149.089
149.287
149.433
149.52
149.573
149.592
149.578
149.536
149.469
149.382
149.276
149.156
149.022
148.878
148.724
148.563
148.397
148.226
148.052
147.875
147.697
147.518
147.34
134.86
136.659
138.291
139.692
140.961
142.109
143.158
144.125
145.017
145.84
146.595
147.289
147.925
148.5
149.014
149.468
149.861
150.193
150.463
150.672
150.82
150.901
150.942
150.944
150.908
150.839
150.744
150.626
150.487
150.332
150.162
149.981
149.791
149.594
149.391
149.184
148.974
148.763
148.55
148.338
148.128
134.929
136.89
138.668
140.197
141.583
142.838
143.988
145.049
146.032
146.939
147.772
148.54
149.243
149.879
150.447
150.946
151.376
151.735
152.023
152.239
152.384
152.451
152.472
152.448
152.382
152.278
152.144
151.985
151.803
151.603
151.388
151.161
150.925
150.683
150.435
150.184
149.932
149.679
149.426
149.174
148.926
135.021
137.167
139.112
140.786
142.305
143.683
144.948
146.119
147.204
148.208
149.131
149.982
150.762
151.466
152.093
152.642
153.111
153.497
153.799
154.017
154.149
154.193
154.184
154.122
154.012
153.86
153.675
153.46
153.222
152.965
152.692
152.408
152.116
151.817
151.515
151.211
150.908
150.605
150.305
150.008
149.717
135.143
137.499
139.635
141.476
143.149
144.668
146.066
147.363
148.567
149.683
150.708
151.655
152.522
153.303
153.996
154.597
155.105
155.516
155.827
156.036
156.144
156.15
156.094
155.978
155.807
155.59
155.335
155.049
154.738
154.407
154.062
153.706
153.343
152.977
152.609
152.242
151.878
151.518
151.163
150.814
150.473
135.302
137.901
140.257
142.292
144.141
145.824
147.377
148.821
150.163
151.409
152.553
153.609
154.575
155.443
156.207
156.863
157.409
157.838
158.147
158.334
158.397
158.343
158.219
158.026
157.772
157.466
157.119
156.739
156.334
155.91
155.474
155.029
154.58
154.131
153.685
153.244
152.809
152.383
151.966
151.558
151.162
135.508
138.39
141.001
143.261
145.316
147.192
148.927
150.543
152.048
153.445
154.727
155.909
156.988
157.952
158.792
159.504
160.082
160.517
160.807
160.947
160.938
160.792
160.569
160.269
159.899
159.474
159.005
158.505
157.98
157.439
156.89
156.336
155.784
155.237
154.699
154.171
153.656
153.155
152.669
152.198
151.743
135.775
138.987
141.898
144.424
146.723
148.827
150.778
152.598
154.296
155.872
157.315
158.642
159.849
160.918
161.838
162.6
163.196
163.618
163.859
163.916
163.79
163.508
163.144
162.692
162.167
161.584
160.958
160.302
159.627
158.942
158.255
157.571
156.897
156.236
155.592
154.968
154.364
153.781
153.221
152.683
152.168
136.12
139.725
142.991
145.834
148.425
150.803
153.013
155.079
157.008
158.796
160.428
161.924
163.274
164.455
165.45
166.248
166.838
167.209
167.354
167.271
166.963
166.482
165.918
165.261
164.528
163.739
162.912
162.062
161.202
160.342
159.492
158.657
157.842
157.053
156.292
155.562
154.863
154.196
153.561
152.956
152.383
136.567
140.643
144.339
147.566
150.511
153.223
155.75
158.116
160.325
162.368
164.222
165.909
167.416
168.708
169.763
170.567
171.103
171.36
171.333
171.023
170.441
169.673
168.834
167.9
166.896
165.844
164.766
163.68
162.6
161.537
160.499
159.493
158.525
157.597
156.713
155.874
155.079
154.328
153.622
152.956
152.333
137.144
141.801
146.023
149.725
153.108
156.235
159.156
161.894
164.448
166.798
168.911
170.812
172.479
173.866
174.942
175.687
176.085
176.125
175.807
175.142
174.153
172.982
171.772
170.478
169.129
167.754
166.376
165.014
163.683
162.392
161.151
159.964
158.835
157.766
156.759
155.815
154.931
154.106
153.339
152.625
151.966
137.896
143.28
148.165
152.468
156.408
160.063
163.485
166.692
169.674
172.395
174.804
176.93
178.74
180.17
181.179
181.746
181.857
181.51
180.719
179.515
177.941
176.223
174.533
172.788
171.022
169.268
167.549
165.883
164.283
162.756
161.307
159.941
158.657
157.456
156.338
155.302
154.344
153.462
152.653
151.911
151.238
138.866
145.179
150.914
155.994
160.657
164.996
169.064
172.868
176.38
179.534
182.258
184.585
186.464
187.811
188.578
188.751
188.332
187.341
185.822
183.839
181.471
179.053
176.78
174.511
172.279
170.117
168.045
166.076
164.216
162.468
160.833
159.31
157.895
156.587
155.382
154.279
153.272
152.357
151.531
150.789
150.131
140.122
147.578
154.378
160.434
166.008
171.207
176.077
180.605
184.729
188.337
191.325
193.735
195.499
196.513
196.74
196.193
194.91
192.96
190.438
187.457
184.135
180.937
178.053
175.258
172.583
170.052
167.676
165.458
163.395
161.483
159.715
158.084
156.584
155.209
153.954
152.817
151.789
150.868
150.054
149.338
148.727
141.639
150.456
158.523
165.739
172.402
178.617
184.418
189.753
194.503
198.486
201.569
203.816
205.148
205.466
204.772
203.14
200.677
197.521
193.831
189.77
185.491
181.571
178.162
174.941
171.927
169.134
166.557
164.185
162.006
160.006
158.172
156.492
154.956
153.554
152.282
151.136
150.109
149.2
148.412
147.738
147.191
143.347
153.793
163.374
171.976
179.935
187.34
194.187
200.362
205.659
209.807
212.668
214.357
214.813
213.984
211.96
208.912
205.041
200.563
195.691
190.624
185.523
181.04
177.259
173.759
170.542
167.608
164.937
162.505
160.288
158.268
156.423
154.739
153.202
151.802
150.532
149.391
148.372
147.479
146.717
146.088
145.609
145.194
157.596
168.985
179.242
188.728
197.495
205.455
212.4
218.017
221.94
224.094
224.699
223.764
221.343
217.66
213.008
207.679
201.943
196.041
190.171
184.475
179.635
175.65
172.016
168.721
165.752
163.075
160.654
158.459
156.464
154.646
152.986
151.469
150.084
148.824
147.689
146.676
145.79
145.045
144.449
144.033
147.13
161.887
175.439
187.657
198.911
209.17
218.204
225.67
231.163
234.265
235.095
234.045
231.249
226.923
221.447
215.22
208.583
201.818
195.148
188.743
182.7
177.697
173.65
170.001
166.723
163.795
161.171
158.807
156.669
154.727
152.956
151.334
149.847
148.482
147.234
146.102
145.084
144.193
143.445
142.861
142.49
149.082
166.689
182.823
197.348
210.59
222.365
232.232
239.71
244.383
245.92
244.802
241.633
236.697
230.393
223.238
215.676
208.031
200.548
193.406
186.72
180.544
175.526
171.52
167.935
164.735
161.892
159.354
157.073
155.009
153.133
151.417
149.84
148.385
147.04
145.8
144.665
143.634
142.722
141.95
141.352
140.995
150.968
172.03
191.237
208.428
223.796
236.898
247.048
253.729
256.708
255.967
252.467
246.97
239.889
231.799
223.294
214.763
206.457
198.563
191.2
184.435
178.276
173.342
169.438
165.961
162.871
160.135
157.698
155.507
153.524
151.716
150.057
148.523
147.099
145.772
144.537
143.394
142.342
141.396
140.578
139.939
139.554
152.707
177.961
200.802
220.983
238.419
252.309
261.829
266.686
267.13
263.667
257.699
249.975
241.001
231.513
222.082
212.958
204.298
196.234
188.835
182.122
176.073
171.276
167.504
164.156
161.188
158.565
156.23
154.13
152.225
150.483
148.877
147.384
145.987
144.675
143.442
142.288
141.209
140.223
139.34
138.636
138.169
154.229
184.565
211.652
235.014
254.097
267.785
275.478
277.525
274.915
268.741
260.576
250.944
240.474
230.053
220.103
210.687
201.896
193.828
186.508
179.923
174.032
169.396
165.767
162.551
159.704
157.191
154.954
152.94
151.107
149.425
147.867
146.41
145.038
143.738
142.505
141.338
140.231
139.2
138.241
137.457
136.837
155.499
191.965
223.898
250.316
270.097
282.199
286.875
285.517
279.865
271.425
261.527
250.363
238.833
227.92
217.764
208.258
199.48
191.51
184.334
177.914
172.201
167.73
164.241
161.151
158.419
156.008
153.861
151.923
150.155
148.527
147.011
145.586
144.233
142.944
141.71
140.53
139.395
138.321
137.28
136.407
135.557
156.511
200.328
237.548
266.353
285.345
294.406
295.29
290.523
282.332
272.288
261.085
248.716
236.547
225.5
215.339
205.863
197.188
189.373
182.369
176.128
170.593
166.282
162.924
159.949
157.319
155
152.932
151.062
149.352
147.77
146.291
144.892
143.557
142.276
141.04
139.849
138.687
137.574
136.453
135.489
134.332
157.328
209.832
252.388
282.212
298.647
303.605
300.587
292.931
282.955
271.937
259.703
246.402
233.982
223.06
212.996
203.617
195.098
187.461
180.636
174.57
169.205
165.041
161.8
158.927
156.387
154.148
152.15
150.338
148.677
147.135
145.687
144.311
142.991
141.716
140.478
139.276
138.093
136.944
135.751
134.698
133.168
158.006
220.4
267.641
296.572
308.966
309.52
303.124
293.411
282.404
270.885
257.742
243.763
231.42
220.764
210.836
201.588
193.243
185.787
179.132
173.23
168.018
163.986
160.849
158.068
155.607
153.437
151.499
149.738
148.119
146.611
145.189
143.832
142.524
141.254
140.014
138.803
137.602
136.424
135.17
134.033
132.086
158.534
231.562
282.221
308.367
315.963
312.536
303.637
292.726
281.278
269.523
255.481
241.106
229.078
218.706
208.9
199.799
191.629
184.34
177.841
172.085
167.01
163.091
160.036
157.329
154.937
152.828
150.942
149.225
147.642
146.164
144.766
143.426
142.128
140.864
139.624
138.407
137.192
135.99
134.693
133.482
131.089
157.375
243.24
295.935
317.599
320.171
313.445
302.887
291.451
279.967
268.101
253.062
238.615
227.161
217.067
207.338
198.37
190.357
183.211
176.841
171.205
166.238
162.443
159.462
156.809
154.467
152.402
150.553
148.867
147.31
145.851
144.468
143.139
141.848
140.587
139.346
138.123
136.897
135.677
134.351
133.094
130.27
159.602
256.586
307.471
323.006
321.638
312.497
300.677
288.964
277.634
265.733
249.484
234.892
224.143
214.529
205.043
196.321
188.557
181.638
175.473
170.022
165.215
161.508
158.652
156.09
153.824
151.826
150.036
148.397
146.88
145.453
144.095
142.784
141.507
140.254
139.015
137.791
136.559
135.323
133.977
132.683
129.712
139.88
139.878
139.876
139.874
139.872
139.869
139.866
139.863
139.86
139.857
139.853
139.849
139.845
139.84
139.835
139.829
139.823
139.817
139.81
139.802
139.793
139.784
139.774
139.764
139.752
139.739
139.725
139.71
139.694
139.676
139.657
139.635
139.612
139.587
139.56
139.53
139.498
139.463
139.425
139.384
139.34
139.292
139.24
139.184
139.125
139.06
138.992
138.919
138.841
138.758
138.671
138.579
138.483
138.382
138.277
138.168
138.055
137.939
137.821
137.701
137.579
137.456
137.333
137.21
137.089
136.969
136.851
136.736
136.625
136.519
136.418
136.321
136.237
136.147
139.933
139.932
139.93
139.928
139.925
139.922
139.919
139.916
139.912
139.908
139.904
139.9
139.895
139.89
139.884
139.878
139.871
139.864
139.856
139.847
139.838
139.828
139.817
139.805
139.792
139.778
139.763
139.746
139.728
139.708
139.687
139.664
139.639
139.612
139.582
139.55
139.516
139.479
139.438
139.395
139.348
139.298
139.244
139.186
139.124
139.058
138.987
138.912
138.833
138.749
138.661
138.568
138.471
138.369
138.264
138.155
138.043
137.928
137.81
137.69
137.569
137.447
137.324
137.202
137.081
136.962
136.845
136.73
136.62
136.513
136.412
136.315
136.235
136.133
140.007
140.006
140.005
140.002
139.999
139.996
139.993
139.99
139.986
139.982
139.977
139.973
139.967
139.962
139.956
139.949
139.942
139.934
139.926
139.916
139.906
139.895
139.884
139.871
139.857
139.842
139.825
139.807
139.788
139.767
139.744
139.719
139.692
139.663
139.631
139.597
139.561
139.521
139.478
139.432
139.382
139.329
139.272
139.211
139.146
139.077
139.003
138.925
138.842
138.756
138.664
138.569
138.469
138.365
138.257
138.146
138.032
137.915
137.796
137.675
137.552
137.429
137.307
137.184
137.063
136.944
136.827
136.713
136.603
136.497
136.397
136.3
136.221
136.106
140.13
140.129
140.127
140.124
140.121
140.118
140.114
140.111
140.107
140.102
140.097
140.092
140.086
140.08
140.073
140.066
140.058
140.049
140.039
140.029
140.017
140.005
139.992
139.977
139.961
139.944
139.926
139.905
139.883
139.86
139.834
139.806
139.776
139.743
139.708
139.669
139.628
139.584
139.537
139.486
139.431
139.373
139.311
139.245
139.174
139.1
139.021
138.938
138.85
138.759
138.663
138.563
138.459
138.352
138.241
138.127
138.01
137.892
137.771
137.649
137.526
137.403
137.28
137.157
137.037
136.918
136.802
136.69
136.581
136.476
136.377
136.279
136.202
136.074
140.28
140.279
140.278
140.275
140.271
140.267
140.263
140.259
140.254
140.249
140.244
140.238
140.231
140.224
140.216
140.208
140.199
140.189
140.178
140.166
140.153
140.139
140.123
140.107
140.088
140.069
140.047
140.024
139.999
139.972
139.942
139.91
139.876
139.839
139.799
139.756
139.709
139.66
139.607
139.55
139.489
139.425
139.356
139.284
139.207
139.126
139.041
138.951
138.858
138.76
138.659
138.554
138.445
138.334
138.219
138.102
137.983
137.862
137.739
137.616
137.492
137.369
137.246
137.125
137.005
136.887
136.773
136.661
136.554
136.45
136.353
136.255
136.18
136.042
140.469
140.467
140.466
140.462
140.458
140.454
140.449
140.444
140.439
140.433
140.426
140.419
140.411
140.403
140.394
140.384
140.373
140.361
140.348
140.334
140.319
140.302
140.284
140.264
140.243
140.22
140.195
140.168
140.138
140.107
140.072
140.035
139.995
139.952
139.906
139.857
139.804
139.748
139.687
139.623
139.555
139.483
139.407
139.326
139.242
139.153
139.06
138.963
138.863
138.759
138.651
138.54
138.426
138.31
138.191
138.071
137.948
137.825
137.701
137.577
137.453
137.329
137.207
137.086
136.968
136.852
136.739
136.629
136.523
136.421
136.326
136.228
136.156
136.012
140.691
140.689
140.687
140.683
140.678
140.673
140.667
140.661
140.655
140.647
140.64
140.631
140.622
140.612
140.601
140.589
140.576
140.561
140.546
140.529
140.511
140.491
140.469
140.446
140.421
140.393
140.363
140.331
140.296
140.259
140.219
140.175
140.129
140.079
140.025
139.968
139.907
139.842
139.774
139.701
139.624
139.543
139.458
139.368
139.275
139.178
139.076
138.972
138.863
138.752
138.637
138.52
138.401
138.28
138.157
138.032
137.907
137.782
137.656
137.531
137.407
137.284
137.162
137.043
136.926
136.812
136.701
136.593
136.49
136.39
136.297
136.2
136.129
135.988
140.949
140.947
140.944
140.939
140.933
140.927
140.92
140.913
140.904
140.896
140.886
140.876
140.864
140.852
140.839
140.824
140.808
140.791
140.772
140.751
140.729
140.705
140.679
140.651
140.62
140.587
140.551
140.513
140.472
140.427
140.379
140.328
140.273
140.215
140.153
140.086
140.016
139.942
139.863
139.78
139.693
139.602
139.507
139.407
139.304
139.198
139.087
138.974
138.857
138.738
138.617
138.493
138.368
138.242
138.115
137.988
137.86
137.733
137.606
137.48
137.356
137.234
137.114
136.996
136.881
136.769
136.66
136.555
136.454
136.357
136.266
136.172
136.102
135.968
141.244
141.241
141.237
141.231
141.223
141.215
141.207
141.198
141.188
141.177
141.165
141.152
141.138
141.123
141.106
141.088
141.068
141.047
141.024
140.999
140.972
140.942
140.911
140.876
140.839
140.799
140.757
140.71
140.661
140.608
140.551
140.491
140.426
140.358
140.285
140.208
140.127
140.042
139.952
139.858
139.759
139.657
139.551
139.441
139.327
139.21
139.091
138.968
138.843
138.717
138.588
138.459
138.329
138.198
138.067
137.937
137.807
137.678
137.551
137.425
137.301
137.18
137.061
136.945
136.832
136.723
136.617
136.515
136.417
136.322
136.234
136.143
136.074
135.952
141.577
141.573
141.568
141.56
141.55
141.54
141.53
141.518
141.505
141.492
141.477
141.461
141.443
141.424
141.403
141.381
141.357
141.33
141.302
141.271
141.237
141.202
141.163
141.121
141.076
141.028
140.976
140.921
140.861
140.798
140.731
140.66
140.584
140.504
140.419
140.33
140.237
140.139
140.036
139.93
139.819
139.705
139.587
139.466
139.341
139.214
139.085
138.953
138.821
138.686
138.552
138.416
138.281
138.146
138.012
137.88
137.748
137.619
137.491
137.366
137.243
137.123
137.006
136.892
136.782
136.675
136.572
136.473
136.378
136.286
136.201
136.114
136.046
135.939
141.95
141.943
141.937
141.926
141.914
141.901
141.888
141.873
141.857
141.84
141.821
141.801
141.779
141.755
141.729
141.701
141.671
141.638
141.603
141.565
141.524
141.48
141.433
141.382
141.327
141.269
141.207
141.14
141.069
140.994
140.915
140.831
140.742
140.648
140.55
140.448
140.341
140.229
140.113
139.993
139.87
139.743
139.613
139.48
139.345
139.207
139.068
138.928
138.788
138.647
138.506
138.366
138.226
138.088
137.952
137.817
137.685
137.555
137.428
137.304
137.182
137.064
136.949
136.838
136.73
136.626
136.526
136.43
136.338
136.25
136.168
136.085
136.017
135.926
142.363
142.354
142.345
142.331
142.316
142.3
142.283
142.264
142.244
142.222
142.199
142.173
142.145
142.115
142.083
142.048
142.01
141.97
141.926
141.879
141.829
141.775
141.717
141.655
141.589
141.519
141.444
141.365
141.281
141.192
141.098
140.999
140.896
140.788
140.675
140.557
140.435
140.309
140.179
140.045
139.908
139.768
139.626
139.482
139.336
139.188
139.04
138.892
138.744
138.597
138.451
138.307
138.164
138.023
137.885
137.75
137.617
137.488
137.362
137.239
137.119
137.003
136.891
136.783
136.678
136.577
136.48
136.387
136.298
136.214
136.134
136.056
135.989
135.913
142.818
142.806
142.794
142.776
142.757
142.736
142.715
142.691
142.665
142.638
142.608
142.575
142.541
142.503
142.463
142.419
142.372
142.322
142.268
142.21
142.149
142.083
142.012
141.938
141.858
141.774
141.684
141.59
141.491
141.386
141.276
141.162
141.042
140.917
140.788
140.655
140.517
140.376
140.231
140.083
139.932
139.779
139.625
139.469
139.313
139.156
139
138.845
138.691
138.538
138.388
138.24
138.095
137.953
137.814
137.678
137.546
137.418
137.293
137.172
137.055
136.942
136.832
136.727
136.625
136.527
136.434
136.344
136.258
136.177
136.101
136.027
135.962
135.898
143.316
143.3
143.284
143.262
143.237
143.211
143.183
143.153
143.12
143.085
143.047
143.007
142.963
142.916
142.866
142.812
142.754
142.692
142.625
142.555
142.479
142.399
142.314
142.224
142.129
142.028
141.922
141.811
141.694
141.572
141.445
141.312
141.175
141.033
140.887
140.736
140.582
140.425
140.265
140.103
139.939
139.774
139.608
139.442
139.276
139.111
138.948
138.786
138.627
138.47
138.317
138.167
138.02
137.877
137.738
137.603
137.472
137.345
137.223
137.104
136.99
136.879
136.773
136.671
136.572
136.478
136.388
136.301
136.219
136.141
136.067
135.998
135.934
135.882
143.859
143.838
143.816
143.787
143.756
143.722
143.687
143.649
143.607
143.563
143.515
143.464
143.41
143.351
143.289
143.222
143.15
143.074
142.993
142.907
142.816
142.719
142.617
142.509
142.395
142.276
142.151
142.021
141.885
141.744
141.598
141.446
141.29
141.13
140.966
140.798
140.628
140.455
140.28
140.104
139.928
139.751
139.574
139.399
139.225
139.053
138.883
138.717
138.554
138.394
138.239
138.087
137.94
137.797
137.659
137.525
137.396
137.272
137.152
137.036
136.924
136.817
136.714
136.615
136.52
136.429
136.342
136.259
136.18
136.105
136.035
135.969
135.907
135.864
144.446
144.418
144.389
144.352
144.312
144.27
144.225
144.176
144.124
144.068
144.009
143.945
143.877
143.804
143.727
143.644
143.557
143.464
143.365
143.261
143.151
143.035
142.913
142.785
142.652
142.512
142.366
142.215
142.059
141.897
141.73
141.559
141.384
141.205
141.023
140.838
140.652
140.464
140.275
140.086
139.897
139.71
139.524
139.341
139.16
138.982
138.808
138.638
138.472
138.31
138.154
138.002
137.856
137.714
137.577
137.446
137.319
137.197
137.08
136.967
136.859
136.755
136.656
136.56
136.469
136.381
136.297
136.217
136.142
136.07
136.002
135.94
135.881
135.845
145.077
145.04
145.001
144.955
144.904
144.85
144.793
144.732
144.666
144.597
144.522
144.443
144.358
144.269
144.174
144.073
143.966
143.853
143.735
143.61
143.478
143.341
143.197
143.047
142.89
142.728
142.56
142.387
142.208
142.025
141.838
141.646
141.451
141.254
141.054
140.853
140.651
140.449
140.247
140.047
139.848
139.651
139.458
139.268
139.081
138.899
138.722
138.55
138.382
138.22
138.064
137.913
137.768
137.628
137.494
137.365
137.241
137.122
137.009
136.899
136.795
136.695
136.598
136.506
136.418
136.334
136.254
136.177
136.104
136.036
135.971
135.912
135.855
135.825
145.749
145.701
145.65
145.591
145.527
145.459
145.387
145.31
145.228
145.142
145.049
144.951
144.847
144.738
144.622
144.499
144.37
144.235
144.093
143.944
143.789
143.627
143.459
143.285
143.104
142.918
142.727
142.53
142.329
142.124
141.915
141.704
141.49
141.275
141.058
140.842
140.626
140.411
140.198
139.987
139.78
139.576
139.376
139.181
138.991
138.806
138.627
138.454
138.287
138.125
137.97
137.821
137.678
137.541
137.41
137.284
137.163
137.048
136.938
136.832
136.732
136.635
136.542
136.454
136.369
136.288
136.211
136.138
136.068
136.002
135.94
135.885
135.829
135.804
146.459
146.396
146.331
146.256
146.175
146.09
146
145.904
145.802
145.695
145.581
145.461
145.334
145.201
145.061
144.914
144.76
144.599
144.431
144.256
144.075
143.887
143.692
143.492
143.286
143.075
142.86
142.64
142.416
142.189
141.96
141.729
141.498
141.266
141.034
140.804
140.575
140.349
140.127
139.908
139.694
139.484
139.28
139.082
138.89
138.704
138.525
138.352
138.186
138.026
137.873
137.727
137.587
137.453
137.325
137.203
137.086
136.975
136.868
136.767
136.67
136.577
136.488
136.403
136.322
136.244
136.17
136.1
136.033
135.97
135.911
135.858
135.804
135.783
147.2
147.119
147.035
146.941
146.84
146.733
146.621
146.503
146.377
146.245
146.107
145.961
145.807
145.647
145.48
145.305
145.123
144.933
144.737
144.534
144.325
144.109
143.888
143.661
143.429
143.193
142.953
142.71
142.465
142.218
141.969
141.721
141.473
141.226
140.981
140.739
140.5
140.265
140.035
139.811
139.592
139.379
139.172
138.973
138.78
138.594
138.416
138.245
138.081
137.925
137.775
137.632
137.495
137.365
137.241
137.123
137.01
136.903
136.8
136.703
136.609
136.52
136.435
136.353
136.276
136.201
136.13
136.063
135.999
135.939
135.882
135.832
135.78
135.762
147.962
147.859
147.752
147.634
147.508
147.377
147.238
147.093
146.94
146.78
146.612
146.436
146.254
146.063
145.865
145.66
145.447
145.228
145.002
144.769
144.531
144.287
144.038
143.785
143.528
143.267
143.004
142.739
142.474
142.207
141.942
141.677
141.415
141.156
140.9
140.648
140.402
140.16
139.925
139.697
139.475
139.261
139.054
138.854
138.663
138.479
138.303
138.135
137.974
137.821
137.675
137.536
137.404
137.278
137.158
137.044
136.936
136.833
136.734
136.64
136.551
136.465
136.384
136.306
136.231
136.16
136.092
136.027
135.966
135.909
135.854
135.807
135.757
135.741
148.731
148.601
148.466
148.32
148.165
148.003
147.835
147.658
147.473
147.281
147.081
146.872
146.657
146.434
146.203
145.966
145.721
145.47
145.214
144.951
144.684
144.412
144.137
143.858
143.577
143.293
143.009
142.725
142.441
142.158
141.878
141.6
141.326
141.057
140.793
140.534
140.282
140.037
139.799
139.569
139.346
139.132
138.926
138.729
138.54
138.359
138.187
138.023
137.866
137.717
137.576
137.441
137.314
137.192
137.077
136.967
136.863
136.764
136.67
136.58
136.494
136.413
136.334
136.26
136.188
136.12
136.055
135.993
135.935
135.88
135.827
135.783
135.734
135.721
149.487
149.325
149.157
148.977
148.789
148.593
148.389
148.177
147.958
147.73
147.494
147.251
147.001
146.743
146.479
146.208
145.932
145.65
145.363
145.072
144.777
144.479
144.179
143.877
143.573
143.27
142.967
142.666
142.367
142.07
141.778
141.49
141.208
140.931
140.662
140.399
140.144
139.897
139.659
139.429
139.208
138.996
138.793
138.599
138.414
138.237
138.069
137.909
137.758
137.614
137.477
137.348
137.225
137.108
136.998
136.893
136.793
136.698
136.608
136.522
136.44
136.362
136.287
136.216
136.147
136.082
136.02
135.961
135.905
135.852
135.802
135.76
135.712
135.701
150.203
150.005
149.798
149.581
149.354
149.12
148.878
148.628
148.371
148.105
147.833
147.554
147.268
146.976
146.679
146.377
146.069
145.758
145.443
145.126
144.806
144.484
144.162
143.84
143.518
143.197
142.879
142.564
142.253
141.947
141.646
141.351
141.063
140.782
140.51
140.245
139.99
139.744
139.507
139.28
139.062
138.853
138.655
138.465
138.285
138.113
137.951
137.796
137.65
137.511
137.38
137.256
137.138
137.026
136.921
136.82
136.725
136.634
136.548
136.466
136.388
136.313
136.242
136.174
136.108
136.046
135.986
135.93
135.876
135.825
135.777
135.737
135.69
135.682
150.848
150.607
150.359
150.099
149.832
149.557
149.275
148.985
148.689
148.386
148.077
147.763
147.444
147.12
146.792
146.46
146.126
145.788
145.449
145.109
144.768
144.427
144.086
143.748
143.411
143.078
142.748
142.423
142.103
141.79
141.484
141.185
140.894
140.613
140.34
140.077
139.823
139.58
139.347
139.123
138.91
138.707
138.514
138.33
138.155
137.99
137.833
137.684
137.544
137.411
137.285
137.166
137.054
136.947
136.846
136.75
136.66
136.573
136.491
136.413
136.338
136.267
136.199
136.133
136.071
136.011
135.954
135.9
135.848
135.8
135.753
135.715
135.67
135.664
151.381
151.095
150.801
150.498
150.188
149.872
149.55
149.222
148.889
148.551
148.209
147.864
147.515
147.163
146.809
146.453
146.096
145.738
145.38
145.022
144.664
144.309
143.955
143.604
143.257
142.914
142.577
142.246
141.922
141.605
141.296
140.997
140.707
140.426
140.156
139.896
139.647
139.408
139.18
138.963
138.755
138.558
138.371
138.194
138.026
137.867
137.717
137.574
137.44
137.313
137.193
137.079
136.972
136.871
136.774
136.683
136.597
136.514
136.436
136.362
136.29
136.222
136.157
136.095
136.035
135.978
135.923
135.871
135.822
135.776
135.731
135.695
135.65
135.646
151.756
151.425
151.086
150.74
150.389
150.035
149.676
149.315
148.95
148.583
148.215
147.845
147.473
147.101
146.728
146.356
145.983
145.61
145.239
144.868
144.5
144.135
143.772
143.414
143.06
142.713
142.372
142.038
141.712
141.395
141.088
140.79
140.503
140.227
139.961
139.707
139.463
139.231
139.01
138.799
138.599
138.409
138.23
138.059
137.899
137.746
137.603
137.467
137.339
137.218
137.104
136.996
136.894
136.797
136.706
136.619
136.537
136.458
136.384
136.313
136.245
136.18
136.118
136.058
136.001
135.947
135.894
135.844
135.797
135.753
135.709
135.675
135.632
135.629
151.922
151.55
151.171
150.787
150.403
150.017
149.631
149.245
148.859
148.473
148.088
147.703
147.319
146.936
146.553
146.171
145.791
145.411
145.032
144.656
144.282
143.912
143.545
143.184
142.828
142.479
142.137
141.804
141.48
141.166
140.862
140.57
140.288
140.018
139.759
139.512
139.276
139.051
138.838
138.635
138.443
138.261
138.09
137.927
137.773
137.629
137.492
137.363
137.241
137.126
137.018
136.915
136.818
136.727
136.64
136.558
136.479
136.405
136.334
136.266
136.202
136.14
136.081
136.024
135.969
135.917
135.866
135.819
135.773
135.731
135.689
135.656
135.614
135.613
151.831
151.426
151.017
150.608
150.202
149.799
149.399
149.002
148.608
148.218
147.83
147.444
147.059
146.676
146.294
145.912
145.531
145.151
144.772
144.395
144.02
143.649
143.282
142.92
142.566
142.218
141.88
141.55
141.231
140.922
140.625
140.339
140.064
139.802
139.552
139.313
139.086
138.871
138.666
138.472
138.289
138.116
137.952
137.797
137.652
137.514
137.384
137.262
137.147
137.038
136.935
136.838
136.746
136.659
136.577
136.499
136.425
136.354
136.287
136.222
136.161
136.102
136.045
135.991
135.938
135.888
135.84
135.794
135.75
135.71
135.669
135.638
135.597
135.597
151.435
151.015
150.596
150.179
149.769
149.369
148.975
148.588
148.207
147.829
147.455
147.083
146.711
146.34
145.967
145.594
145.219
144.844
144.469
144.095
143.723
143.354
142.99
142.632
142.281
141.938
141.604
141.281
140.968
140.667
140.378
140.101
139.836
139.583
139.343
139.114
138.897
138.691
138.496
138.312
138.138
137.973
137.818
137.672
137.534
137.403
137.281
137.165
137.056
136.953
136.856
136.764
136.677
136.595
136.517
136.443
136.373
136.306
136.242
136.18
136.122
136.066
136.011
135.959
135.909
135.861
135.815
135.771
135.728
135.69
135.651
135.621
135.58
135.582
150.699
150.289
149.887
149.489
149.104
148.733
148.373
148.021
147.675
147.332
146.99
146.647
146.301
145.95
145.596
145.236
144.873
144.506
144.138
143.769
143.402
143.037
142.678
142.324
141.979
141.643
141.316
141.001
140.697
140.406
140.127
139.86
139.606
139.364
139.134
138.916
138.71
138.515
138.33
138.155
137.99
137.835
137.688
137.55
137.42
137.297
137.181
137.072
136.969
136.872
136.781
136.694
136.612
136.534
136.46
136.39
136.324
136.26
136.199
136.141
136.085
136.031
135.98
135.93
135.882
135.836
135.791
135.749
135.708
135.671
135.633
135.605
135.565
135.568
149.612
149.247
148.898
148.555
148.23
147.924
147.63
147.343
147.057
146.77
146.477
146.176
145.864
145.541
145.208
144.865
144.513
144.155
143.794
143.43
143.068
142.708
142.354
142.007
141.669
141.341
141.023
140.718
140.424
140.144
139.876
139.621
139.378
139.148
138.93
138.723
138.528
138.343
138.169
138.004
137.849
137.702
137.564
137.434
137.311
137.196
137.087
136.984
136.887
136.796
136.709
136.628
136.55
136.477
136.407
136.341
136.277
136.217
136.159
136.103
136.05
135.999
135.95
135.902
135.856
135.812
135.769
135.728
135.689
135.653
135.616
135.59
135.55
135.554
148.26
147.977
147.722
147.474
147.247
147.042
146.847
146.65
146.446
146.229
145.993
145.738
145.462
145.165
144.85
144.519
144.175
143.823
143.465
143.105
142.746
142.391
142.043
141.702
141.371
141.051
140.744
140.448
140.166
139.897
139.64
139.397
139.166
138.948
138.741
138.545
138.36
138.186
138.021
137.866
137.719
137.581
137.451
137.328
137.213
137.104
137.001
136.904
136.813
136.726
136.645
136.567
136.494
136.424
136.358
136.295
136.235
136.177
136.122
136.069
136.018
135.969
135.922
135.876
135.832
135.789
135.748
135.709
135.67
135.636
135.6
135.575
135.536
135.542
146.798
146.631
146.505
146.386
146.291
146.216
146.14
146.049
145.932
145.786
145.604
145.388
145.138
144.858
144.552
144.226
143.884
143.532
143.175
142.815
142.458
142.107
141.762
141.428
141.104
140.792
140.494
140.208
139.936
139.677
139.432
139.199
138.979
138.771
138.575
138.389
138.214
138.048
137.892
137.745
137.606
137.475
137.352
137.236
137.126
137.023
136.926
136.834
136.747
136.665
136.587
136.514
136.444
136.378
136.315
136.254
136.197
136.142
136.089
136.038
135.989
135.942
135.897
135.853
135.81
135.769
135.729
135.691
135.654
135.62
135.585
135.561
135.523
135.529
145.307
145.282
145.319
145.363
145.429
145.504
145.561
145.578
145.546
145.46
145.321
145.13
144.894
144.619
144.313
143.983
143.637
143.281
142.921
142.56
142.203
141.854
141.513
141.184
140.867
140.563
140.273
139.996
139.734
139.485
139.249
139.026
138.816
138.617
138.429
138.252
138.086
137.928
137.779
137.639
137.507
137.383
137.265
137.155
137.05
136.952
136.859
136.772
136.689
136.611
136.537
136.467
136.4
136.336
136.276
136.218
136.163
136.11
136.059
136.01
135.963
135.918
135.874
135.831
135.79
135.75
135.711
135.674
135.638
135.605
135.571
135.548
135.51
135.518
143.824
143.968
144.203
144.444
144.696
144.937
145.129
145.249
145.288
145.249
145.134
144.954
144.718
144.437
144.122
143.783
143.428
143.065
142.7
142.337
141.979
141.631
141.294
140.97
140.659
140.362
140.079
139.811
139.557
139.317
139.09
138.875
138.673
138.483
138.303
138.134
137.974
137.823
137.681
137.547
137.421
137.302
137.19
137.084
136.984
136.89
136.801
136.717
136.638
136.563
136.492
136.425
136.361
136.3
136.241
136.186
136.133
136.082
136.033
135.985
135.94
135.895
135.853
135.811
135.771
135.732
135.695
135.659
135.623
135.592
135.558
135.536
135.498
135.507
142.37
142.709
143.181
143.654
144.114
144.525
144.846
145.053
145.146
145.133
145.027
144.842
144.594
144.299
143.969
143.617
143.251
142.879
142.508
142.142
141.784
141.437
141.103
140.782
140.477
140.186
139.91
139.649
139.403
139.17
138.951
138.744
138.55
138.366
138.193
138.031
137.877
137.732
137.596
137.467
137.346
137.231
137.123
137.022
136.926
136.835
136.75
136.669
136.593
136.521
136.452
136.387
136.325
136.267
136.21
136.157
136.105
136.056
136.008
135.962
135.918
135.875
135.834
135.793
135.754
135.716
135.679
135.644
135.61
135.579
135.546
135.525
135.487
135.496
140.948
141.51
142.264
143.006
143.686
144.263
144.696
144.972
145.097
145.091
144.977
144.776
144.509
144.193
143.846
143.478
143.1
142.719
142.342
141.972
141.613
141.267
140.936
140.62
140.319
140.034
139.764
139.509
139.269
139.043
138.831
138.63
138.442
138.265
138.098
137.941
137.792
137.653
137.521
137.397
137.28
137.169
137.065
136.967
136.874
136.787
136.705
136.627
136.553
136.483
136.417
136.354
136.294
136.237
136.182
136.13
136.08
136.032
135.986
135.941
135.898
135.856
135.816
135.777
135.738
135.701
135.665
135.631
135.597
135.567
135.535
135.514
135.477
135.486
139.559
140.375
141.459
142.503
143.406
144.131
144.658
144.979
145.115
145.1
144.967
144.742
144.45
144.112
143.744
143.36
142.97
142.581
142.198
141.825
141.465
141.12
140.791
140.478
140.182
139.901
139.637
139.388
139.154
138.933
138.726
138.532
138.349
138.177
138.015
137.862
137.719
137.583
137.456
137.335
137.222
137.115
137.014
136.919
136.829
136.744
136.664
136.589
136.517
136.449
136.385
136.324
136.266
136.21
136.157
136.106
136.058
136.011
135.966
135.922
135.88
135.839
135.8
135.761
135.724
135.687
135.652
135.618
135.585
135.555
135.524
135.504
135.467
135.477
138.206
139.3
140.769
142.144
143.256
144.107
144.704
145.047
145.177
145.142
144.981
144.727
144.408
144.047
143.66
143.261
142.859
142.462
142.073
141.698
141.337
140.993
140.666
140.356
140.063
139.787
139.527
139.283
139.053
138.838
138.636
138.446
138.268
138.1
137.942
137.794
137.654
137.523
137.398
137.281
137.171
137.067
136.968
136.876
136.789
136.706
136.628
136.555
136.485
136.419
136.356
136.297
136.24
136.186
136.134
136.085
136.037
135.991
135.947
135.905
135.863
135.823
135.785
135.747
135.71
135.674
135.64
135.606
135.574
135.545
135.514
135.494
135.457
135.468
136.903
138.283
140.194
141.919
143.211
144.164
144.808
145.154
145.265
145.201
145.009
144.724
144.378
143.994
143.589
143.176
142.763
142.359
141.966
141.588
141.227
140.883
140.558
140.25
139.96
139.688
139.432
139.191
138.966
138.755
138.557
138.371
138.197
138.033
137.879
137.734
137.598
137.469
137.348
137.233
137.126
137.024
136.928
136.838
136.753
136.672
136.596
136.524
136.456
136.392
136.331
136.272
136.217
136.164
136.113
136.065
136.018
135.974
135.93
135.889
135.848
135.809
135.771
135.733
135.697
135.662
135.628
135.595
135.563
135.535
135.504
135.485
135.448
135.459
135.669
137.318
139.738
141.808
143.247
144.278
144.948
145.282
145.365
145.268
145.043
144.728
144.356
143.951
143.529
143.103
142.681
142.27
141.873
141.493
141.131
140.788
140.464
140.159
139.871
139.602
139.349
139.112
138.89
138.683
138.488
138.306
138.135
137.975
137.824
137.682
137.548
137.422
137.303
137.191
137.086
136.986
136.892
136.804
136.721
136.642
136.567
136.497
136.43
136.367
136.307
136.25
136.196
136.144
136.094
136.047
136.001
135.957
135.915
135.874
135.834
135.795
135.758
135.721
135.686
135.651
135.617
135.585
135.554
135.525
135.495
135.476
135.44
135.451
134.525
136.401
139.397
141.786
143.337
144.426
145.105
145.416
145.467
145.336
145.078
144.734
144.339
143.914
143.477
143.04
142.61
142.193
141.793
141.411
141.048
140.706
140.383
140.079
139.794
139.527
139.277
139.043
138.825
138.62
138.428
138.249
138.081
137.923
137.775
137.635
137.504
137.38
137.264
137.154
137.05
136.952
136.86
136.774
136.692
136.614
136.541
136.472
136.407
136.345
136.286
136.23
136.177
136.126
136.077
136.03
135.985
135.942
135.9
135.86
135.821
135.783
135.746
135.71
135.675
135.64
135.607
135.576
135.544
135.516
135.486
135.468
135.432
135.443
133.477
135.537
139.171
141.831
143.463
144.593
145.265
145.548
145.565
145.401
145.112
144.742
144.325
143.883
143.433
142.986
142.549
142.127
141.724
141.34
140.977
140.635
140.313
140.011
139.728
139.463
139.215
138.983
138.767
138.565
138.376
138.199
138.033
137.878
137.732
137.595
137.465
137.343
137.229
137.12
137.018
136.922
136.832
136.746
136.666
136.59
136.518
136.45
136.386
136.325
136.267
136.211
136.159
136.109
136.061
136.015
135.97
135.928
135.887
135.847
135.808
135.771
135.734
135.699
135.664
135.631
135.598
135.566
135.536
135.508
135.478
135.46
135.424
135.436
132.507
134.734
139.035
141.913
143.61
144.765
145.421
145.672
145.657
145.461
145.143
144.75
144.314
143.857
143.395
142.939
142.496
142.07
141.664
141.278
140.915
140.573
140.252
139.951
139.669
139.406
139.16
138.931
138.717
138.516
138.33
138.155
137.991
137.838
137.694
137.558
137.431
137.31
137.197
137.09
136.99
136.895
136.806
136.721
136.642
136.567
136.496
136.429
136.366
136.306
136.249
136.195
136.143
136.093
136.046
136.001
135.957
135.915
135.874
135.835
135.797
135.76
135.724
135.689
135.655
135.621
135.589
135.558
135.527
135.5
135.471
135.453
135.417
135.429
131.568
134.08
138.996
142.019
143.765
144.932
145.566
145.786
145.74
145.514
145.171
144.757
144.304
143.834
143.362
142.899
142.45
142.02
141.612
141.225
140.861
140.519
140.199
139.899
139.618
139.357
139.112
138.885
138.672
138.474
138.289
138.116
137.954
137.802
137.66
137.526
137.4
137.281
137.169
137.063
136.964
136.87
136.782
136.699
136.621
136.547
136.477
136.411
136.348
136.289
136.233
136.179
136.128
136.079
136.032
135.987
135.944
135.903
135.863
135.824
135.786
135.75
135.714
135.679
135.646
135.613
135.581
135.55
135.52
135.493
135.464
135.446
135.411
135.423
130.429
133.502
138.989
142.139
143.922
145.088
145.697
145.889
145.813
145.561
145.196
144.764
144.296
143.814
143.334
142.864
142.41
141.977
141.567
141.179
140.814
140.472
140.152
139.853
139.574
139.313
139.07
138.844
138.633
138.436
138.253
138.081
137.921
137.77
137.629
137.497
137.372
137.254
137.143
137.039
136.941
136.848
136.761
136.679
136.601
136.528
136.459
136.394
136.332
136.273
136.217
136.164
136.114
136.066
136.02
135.975
135.933
135.892
135.852
135.814
135.776
135.74
135.705
135.671
135.637
135.605
135.573
135.542
135.512
135.486
135.457
135.439
135.404
135.416
129.433
133.377
139.005
142.246
144.071
145.231
145.815
145.979
145.878
145.602
145.218
144.769
144.289
143.797
143.309
142.834
142.376
141.94
141.527
141.139
140.773
140.431
140.112
139.813
139.535
139.275
139.033
138.808
138.598
138.403
138.22
138.05
137.891
137.742
137.602
137.47
137.347
137.23
137.12
137.017
136.92
136.828
136.741
136.66
136.583
136.511
136.443
136.378
136.317
136.259
136.204
136.151
136.101
136.053
136.008
135.964
135.922
135.881
135.842
135.804
135.767
135.731
135.696
135.662
135.629
135.597
135.565
135.535
135.505
135.479
135.45
135.433
135.398
135.411
)
;

boundaryField
{
    inlet
    {
        type            freestreamPressure;
        value           nonuniform List<scalar> 
230
(
130.996
131
131.006
131.013
131.021
131.029
131.038
131.047
131.056
131.066
131.077
131.088
131.099
131.112
131.125
131.138
131.153
131.168
131.184
131.201
131.219
131.238
131.258
131.28
131.302
131.326
131.351
131.378
131.406
131.436
131.467
131.501
131.536
131.573
131.612
131.654
131.698
131.744
131.793
131.844
131.899
131.955
132.015
132.078
132.143
132.211
132.283
132.357
132.433
132.513
132.594
132.678
132.764
132.852
132.941
133.03
133.12
133.21
133.3
133.388
133.474
133.558
133.638
133.715
133.787
133.854
133.915
133.969
134.015
134.054
134.082
134.104
134.109
134.136
133.999
133.244
132.593
132.043
131.589
131.221
130.93
130.703
130.532
130.408
130.322
130.268
130.241
130.236
130.247
130.271
130.303
130.342
130.383
130.425
130.467
130.507
130.546
130.584
130.62
130.654
130.687
130.718
130.747
130.774
130.8
130.824
130.847
130.868
130.888
130.907
130.924
130.941
130.956
130.971
130.985
134.83
135.611
136.31
136.92
137.445
137.891
138.267
138.582
138.844
139.061
139.239
139.386
139.505
139.603
139.681
139.744
139.794
139.833
139.863
139.887
139.904
139.916
139.925
139.931
139.934
139.935
139.935
139.934
139.931
139.928
139.925
139.921
139.917
139.912
139.908
139.904
139.9
139.895
139.891
139.887
139.883
139.88
139.878
139.876
139.874
139.872
139.869
139.866
139.863
139.86
139.857
139.853
139.849
139.845
139.84
139.835
139.829
139.823
139.817
139.81
139.802
139.793
139.784
139.774
139.764
139.752
139.739
139.725
139.71
139.694
139.676
139.657
139.635
139.612
139.587
139.56
139.53
139.498
139.463
139.425
139.384
139.34
139.292
139.24
139.184
139.125
139.06
138.992
138.919
138.841
138.758
138.671
138.579
138.483
138.382
138.277
138.168
138.055
137.939
137.821
137.701
137.579
137.456
137.333
137.21
137.089
136.969
136.851
136.736
136.625
136.519
136.418
136.321
136.237
136.147
)
;
    }
    outlet
    {
        type            freestreamPressure;
        value           nonuniform List<scalar> 
96
(
135.405
135.399
135.393
135.386
135.379
135.371
135.363
135.355
135.346
135.337
135.327
135.316
135.305
135.293
135.28
135.267
135.253
135.239
135.224
135.208
135.191
135.174
135.157
135.139
135.122
135.104
135.088
135.074
135.064
135.062
135.072
135.09
135.09
135.027
134.868
134.639
134.426
134.307
134.289
134.318
134.338
134.329
134.301
134.267
134.234
134.201
134.177
134.136
136.147
136.133
136.106
136.074
136.042
136.012
135.988
135.968
135.952
135.939
135.926
135.913
135.898
135.882
135.864
135.845
135.825
135.804
135.783
135.762
135.741
135.721
135.701
135.682
135.664
135.646
135.629
135.613
135.597
135.582
135.568
135.554
135.542
135.529
135.518
135.507
135.496
135.486
135.477
135.468
135.459
135.451
135.443
135.436
135.429
135.423
135.416
135.411
)
;
    }
    walls
    {
        type            zeroGradient;
    }
    frontAndBack
    {
        type            empty;
    }
}


// ************************************************************************* //
