/*--------------------------------*- C++ -*----------------------------------*\
| =========                 |                                                 |
| \\      /  F ield         | OpenFOAM: The Open Source CFD Toolbox           |
|  \\    /   O peration     | Version:  5.x                                   |
|   \\  /    A nd           | Web:      www.OpenFOAM.org                      |
|    \\/     M anipulation  |                                                 |
\*---------------------------------------------------------------------------*/
FoamFile
{
    version     2.0;
    format      ascii;
    class       volVectorField;
    location    "900";
    object      wallShearStress;
}
// * * * * * * * * * * * * * * * * * * * * * * * * * * * * * * * * * * * * * //

dimensions      [0 2 -2 0 0 0 0];

internalField   uniform (0 0 0);

boundaryField
{
    inlet
    {
        type            calculated;
        value           uniform (0 0 0);
    }
    outlet
    {
        type            calculated;
        value           uniform (0 0 0);
    }
    walls
    {
        type            calculated;
        value           nonuniform List<vector> 
164
(
(-628.966 -973.035 9.62965e-35)
(-1113.05 -857.672 -1.9905e-15)
(-1621.87 -659.35 -8.18457e-16)
(-1453.4 -487.406 2.21041e-15)
(-1360.5 -381.556 5.43956e-21)
(-1237.32 -299.531 1.50062e-15)
(-1114.34 -237.555 1.74947e-15)
(-1007.29 -191.901 -1.98024e-15)
(-915.212 -157.47 9.79817e-33)
(-836.175 -130.809 2.37514e-15)
(-767.36 -109.833 -2.59023e-15)
(-708.322 -93.034 -2.67734e-15)
(-655.32 -79.269 2.24749e-20)
(-613.515 -68.4475 -2.88841e-15)
(-574.9 -59.231 3.19996e-15)
(-548.094 -52.2489 3.10463e-15)
(-522.019 -45.9638 -3.22811e-15)
(-500.151 -40.7091 3.27104e-15)
(-481.437 -36.1407 3.23232e-15)
(-461.634 -31.9283 -3.39523e-15)
(-447.708 -28.4704 3.27155e-15)
(-431.476 -25.1296 6.5145e-21)
(-419.079 -22.3032 1.83583e-20)
(-407.524 -19.7127 -1.25239e-20)
(-395.688 -17.3111 -6.65688e-15)
(-387.275 -15.2209 3.19304e-15)
(-377.174 -13.2006 -1.05324e-35)
(-368.533 -11.3819 1.57364e-15)
(-360.99 -9.70832 -1.56392e-15)
(-353.879 -8.14927 -4.5139e-36)
(-346.744 -6.69105 -1.14448e-20)
(-339.102 -5.30714 1.12569e-20)
(-333.03 -4.04893 1.01554e-20)
(-328.063 -2.85704 -2.14326e-20)
(-321.882 -1.74161 -6.85343e-16)
(-317.477 -0.68554 -9.2629e-36)
(-312.207 0.299749 8.10798e-17)
(-307.568 1.24118 -6.35697e-16)
(-303.936 2.12074 6.09968e-16)
(-300.667 2.97641 -1.17903e-15)
(-297.006 3.76564 5.41668e-35)
(-293.647 4.52882 4.39599e-15)
(-276.277 4.92042 5.26621e-35)
(-273.598 5.46043 -1.1879e-20)
(-269.131 5.89956 -2.94099e-15)
(-266.884 6.36718 5.5775e-21)
(-263.635 6.77439 -5.54284e-21)
(-260.41 7.14945 -2.92036e-15)
(-257.352 7.50885 5.83424e-15)
(-254.387 7.83178 2.91716e-15)
(-251.534 8.15113 5.5713e-21)
(-248.778 8.43158 -2.91216e-15)
(-246.113 8.71435 2.90829e-15)
(-243.53 8.9626 -5.55146e-21)
(-241.044 9.2158 -1.94101e-23)
(-237.561 9.39489 -1.93679e-23)
(-235.292 9.61853 5.54933e-21)
(-233.826 9.85336 -6.01853e-36)
(-230.791 10.016 5.79034e-15)
(-229.316 10.2332 5.49242e-21)
(-227.341 10.4229 -5.68618e-15)
(-225.022 10.6133 5.71689e-15)
(-222.178 10.7915 -5.71206e-15)
(-220.48 11.0069 1.13634e-14)
(-217.543 11.1642 -5.68947e-15)
(-215.762 11.3614 5.64099e-15)
(-212.597 11.4906 -6.01853e-36)
(-210.165 11.6387 -2.69812e-21)
(-207.901 11.801 -9.83483e-24)
(-205.596 11.9543 5.54292e-15)
(-201.792 12.0098 1.04817e-23)
(-199.307 12.1462 -2.68132e-21)
(-196.388 12.2476 -1.11114e-14)
(-192.151 12.2596 1.34778e-21)
(-188.333 12.2937 -1.14369e-14)
(-184.926 12.352 2.15704e-31)
(-180.189 12.312 2.2803e-14)
(-174.932 12.2285 6.86087e-22)
(-169.705 12.1352 -1.17186e-14)
(-162.286 11.8796 1.16419e-14)
(-161.84 12.0799 -1.19464e-14)
(-2.4846 0.925304 1.91031e-14)
(539.701 -1013.57 0)
(-265.754 171.725 -1.24215e-14)
(-492.203 214.472 3.85186e-34)
(-591.675 199.198 -1.67044e-32)
(-609.352 169.531 -1.99767e-31)
(-616.328 147.337 5.78904e-15)
(-622.234 130.407 2.18614e-20)
(-613.213 114.426 1.83671e-39)
(-594.446 99.8426 -3.45409e-20)
(-573.331 87.279 -5.5873e-15)
(-551.079 76.5133 -2.17271e-20)
(-535.479 67.997 -5.46578e-15)
(-517.512 60.3257 2.16014e-20)
(-506.999 54.3146 -2.00834e-20)
(-491.204 48.4282 -5.53203e-15)
(-481.05 43.704 5.19156e-15)
(-468.085 39.1278 -1.99556e-20)
(-456.308 35.106 5.15589e-15)
(-446.301 31.5178 -1.88556e-20)
(-433.429 28.0585 6.09678e-21)
(-425.798 25.1991 4.80755e-15)
(-414.646 22.3466 1.44445e-34)
(-407.623 19.9351 -4.69671e-15)
(-399.35 17.6101 -4.61179e-15)
(-391.686 15.4803 -2.03264e-20)
(-386.732 13.582 -4.30005e-15)
(-378.612 11.6947 -8.64863e-33)
(-373.672 10.0316 2.06142e-15)
(-368.635 8.45178 -4.03919e-15)
(-363.768 6.95938 -1.4044e-20)
(-357.741 5.54225 -1.90066e-15)
(-353.055 4.21571 -9.21403e-16)
(-349.776 2.98664 -1.34078e-20)
(-345.411 1.79184 4.27654e-16)
(-341.791 0.681538 2.0435e-16)
(-336.995 -0.387737 -2.45218e-20)
(-333.835 -1.38427 1.16971e-20)
(-330.335 -2.34667 7.44667e-16)
(-328.296 -3.25728 -1.41133e-15)
(-325.487 -4.13541 -1.04028e-20)
(-323.836 -4.96889 2.58004e-15)
(-321.392 -5.76975 -2.47405e-15)
(-304.789 -6.15143 -3.85453e-32)
(-303.027 -6.7271 -3.22938e-15)
(-300.642 -7.22766 -3.20217e-15)
(-298.061 -7.70532 -3.19686e-15)
(-295.632 -8.14759 6.3397e-15)
(-293.201 -8.55824 -3.15906e-15)
(-290.912 -8.95536 -3.13671e-15)
(-288.701 -9.31356 3.11828e-15)
(-286.568 -9.67097 3.64403e-37)
(-284.556 -9.98855 3.07778e-15)
(-282.537 -10.3084 5.83254e-21)
(-280.562 -10.5897 6.08078e-15)
(-278.717 -10.8788 6.03092e-15)
(-276.837 -11.1327 -4.21297e-35)
(-275.112 -11.3939 1.95071e-31)
(-273.289 -11.6242 -5.65662e-21)
(-271.701 -11.865 1.17062e-14)
(-269.903 -12.0702 5.64873e-21)
(-267.745 -12.2647 -1.16488e-14)
(-265.783 -12.4077 -5.84126e-15)
(-265.296 -12.6003 -1.20371e-35)
(-263.048 -12.7003 -2.73682e-21)
(-262.494 -12.879 -5.59606e-15)
(-262.006 -13.0562 -5.53972e-15)
(-260.464 -13.1849 -5.50994e-15)
(-257.94 -13.2508 5.51369e-15)
(-256.924 -13.3976 5.49146e-15)
(-256.677 -13.5853 2.53545e-21)
(-254.971 -13.6937 -1.08566e-31)
(-253.417 -13.8147 -1.26906e-21)
(-252.021 -13.9444 -5.21727e-15)
(-250.113 -14.048 2.49863e-21)
(-248.084 -14.1473 5.25139e-15)
(-246.535 -14.279 -2.47005e-21)
(-244.652 -14.3943 1.21698e-21)
(-242.109 -14.476 6.092e-22)
(-239.429 -14.553 -1.02327e-14)
(-235.275 -14.5448 1.01125e-14)
(-236.738 -14.8201 4.55287e-22)
(-27.3758 -2.10445 -1.93696e-14)
)
;
    }
    frontAndBack
    {
        type            empty;
    }
}


// ************************************************************************* //
