/*--------------------------------*- C++ -*----------------------------------*\
| =========                 |                                                 |
| \\      /  F ield         | OpenFOAM: The Open Source CFD Toolbox           |
|  \\    /   O peration     | Version:  5.x                                   |
|   \\  /    A nd           | Web:      www.OpenFOAM.org                      |
|    \\/     M anipulation  |                                                 |
\*---------------------------------------------------------------------------*/
FoamFile
{
    version     2.0;
    format      ascii;
    class       volScalarField;
    location    "500";
    object      p;
}
// * * * * * * * * * * * * * * * * * * * * * * * * * * * * * * * * * * * * * //

dimensions      [0 2 -2 0 0 0 0];

internalField   nonuniform List<scalar> 
11040
(
-0.00315352
-99.7371
-337.07
-401.181
-422.366
-435.342
-436.796
-426.498
-407.83
-381.898
-348.215
-296.47
-246.658
-211.18
-186.388
-159.959
-133.115
-107.758
-83.7546
-60.5871
-38.168
-18.8023
-2.6195
12.5256
26.7123
39.9643
52.2772
63.6392
73.9886
83.2257
91.2381
97.9056
103.173
107.107
109.909
111.835
112.625
112.045
111.719
115.207
115.268
36.5742
-59.9134
-212.481
-290.476
-331.385
-361.458
-379.29
-383.473
-376.491
-360.053
-334.368
-291.477
-246.303
-211.47
-186.132
-160.013
-133.477
-108.253
-84.3282
-61.2245
-38.8464
-19.5286
-3.3154
11.8594
26.078
39.3677
51.7257
63.1391
73.5489
82.8574
90.9465
97.6944
103.041
107.036
109.874
111.848
112.707
112.11
111.37
113.833
113.371
61.2522
-32.5028
-142.362
-234.017
-288.797
-325.03
-347.622
-356.289
-353.301
-340.64
-319.326
-283.742
-242.969
-208.961
-183.52
-158.394
-132.622
-107.793
-84.1404
-61.2565
-39.0377
-19.799
-3.62856
11.5155
25.7152
38.9978
51.3608
62.7894
73.2258
82.5744
90.7164
97.5291
102.942
106.995
109.873
111.886
112.809
112.267
111.383
113.047
112.234
78.632
-5.14149
-87.3814
-171.036
-229.426
-270.86
-300.453
-317.071
-321.367
-315.174
-300.016
-272.178
-236.926
-204.868
-179.753
-155.737
-130.954
-106.721
-83.4944
-60.9543
-38.991
-19.9188
-3.84688
11.2303
25.3836
38.6374
50.9889
62.421
72.8764
82.2612
90.4569
97.3386
102.828
106.955
109.885
111.922
112.883
112.401
111.471
112.65
112.007
92.325
20.5629
-43.3278
-114.93
-173.765
-218.798
-253.052
-275.643
-286.312
-286.345
-277.339
-257.135
-228.285
-199.192
-174.823
-151.957
-128.394
-104.994
-82.3619
-60.3085
-38.7293
-19.922
-4.01255
10.9435
25.0047
38.1913
50.5007
61.9129
72.3715
81.7846
90.0352
96.9983
102.589
106.825
109.842
111.915
112.913
112.52
111.587
112.59
112.449
102.743
42.9545
-8.03682
-67.4308
-121.972
-167.095
-203.667
-230.742
-247.188
-253.454
-250.818
-238.18
-216.312
-191.24
-168.363
-146.855
-124.764
-102.46
-80.6089
-59.1943
-38.1367
-19.6943
-4.02933
10.7327
24.6383
37.7024
49.9215
61.2736
71.7033
81.1221
89.4163
96.4639
102.176
106.552
109.698
111.843
112.908
112.669
111.825
112.813
113.221
110.632
61.6473
20.2349
-28.3142
-76.004
-118.363
-154.814
-184.215
-204.949
-216.692
-220.16
-214.759
-200.175
-180.217
-159.88
-140.157
-119.823
-98.92
-78.0919
-57.501
-37.1222
-19.1642
-3.8415
10.6428
24.3191
37.1931
49.2603
60.4978
70.8523
80.2404
88.5551
95.6803
101.524
106.072
109.394
111.668
112.862
112.869
112.247
113.291
114.237
116.573
76.7309
42.7926
3.35554
-36.8097
-74.5062
-108.739
-138.276
-161.394
-177.229
-185.911
-186.969
-179.466
-165.372
-148.669
-131.378
-113.186
-94.0589
-74.5727
-55.0469
-35.5491
-18.23
-3.36887
10.7365
24.0936
36.695
48.5331
59.5842
69.7988
79.1012
87.3948
94.5738
100.549
105.292
108.842
111.325
112.747
113.116
112.87
114.087
115.46
120.992
88.6111
60.665
28.6866
-4.39677
-36.6143
-67.1745
-94.9828
-118.511
-136.683
-149.188
-155.487
-154.304
-146.256
-134.055
-119.944
-104.374
-87.4614
-69.7146
-51.5656
-33.2027
-16.7139
-2.46074
11.1363
24.0614
36.2899
47.8057
58.5826
68.5745
77.715
85.9214
93.1035
99.1815
104.122
107.941
110.722
112.5
113.377
113.677
115.234
116.856
124.205
97.8115
74.7268
48.7907
21.8722
-4.9075
-31.1149
-55.9561
-78.2405
-96.9671
-111.612
-121.578
-125.455
-122.982
-115.662
-105.365
-92.9227
-78.6764
-63.1131
-46.7222
-29.8079
-14.3826
-0.91475
12.0143
24.3688
36.1051
47.1922
57.5973
67.2749
76.1667
84.2041
91.3149
97.4356
102.538
106.631
109.776
112.026
113.548
114.556
116.611
118.41
126.473
104.86
85.7388
64.6739
42.8981
21.0207
-0.809561
-22.116
-42.0568
-59.8692
-75.0282
-86.9587
-94.3094
-96.3509
-93.6503
-87.4332
-78.4977
-67.311
-54.3576
-40.1382
-25.0388
-10.9572
1.51274
13.5837
25.2016
36.3045
46.8417
56.7688
66.0381
74.5958
82.3839
89.3462
95.4362
100.637
104.965
108.477
111.24
113.458
115.259
117.889
119.979
128.021
110.232
94.3531
77.2072
59.6236
41.9222
24.0843
6.34845
-10.748
-26.6942
-41.0886
-53.4563
-62.6458
-67.7836
-68.8489
-66.4425
-61.0767
-53.162
-43.1351
-31.4581
-18.5445
-6.11547
5.11305
16.1085
26.7969
37.0998
46.945
56.2734
65.0318
73.1679
80.6307
87.3751
93.3677
98.6017
103.103
106.93
110.154
112.986
115.51
118.642
121.201
129.043
114.33
101.115
87.1219
72.9154
58.6549
44.2435
29.7727
15.5553
1.91051
-10.9186
-22.5958
-32.2292
-39.0114
-42.6457
-43.2903
-41.1269
-36.3838
-29.3742
-20.4649
-10.0319
0.456481
10.1965
19.89
29.4419
38.7595
47.7508
56.341
64.4695
72.0831
79.1346
85.5858
91.4117
96.6109
101.213
105.27
108.849
112.129
115.185
118.61
121.65
129.699
117.483
106.466
95.0145
83.5151
72.0389
60.4633
48.8008
37.2215
25.9093
14.9881
4.65898
-4.43649
-11.656
-16.6412
-19.316
-19.6248
-17.5992
-13.3891
-7.22499
0.60895
8.96418
17.0151
25.2092
33.4339
41.5855
49.5563
57.2582
64.6237
71.5971
78.1319
84.1932
89.7594
94.8302
99.432
103.604
107.397
110.939
114.3
117.801
121.074
130.113
119.941
110.749
101.353
92.0234
82.7813
73.5043
64.1684
54.8602
45.6769
36.675
27.9514
19.9394
13.1047
7.75839
4.05423
2.15853
2.17166
4.08615
7.80916
13.1731
19.3744
25.6455
32.2224
38.9866
45.8311
52.6408
59.3186
65.7907
71.9994
77.8984
83.4526
88.64
93.4562
97.9197
102.054
105.888
109.503
112.948
116.374
119.611
130.394
121.913
114.237
106.51
98.9192
91.4623
84.027
76.5753
69.1482
61.7932
54.5288
47.3921
40.6621
34.6567
29.6057
25.6566
22.9921
21.7633
22.0469
23.8517
27.1152
31.3489
35.906
40.875
46.1462
51.6197
57.1844
62.7433
68.2211
73.5583
78.7075
83.6325
88.309
92.7268
96.8939
100.818
104.509
108.011
111.353
114.596
117.656
130.657
123.58
117.171
110.803
104.612
98.5813
92.6116
86.6636
80.754
74.9044
69.1136
63.3916
57.9111
52.8814
48.4593
44.7567
41.9263
40.1139
39.4232
39.9151
41.5959
44.2192
47.2872
50.804
54.6798
58.8303
63.1587
67.5776
72.017
76.4199
80.7396
84.9392
88.9912
92.8793
96.602
100.155
103.534
106.761
109.849
112.816
115.622
130.893
124.93
119.522
114.206
109.089
104.142
99.2795
94.466
89.7071
85.0116
80.3722
75.7892
71.3714
67.2532
63.5381
60.304
57.6643
55.7364
54.6166
54.3779
55.0568
56.5564
58.5146
60.899
63.6436
66.6825
69.9381
73.338
76.8222
80.3403
83.8497
87.3151
90.7084
94.0102
97.2121
100.302
103.27
106.123
108.864
111.492
113.992
131.089
125.987
121.354
116.841
112.536
108.404
104.369
100.401
96.4998
92.6672
88.894
85.1765
81.588
78.2178
75.1337
72.3896
70.0665
68.2522
67.0243
66.449
66.5695
67.3668
68.58
70.1681
72.0853
74.2824
76.6993
79.2794
81.9739
84.7407
87.5429
90.3491
93.133
95.8745
98.5623
101.182
103.718
106.173
108.543
110.82
112.997
131.271
126.851
122.831
118.947
115.271
111.764
108.361
105.035
101.783
98.6036
95.4882
92.4316
89.4848
86.7101
84.1521
81.8481
79.8559
78.2392
77.0572
76.3635
76.1974
76.5764
77.3094
78.3584
79.6931
81.2768
83.0643
85.0119
87.0816
89.2392
91.4543
93.7001
95.9534
98.1956
100.415
102.595
104.723
106.795
108.807
110.747
112.613
131.448
127.579
124.057
120.677
117.501
114.488
111.581
108.755
106.008
103.336
100.732
98.1886
95.7439
93.4423
91.3142
89.3848
87.6961
86.2942
85.2228
84.5232
84.2274
84.3667
84.7973
85.4882
86.4198
87.5646
88.8885
90.3584
91.9449
93.6211
95.3625
97.1469
98.9549
100.77
102.581
104.374
106.135
107.861
109.546
111.179
112.757
131.622
128.209
125.097
122.13
119.359
116.744
114.234
111.808
109.462
107.192
104.991
102.853
100.806
98.8819
97.1028
95.4855
94.0607
92.8618
91.9207
91.2683
90.9293
90.9375
91.1815
91.6372
92.2925
93.1264
94.1127
95.2265
96.4451
97.7476
99.1145
100.528
101.972
103.433
104.9
106.362
107.807
109.232
110.629
111.991
113.313
131.794
128.762
125.994
123.37
120.933
118.644
116.458
114.357
112.335
110.389
108.512
106.699
104.97
103.351
101.856
100.496
99.295
98.2766
97.4641
96.8804
96.5435
96.4851
96.6158
96.9182
97.3848
97.9992
98.7408
99.5908
100.532
101.547
102.622
103.742
104.894
106.066
107.251
108.438
109.618
110.787
111.939
113.067
114.167
131.964
129.253
126.777
124.442
122.284
120.267
118.349
116.515
114.759
113.078
111.464
109.915
108.446
107.073
105.81
104.663
103.65
102.787
102.093
101.582
101.27
101.182
101.245
101.448
101.786
102.245
102.809
103.464
104.196
104.992
105.841
106.73
107.651
108.592
109.549
110.511
111.472
112.428
113.375
114.305
115.216
132.129
129.693
127.467
125.377
123.456
121.666
119.973
118.362
116.828
115.366
113.97
112.638
111.38
110.211
109.138
108.168
107.311
106.581
105.99
105.551
105.271
105.175
105.2
105.337
105.586
105.935
106.37
106.88
107.454
108.084
108.758
109.468
110.206
110.964
111.737
112.517
113.3
114.082
114.859
115.626
116.378
132.289
130.09
128.079
126.199
124.48
122.885
121.382
119.959
118.61
117.331
116.118
114.965
113.883
112.882
111.967
111.142
110.416
109.798
109.297
108.922
108.679
108.585
108.588
108.684
108.871
109.14
109.48
109.882
110.338
110.839
111.379
111.949
112.543
113.156
113.783
114.418
115.057
115.697
116.334
116.966
117.588
132.444
130.449
128.625
126.927
125.381
123.952
122.612
121.349
120.158
119.034
117.973
116.971
116.036
115.175
114.391
113.688
113.071
112.548
112.124
111.806
111.597
111.511
111.504
111.572
111.716
111.927
112.197
112.518
112.883
113.286
113.721
114.181
114.663
115.161
115.672
116.19
116.713
117.238
117.763
118.285
118.798
132.592
130.775
129.114
127.575
126.178
124.892
123.692
122.566
121.51
120.518
119.586
118.713
117.901
117.157
116.484
115.883
115.358
114.914
114.556
114.286
114.109
114.034
114.022
114.072
114.186
114.354
114.571
114.83
115.126
115.453
115.806
116.181
116.574
116.981
117.399
117.824
118.254
118.687
119.119
119.551
119.976
132.733
131.072
129.554
128.153
126.886
125.725
124.645
123.638
122.697
121.818
120.998
120.233
119.526
118.881
118.301
117.786
117.339
116.962
116.659
116.432
116.283
116.219
116.206
116.245
116.336
116.473
116.65
116.861
117.103
117.37
117.66
117.968
118.29
118.625
118.968
119.319
119.673
120.031
120.389
120.748
121.1
132.866
131.343
129.95
128.669
127.517
126.464
125.49
124.585
123.744
122.963
122.238
121.566
120.948
120.389
119.888
119.445
119.063
118.743
118.487
118.297
118.172
118.119
118.107
118.138
118.213
118.326
118.472
118.647
118.846
119.067
119.306
119.56
119.827
120.103
120.388
120.678
120.972
121.269
121.566
121.865
122.158
132.992
131.589
130.307
129.133
128.08
127.122
126.24
125.424
124.671
123.975
123.332
122.74
122.199
121.712
121.279
120.898
120.572
120.3
120.084
119.924
119.821
119.778
119.768
119.794
119.857
119.952
120.074
120.219
120.385
120.569
120.767
120.979
121.2
121.43
121.667
121.908
122.153
122.4
122.649
122.898
123.143
133.111
131.813
130.629
129.548
128.583
127.709
126.907
126.17
125.493
124.871
124.3
123.777
123.303
122.878
122.502
122.175
121.896
121.665
121.483
121.35
121.265
121.23
121.223
121.246
121.3
121.381
121.483
121.606
121.745
121.899
122.065
122.242
122.427
122.619
122.817
123.019
123.223
123.43
123.638
123.847
124.053
133.222
132.017
130.919
129.921
129.033
128.232
127.502
126.834
126.223
125.666
125.158
124.695
124.279
123.908
123.582
123.3
123.062
122.866
122.713
122.602
122.533
122.506
122.502
122.523
122.57
122.639
122.727
122.83
122.948
123.078
123.218
123.367
123.522
123.683
123.849
124.019
124.19
124.364
124.539
124.715
124.887
133.325
132.203
131.181
130.256
129.436
128.7
128.032
127.424
126.873
126.372
125.919
125.51
125.144
124.82
124.537
124.294
124.091
123.925
123.797
123.705
123.649
123.63
123.628
123.648
123.689
123.749
123.825
123.914
124.014
124.124
124.243
124.368
124.5
124.636
124.775
124.918
125.063
125.209
125.356
125.504
125.65
133.42
132.37
131.416
130.555
129.795
129.116
128.503
127.95
127.451
127
126.596
126.233
125.91
125.628
125.383
125.174
125
124.861
124.754
124.679
124.634
124.621
124.622
124.641
124.678
124.731
124.796
124.872
124.958
125.052
125.153
125.26
125.371
125.486
125.604
125.725
125.847
125.971
126.095
126.22
126.343
133.508
132.521
131.626
130.822
130.115
129.487
128.923
128.417
127.964
127.558
127.196
126.874
126.591
126.344
126.132
125.953
125.806
125.688
125.6
125.539
125.505
125.496
125.5
125.518
125.552
125.599
125.656
125.723
125.797
125.877
125.964
126.055
126.149
126.247
126.347
126.449
126.553
126.657
126.762
126.868
126.972
133.589
132.657
131.813
131.06
130.399
129.815
129.295
128.831
128.419
128.053
127.729
127.443
127.194
126.979
126.796
126.643
126.518
126.42
126.348
126.299
126.273
126.27
126.275
126.294
126.325
126.367
126.417
126.475
126.539
126.609
126.683
126.761
126.842
126.925
127.01
127.097
127.184
127.273
127.362
127.452
127.539
133.662
132.778
131.979
131.269
130.65
130.105
129.623
129.197
128.821
128.49
128.2
127.947
127.728
127.541
127.383
127.253
127.149
127.068
127.009
126.972
126.953
126.954
126.962
126.98
127.009
127.047
127.092
127.143
127.2
127.26
127.324
127.391
127.46
127.531
127.604
127.677
127.752
127.827
127.903
127.979
128.052
133.728
132.884
132.125
131.453
130.869
130.358
129.91
129.517
129.174
128.875
128.615
128.391
128.199
128.037
127.902
127.792
127.706
127.64
127.593
127.565
127.553
127.557
127.567
127.585
127.613
127.647
127.688
127.733
127.782
127.834
127.89
127.948
128.007
128.068
128.13
128.193
128.256
128.32
128.384
128.448
128.511
133.787
132.977
132.251
131.611
131.058
130.578
130.16
129.796
129.482
129.211
128.978
128.78
128.613
128.473
128.359
128.267
128.196
128.144
128.108
128.089
128.083
128.09
128.103
128.122
128.148
128.181
128.218
128.258
128.302
128.348
128.396
128.446
128.498
128.55
128.603
128.657
128.711
128.765
128.819
128.874
128.926
133.838
133.057
132.359
131.747
131.22
130.766
130.374
130.036
129.748
129.502
129.294
129.119
128.973
128.854
128.758
128.683
128.626
128.585
128.559
128.547
128.546
128.556
128.569
128.589
128.614
128.644
128.678
128.714
128.753
128.794
128.836
128.88
128.925
128.97
129.015
129.061
129.107
129.154
129.2
129.246
129.29
133.883
133.124
132.449
131.859
131.354
130.923
130.553
130.239
129.974
129.751
129.565
129.411
129.285
129.184
129.105
129.045
129.001
128.972
128.955
128.951
128.955
128.969
128.986
129.007
129.033
129.062
129.094
129.127
129.163
129.2
129.237
129.275
129.314
129.353
129.393
129.432
129.471
129.51
129.549
129.588
129.626
133.92
133.178
132.52
131.948
131.462
131.049
130.7
130.406
130.162
129.959
129.793
129.658
129.551
129.466
129.402
129.355
129.323
129.303
129.294
129.294
129.303
129.319
129.336
129.358
129.383
129.41
129.44
129.471
129.503
129.536
129.569
129.603
129.637
129.672
129.706
129.74
129.774
129.807
129.841
129.874
129.906
133.951
133.219
132.573
132.015
131.543
131.146
130.814
130.538
130.312
130.128
129.98
129.863
129.772
129.704
129.654
129.621
129.601
129.593
129.593
129.602
129.617
129.638
129.66
129.684
129.711
129.74
129.769
129.799
129.83
129.86
129.891
129.921
129.952
129.982
130.011
130.041
130.069
130.098
130.126
130.154
130.18
133.975
133.249
132.612
132.064
131.602
131.217
130.898
130.637
130.426
130.258
130.127
130.026
129.951
129.896
129.859
129.837
129.825
129.823
129.829
129.841
129.859
129.881
129.904
129.929
129.955
129.983
130.011
130.039
130.067
130.096
130.124
130.151
130.179
130.206
130.232
130.258
130.283
130.308
130.333
130.357
130.38
133.992
133.267
132.633
132.091
131.636
131.26
130.953
130.704
130.507
130.353
130.236
130.15
130.09
130.051
130.029
130.022
130.026
130.038
130.057
130.08
130.107
130.136
130.165
130.195
130.225
130.255
130.285
130.314
130.342
130.37
130.397
130.423
130.448
130.472
130.495
130.518
130.54
130.561
130.581
130.601
130.619
133.999
133.263
132.625
132.081
131.63
131.261
130.963
130.727
130.544
130.404
130.302
130.229
130.181
130.152
130.139
130.137
130.145
130.16
130.182
130.208
130.237
130.267
130.297
130.328
130.358
130.388
130.417
130.446
130.473
130.499
130.525
130.549
130.573
130.595
130.617
130.637
130.657
130.676
130.694
130.711
130.728
133.997
133.243
132.591
132.041
131.587
131.22
130.928
130.702
130.531
130.406
130.32
130.267
130.24
130.234
130.245
130.269
130.302
130.34
130.382
130.424
130.465
130.506
130.544
130.582
130.618
130.653
130.685
130.716
130.745
130.773
130.798
130.822
130.845
130.866
130.886
130.905
130.923
130.939
130.955
130.969
130.983
125.733
133.168
139.068
142.361
144.217
145.365
145.925
146.063
145.937
145.639
145.236
144.773
144.28
143.78
143.285
142.804
142.342
141.904
141.489
141.099
140.734
140.392
140.072
139.774
139.496
139.238
138.997
138.773
138.564
138.37
138.188
138.019
137.861
137.713
137.574
137.444
137.321
137.206
137.097
136.994
136.898
136.807
136.721
136.641
136.565
136.493
136.425
136.361
136.301
136.243
136.189
136.137
136.087
136.04
135.995
135.951
135.909
135.869
135.83
135.793
135.756
135.721
135.686
135.653
135.62
135.588
135.556
135.527
135.497
135.471
135.442
135.425
135.391
135.403
124.722
132.718
138.884
142.41
144.364
145.516
146.05
146.159
146.004
145.681
145.258
144.778
144.272
143.762
143.259
142.772
142.307
141.866
141.449
141.058
140.692
140.35
140.031
139.734
139.457
139.199
138.959
138.736
138.529
138.336
138.156
137.988
137.831
137.685
137.547
137.418
137.296
137.182
137.074
136.972
136.877
136.786
136.702
136.622
136.547
136.476
136.409
136.345
136.285
136.229
136.175
136.123
136.074
136.028
135.983
135.94
135.899
135.859
135.82
135.783
135.747
135.712
135.678
135.644
135.612
135.58
135.549
135.519
135.49
135.464
135.436
135.419
135.385
135.397
123.971
131.529
138.346
142.325
144.459
145.659
146.189
146.271
146.084
145.731
145.283
144.784
144.262
143.74
143.228
142.735
142.265
141.82
141.402
141.01
140.644
140.302
139.983
139.687
139.411
139.155
138.916
138.695
138.489
138.298
138.119
137.953
137.798
137.652
137.516
137.388
137.268
137.155
137.048
136.948
136.853
136.764
136.68
136.601
136.527
136.457
136.391
136.328
136.269
136.213
136.159
136.109
136.06
136.014
135.97
135.928
135.887
135.847
135.809
135.773
135.737
135.702
135.668
135.635
135.603
135.572
135.541
135.512
135.483
135.457
135.429
135.412
135.379
135.391
123.573
130.505
137.646
142.056
144.453
145.749
146.3
146.376
146.166
145.785
145.31
144.788
144.248
143.712
143.19
142.69
142.215
141.767
141.346
140.953
140.587
140.245
139.928
139.632
139.358
139.104
138.867
138.647
138.444
138.254
138.077
137.913
137.76
137.616
137.482
137.355
137.237
137.125
137.019
136.92
136.827
136.739
136.656
136.579
136.505
136.436
136.371
136.309
136.251
136.196
136.143
136.093
136.045
136
135.956
135.914
135.874
135.835
135.798
135.762
135.726
135.692
135.658
135.626
135.594
135.563
135.533
135.504
135.475
135.45
135.422
135.405
135.372
135.384
123.69
130.118
137.07
141.653
144.311
145.751
146.353
146.438
146.22
145.824
145.329
144.785
144.227
143.676
143.143
142.634
142.153
141.702
141.28
140.886
140.52
140.179
139.863
139.569
139.297
139.044
138.81
138.593
138.391
138.204
138.03
137.868
137.716
137.575
137.442
137.318
137.201
137.091
136.987
136.89
136.798
136.711
136.63
136.553
136.481
136.413
136.349
136.289
136.231
136.177
136.125
136.076
136.029
135.984
135.941
135.9
135.86
135.822
135.785
135.749
135.715
135.681
135.648
135.616
135.584
135.554
135.524
135.495
135.467
135.442
135.414
135.398
135.365
135.377
124.066
130.223
136.784
141.305
144.077
145.64
146.323
146.439
146.22
145.813
145.31
144.757
144.188
143.625
143.081
142.565
142.078
141.624
141.2
140.805
140.439
140.1
139.786
139.494
139.225
138.975
138.743
138.529
138.33
138.146
137.975
137.815
137.667
137.528
137.398
137.276
137.161
137.053
136.951
136.855
136.765
136.68
136.601
136.525
136.455
136.388
136.325
136.266
136.209
136.156
136.105
136.057
136.011
135.967
135.925
135.884
135.846
135.808
135.772
135.737
135.702
135.669
135.637
135.605
135.574
135.544
135.514
135.486
135.458
135.433
135.406
135.39
135.357
135.37
124.565
130.587
136.738
141.134
143.87
145.451
146.194
146.361
146.159
145.747
145.233
144.674
144.102
143.538
142.993
142.473
141.983
141.526
141.102
140.708
140.343
140.006
139.694
139.406
139.14
138.894
138.666
138.455
138.26
138.079
137.911
137.755
137.61
137.474
137.347
137.228
137.115
137.01
136.91
136.817
136.728
136.646
136.568
136.494
136.425
136.36
136.299
136.24
136.185
136.133
136.084
136.036
135.991
135.948
135.907
135.868
135.829
135.793
135.757
135.723
135.689
135.656
135.624
135.593
135.563
135.533
135.504
135.476
135.449
135.424
135.397
135.382
135.349
135.362
125.243
131.013
136.743
141.05
143.731
145.261
146.003
146.199
146.024
145.625
145.107
144.537
143.957
143.392
142.851
142.338
141.855
141.402
140.979
140.588
140.227
139.893
139.585
139.301
139.039
138.798
138.574
138.368
138.178
138.001
137.838
137.686
137.544
137.412
137.288
137.172
137.063
136.961
136.864
136.773
136.687
136.606
136.53
136.459
136.392
136.329
136.269
136.212
136.159
136.108
136.06
136.014
135.97
135.928
135.888
135.849
135.812
135.776
135.741
135.707
135.674
135.642
135.611
135.581
135.551
135.522
135.493
135.466
135.439
135.414
135.388
135.373
135.341
135.353
126.216
131.446
136.604
140.846
143.543
145.059
145.788
145.984
145.822
145.435
144.927
144.356
143.768
143.195
142.65
142.141
141.667
141.227
140.817
140.436
140.082
139.755
139.453
139.175
138.919
138.683
138.466
138.266
138.081
137.91
137.751
137.605
137.468
137.34
137.221
137.109
137.003
136.904
136.811
136.723
136.64
136.562
136.489
136.42
136.355
136.293
136.236
136.181
136.129
136.08
136.033
135.989
135.946
135.905
135.866
135.829
135.793
135.758
135.724
135.691
135.659
135.628
135.597
135.567
135.538
135.509
135.481
135.454
135.428
135.404
135.378
135.363
135.332
135.344
127.367
131.811
136.238
140.352
143.102
144.668
145.459
145.706
145.57
145.191
144.685
144.119
143.536
142.962
142.414
141.899
141.425
140.991
140.594
140.229
139.892
139.58
139.29
139.021
138.774
138.546
138.337
138.144
137.966
137.802
137.65
137.51
137.379
137.257
137.143
137.035
136.934
136.839
136.75
136.665
136.586
136.511
136.441
136.375
136.312
136.254
136.198
136.146
136.096
136.049
136.004
135.961
135.92
135.88
135.843
135.806
135.771
135.738
135.705
135.673
135.642
135.611
135.582
135.553
135.524
135.496
135.469
135.442
135.416
135.393
135.368
135.353
135.322
135.335
128.182
131.854
135.497
139.359
142.195
143.879
144.795
145.179
145.159
144.86
144.394
143.845
143.265
142.69
142.141
141.625
141.151
140.717
140.322
139.965
139.642
139.347
139.077
138.827
138.595
138.38
138.181
137.998
137.83
137.674
137.531
137.398
137.274
137.159
137.051
136.95
136.854
136.764
136.679
136.599
136.524
136.453
136.386
136.323
136.264
136.209
136.156
136.106
136.058
136.013
135.97
135.93
135.89
135.853
135.817
135.782
135.748
135.716
135.684
135.653
135.623
135.594
135.565
135.537
135.509
135.482
135.455
135.43
135.404
135.381
135.357
135.342
135.312
135.325
128.095
131.226
134.22
137.669
140.501
142.356
143.491
144.116
144.325
144.22
143.905
143.462
142.947
142.402
141.86
141.341
140.86
140.42
140.022
139.666
139.348
139.063
138.806
138.575
138.364
138.169
137.989
137.821
137.666
137.522
137.389
137.266
137.151
137.044
136.944
136.85
136.761
136.677
136.598
136.523
136.452
136.386
136.324
136.265
136.21
136.157
136.108
136.061
136.016
135.974
135.933
135.895
135.858
135.822
135.788
135.755
135.723
135.691
135.661
135.632
135.603
135.575
135.547
135.52
135.493
135.466
135.441
135.416
135.391
135.369
135.345
135.331
135.301
135.314
127.065
129.834
132.399
135.346
137.979
139.917
141.272
142.189
142.726
142.936
142.897
142.682
142.35
141.944
141.5
141.04
140.585
140.148
139.741
139.371
139.042
138.751
138.496
138.273
138.077
137.902
137.743
137.597
137.462
137.336
137.218
137.108
137.005
136.909
136.818
136.733
136.652
136.575
136.503
136.434
136.37
136.309
136.252
136.198
136.147
136.099
136.053
136.01
135.968
135.929
135.891
135.855
135.821
135.787
135.755
135.724
135.694
135.665
135.636
135.608
135.581
135.554
135.527
135.501
135.475
135.45
135.425
135.401
135.377
135.355
135.332
135.318
135.29
135.303
125.298
127.774
130.071
132.594
134.955
136.873
138.363
139.502
140.32
140.848
141.133
141.227
141.175
141.011
140.768
140.471
140.142
139.799
139.453
139.113
138.788
138.485
138.211
137.972
137.766
137.591
137.443
137.316
137.203
137.101
137.006
136.916
136.83
136.747
136.669
136.594
136.523
136.455
136.391
136.331
136.273
136.219
136.168
136.12
136.074
136.031
135.99
135.951
135.914
135.878
135.844
135.811
135.779
135.749
135.719
135.69
135.662
135.635
135.608
135.582
135.556
135.531
135.505
135.481
135.456
135.432
135.408
135.385
135.362
135.341
135.318
135.305
135.278
135.291
123.041
125.271
127.382
129.603
131.719
133.559
135.106
136.385
137.409
138.187
138.748
139.125
139.351
139.456
139.464
139.397
139.271
139.1
138.898
138.676
138.442
138.204
137.968
137.739
137.523
137.327
137.157
137.016
136.901
136.809
136.734
136.669
136.608
136.549
136.49
136.431
136.372
136.315
136.261
136.209
136.16
136.114
136.071
136.03
135.99
135.953
135.918
135.884
135.851
135.82
135.79
135.76
135.732
135.705
135.678
135.652
135.627
135.602
135.577
135.553
135.529
135.505
135.482
135.458
135.435
135.412
135.389
135.367
135.345
135.325
135.304
135.291
135.265
135.279
120.552
122.577
124.526
126.52
128.436
130.177
131.724
133.08
134.242
135.209
135.991
136.606
137.075
137.418
137.658
137.811
137.896
137.925
137.908
137.854
137.769
137.66
137.533
137.394
137.247
137.097
136.947
136.801
136.667
136.55
136.455
136.382
136.327
136.286
136.251
136.218
136.184
136.147
136.108
136.069
136.03
135.993
135.958
135.925
135.893
135.863
135.834
135.806
135.779
135.753
135.728
135.703
135.679
135.655
135.632
135.609
135.586
135.564
135.542
135.52
135.499
135.477
135.455
135.434
135.412
135.391
135.369
135.348
135.327
135.309
135.288
135.276
135.251
135.265
118.1
119.935
121.721
123.521
125.262
126.894
128.4
129.777
131.013
132.103
133.048
133.852
134.525
135.078
135.525
135.88
136.155
136.364
136.518
136.627
136.698
136.737
136.75
136.738
136.706
136.657
136.595
136.523
136.445
136.361
136.275
136.19
136.112
136.047
135.997
135.962
135.937
135.92
135.904
135.887
135.869
135.848
135.825
135.803
135.78
135.758
135.737
135.716
135.696
135.676
135.656
135.637
135.617
135.598
135.579
135.56
135.541
135.522
135.503
135.484
135.465
135.446
135.426
135.407
135.387
135.367
135.347
135.328
135.308
135.29
135.271
135.26
135.236
135.252
116.113
117.753
119.367
120.98
122.554
124.061
125.489
126.831
128.077
129.219
130.252
131.176
131.991
132.703
133.317
133.841
134.284
134.654
134.962
135.215
135.421
135.589
135.723
135.829
135.91
135.968
136.004
136.021
136.021
136.007
135.981
135.948
135.908
135.865
135.819
135.775
135.737
135.709
135.691
135.681
135.676
135.673
135.668
135.661
135.652
135.641
135.629
135.616
135.603
135.59
135.577
135.563
135.55
135.535
135.521
135.506
135.491
135.476
135.46
135.444
135.428
135.411
135.394
135.377
135.359
135.342
135.323
135.306
135.287
135.271
135.253
135.243
135.22
135.237
114.803
116.244
117.675
119.103
120.51
121.878
123.2
124.468
125.673
126.806
127.863
128.838
129.73
130.537
131.263
131.909
132.479
132.98
133.415
133.793
134.118
134.396
134.634
134.836
135.007
135.151
135.27
135.367
135.444
135.502
135.543
135.57
135.585
135.589
135.587
135.578
135.565
135.548
135.53
135.514
135.504
135.499
135.501
135.505
135.509
135.512
135.511
135.509
135.504
135.499
135.492
135.485
135.477
135.468
135.459
135.449
135.438
135.426
135.414
135.402
135.389
135.375
135.361
135.346
135.33
135.314
135.298
135.282
135.265
135.25
135.233
135.225
135.203
135.222
114.142
115.384
116.629
117.874
119.11
120.33
121.527
122.692
123.819
124.9
125.93
126.903
127.816
128.665
129.448
130.166
130.82
131.411
131.942
132.416
132.837
133.21
133.539
133.827
134.079
134.299
134.489
134.655
134.797
134.919
135.022
135.108
135.178
135.234
135.278
135.31
135.334
135.349
135.359
135.363
135.362
135.359
135.356
135.357
135.363
135.372
135.382
135.391
135.397
135.401
135.402
135.401
135.399
135.396
135.392
135.387
135.381
135.374
135.366
135.357
135.347
135.336
135.325
135.312
135.299
135.286
135.271
135.257
135.242
135.229
135.213
135.206
135.185
135.206
114.042
115.09
116.15
117.217
118.286
119.353
120.411
121.456
122.482
123.481
124.45
125.382
126.272
127.118
127.916
128.663
129.359
130.003
130.594
131.136
131.628
132.074
132.476
132.836
133.159
133.446
133.701
133.927
134.126
134.302
134.456
134.592
134.711
134.815
134.905
134.981
135.045
135.096
135.138
135.171
135.196
135.214
135.226
135.234
135.239
135.245
135.254
135.266
135.28
135.293
135.304
135.312
135.317
135.32
135.322
135.322
135.321
135.318
135.314
135.309
135.302
135.295
135.286
135.277
135.266
135.255
135.243
135.231
135.217
135.205
135.191
135.185
135.166
135.189
114.384
115.254
116.14
117.038
117.947
118.862
119.781
120.697
121.608
122.508
123.392
124.256
125.095
125.905
126.682
127.424
128.127
128.789
129.411
129.99
130.527
131.022
131.477
131.893
132.272
132.615
132.925
133.205
133.455
133.68
133.88
134.059
134.219
134.362
134.49
134.604
134.705
134.793
134.87
134.935
134.988
135.032
135.068
135.096
135.118
135.134
135.146
135.156
135.168
135.182
135.198
135.214
135.228
135.239
135.247
135.253
135.257
135.258
135.259
135.258
135.255
135.251
135.246
135.239
135.231
135.223
135.213
135.202
135.191
135.181
135.168
135.164
135.146
135.172
115.054
115.766
116.495
117.239
117.999
118.772
119.554
120.343
121.135
121.927
122.714
123.494
124.261
125.012
125.744
126.453
127.136
127.79
128.413
129.004
129.56
130.082
130.57
131.022
131.441
131.827
132.181
132.504
132.799
133.066
133.309
133.527
133.725
133.903
134.064
134.208
134.339
134.457
134.563
134.658
134.741
134.814
134.875
134.927
134.969
135.004
135.032
135.054
135.072
135.086
135.1
135.115
135.132
135.15
135.165
135.178
135.188
135.196
135.201
135.204
135.205
135.205
135.203
135.199
135.194
135.188
135.181
135.173
135.163
135.155
135.143
135.141
135.124
135.155
115.948
116.523
117.115
117.725
118.352
118.995
119.651
120.319
120.995
121.678
122.365
123.052
123.737
124.416
125.086
125.743
126.385
127.009
127.612
128.192
128.746
129.274
129.774
130.246
130.688
131.101
131.485
131.842
132.17
132.473
132.75
133.004
133.235
133.446
133.637
133.811
133.969
134.112
134.242
134.36
134.467
134.563
134.649
134.725
134.791
134.847
134.895
134.934
134.966
134.992
135.013
135.03
135.046
135.062
135.08
135.097
135.114
135.128
135.139
135.147
135.152
135.156
135.157
135.157
135.155
135.152
135.147
135.141
135.134
135.127
135.117
135.116
135.101
135.137
116.981
117.44
117.916
118.41
118.922
119.451
119.994
120.551
121.12
121.7
122.289
122.883
123.482
124.082
124.68
125.275
125.863
126.441
127.007
127.559
128.094
128.609
129.105
129.578
130.028
130.454
130.855
131.232
131.584
131.912
132.217
132.498
132.758
132.996
133.215
133.416
133.599
133.766
133.919
134.058
134.184
134.3
134.405
134.5
134.586
134.663
134.731
134.789
134.839
134.88
134.915
134.943
134.967
134.986
135.003
135.019
135.037
135.055
135.071
135.085
135.096
135.104
135.109
135.113
135.114
135.113
135.111
135.108
135.102
135.098
135.09
135.091
135.075
135.12
118.084
118.449
118.827
119.225
119.64
120.07
120.515
120.974
121.447
121.933
122.429
122.936
123.45
123.97
124.495
125.021
125.548
126.071
126.59
127.101
127.602
128.092
128.568
129.029
129.472
129.898
130.303
130.689
131.053
131.397
131.719
132.02
132.301
132.562
132.804
133.028
133.234
133.423
133.597
133.756
133.902
134.035
134.156
134.267
134.369
134.461
134.546
134.621
134.689
134.748
134.798
134.841
134.876
134.906
134.93
134.95
134.968
134.985
135.002
135.019
135.035
135.048
135.058
135.066
135.07
135.073
135.073
135.072
135.069
135.066
135.06
135.063
135.048
135.103
119.206
119.495
119.794
120.112
120.446
120.794
121.155
121.531
121.92
122.322
122.736
123.161
123.597
124.041
124.493
124.951
125.413
125.878
126.343
126.806
127.265
127.719
128.165
128.602
129.027
129.44
129.838
130.221
130.587
130.936
131.268
131.581
131.876
132.153
132.411
132.653
132.877
133.086
133.278
133.456
133.62
133.77
133.908
134.034
134.15
134.255
134.352
134.441
134.522
134.595
134.661
134.719
134.769
134.812
134.847
134.877
134.902
134.922
134.939
134.956
134.972
134.988
135.003
135.015
135.024
135.03
135.034
135.035
135.034
135.034
135.029
135.035
135.017
135.086
120.313
120.54
120.776
121.029
121.297
121.576
121.868
122.173
122.49
122.82
123.162
123.516
123.88
124.255
124.639
125.032
125.431
125.836
126.245
126.657
127.069
127.481
127.89
128.295
128.693
129.084
129.465
129.836
130.195
130.54
130.871
131.188
131.489
131.775
132.045
132.299
132.537
132.76
132.968
133.161
133.34
133.506
133.659
133.8
133.93
134.049
134.158
134.258
134.35
134.434
134.511
134.582
134.645
134.701
134.75
134.791
134.826
134.855
134.879
134.898
134.915
134.931
134.946
134.96
134.973
134.984
134.991
134.996
134.998
134.999
134.995
135.004
134.983
135.072
121.379
121.558
121.743
121.945
122.158
122.382
122.616
122.862
123.12
123.389
123.669
123.961
124.263
124.576
124.899
125.231
125.571
125.919
126.274
126.634
126.998
127.365
127.732
128.1
128.465
128.828
129.185
129.536
129.879
130.213
130.536
130.849
131.149
131.437
131.711
131.972
132.218
132.451
132.67
132.876
133.068
133.247
133.413
133.568
133.711
133.842
133.964
134.075
134.178
134.272
134.358
134.437
134.51
134.577
134.637
134.69
134.737
134.777
134.81
134.838
134.86
134.879
134.894
134.908
134.922
134.934
134.945
134.954
134.959
134.963
134.96
134.972
134.944
135.063
122.39
122.53
122.676
122.835
123.006
123.185
123.373
123.57
123.778
123.997
124.225
124.464
124.712
124.971
125.24
125.518
125.806
126.101
126.405
126.715
127.032
127.353
127.679
128.007
128.336
128.665
128.994
129.319
129.64
129.956
130.266
130.567
130.86
131.144
131.416
131.678
131.928
132.166
132.392
132.606
132.807
132.996
133.173
133.339
133.493
133.636
133.769
133.891
134.005
134.109
134.204
134.292
134.373
134.448
134.516
134.578
134.635
134.685
134.729
134.767
134.798
134.823
134.844
134.861
134.874
134.886
134.898
134.908
134.916
134.924
134.923
134.938
134.899
135.061
123.336
123.446
123.56
123.687
123.823
123.966
124.116
124.275
124.443
124.619
124.804
124.999
125.203
125.415
125.638
125.869
126.109
126.358
126.615
126.88
127.151
127.43
127.713
128.002
128.294
128.589
128.885
129.181
129.477
129.77
130.06
130.346
130.626
130.899
131.165
131.422
131.671
131.909
132.137
132.355
132.562
132.758
132.943
133.117
133.28
133.433
133.575
133.708
133.831
133.945
134.05
134.147
134.236
134.318
134.393
134.463
134.526
134.585
134.637
134.684
134.725
134.759
134.788
134.81
134.828
134.843
134.854
134.864
134.872
134.882
134.882
134.902
134.846
135.07
124.214
124.301
124.39
124.491
124.6
124.714
124.834
124.961
125.096
125.238
125.388
125.546
125.712
125.887
126.069
126.26
126.46
126.667
126.883
127.107
127.338
127.576
127.82
128.071
128.326
128.586
128.85
129.116
129.383
129.651
129.918
130.184
130.446
130.705
130.959
131.208
131.449
131.684
131.91
132.128
132.336
132.536
132.725
132.905
133.075
133.235
133.386
133.527
133.658
133.781
133.895
134.001
134.098
134.188
134.271
134.347
134.417
134.481
134.54
134.594
134.642
134.685
134.722
134.753
134.778
134.797
134.812
134.823
134.831
134.84
134.839
134.864
134.791
135.088
125.023
125.091
125.161
125.241
125.328
125.42
125.516
125.618
125.727
125.841
125.962
126.09
126.225
126.368
126.517
126.674
126.839
127.011
127.191
127.379
127.573
127.775
127.984
128.199
128.42
128.647
128.878
129.113
129.352
129.592
129.835
130.078
130.32
130.562
130.8
131.036
131.267
131.494
131.714
131.928
132.135
132.334
132.525
132.707
132.881
133.046
133.203
133.35
133.489
133.619
133.74
133.854
133.959
134.057
134.147
134.231
134.307
134.377
134.442
134.501
134.555
134.604
134.648
134.686
134.719
134.745
134.766
134.781
134.791
134.801
134.799
134.824
134.747
135.088
125.764
125.817
125.873
125.937
126.007
126.08
126.157
126.239
126.326
126.419
126.517
126.621
126.73
126.846
126.968
127.097
127.233
127.375
127.524
127.68
127.843
128.013
128.19
128.373
128.562
128.758
128.959
129.164
129.374
129.588
129.805
130.024
130.245
130.466
130.687
130.907
131.125
131.339
131.551
131.757
131.959
132.155
132.344
132.527
132.702
132.869
133.029
133.181
133.325
133.461
133.589
133.709
133.821
133.926
134.023
134.113
134.196
134.273
134.344
134.408
134.467
134.52
134.569
134.613
134.652
134.685
134.712
134.734
134.749
134.761
134.762
134.786
134.728
135.025
126.439
126.481
126.525
126.577
126.633
126.692
126.754
126.82
126.89
126.965
127.044
127.128
127.217
127.312
127.411
127.517
127.628
127.745
127.869
127.998
128.134
128.276
128.425
128.58
128.741
128.908
129.081
129.259
129.442
129.63
129.821
130.017
130.215
130.415
130.616
130.819
131.021
131.222
131.421
131.618
131.811
132.001
132.185
132.365
132.539
132.706
132.868
133.022
133.169
133.309
133.441
133.566
133.684
133.795
133.899
133.995
134.085
134.168
134.244
134.315
134.379
134.437
134.49
134.538
134.581
134.619
134.652
134.679
134.7
134.717
134.724
134.743
134.735
134.866
127.053
127.087
127.121
127.163
127.208
127.256
127.306
127.359
127.416
127.477
127.541
127.609
127.682
127.758
127.84
127.926
128.017
128.114
128.216
128.323
128.436
128.554
128.679
128.809
128.945
129.087
129.234
129.387
129.546
129.709
129.877
130.049
130.225
130.404
130.585
130.769
130.954
131.139
131.325
131.509
131.692
131.873
132.051
132.225
132.395
132.56
132.72
132.874
133.023
133.165
133.3
133.429
133.552
133.667
133.776
133.878
133.973
134.062
134.144
134.22
134.29
134.354
134.412
134.464
134.51
134.552
134.588
134.619
134.645
134.665
134.681
134.691
134.737
134.637
127.608
127.635
127.663
127.696
127.733
127.772
127.812
127.856
127.902
127.951
128.003
128.059
128.118
128.181
128.247
128.318
128.393
128.472
128.556
128.645
128.738
128.837
128.941
129.05
129.165
129.285
129.41
129.54
129.676
129.817
129.963
130.113
130.268
130.426
130.588
130.753
130.92
131.089
131.26
131.431
131.602
131.772
131.94
132.107
132.271
132.432
132.588
132.741
132.888
133.031
133.168
133.299
133.424
133.543
133.656
133.763
133.863
133.957
134.044
134.125
134.201
134.269
134.332
134.389
134.44
134.485
134.524
134.558
134.586
134.609
134.63
134.63
134.703
134.424
128.111
128.133
128.155
128.182
128.212
128.244
128.277
128.312
128.35
128.39
128.432
128.478
128.526
128.577
128.632
128.69
128.752
128.817
128.886
128.96
129.037
129.119
129.206
129.297
129.393
129.494
129.6
129.711
129.827
129.948
130.074
130.204
130.339
130.478
130.621
130.767
130.917
131.07
131.225
131.381
131.539
131.697
131.855
132.012
132.168
132.323
132.474
132.623
132.768
132.909
133.046
133.178
133.304
133.426
133.541
133.651
133.755
133.853
133.945
134.031
134.111
134.185
134.252
134.313
134.369
134.417
134.46
134.496
134.527
134.55
134.572
134.565
134.624
134.306
128.561
128.578
128.596
128.619
128.643
128.669
128.696
128.725
128.756
128.789
128.824
128.862
128.901
128.944
128.989
129.036
129.087
129.141
129.199
129.259
129.324
129.392
129.465
129.541
129.622
129.707
129.796
129.89
129.989
130.092
130.2
130.313
130.43
130.551
130.676
130.806
130.939
131.075
131.215
131.357
131.501
131.646
131.793
131.94
132.087
132.233
132.378
132.521
132.662
132.8
132.935
133.066
133.193
133.315
133.432
133.545
133.651
133.753
133.849
133.938
134.022
134.1
134.172
134.238
134.297
134.35
134.396
134.435
134.468
134.491
134.512
134.501
134.527
134.288
128.969
128.983
128.997
129.016
129.037
129.058
129.08
129.104
129.13
129.157
129.186
129.217
129.25
129.285
129.322
129.361
129.404
129.448
129.496
129.547
129.6
129.657
129.718
129.782
129.849
129.921
129.997
130.076
130.16
130.248
130.34
130.437
130.538
130.643
130.753
130.866
130.984
131.105
131.229
131.356
131.487
131.619
131.754
131.89
132.027
132.164
132.301
132.437
132.573
132.706
132.838
132.966
133.092
133.213
133.331
133.445
133.553
133.657
133.755
133.849
133.936
134.018
134.093
134.162
134.226
134.282
134.332
134.374
134.409
134.434
134.452
134.444
134.441
134.316
129.327
129.338
129.35
129.366
129.383
129.401
129.42
129.44
129.461
129.484
129.508
129.534
129.561
129.591
129.622
129.655
129.69
129.728
129.768
129.81
129.855
129.903
129.954
130.008
130.065
130.125
130.189
130.257
130.328
130.404
130.483
130.566
130.653
130.744
130.84
130.939
131.042
131.149
131.26
131.374
131.491
131.611
131.733
131.858
131.985
132.112
132.241
132.37
132.498
132.626
132.753
132.878
133.001
133.121
133.238
133.352
133.461
133.566
133.667
133.762
133.853
133.937
134.016
134.089
134.155
134.215
134.268
134.313
134.35
134.377
134.395
134.393
134.378
134.336
129.657
129.666
129.676
129.689
129.704
129.719
129.735
129.751
129.77
129.789
129.809
129.831
129.854
129.878
129.905
129.932
129.962
129.993
130.027
130.063
130.101
130.141
130.184
130.229
130.278
130.329
130.383
130.441
130.501
130.566
130.633
130.705
130.78
130.859
130.941
131.028
131.118
131.212
131.31
131.411
131.516
131.624
131.734
131.848
131.964
132.081
132.201
132.321
132.442
132.564
132.685
132.805
132.924
133.042
133.157
133.269
133.378
133.484
133.585
133.682
133.774
133.861
133.942
134.018
134.087
134.149
134.205
134.253
134.292
134.322
134.341
134.346
134.332
134.327
129.932
129.939
129.948
129.96
129.972
129.985
129.999
130.014
130.029
130.046
130.063
130.082
130.102
130.123
130.145
130.169
130.195
130.222
130.25
130.281
130.314
130.348
130.385
130.424
130.465
130.509
130.556
130.605
130.658
130.713
130.772
130.834
130.899
130.967
131.04
131.115
131.195
131.278
131.364
131.455
131.548
131.645
131.745
131.848
131.954
132.062
132.173
132.285
132.399
132.513
132.628
132.743
132.858
132.972
133.084
133.195
133.303
133.408
133.509
133.607
133.7
133.789
133.872
133.95
134.022
134.087
134.145
134.195
134.236
134.269
134.29
134.3
134.292
134.299
130.202
130.208
130.216
130.226
130.237
130.248
130.26
130.273
130.286
130.3
130.315
130.331
130.348
130.367
130.386
130.406
130.428
130.451
130.476
130.502
130.53
130.56
130.591
130.624
130.66
130.698
130.738
130.78
130.825
130.873
130.923
130.977
131.033
131.093
131.156
131.222
131.291
131.364
131.44
131.52
131.603
131.689
131.779
131.872
131.968
132.067
132.168
132.271
132.377
132.484
132.592
132.701
132.81
132.919
133.028
133.135
133.24
133.344
133.444
133.542
133.635
133.725
133.809
133.888
133.961
134.028
134.088
134.14
134.184
134.218
134.242
134.256
134.253
134.265
130.398
130.403
130.41
130.42
130.43
130.44
130.45
130.462
130.474
130.487
130.5
130.515
130.53
130.546
130.564
130.582
130.602
130.622
130.644
130.667
130.692
130.718
130.746
130.776
130.807
130.841
130.876
130.914
130.954
130.996
131.041
131.088
131.138
131.191
131.247
131.305
131.367
131.432
131.501
131.572
131.647
131.726
131.807
131.892
131.979
132.07
132.163
132.259
132.358
132.458
132.56
132.664
132.768
132.873
132.977
133.082
133.185
133.286
133.386
133.483
133.576
133.666
133.751
133.831
133.906
133.974
134.036
134.089
134.135
134.171
134.198
134.215
134.215
134.233
130.634
130.638
130.645
130.653
130.662
130.671
130.681
130.691
130.702
130.713
130.725
130.738
130.752
130.766
130.781
130.797
130.814
130.833
130.852
130.872
130.894
130.917
130.941
130.967
130.995
131.024
131.055
131.087
131.122
131.159
131.198
131.239
131.283
131.329
131.378
131.429
131.484
131.541
131.601
131.665
131.731
131.801
131.873
131.949
132.028
132.11
132.195
132.283
132.373
132.465
132.56
132.656
132.754
132.853
132.952
133.051
133.15
133.248
133.345
133.439
133.531
133.619
133.704
133.784
133.858
133.927
133.989
134.043
134.09
134.128
134.155
134.175
134.178
134.2
130.74
130.743
130.749
130.758
130.766
130.775
130.784
130.794
130.805
130.816
130.827
130.839
130.852
130.866
130.881
130.896
130.912
130.929
130.947
130.967
130.987
131.009
131.031
131.056
131.081
131.108
131.137
131.167
131.2
131.234
131.27
131.308
131.349
131.391
131.436
131.484
131.534
131.587
131.643
131.702
131.763
131.828
131.896
131.967
132.04
132.117
132.197
132.28
132.365
132.453
132.543
132.636
132.73
132.825
132.921
133.018
133.115
133.211
133.307
133.4
133.491
133.579
133.664
133.744
133.819
133.889
133.952
134.007
134.055
134.094
134.124
134.145
134.15
134.175
130.994
130.998
131.004
131.012
131.02
131.028
131.036
131.045
131.055
131.065
131.075
131.086
131.098
131.11
131.123
131.137
131.151
131.167
131.183
131.2
131.218
131.237
131.257
131.278
131.301
131.324
131.35
131.376
131.404
131.434
131.466
131.499
131.534
131.571
131.611
131.652
131.696
131.742
131.791
131.843
131.897
131.954
132.013
132.076
132.141
132.21
132.281
132.355
132.432
132.511
132.593
132.677
132.763
132.85
132.939
133.029
133.119
133.209
133.298
133.386
133.472
133.556
133.637
133.713
133.785
133.852
133.913
133.967
134.013
134.052
134.081
134.102
134.107
134.134
134.828
135.609
136.308
136.918
137.443
137.889
138.265
138.58
138.842
139.059
139.238
139.384
139.504
139.601
139.679
139.742
139.792
139.831
139.862
139.885
139.902
139.915
139.924
139.929
139.932
139.934
139.933
139.932
139.929
139.926
139.923
139.919
139.915
139.911
139.906
139.902
139.898
139.894
139.89
139.886
139.882
134.819
135.58
136.264
136.862
137.379
137.821
138.198
138.515
138.783
139.007
139.193
139.348
139.477
139.582
139.669
139.74
139.798
139.844
139.881
139.911
139.933
139.951
139.964
139.973
139.98
139.984
139.986
139.986
139.985
139.983
139.981
139.977
139.974
139.969
139.965
139.96
139.955
139.95
139.945
139.94
139.935
134.809
135.557
136.234
136.825
137.339
137.783
138.163
138.488
138.763
138.996
139.192
139.357
139.495
139.61
139.706
139.785
139.849
139.902
139.945
139.979
140.006
140.026
140.042
140.054
140.062
140.067
140.07
140.071
140.07
140.069
140.066
140.062
140.058
140.053
140.048
140.042
140.036
140.03
140.024
140.017
140.011
134.801
135.55
136.229
136.821
137.339
137.788
138.174
138.506
138.79
139.032
139.238
139.412
139.559
139.683
139.787
139.874
139.946
140.005
140.053
140.093
140.124
140.148
140.167
140.182
140.192
140.199
140.204
140.206
140.206
140.205
140.202
140.198
140.193
140.187
140.181
140.174
140.167
140.159
140.151
140.143
140.135
134.793
135.549
136.236
136.834
137.358
137.814
138.209
138.55
138.844
139.097
139.313
139.498
139.655
139.789
139.903
139.998
140.078
140.145
140.2
140.245
140.281
140.309
140.331
140.348
140.361
140.369
140.375
140.377
140.377
140.376
140.372
140.367
140.361
140.354
140.346
140.338
140.329
140.319
140.309
140.298
140.288
134.785
135.552
136.251
136.858
137.392
137.858
138.264
138.617
138.923
139.188
139.417
139.615
139.785
139.93
140.054
140.16
140.249
140.324
140.386
140.438
140.479
140.511
140.537
140.557
140.571
140.581
140.587
140.59
140.59
140.588
140.584
140.578
140.571
140.562
140.552
140.542
140.53
140.518
140.505
140.492
140.479
134.775
135.56
136.275
136.895
137.442
137.922
138.342
138.71
139.031
139.311
139.555
139.766
139.95
140.108
140.245
140.361
140.46
140.544
140.614
140.672
140.719
140.755
140.784
140.807
140.824
140.835
140.842
140.845
140.845
140.841
140.836
140.828
140.819
140.808
140.796
140.782
140.768
140.753
140.737
140.72
140.704
134.766
135.573
136.31
136.948
137.512
138.009
138.446
138.831
139.169
139.466
139.726
139.953
140.152
140.324
140.474
140.602
140.713
140.806
140.885
140.95
141.003
141.043
141.076
141.102
141.12
141.132
141.14
141.142
141.142
141.137
141.13
141.12
141.109
141.095
141.08
141.063
141.045
141.026
141.006
140.986
140.965
134.756
135.593
136.357
137.016
137.601
138.119
138.576
138.98
139.337
139.653
139.931
140.176
140.391
140.58
140.744
140.886
141.008
141.112
141.2
141.272
141.332
141.377
141.414
141.442
141.462
141.476
141.483
141.485
141.483
141.477
141.468
141.456
141.441
141.424
141.405
141.384
141.362
141.339
141.315
141.289
141.264
134.747
135.619
136.414
137.1
137.711
138.252
138.731
139.158
139.537
139.874
140.173
140.437
140.671
140.877
141.057
141.213
141.349
141.464
141.562
141.644
141.71
141.76
141.8
141.832
141.854
141.867
141.875
141.876
141.872
141.864
141.852
141.836
141.818
141.796
141.773
141.748
141.721
141.692
141.663
141.632
141.602
134.738
135.651
136.484
137.201
137.841
138.41
138.916
139.368
139.771
140.132
140.453
140.74
140.994
141.219
141.416
141.589
141.739
141.867
141.976
142.066
142.14
142.195
142.24
142.274
142.297
142.311
142.317
142.317
142.311
142.3
142.284
142.265
142.242
142.216
142.187
142.156
142.123
142.089
142.053
142.016
141.979
134.73
135.691
136.567
137.32
137.994
138.594
139.13
139.611
140.042
140.43
140.776
141.087
141.363
141.609
141.826
142.017
142.182
142.324
142.445
142.545
142.626
142.687
142.735
142.772
142.796
142.81
142.816
142.813
142.804
142.789
142.769
142.744
142.716
142.684
142.649
142.611
142.572
142.53
142.487
142.442
142.398
134.724
135.74
136.665
137.459
138.172
138.808
139.378
139.891
140.354
140.77
141.145
141.482
141.784
142.053
142.291
142.501
142.684
142.841
142.975
143.085
143.175
143.24
143.293
143.332
143.357
143.37
143.373
143.368
143.355
143.335
143.31
143.279
143.243
143.204
143.162
143.116
143.068
143.018
142.966
142.913
142.86
134.72
135.798
136.779
137.621
138.378
139.054
139.662
140.212
140.709
141.159
141.565
141.931
142.261
142.555
142.817
143.048
143.25
143.424
143.571
143.693
143.791
143.862
143.918
143.959
143.984
143.996
143.996
143.987
143.968
143.942
143.91
143.871
143.828
143.78
143.728
143.673
143.615
143.555
143.493
143.429
143.366
134.719
135.867
136.912
137.807
138.614
139.336
139.987
140.577
141.113
141.6
142.04
142.439
142.8
143.123
143.411
143.666
143.888
144.08
144.242
144.376
144.483
144.559
144.619
144.66
144.684
144.693
144.689
144.674
144.649
144.616
144.574
144.526
144.473
144.414
144.351
144.285
144.216
144.144
144.07
143.993
143.918
134.722
135.949
137.066
138.022
138.885
139.658
140.357
140.993
141.573
142.1
142.58
143.015
143.41
143.765
144.081
144.361
144.606
144.817
144.996
145.142
145.258
145.34
145.401
145.443
145.465
145.47
145.46
145.437
145.403
145.36
145.307
145.248
145.182
145.11
145.034
144.954
144.871
144.785
144.696
144.606
144.516
134.731
136.047
137.244
138.269
139.194
140.026
140.779
141.466
142.094
142.668
143.191
143.667
144.099
144.489
144.838
145.146
145.416
145.648
145.843
146.003
146.128
146.214
146.277
146.317
146.335
146.333
146.315
146.282
146.237
146.18
146.114
146.04
145.958
145.871
145.779
145.682
145.582
145.479
145.374
145.266
145.16
134.746
136.163
137.45
138.552
139.549
140.446
141.26
142.005
142.688
143.313
143.883
144.405
144.88
145.309
145.692
146.032
146.329
146.584
146.797
146.97
147.103
147.192
147.255
147.292
147.303
147.292
147.262
147.216
147.156
147.083
146.999
146.907
146.806
146.699
146.587
146.47
146.35
146.227
146.101
145.974
145.847
134.771
136.3
137.689
138.879
139.955
140.926
141.809
142.619
143.363
144.046
144.671
145.243
145.766
146.238
146.661
147.035
147.361
147.64
147.873
148.058
148.199
148.289
148.348
148.379
148.379
148.355
148.31
148.246
148.166
148.072
147.967
147.851
147.727
147.596
147.46
147.319
147.174
147.026
146.877
146.726
146.576
134.807
136.463
137.966
139.255
140.422
141.475
142.436
143.32
144.133
144.882
145.568
146.197
146.773
147.294
147.76
148.172
148.53
148.835
149.087
149.285
149.431
149.519
149.572
149.591
149.576
149.534
149.467
149.38
149.275
149.154
149.02
148.876
148.722
148.562
148.395
148.225
148.05
147.874
147.695
147.516
147.338
134.858
136.657
138.289
139.69
140.96
142.107
143.156
144.123
145.015
145.838
146.593
147.287
147.923
148.498
149.012
149.466
149.859
150.191
150.461
150.67
150.818
150.899
150.94
150.942
150.906
150.838
150.742
150.624
150.485
150.33
150.161
149.98
149.79
149.592
149.389
149.182
148.972
148.761
148.549
148.336
148.126
134.927
136.888
138.667
140.195
141.581
142.836
143.986
145.048
146.03
146.937
147.77
148.538
149.241
149.877
150.445
150.944
151.374
151.734
152.022
152.238
152.382
152.449
152.471
152.447
152.38
152.277
152.143
151.983
151.801
151.601
151.386
151.159
150.924
150.681
150.433
150.183
149.93
149.677
149.424
149.172
148.924
135.019
137.165
139.11
140.784
142.303
143.681
144.946
146.117
147.202
148.206
149.129
149.98
150.76
151.465
152.092
152.64
153.109
153.495
153.798
154.015
154.147
154.192
154.182
154.12
154.01
153.859
153.673
153.458
153.22
152.963
152.69
152.406
152.114
151.815
151.513
151.21
150.906
150.603
150.303
150.006
149.715
135.141
137.498
139.634
141.475
143.147
144.666
146.064
147.361
148.565
149.681
150.707
151.653
152.52
153.302
153.994
154.596
155.103
155.514
155.825
156.035
156.142
156.148
156.092
155.976
155.806
155.588
155.333
155.047
154.736
154.406
154.06
153.704
153.342
152.975
152.607
152.24
151.876
151.516
151.161
150.812
150.471
135.3
137.9
140.255
142.29
144.139
145.822
147.376
148.819
150.162
151.407
152.551
153.607
154.573
155.441
156.205
156.862
157.407
157.836
158.145
158.332
158.396
158.341
158.217
158.025
157.77
157.464
157.117
156.737
156.332
155.908
155.472
155.027
154.578
154.129
153.683
153.242
152.807
152.381
151.964
151.556
151.16
135.506
138.388
140.999
143.259
145.315
147.191
148.926
150.541
152.047
153.443
154.726
155.907
156.986
157.95
158.791
159.503
160.08
160.516
160.805
160.946
160.936
160.791
160.568
160.267
159.897
159.472
159.004
158.503
157.978
157.437
156.888
156.334
155.782
155.235
154.697
154.17
153.654
153.153
152.667
152.196
151.741
135.774
138.986
141.896
144.422
146.721
148.826
150.776
152.597
154.295
155.87
157.313
158.641
159.848
160.917
161.836
162.598
163.195
163.616
163.857
163.914
163.788
163.506
163.142
162.691
162.165
161.582
160.956
160.3
159.625
158.94
158.253
157.57
156.895
156.234
155.59
154.966
154.362
153.779
153.22
152.681
152.166
136.119
139.723
142.99
145.833
148.423
150.801
153.011
155.077
157.007
158.795
160.427
161.922
163.272
164.453
165.448
166.246
166.836
167.207
167.352
167.269
166.961
166.48
165.917
165.259
164.526
163.737
162.91
162.06
161.2
160.341
159.49
158.655
157.841
157.051
156.29
155.561
154.861
154.194
153.559
152.954
152.381
136.565
140.642
144.337
147.565
150.509
153.221
155.748
158.114
160.324
162.367
164.22
165.907
167.414
168.706
169.762
170.565
171.101
171.358
171.331
171.022
170.439
169.671
168.832
167.899
166.894
165.842
164.764
163.678
162.598
161.535
160.497
159.492
158.523
157.595
156.711
155.872
155.077
154.327
153.62
152.954
152.331
137.142
141.799
146.021
149.723
153.106
156.234
159.154
161.892
164.446
166.796
168.909
170.81
172.478
173.865
174.94
175.686
176.083
176.123
175.805
175.14
174.151
172.98
171.77
170.476
169.128
167.752
166.374
165.012
163.681
162.391
161.149
159.962
158.833
157.764
156.757
155.813
154.929
154.104
153.337
152.623
151.964
137.894
143.279
148.163
152.466
156.406
160.062
163.483
166.69
169.673
172.393
174.802
176.928
178.738
180.168
181.177
181.744
181.855
181.508
180.717
179.513
177.94
176.221
174.531
172.786
171.021
169.266
167.547
165.881
164.281
162.754
161.306
159.939
158.655
157.454
156.336
155.3
154.342
153.46
152.651
151.909
151.236
138.865
145.178
150.913
155.993
160.655
164.995
169.062
172.866
176.378
179.533
182.257
184.583
186.462
187.809
188.576
188.749
188.33
187.339
185.82
183.838
181.469
179.052
176.779
174.509
172.277
170.115
168.043
166.074
164.214
162.466
160.831
159.308
157.894
156.585
155.381
154.278
153.27
152.355
151.53
150.787
150.13
140.12
147.576
154.377
160.432
166.007
171.205
176.075
180.603
184.728
188.335
191.323
193.734
195.497
196.511
196.738
196.191
194.908
192.958
190.436
187.455
184.133
180.935
178.051
175.256
172.581
170.05
167.674
165.456
163.393
161.481
159.713
158.082
156.583
155.207
153.953
152.815
151.787
150.866
150.052
149.336
148.725
141.638
150.454
158.522
165.738
172.4
178.615
184.416
189.751
194.501
198.484
201.567
203.815
205.147
205.464
204.77
203.138
200.675
197.519
193.829
189.768
185.489
181.569
178.16
174.939
171.925
169.132
166.555
164.183
162.004
160.004
158.17
156.49
154.954
153.552
152.28
151.134
150.107
149.198
148.41
147.736
147.189
143.345
153.791
163.372
171.975
179.934
187.339
194.186
200.36
205.658
209.806
212.667
214.355
214.811
213.982
211.958
208.91
205.039
200.561
195.689
190.622
185.521
181.038
177.257
173.757
170.54
167.606
164.935
162.503
160.287
158.266
156.421
154.737
153.2
151.8
150.53
149.389
148.37
147.477
146.715
146.086
145.607
145.193
157.594
168.983
179.24
188.727
197.493
205.453
212.398
218.016
221.938
224.092
224.697
223.762
221.341
217.658
213.006
207.677
201.941
196.039
190.169
184.473
179.633
175.648
172.014
168.719
165.75
163.073
160.652
158.457
156.462
154.644
152.984
151.467
150.082
148.823
147.687
146.674
145.788
145.043
144.447
144.031
147.128
161.886
175.437
187.656
198.909
209.168
218.202
225.669
231.161
234.263
235.093
234.043
231.248
226.921
221.445
215.218
208.581
201.816
195.146
188.741
182.698
177.695
173.648
169.999
166.721
163.793
161.169
158.805
156.667
154.725
152.954
151.332
149.845
148.48
147.232
146.1
145.082
144.191
143.443
142.859
142.488
149.081
166.688
182.821
197.346
210.588
222.364
232.23
239.709
244.382
245.918
244.801
241.631
236.695
230.391
223.237
215.674
208.029
200.546
193.404
186.718
180.542
175.524
171.518
167.933
164.733
161.89
159.352
157.071
155.007
153.131
151.415
149.838
148.383
147.038
145.798
144.663
143.632
142.72
141.948
141.35
140.993
150.967
172.029
191.236
208.427
223.795
236.896
247.046
253.727
256.706
255.965
252.465
246.968
239.887
231.797
223.292
214.761
206.455
198.561
191.198
184.433
178.274
173.34
169.436
165.959
162.869
160.133
157.696
155.505
153.522
151.714
150.055
148.521
147.097
145.77
144.535
143.392
142.34
141.394
140.576
139.937
139.552
152.705
177.96
200.8
220.981
238.417
252.307
261.828
266.684
267.129
263.665
257.697
249.973
240.999
231.511
222.08
212.956
204.296
196.232
188.833
182.12
176.071
171.274
167.503
164.154
161.186
158.563
156.228
154.128
152.223
150.481
148.875
147.382
145.985
144.674
143.441
142.286
141.207
140.221
139.338
138.634
138.167
154.228
184.564
211.65
235.012
254.096
267.784
275.476
277.523
274.913
268.739
260.574
250.942
240.472
230.051
220.101
210.685
201.894
193.826
186.506
179.921
174.03
169.394
165.765
162.549
159.702
157.189
154.953
152.938
151.105
149.424
147.865
146.408
145.036
143.736
142.503
141.336
140.229
139.199
138.239
137.455
136.835
155.498
191.964
223.896
250.315
270.095
282.197
286.873
285.515
279.863
271.424
261.525
250.361
238.831
227.918
217.762
208.256
199.478
191.508
184.332
177.912
172.199
167.728
164.239
161.149
158.417
156.006
153.859
151.921
150.154
148.525
147.009
145.584
144.232
142.942
141.708
140.528
139.393
138.319
137.278
136.405
135.555
156.51
200.327
237.547
266.352
285.343
294.404
295.288
290.521
282.331
272.286
261.083
248.714
236.545
225.498
215.337
205.861
197.186
189.371
182.367
176.126
170.591
166.28
162.922
159.947
157.317
154.998
152.93
151.061
149.35
147.768
146.289
144.89
143.555
142.274
141.038
139.847
138.685
137.572
136.451
135.487
134.33
157.327
209.831
252.387
282.21
298.646
303.604
300.585
292.929
282.953
271.935
259.701
246.4
233.98
223.058
212.994
203.615
195.096
187.459
180.634
174.568
169.203
165.039
161.798
158.925
156.385
154.146
152.148
150.336
148.675
147.133
145.685
144.309
142.989
141.714
140.476
139.274
138.091
136.943
135.749
134.696
133.166
158.006
220.399
267.64
296.57
308.964
309.518
303.122
293.409
282.403
270.883
257.74
243.761
231.418
220.762
210.834
201.586
193.241
185.785
179.13
173.228
168.016
163.984
160.847
158.066
155.605
153.435
151.497
149.736
148.117
146.609
145.187
143.83
142.522
141.252
140.012
138.802
137.6
136.422
135.168
134.031
132.084
158.533
231.561
282.22
308.366
315.962
312.534
303.635
292.724
281.276
269.521
255.479
241.104
229.076
218.704
208.898
199.797
191.627
184.338
177.839
172.083
167.008
163.089
160.034
157.327
154.935
152.826
150.94
149.223
147.64
146.162
144.764
143.424
142.126
140.862
139.622
138.405
137.19
135.988
134.691
133.48
131.087
157.375
243.239
295.933
317.597
320.17
313.443
302.885
291.45
279.965
268.099
253.06
238.612
227.159
217.065
207.336
198.368
190.354
183.209
176.839
171.203
166.236
162.441
159.46
156.807
154.465
152.4
150.551
148.865
147.308
145.849
144.467
143.137
141.846
140.585
139.344
138.121
136.895
135.675
134.349
133.092
130.268
159.602
256.585
307.469
323.004
321.636
312.495
300.676
288.962
277.632
265.731
249.482
234.89
224.141
214.527
205.041
196.319
188.554
181.636
175.471
170.02
165.213
161.506
158.65
156.088
153.822
151.824
150.034
148.395
146.878
145.451
144.093
142.782
141.505
140.252
139.013
137.79
136.557
135.321
133.975
132.682
129.71
139.878
139.877
139.875
139.872
139.87
139.867
139.865
139.862
139.858
139.855
139.851
139.847
139.843
139.838
139.833
139.827
139.821
139.815
139.808
139.8
139.792
139.783
139.773
139.762
139.75
139.738
139.724
139.709
139.692
139.674
139.655
139.634
139.611
139.585
139.558
139.529
139.496
139.461
139.423
139.382
139.338
139.29
139.238
139.183
139.123
139.059
138.99
138.917
138.839
138.757
138.669
138.577
138.481
138.38
138.275
138.166
138.053
137.938
137.819
137.699
137.577
137.454
137.331
137.209
137.087
136.967
136.849
136.734
136.623
136.517
136.416
136.32
136.235
136.145
139.931
139.93
139.928
139.926
139.923
139.92
139.917
139.914
139.91
139.907
139.902
139.898
139.893
139.888
139.882
139.876
139.869
139.862
139.854
139.845
139.836
139.826
139.815
139.803
139.79
139.776
139.761
139.744
139.726
139.707
139.685
139.662
139.637
139.61
139.58
139.549
139.514
139.477
139.437
139.393
139.346
139.296
139.242
139.184
139.122
139.056
138.985
138.91
138.831
138.747
138.659
138.566
138.469
138.368
138.262
138.153
138.041
137.926
137.808
137.688
137.567
137.445
137.323
137.201
137.079
136.96
136.843
136.728
136.618
136.511
136.411
136.314
136.233
136.131
140.005
140.005
140.003
140
139.997
139.994
139.991
139.988
139.984
139.98
139.976
139.971
139.966
139.96
139.954
139.947
139.94
139.932
139.924
139.915
139.905
139.894
139.882
139.869
139.855
139.84
139.823
139.806
139.786
139.765
139.742
139.717
139.69
139.661
139.63
139.596
139.559
139.519
139.476
139.43
139.38
139.327
139.27
139.209
139.144
139.075
139.001
138.923
138.841
138.754
138.662
138.567
138.467
138.363
138.255
138.144
138.03
137.913
137.794
137.673
137.55
137.428
137.305
137.182
137.061
136.942
136.825
136.711
136.601
136.495
136.396
136.298
136.22
136.104
140.128
140.127
140.126
140.123
140.119
140.116
140.113
140.109
140.105
140.1
140.095
140.09
140.084
140.078
140.071
140.064
140.056
140.047
140.037
140.027
140.016
140.003
139.99
139.976
139.96
139.943
139.924
139.904
139.882
139.858
139.832
139.804
139.774
139.741
139.706
139.668
139.627
139.583
139.535
139.484
139.43
139.371
139.309
139.243
139.173
139.098
139.019
138.936
138.849
138.757
138.661
138.561
138.457
138.35
138.239
138.125
138.009
137.89
137.769
137.647
137.524
137.401
137.278
137.156
137.035
136.916
136.801
136.688
136.579
136.474
136.375
136.277
136.201
136.072
140.279
140.278
140.276
140.273
140.269
140.266
140.262
140.257
140.253
140.248
140.242
140.236
140.23
140.222
140.215
140.206
140.197
140.187
140.176
140.164
140.151
140.137
140.121
140.105
140.087
140.067
140.046
140.022
139.997
139.97
139.94
139.909
139.874
139.837
139.797
139.754
139.708
139.658
139.605
139.548
139.488
139.423
139.355
139.282
139.205
139.124
139.039
138.95
138.856
138.759
138.657
138.552
138.444
138.332
138.217
138.1
137.981
137.86
137.737
137.614
137.491
137.367
137.244
137.123
137.003
136.886
136.771
136.66
136.552
136.448
136.351
136.253
136.178
136.04
140.467
140.466
140.464
140.46
140.456
140.452
140.447
140.442
140.437
140.431
140.424
140.417
140.41
140.401
140.392
140.382
140.371
140.359
140.346
140.332
140.317
140.3
140.282
140.263
140.241
140.218
140.193
140.166
140.137
140.105
140.07
140.033
139.994
139.951
139.905
139.855
139.802
139.746
139.685
139.621
139.553
139.481
139.405
139.324
139.24
139.151
139.058
138.962
138.861
138.757
138.649
138.538
138.425
138.308
138.189
138.069
137.947
137.823
137.699
137.575
137.451
137.327
137.205
137.084
136.966
136.85
136.737
136.627
136.522
136.42
136.324
136.226
136.154
136.011
140.689
140.687
140.685
140.681
140.676
140.671
140.665
140.659
140.653
140.646
140.638
140.629
140.62
140.61
140.599
140.587
140.574
140.56
140.544
140.527
140.509
140.489
140.468
140.444
140.419
140.391
140.361
140.329
140.295
140.257
140.217
140.173
140.127
140.077
140.023
139.966
139.905
139.841
139.772
139.699
139.622
139.541
139.456
139.367
139.273
139.176
139.075
138.97
138.862
138.75
138.636
138.519
138.399
138.278
138.155
138.031
137.906
137.78
137.655
137.529
137.405
137.282
137.161
137.041
136.924
136.81
136.699
136.592
136.488
136.388
136.295
136.199
136.127
135.986
140.947
140.945
140.942
140.937
140.931
140.925
140.918
140.911
140.903
140.894
140.884
140.874
140.863
140.85
140.837
140.822
140.806
140.789
140.77
140.75
140.727
140.703
140.677
140.649
140.618
140.585
140.55
140.511
140.47
140.425
140.378
140.326
140.272
140.213
140.151
140.085
140.014
139.94
139.861
139.778
139.691
139.6
139.505
139.406
139.303
139.196
139.085
138.972
138.856
138.736
138.615
138.492
138.367
138.24
138.113
137.986
137.858
137.731
137.604
137.479
137.354
137.232
137.112
136.994
136.879
136.767
136.658
136.553
136.452
136.355
136.264
136.17
136.1
135.966
141.242
141.239
141.236
141.229
141.221
141.214
141.205
141.196
141.186
141.175
141.163
141.15
141.136
141.121
141.104
141.086
141.067
141.045
141.022
140.997
140.97
140.941
140.909
140.875
140.838
140.798
140.755
140.709
140.659
140.606
140.55
140.489
140.425
140.356
140.283
140.207
140.125
140.04
139.95
139.856
139.758
139.655
139.549
139.439
139.326
139.209
139.089
138.966
138.842
138.715
138.587
138.457
138.327
138.196
138.065
137.935
137.805
137.676
137.549
137.423
137.3
137.178
137.059
136.943
136.831
136.721
136.615
136.513
136.415
136.32
136.232
136.141
136.072
135.95
141.576
141.571
141.566
141.558
141.548
141.538
141.528
141.516
141.504
141.49
141.475
141.459
141.441
141.422
141.402
141.379
141.355
141.328
141.3
141.269
141.236
141.2
141.161
141.119
141.074
141.026
140.974
140.919
140.86
140.797
140.729
140.658
140.582
140.502
140.417
140.328
140.235
140.137
140.035
139.928
139.818
139.703
139.585
139.464
139.34
139.213
139.083
138.952
138.819
138.685
138.55
138.415
138.279
138.145
138.011
137.878
137.747
137.617
137.489
137.364
137.241
137.121
137.004
136.891
136.78
136.673
136.57
136.471
136.376
136.285
136.199
136.112
136.044
135.937
141.948
141.941
141.935
141.924
141.912
141.9
141.886
141.872
141.856
141.838
141.82
141.799
141.777
141.753
141.728
141.7
141.669
141.637
141.601
141.563
141.522
141.478
141.431
141.38
141.325
141.267
141.205
141.138
141.068
140.993
140.913
140.829
140.74
140.647
140.549
140.446
140.339
140.227
140.111
139.992
139.868
139.741
139.611
139.478
139.343
139.206
139.067
138.927
138.786
138.645
138.504
138.364
138.224
138.086
137.95
137.815
137.683
137.553
137.426
137.302
137.18
137.062
136.948
136.836
136.729
136.625
136.524
136.428
136.336
136.248
136.166
136.083
136.016
135.924
142.361
142.352
142.343
142.33
142.314
142.298
142.281
142.263
142.242
142.221
142.197
142.171
142.144
142.114
142.081
142.046
142.009
141.968
141.924
141.878
141.827
141.773
141.715
141.653
141.587
141.517
141.442
141.363
141.279
141.19
141.096
140.998
140.894
140.786
140.673
140.555
140.434
140.307
140.177
140.044
139.907
139.767
139.624
139.48
139.334
139.187
139.039
138.891
138.743
138.596
138.449
138.305
138.162
138.022
137.883
137.748
137.615
137.486
137.36
137.237
137.117
137.002
136.889
136.781
136.676
136.575
136.478
136.385
136.297
136.212
136.132
136.054
135.988
135.911
142.816
142.804
142.792
142.775
142.755
142.735
142.713
142.689
142.664
142.636
142.606
142.574
142.539
142.501
142.461
142.417
142.37
142.32
142.266
142.209
142.147
142.081
142.011
141.936
141.856
141.772
141.683
141.588
141.489
141.384
141.275
141.16
141.04
140.916
140.787
140.653
140.515
140.374
140.229
140.081
139.93
139.777
139.623
139.467
139.311
139.155
138.998
138.843
138.689
138.537
138.386
138.238
138.093
137.951
137.812
137.676
137.544
137.416
137.291
137.17
137.053
136.94
136.83
136.725
136.623
136.526
136.432
136.342
136.257
136.175
136.099
136.025
135.96
135.896
143.315
143.299
143.282
143.26
143.235
143.209
143.181
143.151
143.118
143.083
143.046
143.005
142.961
142.914
142.864
142.81
142.752
142.69
142.624
142.553
142.478
142.397
142.312
142.222
142.127
142.026
141.92
141.809
141.692
141.57
141.443
141.31
141.173
141.031
140.885
140.735
140.581
140.423
140.263
140.101
139.937
139.772
139.606
139.44
139.274
139.109
138.946
138.784
138.625
138.469
138.315
138.165
138.018
137.875
137.736
137.601
137.47
137.344
137.221
137.102
136.988
136.878
136.771
136.669
136.571
136.476
136.386
136.299
136.217
136.139
136.066
135.996
135.932
135.88
143.857
143.836
143.814
143.785
143.754
143.721
143.685
143.647
143.606
143.561
143.514
143.463
143.408
143.349
143.287
143.22
143.148
143.072
142.991
142.905
142.814
142.717
142.615
142.507
142.394
142.274
142.15
142.019
141.883
141.742
141.596
141.444
141.288
141.128
140.964
140.797
140.626
140.453
140.279
140.103
139.926
139.749
139.573
139.397
139.223
139.051
138.882
138.715
138.552
138.392
138.237
138.085
137.938
137.795
137.657
137.524
137.394
137.27
137.15
137.034
136.923
136.815
136.712
136.613
136.518
136.427
136.34
136.257
136.178
136.103
136.033
135.967
135.905
135.862
144.445
144.416
144.387
144.35
144.31
144.268
144.223
144.174
144.122
144.067
144.007
143.943
143.875
143.802
143.725
143.642
143.555
143.462
143.363
143.259
143.149
143.033
142.911
142.784
142.65
142.51
142.365
142.213
142.057
141.895
141.728
141.557
141.382
141.203
141.021
140.836
140.65
140.462
140.273
140.084
139.896
139.708
139.522
139.339
139.158
138.98
138.806
138.636
138.47
138.309
138.152
138
137.854
137.712
137.576
137.444
137.317
137.195
137.078
136.966
136.857
136.754
136.654
136.558
136.467
136.379
136.296
136.216
136.14
136.068
136.001
135.939
135.879
135.843
145.075
145.038
144.999
144.953
144.902
144.848
144.791
144.73
144.665
144.595
144.52
144.441
144.357
144.267
144.172
144.071
143.964
143.852
143.733
143.608
143.477
143.339
143.195
143.045
142.889
142.726
142.559
142.385
142.207
142.023
141.836
141.644
141.45
141.252
141.053
140.851
140.649
140.447
140.246
140.045
139.846
139.65
139.456
139.266
139.08
138.898
138.72
138.548
138.381
138.219
138.062
137.912
137.766
137.626
137.492
137.363
137.239
137.121
137.007
136.898
136.793
136.693
136.597
136.505
136.417
136.332
136.252
136.175
136.103
136.034
135.969
135.911
135.853
135.823
145.748
145.699
145.648
145.589
145.525
145.457
145.385
145.308
145.227
145.14
145.047
144.949
144.846
144.736
144.62
144.497
144.369
144.233
144.091
143.943
143.787
143.626
143.458
143.283
143.103
142.917
142.725
142.528
142.327
142.122
141.914
141.702
141.488
141.273
141.057
140.84
140.624
140.409
140.196
139.985
139.778
139.574
139.374
139.179
138.989
138.804
138.625
138.452
138.285
138.124
137.968
137.819
137.676
137.539
137.408
137.282
137.162
137.046
136.936
136.831
136.73
136.633
136.541
136.452
136.367
136.287
136.209
136.136
136.066
136.001
135.939
135.883
135.827
135.802
146.458
146.395
146.329
146.254
146.173
146.088
145.998
145.902
145.801
145.693
145.579
145.459
145.332
145.199
145.059
144.912
144.758
144.597
144.429
144.254
144.073
143.885
143.691
143.49
143.285
143.074
142.858
142.638
142.414
142.187
141.958
141.728
141.496
141.264
141.032
140.802
140.573
140.348
140.125
139.906
139.692
139.483
139.279
139.08
138.888
138.702
138.523
138.35
138.184
138.025
137.872
137.725
137.585
137.451
137.323
137.201
137.085
136.973
136.867
136.765
136.668
136.575
136.486
136.401
136.32
136.242
136.168
136.098
136.031
135.968
135.909
135.857
135.803
135.781
147.198
147.118
147.034
146.939
146.838
146.732
146.619
146.501
146.376
146.244
146.105
145.959
145.806
145.645
145.478
145.303
145.121
144.932
144.736
144.533
144.323
144.108
143.886
143.659
143.428
143.192
142.952
142.709
142.463
142.216
141.968
141.719
141.471
141.224
140.979
140.737
140.498
140.264
140.034
139.809
139.59
139.377
139.171
138.971
138.778
138.593
138.414
138.243
138.08
137.923
137.773
137.63
137.494
137.363
137.239
137.121
137.009
136.901
136.799
136.701
136.608
136.518
136.433
136.352
136.274
136.199
136.128
136.061
135.997
135.937
135.88
135.831
135.778
135.76
147.96
147.858
147.75
147.632
147.507
147.375
147.237
147.091
146.938
146.778
146.61
146.435
146.252
146.061
145.863
145.658
145.446
145.226
145
144.768
144.529
144.285
144.036
143.783
143.526
143.265
143.002
142.738
142.472
142.206
141.94
141.676
141.413
141.154
140.898
140.647
140.4
140.159
139.924
139.695
139.473
139.259
139.052
138.853
138.661
138.477
138.301
138.133
137.973
137.819
137.673
137.534
137.402
137.276
137.157
137.043
136.934
136.831
136.732
136.639
136.549
136.464
136.382
136.304
136.229
136.158
136.09
136.026
135.964
135.907
135.852
135.805
135.755
135.74
148.729
148.6
148.464
148.318
148.163
148.002
147.833
147.656
147.471
147.279
147.079
146.871
146.655
146.432
146.201
145.964
145.719
145.469
145.212
144.95
144.682
144.411
144.135
143.856
143.575
143.292
143.007
142.723
142.439
142.156
141.876
141.598
141.325
141.055
140.791
140.532
140.28
140.035
139.797
139.567
139.345
139.131
138.925
138.727
138.538
138.358
138.185
138.021
137.864
137.715
137.574
137.44
137.312
137.19
137.075
136.966
136.862
136.763
136.668
136.578
136.493
136.411
136.333
136.258
136.187
136.118
136.053
135.992
135.933
135.878
135.826
135.781
135.732
135.719
149.485
149.323
149.155
148.975
148.787
148.591
148.387
148.176
147.956
147.728
147.492
147.249
146.999
146.741
146.477
146.207
145.93
145.648
145.362
145.071
144.776
144.478
144.177
143.875
143.572
143.268
142.965
142.664
142.365
142.069
141.776
141.489
141.206
140.93
140.66
140.397
140.142
139.895
139.657
139.427
139.206
138.994
138.791
138.597
138.412
138.235
138.067
137.908
137.756
137.612
137.475
137.346
137.223
137.106
136.996
136.891
136.791
136.696
136.606
136.52
136.438
136.36
136.285
136.214
136.146
136.08
136.018
135.959
135.903
135.85
135.8
135.758
135.71
135.7
150.201
150.003
149.796
149.579
149.353
149.118
148.876
148.627
148.369
148.104
147.831
147.552
147.266
146.975
146.677
146.375
146.068
145.756
145.442
145.124
144.804
144.483
144.16
143.838
143.516
143.196
142.878
142.563
142.251
141.945
141.644
141.349
141.061
140.78
140.508
140.244
139.988
139.742
139.505
139.278
139.06
138.852
138.653
138.463
138.283
138.112
137.949
137.795
137.648
137.51
137.378
137.254
137.136
137.025
136.919
136.818
136.723
136.633
136.547
136.464
136.386
136.311
136.24
136.172
136.106
136.044
135.984
135.928
135.874
135.824
135.775
135.735
135.689
135.681
150.846
150.606
150.357
150.098
149.83
149.555
149.273
148.983
148.687
148.384
148.076
147.761
147.442
147.118
146.79
146.458
146.124
145.787
145.447
145.107
144.766
144.425
144.085
143.746
143.409
143.076
142.746
142.421
142.102
141.788
141.482
141.183
140.893
140.611
140.338
140.075
139.822
139.578
139.345
139.122
138.908
138.705
138.512
138.328
138.153
137.988
137.831
137.683
137.542
137.409
137.283
137.165
137.052
136.945
136.844
136.749
136.658
136.571
136.489
136.411
136.336
136.265
136.197
136.132
136.069
136.009
135.952
135.898
135.846
135.798
135.752
135.714
135.668
135.662
151.379
151.093
150.799
150.496
150.186
149.87
149.548
149.22
148.887
148.549
148.207
147.862
147.513
147.161
146.807
146.452
146.095
145.737
145.378
145.02
144.663
144.307
143.953
143.602
143.255
142.913
142.575
142.244
141.92
141.603
141.295
140.995
140.705
140.424
140.154
139.894
139.645
139.406
139.178
138.961
138.754
138.557
138.37
138.192
138.024
137.865
137.715
137.573
137.438
137.311
137.191
137.078
136.97
136.869
136.773
136.682
136.595
136.513
136.434
136.36
136.289
136.221
136.155
136.093
136.033
135.976
135.922
135.87
135.82
135.774
135.729
135.693
135.649
135.644
151.754
151.423
151.084
150.738
150.388
150.033
149.675
149.313
148.948
148.582
148.213
147.843
147.472
147.099
146.727
146.354
145.981
145.608
145.237
144.867
144.498
144.133
143.77
143.412
143.059
142.711
142.37
142.036
141.71
141.394
141.086
140.789
140.501
140.225
139.959
139.705
139.462
139.229
139.008
138.797
138.597
138.408
138.228
138.058
137.897
137.745
137.601
137.465
137.337
137.216
137.102
136.994
136.892
136.795
136.704
136.617
136.535
136.457
136.382
136.311
136.243
136.178
136.116
136.057
135.999
135.945
135.892
135.843
135.795
135.751
135.708
135.673
135.63
135.627
151.921
151.548
151.169
150.786
150.401
150.016
149.629
149.243
148.857
148.471
148.086
147.701
147.317
146.934
146.551
146.17
145.789
145.409
145.031
144.654
144.281
143.91
143.543
143.182
142.826
142.477
142.135
141.802
141.478
141.164
140.861
140.568
140.286
140.016
139.757
139.51
139.274
139.049
138.836
138.634
138.442
138.26
138.088
137.925
137.772
137.627
137.49
137.361
137.239
137.124
137.016
136.913
136.817
136.725
136.638
136.556
136.478
136.403
136.332
136.265
136.2
136.138
136.079
136.022
135.967
135.915
135.865
135.817
135.771
135.729
135.687
135.654
135.612
135.611
151.829
151.424
151.016
150.606
150.2
149.797
149.397
149
148.607
148.216
147.828
147.442
147.058
146.674
146.292
145.91
145.529
145.149
144.77
144.393
144.018
143.647
143.28
142.919
142.564
142.217
141.878
141.548
141.229
140.92
140.623
140.337
140.063
139.8
139.55
139.311
139.084
138.869
138.664
138.471
138.287
138.114
137.95
137.796
137.65
137.512
137.383
137.26
137.145
137.036
136.933
136.836
136.744
136.658
136.575
136.497
136.423
136.352
136.285
136.221
136.159
136.1
136.043
135.989
135.937
135.886
135.838
135.792
135.748
135.708
135.667
135.637
135.595
135.595
151.433
151.013
150.594
150.177
149.768
149.367
148.974
148.587
148.205
147.828
147.454
147.081
146.71
146.338
145.966
145.592
145.218
144.842
144.467
144.093
143.721
143.352
142.988
142.63
142.279
141.936
141.603
141.279
140.967
140.666
140.376
140.099
139.834
139.582
139.341
139.112
138.895
138.69
138.495
138.31
138.136
137.972
137.816
137.67
137.532
137.402
137.279
137.163
137.054
136.951
136.854
136.762
136.676
136.593
136.516
136.441
136.371
136.304
136.24
136.179
136.12
136.064
136.01
135.958
135.908
135.859
135.813
135.769
135.727
135.688
135.649
135.619
135.578
135.581
150.697
150.287
149.885
149.487
149.102
148.731
148.371
148.019
147.673
147.33
146.988
146.645
146.299
145.949
145.594
145.235
144.871
144.505
144.136
143.767
143.4
143.036
142.676
142.323
141.977
141.641
141.315
140.999
140.696
140.404
140.125
139.858
139.604
139.362
139.133
138.915
138.708
138.513
138.328
138.154
137.989
137.833
137.687
137.548
137.418
137.295
137.18
137.071
136.968
136.871
136.779
136.692
136.61
136.532
136.459
136.389
136.322
136.258
136.197
136.139
136.083
136.029
135.978
135.928
135.88
135.834
135.789
135.747
135.706
135.669
135.631
135.603
135.563
135.566
149.61
149.245
148.896
148.553
148.228
147.922
147.628
147.341
147.056
146.768
146.475
146.174
145.862
145.54
145.206
144.863
144.511
144.154
143.792
143.428
143.066
142.707
142.353
142.006
141.667
141.339
141.021
140.716
140.423
140.142
139.874
139.619
139.377
139.146
138.928
138.722
138.526
138.342
138.167
138.002
137.847
137.701
137.562
137.432
137.31
137.194
137.085
136.982
136.886
136.794
136.708
136.626
136.548
136.475
136.405
136.339
136.275
136.215
136.157
136.102
136.048
135.997
135.948
135.9
135.854
135.81
135.767
135.726
135.687
135.651
135.614
135.588
135.548
135.553
148.258
147.975
147.72
147.472
147.245
147.04
146.845
146.649
146.444
146.227
145.992
145.736
145.46
145.163
144.848
144.517
144.174
143.821
143.463
143.104
142.745
142.39
142.041
141.7
141.37
141.05
140.742
140.447
140.164
139.895
139.639
139.395
139.164
138.946
138.739
138.543
138.359
138.184
138.02
137.864
137.718
137.579
137.449
137.327
137.211
137.102
136.999
136.902
136.811
136.724
136.643
136.565
136.492
136.422
136.356
136.293
136.233
136.175
136.12
136.067
136.016
135.967
135.92
135.874
135.83
135.787
135.746
135.707
135.669
135.634
135.598
135.573
135.534
135.54
146.797
146.629
146.503
146.385
146.29
146.214
146.138
146.047
145.931
145.784
145.603
145.386
145.136
144.856
144.551
144.224
143.883
143.531
143.173
142.814
142.457
142.105
141.761
141.426
141.102
140.791
140.492
140.206
139.934
139.676
139.43
139.198
138.978
138.769
138.573
138.387
138.212
138.046
137.89
137.743
137.604
137.473
137.35
137.234
137.124
137.021
136.924
136.832
136.745
136.663
136.586
136.512
136.442
136.376
136.313
136.253
136.195
136.14
136.087
136.037
135.988
135.94
135.895
135.851
135.808
135.767
135.727
135.689
135.652
135.618
135.584
135.559
135.521
135.527
145.305
145.28
145.317
145.361
145.427
145.502
145.559
145.576
145.544
145.459
145.319
145.128
144.892
144.617
144.311
143.982
143.636
143.279
142.919
142.558
142.202
141.852
141.512
141.182
140.865
140.561
140.271
139.995
139.732
139.483
139.247
139.025
138.814
138.615
138.428
138.251
138.084
137.926
137.778
137.638
137.505
137.381
137.264
137.153
137.049
136.95
136.858
136.77
136.687
136.609
136.535
136.465
136.398
136.335
136.274
136.217
136.161
136.108
136.058
136.009
135.962
135.916
135.872
135.829
135.788
135.748
135.709
135.672
135.636
135.604
135.57
135.546
135.508
135.516
143.822
143.966
144.201
144.443
144.694
144.935
145.127
145.247
145.287
145.247
145.133
144.952
144.716
144.435
144.12
143.781
143.426
143.063
142.698
142.335
141.978
141.63
141.293
140.968
140.657
140.36
140.077
139.809
139.555
139.315
139.088
138.874
138.672
138.481
138.301
138.132
137.972
137.822
137.68
137.546
137.419
137.3
137.188
137.082
136.982
136.888
136.8
136.716
136.636
136.561
136.49
136.423
136.359
136.298
136.24
136.184
136.131
136.08
136.031
135.983
135.938
135.894
135.851
135.81
135.769
135.73
135.693
135.657
135.622
135.59
135.557
135.534
135.496
135.505
142.368
142.707
143.179
143.652
144.112
144.524
144.844
145.051
145.144
145.131
145.025
144.84
144.592
144.297
143.967
143.615
143.249
142.877
142.506
142.14
141.782
141.435
141.101
140.781
140.475
140.184
139.909
139.648
139.401
139.169
138.949
138.743
138.548
138.364
138.192
138.029
137.875
137.73
137.594
137.465
137.344
137.229
137.122
137.02
136.924
136.834
136.748
136.668
136.591
136.519
136.451
136.386
136.324
136.265
136.209
136.155
136.103
136.054
136.006
135.961
135.916
135.873
135.832
135.791
135.752
135.714
135.677
135.642
135.608
135.577
135.544
135.523
135.485
135.494
140.946
141.509
142.262
143.004
143.685
144.261
144.695
144.97
145.095
145.089
144.975
144.774
144.507
144.192
143.844
143.476
143.098
142.717
142.34
141.97
141.612
141.266
140.934
140.618
140.317
140.032
139.762
139.508
139.268
139.042
138.829
138.629
138.44
138.263
138.096
137.939
137.791
137.651
137.519
137.395
137.278
137.167
137.063
136.965
136.873
136.785
136.703
136.625
136.551
136.481
136.415
136.352
136.292
136.235
136.181
136.129
136.079
136.031
135.984
135.94
135.897
135.855
135.814
135.775
135.736
135.699
135.663
135.629
135.595
135.565
135.533
135.512
135.475
135.484
139.557
140.373
141.457
142.502
143.404
144.13
144.656
144.977
145.113
145.099
144.965
144.74
144.448
144.11
143.743
143.359
142.968
142.579
142.196
141.823
141.464
141.119
140.79
140.477
140.18
139.9
139.635
139.386
139.152
138.932
138.725
138.53
138.347
138.175
138.013
137.861
137.717
137.582
137.454
137.334
137.22
137.113
137.012
136.917
136.827
136.743
136.663
136.587
136.515
136.448
136.383
136.322
136.264
136.208
136.155
136.105
136.056
136.009
135.964
135.921
135.878
135.838
135.798
135.759
135.722
135.685
135.65
135.616
135.583
135.554
135.522
135.502
135.465
135.475
138.205
139.298
140.767
142.143
143.254
144.106
144.702
145.045
145.175
145.14
144.979
144.725
144.406
144.045
143.658
143.259
142.857
142.46
142.072
141.696
141.336
140.992
140.664
140.354
140.061
139.785
139.525
139.281
139.051
138.836
138.634
138.444
138.266
138.098
137.941
137.792
137.653
137.521
137.397
137.279
137.169
137.065
136.967
136.874
136.787
136.705
136.627
136.553
136.483
136.417
136.355
136.295
136.238
136.184
136.133
136.083
136.035
135.99
135.946
135.903
135.862
135.822
135.783
135.745
135.708
135.673
135.638
135.605
135.572
135.543
135.512
135.492
135.455
135.466
136.901
138.281
140.192
141.917
143.209
144.162
144.806
145.153
145.263
145.2
145.007
144.723
144.377
143.992
143.587
143.174
142.762
142.357
141.964
141.586
141.225
140.882
140.556
140.248
139.959
139.686
139.43
139.19
138.964
138.753
138.555
138.369
138.195
138.031
137.877
137.733
137.596
137.467
137.346
137.232
137.124
137.022
136.927
136.836
136.751
136.671
136.595
136.523
136.455
136.39
136.329
136.271
136.215
136.162
136.112
136.063
136.017
135.972
135.929
135.887
135.846
135.807
135.769
135.732
135.696
135.661
135.626
135.594
135.562
135.533
135.502
135.483
135.446
135.457
135.667
137.316
139.736
141.806
143.245
144.276
144.946
145.28
145.363
145.267
145.041
144.726
144.354
143.949
143.527
143.101
142.679
142.268
141.871
141.491
141.129
140.786
140.462
140.157
139.87
139.6
139.347
139.111
138.889
138.681
138.487
138.304
138.133
137.973
137.822
137.68
137.546
137.42
137.302
137.19
137.084
136.985
136.891
136.802
136.719
136.64
136.566
136.495
136.429
136.366
136.306
136.248
136.194
136.142
136.093
136.045
135.999
135.955
135.913
135.872
135.832
135.793
135.756
135.719
135.684
135.649
135.616
135.583
135.552
135.524
135.493
135.474
135.438
135.449
134.523
136.399
139.395
141.785
143.335
144.425
145.103
145.414
145.465
145.334
145.076
144.733
144.337
143.912
143.476
143.038
142.608
142.192
141.791
141.409
141.047
140.704
140.381
140.078
139.793
139.526
139.276
139.042
138.823
138.618
138.427
138.247
138.079
137.921
137.773
137.634
137.502
137.379
137.262
137.152
137.048
136.951
136.859
136.772
136.69
136.613
136.54
136.471
136.405
136.343
136.284
136.228
136.175
136.124
136.075
136.028
135.983
135.94
135.898
135.858
135.819
135.781
135.744
135.708
135.673
135.639
135.605
135.574
135.542
135.515
135.485
135.466
135.43
135.442
133.475
135.535
139.169
141.829
143.461
144.591
145.263
145.546
145.564
145.399
145.11
144.741
144.323
143.881
143.431
142.984
142.547
142.125
141.722
141.338
140.975
140.633
140.311
140.009
139.726
139.461
139.213
138.982
138.765
138.563
138.374
138.197
138.032
137.876
137.73
137.593
137.464
137.342
137.227
137.119
137.017
136.921
136.83
136.744
136.664
136.588
136.516
136.448
136.384
136.323
136.265
136.21
136.157
136.107
136.059
136.013
135.969
135.926
135.885
135.845
135.807
135.769
135.733
135.697
135.662
135.629
135.596
135.565
135.534
135.506
135.476
135.458
135.423
135.434
132.505
134.732
139.034
141.912
143.609
144.763
145.419
145.671
145.655
145.459
145.141
144.748
144.312
143.855
143.393
142.937
142.494
142.068
141.662
141.277
140.913
140.571
140.25
139.949
139.668
139.404
139.159
138.929
138.715
138.515
138.328
138.153
137.989
137.836
137.692
137.556
137.429
137.309
137.195
137.089
136.988
136.893
136.804
136.72
136.64
136.565
136.495
136.428
136.364
136.304
136.247
136.193
136.141
136.092
136.044
135.999
135.955
135.913
135.873
135.833
135.795
135.758
135.722
135.687
135.653
135.62
135.587
135.556
135.526
135.498
135.469
135.451
135.416
135.427
131.566
134.078
138.994
142.017
143.763
144.93
145.564
145.785
145.738
145.512
145.17
144.756
144.302
143.832
143.361
142.897
142.448
142.019
141.61
141.224
140.859
140.518
140.197
139.897
139.617
139.355
139.111
138.883
138.671
138.472
138.287
138.114
137.952
137.8
137.658
137.524
137.398
137.279
137.167
137.062
136.962
136.869
136.781
136.697
136.619
136.545
136.475
136.409
136.347
136.287
136.231
136.177
136.126
136.077
136.03
135.986
135.943
135.901
135.861
135.822
135.785
135.748
135.712
135.678
135.644
135.611
135.579
135.548
135.518
135.491
135.462
135.444
135.409
135.421
130.427
133.5
138.987
142.138
143.92
145.087
145.696
145.887
145.812
145.56
145.195
144.762
144.294
143.813
143.332
142.862
142.409
141.976
141.565
141.177
140.813
140.471
140.151
139.851
139.572
139.312
139.069
138.842
138.631
138.435
138.251
138.079
137.919
137.769
137.628
137.495
137.37
137.253
137.142
137.037
136.939
136.846
136.759
136.677
136.599
136.526
136.457
136.392
136.33
136.271
136.216
136.163
136.112
136.064
136.018
135.973
135.931
135.89
135.85
135.812
135.775
135.738
135.703
135.669
135.635
135.603
135.571
135.541
135.511
135.484
135.455
135.438
135.403
135.415
129.431
133.376
139.003
142.244
144.069
145.229
145.813
145.978
145.876
145.601
145.216
144.768
144.287
143.796
143.308
142.832
142.374
141.939
141.526
141.137
140.772
140.43
140.11
139.811
139.533
139.273
139.032
138.806
138.597
138.401
138.219
138.049
137.889
137.74
137.6
137.469
137.345
137.229
137.119
137.015
136.918
136.826
136.74
136.658
136.582
136.509
136.441
136.376
136.315
136.257
136.202
136.149
136.099
136.052
136.006
135.962
135.92
135.879
135.84
135.802
135.765
135.729
135.695
135.661
135.627
135.595
135.564
135.533
135.504
135.477
135.449
135.431
135.397
135.409
)
;

boundaryField
{
    inlet
    {
        type            freestreamPressure;
        value           nonuniform List<scalar> 
230
(
130.994
130.998
131.004
131.012
131.02
131.028
131.036
131.045
131.055
131.065
131.075
131.086
131.098
131.11
131.123
131.137
131.151
131.167
131.183
131.2
131.218
131.237
131.257
131.278
131.301
131.324
131.35
131.376
131.404
131.434
131.466
131.499
131.534
131.571
131.611
131.652
131.696
131.742
131.791
131.843
131.897
131.954
132.013
132.076
132.141
132.21
132.281
132.355
132.432
132.511
132.593
132.677
132.763
132.85
132.939
133.029
133.119
133.209
133.298
133.386
133.472
133.556
133.637
133.713
133.785
133.852
133.913
133.967
134.013
134.052
134.081
134.102
134.107
134.134
133.997
133.243
132.591
132.041
131.587
131.22
130.928
130.702
130.531
130.406
130.32
130.267
130.24
130.234
130.245
130.269
130.302
130.34
130.382
130.424
130.465
130.506
130.544
130.582
130.618
130.653
130.685
130.716
130.745
130.773
130.798
130.822
130.845
130.866
130.886
130.905
130.923
130.939
130.955
130.969
130.983
134.828
135.609
136.308
136.918
137.443
137.889
138.265
138.58
138.842
139.059
139.238
139.384
139.504
139.601
139.679
139.742
139.792
139.831
139.862
139.885
139.902
139.915
139.924
139.929
139.932
139.934
139.933
139.932
139.929
139.926
139.923
139.919
139.915
139.911
139.906
139.902
139.898
139.894
139.89
139.886
139.882
139.878
139.877
139.875
139.872
139.87
139.867
139.865
139.862
139.858
139.855
139.851
139.847
139.843
139.838
139.833
139.827
139.821
139.815
139.808
139.8
139.792
139.783
139.773
139.762
139.75
139.738
139.724
139.709
139.692
139.674
139.655
139.634
139.611
139.585
139.558
139.529
139.496
139.461
139.423
139.382
139.338
139.29
139.238
139.183
139.123
139.059
138.99
138.917
138.839
138.757
138.669
138.577
138.481
138.38
138.275
138.166
138.053
137.938
137.819
137.699
137.577
137.454
137.331
137.209
137.087
136.967
136.849
136.734
136.623
136.517
136.416
136.32
136.235
136.145
)
;
    }
    outlet
    {
        type            freestreamPressure;
        value           nonuniform List<scalar> 
96
(
135.403
135.397
135.391
135.384
135.377
135.37
135.362
135.353
135.344
135.335
135.325
135.314
135.303
135.291
135.279
135.265
135.252
135.237
135.222
135.206
135.189
135.172
135.155
135.137
135.12
135.103
135.086
135.072
135.063
135.061
135.07
135.088
135.088
135.025
134.866
134.637
134.424
134.306
134.288
134.316
134.336
134.327
134.299
134.265
134.233
134.2
134.175
134.134
136.145
136.131
136.104
136.072
136.04
136.011
135.986
135.966
135.95
135.937
135.924
135.911
135.896
135.88
135.862
135.843
135.823
135.802
135.781
135.76
135.74
135.719
135.7
135.681
135.662
135.644
135.627
135.611
135.595
135.581
135.566
135.553
135.54
135.527
135.516
135.505
135.494
135.484
135.475
135.466
135.457
135.449
135.442
135.434
135.427
135.421
135.415
135.409
)
;
    }
    walls
    {
        type            zeroGradient;
    }
    frontAndBack
    {
        type            empty;
    }
}


// ************************************************************************* //
