/*--------------------------------*- C++ -*----------------------------------*\
| =========                 |                                                 |
| \\      /  F ield         | OpenFOAM: The Open Source CFD Toolbox           |
|  \\    /   O peration     | Version:  5.x                                   |
|   \\  /    A nd           | Web:      www.OpenFOAM.org                      |
|    \\/     M anipulation  |                                                 |
\*---------------------------------------------------------------------------*/
FoamFile
{
    version     2.0;
    format      ascii;
    class       volVectorField;
    location    "500";
    object      wallShearStress;
}
// * * * * * * * * * * * * * * * * * * * * * * * * * * * * * * * * * * * * * //

dimensions      [0 2 -2 0 0 0 0];

internalField   uniform (0 0 0);

boundaryField
{
    inlet
    {
        type            calculated;
        value           uniform (0 0 0);
    }
    outlet
    {
        type            calculated;
        value           uniform (0 0 0);
    }
    walls
    {
        type            calculated;
        value           nonuniform List<vector> 
164
(
(-628.502 -972.489 0)
(-1111.7 -856.607 -1.9995e-15)
(-1620.55 -658.809 -8.23832e-16)
(-1451.37 -486.72 2.21405e-15)
(-1357.83 -380.804 5.45211e-21)
(-1234.46 -298.836 1.50427e-15)
(-1111.51 -236.948 1.75387e-15)
(-1004.69 -191.403 -1.98478e-15)
(-912.952 -157.079 -5.12057e-32)
(-834.272 -130.509 2.37972e-15)
(-765.788 -109.607 -2.59558e-15)
(-706.964 -92.8533 -2.68453e-15)
(-654.204 -79.132 2.25428e-20)
(-612.588 -68.3418 -2.89815e-15)
(-574.2 -59.1571 3.2109e-15)
(-547.715 -52.2111 3.11475e-15)
(-521.972 -45.9585 -3.23787e-15)
(-500.449 -40.7319 3.28006e-15)
(-482.039 -36.1857 3.24031e-15)
(-462.547 -31.9908 -3.40251e-15)
(-448.897 -28.5456 3.27759e-15)
(-432.917 -25.2136 6.51747e-21)
(-420.768 -22.3936 1.83754e-20)
(-409.433 -19.8052 -1.25355e-20)
(-397.817 -17.405 -6.66037e-15)
(-389.577 -15.3117 3.19421e-15)
(-379.656 -13.2877 -4.36344e-35)
(-371.198 -11.4652 1.57331e-15)
(-363.812 -9.78469 -1.56315e-15)
(-356.844 -8.21811 1.50463e-36)
(-349.922 -6.75306 -1.14302e-20)
(-342.437 -5.36044 1.12368e-20)
(-336.535 -4.09243 1.01352e-20)
(-331.661 -2.88925 -2.13862e-20)
(-325.641 -1.76277 -6.83395e-16)
(-321.349 -0.694806 -8.36952e-36)
(-316.249 0.302953 8.07762e-17)
(-311.791 1.25732 -6.32774e-16)
(-307.97 2.14837 6.08592e-16)
(-304.859 3.01705 -1.17546e-15)
(-301.377 3.8205 2.10649e-35)
(-298.117 4.59717 4.37912e-15)
(-280.857 5.00118 1.6551e-35)
(-278.241 5.55205 -1.18177e-20)
(-273.867 6.00289 -2.92531e-15)
(-271.671 6.48032 5.54761e-21)
(-268.489 6.89818 -5.51206e-21)
(-265.328 7.28341 -2.90349e-15)
(-262.339 7.65341 5.79928e-15)
(-259.444 7.98639 2.89889e-15)
(-256.662 8.31636 5.53502e-21)
(-253.97 8.60648 -2.89255e-15)
(-251.375 8.89972 2.88802e-15)
(-248.836 9.15687 -5.51209e-21)
(-246.41 9.42001 -1.91575e-23)
(-243.019 9.61047 -1.90995e-23)
(-240.802 9.84362 5.50577e-21)
(-239.42 10.0881 1.20371e-35)
(-236.42 10.2602 5.74291e-15)
(-235.061 10.4887 5.44425e-21)
(-233.073 10.6848 -5.63836e-15)
(-230.928 10.8908 5.66323e-15)
(-228.208 11.0843 -5.65229e-15)
(-226.566 11.3098 1.12481e-14)
(-223.741 11.4822 -5.62565e-15)
(-221.854 11.6813 5.58639e-15)
(-218.791 11.8253 -1.20371e-35)
(-216.42 11.985 -2.67112e-21)
(-214.245 12.1602 -9.60054e-24)
(-212.184 12.3363 5.47598e-15)
(-208.388 12.4023 1.01992e-23)
(-206.002 12.5533 -2.64862e-21)
(-203.226 12.673 -1.09683e-14)
(-199.266 12.7132 1.32743e-21)
(-195.536 12.7636 -1.12652e-14)
(-192.277 12.8419 8.4452e-32)
(-187.816 12.8326 2.24112e-14)
(-182.808 12.7786 6.73465e-22)
(-178.038 12.7304 -1.14793e-14)
(-170.656 12.4912 1.13937e-14)
(-173.549 12.9492 -1.15816e-14)
(1.12858 0.775521 1.89579e-14)
(539.666 -1013.63 3.85186e-34)
(-268.367 173.397 -1.24239e-14)
(-500.748 218.144 -3.85186e-34)
(-601.886 202.595 -4.69355e-32)
(-619.579 172.354 -1.5003e-31)
(-621.939 148.682 5.8485e-15)
(-627.33 131.475 2.20731e-20)
(-618.908 115.484 3.67342e-40)
(-600.871 100.916 -3.46175e-20)
(-580.5 88.3633 -5.59752e-15)
(-559.006 77.606 -2.17155e-20)
(-543.938 69.0638 -5.45433e-15)
(-526.095 61.3194 2.15397e-20)
(-515.567 55.227 -2.00195e-20)
(-499.662 49.2573 -5.5129e-15)
(-489.404 44.4587 5.17296e-15)
(-476.315 39.8117 -1.98798e-20)
(-464.413 35.7256 5.13538e-15)
(-454.29 32.0787 -1.87783e-20)
(-441.336 28.5676 6.08428e-21)
(-433.573 25.6562 4.7865e-15)
(-422.358 22.7599 -1.20371e-34)
(-415.198 20.3031 -4.67456e-15)
(-406.865 17.9394 -4.58796e-15)
(-399.173 15.7746 -2.02163e-20)
(-394.097 13.8392 -4.27761e-15)
(-385.725 11.9127 -8.57641e-33)
(-380.619 10.2168 2.05355e-15)
(-375.568 8.60971 -4.02057e-15)
(-370.595 7.08929 -1.39788e-20)
(-364.997 5.65392 -1.88632e-15)
(-360.298 4.30126 -9.14046e-16)
(-356.401 3.04298 -1.33492e-20)
(-352.425 1.82825 4.24897e-16)
(-348.863 0.694933 2.02936e-16)
(-344.158 -0.396857 -2.42971e-20)
(-340.025 -1.41031 1.16754e-20)
(-336.527 -2.39073 7.43086e-16)
(-335.246 -3.32648 -1.39946e-15)
(-331.934 -4.21751 -1.03564e-20)
(-330.346 -5.06897 2.56709e-15)
(-327.893 -5.8868 -2.46167e-15)
(-311.183 -6.281 2.23291e-32)
(-309.362 -6.86805 -3.21271e-15)
(-306.936 -7.3789 -3.18606e-15)
(-304.752 -7.87814 -3.17369e-15)
(-302.401 -8.33427 6.29055e-15)
(-299.983 -8.75639 -3.13409e-15)
(-297.733 -9.16547 -3.11103e-15)
(-295.565 -9.53517 3.09185e-15)
(-293.477 -9.90427 -1.99834e-37)
(-291.52 -10.234 3.04978e-15)
(-288.658 -10.5328 5.80754e-21)
(-286.65 -10.8197 6.05571e-15)
(-284.851 -11.1184 6.0046e-15)
(-283.022 -11.3816 -1.20371e-35)
(-281.376 -11.6535 2.34764e-32)
(-279.619 -11.8937 -5.62608e-21)
(-278.111 -12.1453 1.16383e-14)
(-276.369 -12.3596 5.62943e-21)
(-274.134 -12.5565 -1.15962e-14)
(-272.274 -12.7097 -5.80999e-15)
(-271.911 -12.9148 -6.01853e-36)
(-269.609 -13.0162 -2.72152e-21)
(-269.192 -13.2077 -5.55706e-15)
(-268.922 -13.4005 -5.49498e-15)
(-267.51 -13.5427 -5.45717e-15)
(-264.707 -13.5976 5.47709e-15)
(-263.77 -13.7548 5.45089e-15)
(-263.785 -13.9623 2.51153e-21)
(-262.118 -14.0783 1.36582e-32)
(-260.61 -14.2078 -1.2635e-21)
(-258.92 -14.3261 -5.18086e-15)
(-257.484 -14.4622 2.47102e-21)
(-255.101 -14.5475 5.21601e-15)
(-253.686 -14.693 -2.45021e-21)
(-251.952 -14.8235 1.20644e-21)
(-249.493 -14.9173 6.03695e-22)
(-247.064 -15.0165 -1.01352e-14)
(-242.639 -15.0009 1.00117e-14)
(-247.44 -15.4901 4.48154e-22)
(-25.5671 -2.08049 -1.92781e-14)
)
;
    }
    frontAndBack
    {
        type            empty;
    }
}


// ************************************************************************* //
