/*--------------------------------*- C++ -*----------------------------------*\
| =========                 |                                                 |
| \\      /  F ield         | OpenFOAM: The Open Source CFD Toolbox           |
|  \\    /   O peration     | Version:  5.x                                   |
|   \\  /    A nd           | Web:      www.OpenFOAM.org                      |
|    \\/     M anipulation  |                                                 |
\*---------------------------------------------------------------------------*/
FoamFile
{
    version     2.0;
    format      ascii;
    class       volScalarField;
    location    "2400";
    object      p;
}
// * * * * * * * * * * * * * * * * * * * * * * * * * * * * * * * * * * * * * //

dimensions      [0 2 -2 0 0 0 0];

internalField   nonuniform List<scalar> 
11040
(
-3.90914e-05
-93.5253
-334.006
-377.791
-376.365
-369.502
-353.418
-326.886
-293.327
-254.183
-209.575
-151.568
-97.3918
-56.111
-23.6953
9.16254
41.1707
70.3363
95.753
116.141
130.122
136.895
140.055
142.002
143.371
144.407
145.187
145.742
146.106
146.309
146.37
146.303
146.131
145.912
145.817
146.209
147.354
149.187
152.94
159.343
155.032
52.5101
-41.1044
-191.777
-257.531
-281.955
-296.506
-299.915
-290.003
-269.148
-239.493
-202.163
-151.072
-99.882
-58.5908
-25.5973
7.25782
39.3166
68.723
94.4949
115.333
129.756
136.774
140.006
141.969
143.343
144.387
145.178
145.744
146.12
146.332
146.401
146.34
146.169
145.941
145.818
146.161
147.247
148.994
152.524
158.576
151.968
88.1757
-6.09902
-112.542
-196.955
-238.483
-260.065
-268.399
-263.421
-247.346
-222.404
-190.097
-145.947
-98.6752
-58.2394
-25.4204
6.65009
38.2322
67.5237
93.3943
114.539
129.373
136.699
140.035
141.999
143.352
144.39
145.183
145.755
146.138
146.358
146.436
146.382
146.215
145.984
145.837
146.121
147.125
148.779
152.085
157.995
149.921
114.914
30.1592
-48.5963
-127.208
-176.063
-205.608
-222.698
-226.732
-218.608
-200.518
-174.389
-137.522
-95.262
-56.6623
-24.3705
6.67459
37.4832
66.4309
92.2579
113.643
128.899
136.622
140.126
142.093
143.418
144.431
145.212
145.782
146.17
146.395
146.48
146.434
146.271
146.034
145.857
146.064
146.95
148.466
151.489
157.16
148.877
137.026
64.3257
3.27173
-64.7016
-116.734
-152.268
-175.789
-187.146
-186.448
-175.316
-155.694
-126.232
-89.8879
-54.0839
-22.7335
7.08905
36.779
65.0781
90.6686
112.234
128.007
136.329
140.18
142.233
143.546
144.524
145.278
145.836
146.219
146.446
146.537
146.499
146.342
146.097
145.883
145.994
146.725
148.054
150.748
155.941
148.485
154.782
94.3283
45.5165
-11.2206
-60.968
-98.9206
-126.732
-144.057
-150.29
-146.229
-133.468
-111.508
-81.7397
-49.7585
-20.0757
8.19552
36.3776
63.6387
88.6794
110.228
126.509
135.635
140.087
142.379
143.736
144.685
145.4
145.93
146.297
146.518
146.611
146.581
146.43
146.178
145.923
145.92
146.459
147.56
149.897
154.39
148.496
169.037
119.686
79.9227
33.3358
-10.932
-47.9349
-77.488
-98.781
-110.666
-113.169
-107.267
-92.7987
-70.1177
-43.0378
-15.985
10.2834
36.5679
62.3629
86.4622
107.667
124.297
134.318
139.637
142.424
143.965
144.928
145.599
146.085
146.42
146.623
146.71
146.684
146.539
146.281
145.982
145.855
146.175
147.019
148.983
152.657
148.748
180.439
140.471
107.798
69.8355
32.1583
-1.59109
-30.5381
-53.5877
-69.2898
-77.1182
-77.4086
-69.9849
-54.5087
-33.2203
-9.86752
13.7656
37.7226
61.5997
84.3164
104.748
121.402
132.172
138.478
142.093
144.114
145.25
145.914
146.338
146.618
146.784
146.852
146.821
146.677
146.413
146.072
145.819
145.909
146.487
148.077
150.962
149.062
189.485
157.144
130.195
99.3536
68.1184
38.8078
12.2457
-10.537
-28.0807
-39.5522
-44.8035
-43.4847
-34.794
-19.7262
-1.02337
19.1985
40.3125
61.8092
82.7013
101.914
118.166
129.293
136.376
140.97
143.809
145.465
146.346
146.768
146.957
147.041
147.062
147.011
146.861
146.591
146.216
145.85
145.72
146.044
147.284
149.553
149.365
196.564
170.312
148.033
123.002
97.4898
72.874
49.6616
28.6388
11.0213
-2.29162
-10.9012
-14.3115
-11.451
-2.42655
11.0728
27.1629
44.8604
63.4901
82.1157
99.697
115.118
126.166
133.608
138.943
142.632
145.072
146.552
147.309
147.574
147.561
147.439
147.295
147.113
146.837
146.442
146.001
145.701
145.806
146.736
148.608
149.675
202.011
180.594
162.137
141.811
121.13
100.885
81.2912
62.863
46.4665
32.8795
22.5601
16.0317
14.4333
18.2001
26.5314
38.0815
51.8785
67.1684
83.0716
98.6025
112.763
123.379
130.833
136.509
140.726
143.803
145.977
147.384
148.137
148.374
148.266
147.971
147.606
147.217
146.787
146.324
145.942
145.902
146.613
148.253
150.082
206.126
188.553
173.229
156.697
139.982
123.528
107.368
91.7863
77.34
64.5938
53.9503
45.8552
41.3412
41.0806
44.8855
51.9918
61.6933
73.3207
86.1014
99.1584
111.604
121.431
128.641
134.359
138.786
142.166
144.741
146.666
148.012
148.819
149.148
149.095
148.773
148.276
147.67
147.055
146.575
146.459
147.052
148.633
150.833
209.177
194.679
181.927
168.449
154.938
141.64
128.494
115.626
103.378
92.1011
82.0882
73.6664
67.6623
64.7611
65.1065
68.3861
74.2299
82.1783
91.6358
101.892
112.199
120.831
127.495
133.004
137.44
140.933
143.66
145.791
147.441
148.673
149.51
149.968
150.079
149.908
149.525
149.036
148.555
148.295
148.637
150.032
152.181
211.396
199.378
188.747
177.725
166.783
156.053
145.434
134.961
124.831
115.245
106.38
98.4508
92.0573
87.7728
85.858
86.2697
88.9055
93.5394
99.791
107.155
115.056
122.125
127.897
132.895
137.113
140.581
143.377
145.606
147.375
148.775
149.871
150.701
151.282
151.63
151.769
151.791
151.822
152.026
152.62
154.088
155.825
212.974
202.976
194.1
185.059
176.174
167.507
158.951
150.493
142.24
134.302
126.764
119.756
113.68
108.963
105.857
104.435
104.745
106.738
110.229
114.912
120.4
125.709
130.319
134.515
138.243
141.474
144.212
146.495
148.377
149.92
151.187
152.239
153.13
153.905
154.595
155.256
155.965
156.841
157.971
159.905
161.55
214.083
205.745
198.325
190.884
183.644
176.627
169.73
162.921
156.251
149.78
143.538
137.59
132.2
127.657
124.154
121.789
120.664
120.824
122.216
124.697
128.041
131.63
134.976
138.199
141.222
143.994
146.481
148.678
150.601
152.277
153.741
155.037
156.213
157.325
158.433
159.604
160.898
162.412
164.156
166.539
168.67
214.897
207.934
201.726
195.583
189.661
183.959
178.384
172.898
167.523
162.286
157.193
152.269
147.683
143.621
140.215
137.545
135.712
134.791
134.798
135.69
137.362
139.482
141.657
143.902
146.145
148.33
150.41
152.36
154.175
155.862
157.437
158.922
160.349
161.753
163.182
164.687
166.321
168.166
170.256
172.78
175.447
215.456
209.578
204.325
199.181
194.266
189.563
184.988
180.506
176.123
171.853
167.692
163.642
159.81
156.317
153.249
150.661
148.633
147.236
146.508
146.454
147.038
148.113
149.388
150.829
152.383
153.999
155.633
157.255
158.848
160.409
161.941
163.454
164.963
166.49
168.062
169.709
171.458
173.355
175.431
177.738
180.268
215.813
210.774
206.26
201.88
197.727
193.776
189.951
186.22
182.584
179.046
175.599
172.238
169.032
166.063
163.384
161.034
159.07
157.55
156.512
155.979
155.946
156.372
157.043
157.915
158.948
160.105
161.348
162.648
163.988
165.358
166.753
168.176
169.631
171.128
172.683
174.305
176.008
177.809
179.722
181.75
183.91
216.059
211.684
207.756
203.974
200.412
197.039
193.789
190.632
187.567
184.591
181.697
178.877
176.178
173.655
171.345
169.271
167.475
166.001
164.883
164.146
163.796
163.848
164.143
164.638
165.308
166.123
167.055
168.079
169.179
170.343
171.564
172.837
174.161
175.538
176.974
178.469
180.026
181.652
183.349
185.11
186.94
216.24
212.404
208.952
205.65
202.559
199.643
196.847
194.142
191.525
188.992
186.535
184.147
181.859
179.71
177.726
175.921
174.326
172.974
171.891
171.101
170.615
170.468
170.543
170.801
171.226
171.799
172.496
173.297
174.189
175.16
176.201
177.305
178.468
179.686
180.96
182.287
183.662
185.088
186.562
188.076
189.629
216.383
212.992
209.935
207.027
204.318
201.774
199.343
197.002
194.745
192.569
190.463
188.423
186.471
184.635
182.931
181.372
179.977
178.773
177.779
177.015
176.492
176.254
176.209
176.324
176.593
176.999
177.524
178.153
178.873
179.675
180.55
181.489
182.487
183.539
184.641
185.787
186.974
188.2
189.459
190.744
192.052
216.503
213.485
210.761
208.181
205.79
203.552
201.421
199.378
197.416
195.53
193.713
191.958
190.283
188.708
187.244
185.901
184.692
183.637
182.752
182.052
181.547
181.28
181.176
181.211
181.382
181.675
182.076
182.573
183.157
183.818
184.547
185.337
186.182
187.075
188.013
188.989
189.998
191.037
192.101
193.182
194.277
216.609
213.907
211.466
209.165
207.04
205.058
203.179
201.383
199.666
198.022
196.443
194.925
193.481
192.125
190.866
189.71
188.667
187.753
186.979
186.357
185.897
185.634
185.508
185.502
185.612
185.83
186.143
186.541
187.017
187.561
188.168
188.829
189.539
190.291
191.081
191.904
192.753
193.626
194.518
195.423
196.336
216.705
214.276
212.077
210.013
208.115
206.351
204.684
203.097
201.586
200.144
198.766
197.447
196.197
195.026
193.941
192.946
192.05
191.262
190.593
190.052
189.646
189.405
189.279
189.253
189.328
189.495
189.744
190.068
190.459
190.91
191.414
191.967
192.561
193.191
193.853
194.543
195.254
195.984
196.728
197.483
198.241
216.796
214.601
212.613
210.754
209.05
207.472
205.986
204.577
203.241
201.972
200.764
199.613
198.526
197.513
196.576
195.72
194.951
194.276
193.702
193.238
192.887
192.676
192.559
192.527
192.582
192.715
192.918
193.184
193.508
193.884
194.305
194.766
195.263
195.79
196.344
196.92
197.514
198.123
198.743
199.371
200
216.881
214.891
213.087
211.405
209.869
208.452
207.122
205.866
204.68
203.558
202.495
201.488
200.541
199.662
198.852
198.116
197.456
196.879
196.39
195.995
195.697
195.517
195.414
195.384
195.427
195.537
195.706
195.928
196.199
196.513
196.866
197.252
197.668
198.109
198.572
199.053
199.548
200.056
200.572
201.095
201.617
216.964
215.152
213.508
211.981
210.592
209.314
208.119
206.996
205.94
204.945
204.007
203.123
202.296
201.532
200.832
200.197
199.632
199.14
198.725
198.391
198.141
197.99
197.904
197.879
197.916
198.009
198.152
198.34
198.568
198.833
199.129
199.454
199.802
200.172
200.559
200.961
201.375
201.798
202.228
202.663
203.098
217.043
215.388
213.886
212.495
211.234
210.077
209
207.993
207.049
206.165
205.335
204.557
203.834
203.168
202.562
202.015
201.531
201.112
200.761
200.481
200.273
200.149
200.079
200.059
200.093
200.174
200.297
200.457
200.651
200.875
201.126
201.399
201.692
202.002
202.327
202.664
203.009
203.363
203.722
204.085
204.447
217.119
215.602
214.224
212.953
211.805
210.755
209.782
208.875
208.03
207.241
206.506
205.82
205.186
204.606
204.081
203.61
203.196
202.84
202.544
202.31
202.138
202.038
201.982
201.969
202.001
202.072
202.179
202.317
202.483
202.673
202.886
203.117
203.364
203.625
203.898
204.18
204.47
204.766
205.066
205.37
205.672
217.192
215.797
214.529
213.364
212.314
211.359
210.476
209.658
208.899
208.195
207.542
206.937
206.381
205.875
205.419
205.014
204.659
204.358
204.109
203.914
203.773
203.694
203.65
203.643
203.674
203.738
203.832
203.951
204.094
204.257
204.437
204.634
204.843
205.063
205.293
205.53
205.774
206.022
206.274
206.528
206.78
217.262
215.974
214.805
213.732
212.77
211.898
211.096
210.356
209.673
209.043
208.462
207.927
207.438
206.997
206.602
206.253
205.95
205.695
205.486
205.325
205.211
205.148
205.115
205.113
205.144
205.202
205.285
205.389
205.512
205.652
205.806
205.973
206.15
206.337
206.531
206.731
206.936
207.144
207.356
207.569
207.781
217.329
216.136
215.053
214.063
213.179
212.379
211.648
210.977
210.361
209.797
209.279
208.806
208.376
207.991
207.649
207.349
207.091
206.875
206.7
206.568
206.476
206.428
206.404
206.407
206.437
206.49
206.563
206.654
206.761
206.881
207.013
207.156
207.307
207.465
207.629
207.798
207.971
208.147
208.325
208.504
208.682
217.393
216.283
215.276
214.36
213.544
212.81
212.141
211.531
210.975
210.468
210.007
209.588
209.21
208.874
208.577
208.32
208.1
207.918
207.773
207.665
207.591
207.556
207.54
207.546
207.575
207.624
207.689
207.769
207.862
207.966
208.079
208.201
208.33
208.464
208.604
208.747
208.893
209.041
209.191
209.343
209.492
217.452
216.417
215.478
214.626
213.87
213.194
212.581
212.025
211.522
211.066
210.654
210.283
209.951
209.658
209.402
209.181
208.994
208.842
208.722
208.634
208.576
208.551
208.541
208.55
208.578
208.623
208.682
208.752
208.833
208.923
209.021
209.125
209.235
209.35
209.468
209.589
209.713
209.838
209.965
210.093
210.218
217.508
216.537
215.658
214.864
214.162
213.536
212.972
212.465
212.008
211.598
211.23
210.901
210.61
210.354
210.133
209.944
209.786
209.659
209.56
209.49
209.445
209.428
209.424
209.435
209.463
209.504
209.557
209.619
209.69
209.768
209.853
209.942
210.036
210.134
210.235
210.338
210.442
210.549
210.656
210.764
210.869
217.561
216.646
215.819
215.075
214.42
213.839
213.32
212.855
212.44
212.07
211.741
211.45
211.194
210.972
210.781
210.621
210.488
210.382
210.302
210.246
210.213
210.203
210.203
210.216
210.243
210.281
210.328
210.384
210.446
210.514
210.587
210.664
210.745
210.828
210.914
211.001
211.09
211.18
211.27
211.362
211.451
217.609
216.743
215.962
215.262
214.648
214.107
213.626
213.2
212.822
212.488
212.194
211.936
211.712
211.519
211.356
211.219
211.109
211.022
210.957
210.914
210.89
210.886
210.89
210.905
210.931
210.966
211.009
211.058
211.113
211.173
211.236
211.303
211.372
211.443
211.516
211.591
211.666
211.742
211.819
211.896
211.971
217.653
216.829
216.087
215.425
214.848
214.341
213.895
213.502
213.158
212.856
212.593
212.365
212.169
212.002
211.862
211.748
211.656
211.586
211.535
211.502
211.486
211.487
211.494
211.51
211.535
211.568
211.607
211.651
211.7
211.752
211.807
211.864
211.924
211.985
212.047
212.11
212.174
212.239
212.304
212.369
212.432
217.692
216.904
216.196
215.567
215.021
214.545
214.129
213.766
213.451
213.178
212.942
212.741
212.57
212.426
212.308
212.213
212.138
212.082
212.043
212.02
212.011
212.016
212.026
212.043
212.068
212.099
212.135
212.174
212.218
212.263
212.312
212.361
212.413
212.465
212.518
212.572
212.627
212.681
212.736
212.791
212.844
217.727
216.968
216.288
215.687
215.168
214.718
214.329
213.992
213.703
213.456
213.246
213.068
212.919
212.796
212.697
212.619
212.558
212.515
212.487
212.472
212.468
212.477
212.489
212.507
212.531
212.561
212.593
212.629
212.668
212.708
212.75
212.794
212.838
212.883
212.929
212.975
213.021
213.067
213.113
213.16
213.205
217.758
217.022
216.365
215.787
215.29
214.863
214.497
214.184
213.918
213.693
213.505
213.349
213.22
213.117
213.034
212.971
212.925
212.893
212.874
212.867
212.869
212.881
212.896
212.916
212.94
212.968
212.999
213.032
213.067
213.103
213.141
213.179
213.217
213.256
213.295
213.335
213.374
213.413
213.452
213.491
213.528
217.784
217.065
216.426
215.866
215.388
214.98
214.634
214.341
214.096
213.892
213.724
213.587
213.476
213.389
213.322
213.273
213.238
213.216
213.205
213.204
213.211
213.225
213.242
213.262
213.286
213.313
213.342
213.372
213.404
213.436
213.469
213.503
213.536
213.57
213.604
213.637
213.671
213.704
213.737
213.77
213.802
217.805
217.097
216.471
215.925
215.461
215.069
214.739
214.464
214.238
214.052
213.902
213.783
213.689
213.618
213.566
213.529
213.506
213.495
213.493
213.498
213.511
213.529
213.549
213.572
213.597
213.624
213.652
213.681
213.711
213.741
213.771
213.8
213.83
213.86
213.889
213.918
213.946
213.974
214.002
214.029
214.055
217.821
217.121
216.502
215.967
215.513
215.133
214.816
214.556
214.345
214.175
214.042
213.938
213.86
213.802
213.762
213.736
213.722
213.718
213.722
213.733
213.749
213.769
213.79
213.813
213.839
213.865
213.892
213.919
213.946
213.974
214.001
214.028
214.054
214.08
214.106
214.131
214.156
214.18
214.204
214.227
214.249
217.833
217.133
216.519
215.989
215.543
215.172
214.867
214.619
214.42
214.264
214.145
214.055
213.991
213.948
213.923
213.911
213.91
213.917
213.931
213.95
213.972
213.998
214.024
214.05
214.078
214.106
214.133
214.161
214.188
214.214
214.239
214.264
214.288
214.312
214.334
214.356
214.377
214.397
214.417
214.436
214.455
217.838
217.128
216.508
215.978
215.535
215.171
214.875
214.639
214.454
214.312
214.206
214.129
214.077
214.044
214.026
214.021
214.027
214.039
214.058
214.08
214.105
214.131
214.158
214.186
214.214
214.242
214.269
214.295
214.321
214.346
214.37
214.393
214.415
214.437
214.457
214.477
214.496
214.514
214.531
214.548
214.564
217.835
217.107
216.476
215.938
215.492
215.13
214.839
214.612
214.439
214.31
214.22
214.161
214.128
214.115
214.119
214.134
214.159
214.189
214.222
214.256
214.29
214.325
214.358
214.391
214.423
214.453
214.482
214.51
214.536
214.561
214.584
214.606
214.627
214.647
214.665
214.683
214.699
214.714
214.729
214.743
214.756
160.778
165.475
171.702
176.659
181.82
187.244
192.45
197.253
201.574
205.374
208.651
211.431
213.757
215.678
217.241
218.495
219.486
220.256
220.841
221.275
221.585
221.796
221.927
221.995
222.013
221.992
221.943
221.871
221.784
221.685
221.578
221.467
221.355
221.242
221.131
221.023
220.918
220.817
220.721
220.629
220.541
220.458
220.379
220.304
220.233
220.167
220.103
220.044
219.987
219.934
219.884
219.837
219.792
219.75
219.71
219.672
219.637
219.603
219.571
219.541
219.512
219.486
219.46
219.436
219.414
219.393
219.374
219.357
219.341
219.328
219.315
219.311
219.294
219.316
157.106
163.414
170.008
175.536
181.081
186.733
192.11
197.042
201.46
205.328
208.651
211.462
213.805
215.734
217.3
218.552
219.539
220.303
220.882
221.309
221.613
221.817
221.942
222.005
222.019
221.994
221.942
221.867
221.777
221.676
221.568
221.456
221.343
221.229
221.118
221.009
220.904
220.803
220.707
220.615
220.527
220.444
220.365
220.291
220.22
220.154
220.091
220.032
219.976
219.923
219.873
219.826
219.782
219.74
219.7
219.663
219.627
219.594
219.562
219.533
219.504
219.478
219.453
219.429
219.407
219.387
219.368
219.351
219.335
219.323
219.309
219.306
219.29
219.311
153.825
160.178
167.577
174.041
180.142
186.116
191.717
196.808
201.339
205.286
208.663
211.507
213.87
215.807
217.374
218.624
219.604
220.36
220.931
221.35
221.645
221.842
221.961
222.017
222.026
221.997
221.94
221.863
221.77
221.667
221.557
221.444
221.329
221.215
221.102
220.993
220.888
220.787
220.691
220.599
220.511
220.429
220.35
220.276
220.206
220.14
220.077
220.018
219.963
219.91
219.861
219.814
219.77
219.729
219.689
219.652
219.617
219.584
219.553
219.524
219.496
219.47
219.445
219.422
219.4
219.38
219.361
219.344
219.329
219.317
219.304
219.301
219.285
219.307
151.111
156.935
164.724
172.126
178.944
185.355
191.251
196.548
201.217
205.256
208.693
211.574
213.956
215.902
217.469
218.713
219.685
220.431
220.991
221.399
221.685
221.873
221.983
222.032
222.034
222
221.939
221.858
221.762
221.656
221.544
221.429
221.313
221.198
221.085
220.976
220.87
220.769
220.673
220.581
220.494
220.412
220.334
220.26
220.19
220.124
220.062
220.004
219.949
219.897
219.848
219.802
219.758
219.717
219.678
219.641
219.607
219.574
219.543
219.514
219.487
219.461
219.436
219.414
219.392
219.372
219.354
219.337
219.322
219.311
219.298
219.295
219.28
219.302
149.471
154.5
161.979
169.925
177.456
184.415
190.69
196.247
201.094
205.248
208.753
211.673
214.075
216.027
217.591
218.827
219.786
220.519
221.065
221.46
221.733
221.909
222.009
222.05
222.045
222.004
221.938
221.852
221.752
221.644
221.53
221.413
221.295
221.179
221.066
220.956
220.85
220.749
220.653
220.561
220.475
220.393
220.315
220.242
220.173
220.107
220.046
219.988
219.933
219.882
219.833
219.788
219.745
219.704
219.666
219.629
219.595
219.563
219.533
219.504
219.477
219.451
219.427
219.405
219.384
219.364
219.346
219.33
219.315
219.304
219.292
219.289
219.274
219.297
148.74
152.966
159.808
167.811
175.806
183.295
190.018
195.895
200.96
205.262
208.856
211.82
214.24
216.193
217.75
218.971
219.914
220.629
221.157
221.534
221.791
221.954
222.042
222.072
222.057
222.009
221.937
221.846
221.742
221.63
221.513
221.394
221.275
221.158
221.044
220.933
220.827
220.726
220.63
220.539
220.453
220.371
220.294
220.222
220.153
220.089
220.028
219.97
219.916
219.866
219.818
219.772
219.73
219.69
219.652
219.616
219.583
219.551
219.521
219.493
219.466
219.441
219.418
219.395
219.375
219.356
219.338
219.322
219.308
219.297
219.285
219.283
219.269
219.291
148.722
152.338
158.526
166.204
174.298
182.12
189.253
195.49
200.813
205.288
208.997
212.025
214.467
216.418
217.959
219.158
220.077
220.767
221.271
221.626
221.864
222.009
222.081
222.098
222.073
222.016
221.935
221.838
221.73
221.614
221.494
221.372
221.252
221.133
221.018
220.908
220.802
220.701
220.605
220.514
220.428
220.347
220.271
220.199
220.131
220.068
220.007
219.951
219.898
219.847
219.8
219.756
219.714
219.675
219.637
219.602
219.569
219.538
219.509
219.481
219.455
219.43
219.407
219.385
219.365
219.347
219.329
219.314
219.3
219.29
219.278
219.276
219.262
219.285
149.371
152.63
158.259
165.438
173.297
181.162
188.526
195.065
200.66
205.332
209.167
212.272
214.754
216.712
218.234
219.402
220.286
220.942
221.415
221.742
221.954
222.076
222.13
222.131
222.092
222.024
221.935
221.83
221.716
221.595
221.472
221.347
221.225
221.105
220.989
220.878
220.772
220.671
220.576
220.486
220.401
220.32
220.245
220.174
220.107
220.044
219.985
219.929
219.877
219.827
219.781
219.737
219.696
219.658
219.621
219.587
219.554
219.524
219.495
219.468
219.442
219.418
219.396
219.375
219.355
219.337
219.32
219.305
219.292
219.282
219.271
219.269
219.256
219.279
150.606
153.793
159.004
165.67
173.109
180.738
188.077
194.744
200.539
205.405
209.377
212.56
215.082
217.057
218.573
219.713
220.556
221.167
221.598
221.886
222.066
222.16
222.19
222.171
222.116
222.034
221.934
221.821
221.699
221.573
221.445
221.318
221.193
221.072
220.955
220.844
220.738
220.637
220.542
220.453
220.369
220.29
220.215
220.145
220.079
220.018
219.96
219.905
219.854
219.805
219.76
219.717
219.677
219.639
219.603
219.57
219.538
219.508
219.48
219.454
219.429
219.406
219.383
219.363
219.344
219.326
219.31
219.296
219.283
219.273
219.263
219.262
219.249
219.273
152.247
155.637
160.676
166.895
173.87
181.1
188.178
194.745
200.57
205.541
209.629
212.894
215.455
217.436
218.943
220.063
220.875
221.445
221.828
222.069
222.206
222.264
222.265
222.221
222.145
222.047
221.934
221.81
221.68
221.547
221.415
221.284
221.157
221.034
220.916
220.804
220.698
220.598
220.504
220.416
220.333
220.255
220.182
220.113
220.048
219.988
219.931
219.878
219.827
219.78
219.736
219.695
219.655
219.619
219.584
219.551
219.52
219.492
219.464
219.439
219.414
219.392
219.37
219.35
219.332
219.315
219.299
219.285
219.273
219.264
219.254
219.254
219.242
219.266
153.975
157.789
162.967
168.962
175.524
182.31
189.003
195.284
200.939
205.85
209.952
213.261
215.861
217.853
219.34
220.426
221.202
221.739
222.085
222.285
222.378
222.394
222.357
222.282
222.181
222.063
221.933
221.797
221.657
221.517
221.378
221.243
221.113
220.988
220.87
220.758
220.652
220.553
220.46
220.373
220.291
220.215
220.143
220.076
220.013
219.954
219.899
219.847
219.798
219.752
219.71
219.669
219.631
219.596
219.562
219.531
219.501
219.473
219.447
219.422
219.398
219.376
219.356
219.337
219.319
219.303
219.288
219.275
219.263
219.254
219.245
219.245
219.234
219.258
155.606
159.861
165.336
171.405
177.773
184.224
190.517
196.421
201.774
206.467
210.439
213.69
216.279
218.274
219.749
220.801
221.53
222.017
222.321
222.487
222.549
222.534
222.464
222.355
222.224
222.081
221.932
221.781
221.629
221.48
221.335
221.195
221.062
220.935
220.815
220.703
220.598
220.5
220.408
220.323
220.243
220.168
220.099
220.033
219.972
219.915
219.862
219.812
219.765
219.721
219.68
219.641
219.604
219.57
219.538
219.508
219.479
219.452
219.427
219.403
219.381
219.36
219.34
219.322
219.305
219.289
219.275
219.263
219.252
219.244
219.236
219.236
219.226
219.25
157.647
162.059
167.579
173.716
180.053
186.358
192.399
197.993
203.019
207.42
211.16
214.247
216.734
218.675
220.12
221.145
221.84
222.283
222.534
222.649
222.672
222.63
222.541
222.415
222.265
222.1
221.93
221.76
221.594
221.435
221.282
221.137
221
220.871
220.75
220.638
220.534
220.437
220.348
220.264
220.187
220.114
220.047
219.984
219.926
219.871
219.82
219.772
219.727
219.685
219.646
219.609
219.574
219.542
219.511
219.482
219.455
219.43
219.406
219.383
219.362
219.342
219.323
219.306
219.29
219.275
219.262
219.25
219.24
219.233
219.225
219.227
219.217
219.242
161.763
165.442
170.288
176.181
182.317
188.378
194.188
199.572
204.387
208.545
212.041
214.92
217.245
219.067
220.435
221.413
222.079
222.494
222.71
222.78
222.755
222.671
222.549
222.404
222.246
222.079
221.905
221.727
221.551
221.38
221.218
221.066
220.924
220.794
220.673
220.561
220.459
220.364
220.276
220.196
220.121
220.052
219.987
219.928
219.872
219.82
219.772
219.726
219.684
219.645
219.608
219.573
219.54
219.51
219.481
219.454
219.428
219.404
219.382
219.361
219.341
219.322
219.304
219.288
219.273
219.259
219.247
219.236
219.227
219.221
219.214
219.216
219.207
219.233
167.704
170.923
175.034
180.371
185.957
191.378
196.556
201.379
205.719
209.511
212.752
215.448
217.617
219.308
220.584
221.51
222.148
222.552
222.765
222.831
222.794
222.686
222.53
222.349
222.162
221.979
221.802
221.629
221.46
221.295
221.134
220.979
220.834
220.7
220.579
220.468
220.368
220.276
220.192
220.115
220.044
219.978
219.918
219.861
219.809
219.761
219.716
219.674
219.635
219.598
219.564
219.532
219.502
219.473
219.447
219.422
219.398
219.376
219.355
219.336
219.317
219.3
219.284
219.269
219.255
219.242
219.231
219.222
219.213
219.208
219.202
219.205
219.197
219.224
173.621
176.525
179.86
184.164
188.849
193.541
198.162
202.613
206.74
210.415
213.568
216.176
218.243
219.801
220.915
221.669
222.149
222.434
222.584
222.634
222.61
222.526
222.393
222.224
222.036
221.843
221.65
221.464
221.293
221.134
220.987
220.847
220.714
220.587
220.469
220.359
220.26
220.171
220.091
220.018
219.952
219.891
219.836
219.784
219.736
219.692
219.651
219.613
219.578
219.545
219.514
219.485
219.457
219.432
219.408
219.385
219.364
219.344
219.325
219.308
219.291
219.276
219.261
219.248
219.235
219.224
219.214
219.205
219.198
219.194
219.19
219.193
219.187
219.213
178.909
181.524
184.293
187.525
191.064
194.723
198.427
202.112
205.684
209.039
212.095
214.787
217.07
218.925
220.364
221.419
222.128
222.539
222.705
222.692
222.562
222.374
222.169
221.968
221.777
221.593
221.413
221.235
221.064
220.904
220.757
220.624
220.507
220.401
220.305
220.214
220.128
220.048
219.973
219.905
219.844
219.789
219.739
219.693
219.651
219.612
219.576
219.543
219.512
219.483
219.456
219.431
219.407
219.385
219.364
219.344
219.326
219.308
219.292
219.277
219.262
219.248
219.236
219.224
219.213
219.204
219.195
219.188
219.182
219.179
219.176
219.181
219.175
219.203
182.743
184.955
187.267
189.759
192.434
195.235
198.109
201.011
203.891
206.691
209.358
211.845
214.108
216.114
217.833
219.249
220.356
221.165
221.706
222.021
222.153
222.142
222.028
221.845
221.626
221.399
221.184
220.988
220.815
220.662
220.522
220.396
220.282
220.18
220.091
220.014
219.947
219.885
219.827
219.773
219.721
219.673
219.629
219.59
219.554
219.521
219.491
219.463
219.437
219.413
219.391
219.37
219.351
219.332
219.315
219.299
219.283
219.269
219.255
219.242
219.23
219.219
219.208
219.198
219.189
219.182
219.175
219.169
219.165
219.163
219.161
219.167
219.163
219.191
185.851
187.678
189.594
191.587
193.686
195.881
198.142
200.437
202.739
205.013
207.225
209.341
211.33
213.168
214.834
216.314
217.598
218.683
219.567
220.253
220.748
221.067
221.233
221.276
221.227
221.114
220.962
220.79
220.614
220.449
220.301
220.175
220.067
219.974
219.892
219.82
219.757
219.703
219.656
219.615
219.578
219.543
219.51
219.478
219.449
219.423
219.399
219.377
219.357
219.339
219.321
219.305
219.29
219.276
219.262
219.25
219.238
219.227
219.216
219.206
219.196
219.187
219.179
219.171
219.164
219.158
219.153
219.149
219.146
219.146
219.145
219.153
219.15
219.18
188.546
190.032
191.585
193.188
194.862
196.608
198.41
200.248
202.105
203.962
205.795
207.581
209.297
210.923
212.441
213.836
215.098
216.222
217.205
218.049
218.756
219.331
219.779
220.106
220.319
220.43
220.456
220.419
220.337
220.228
220.107
219.985
219.87
219.77
219.687
219.619
219.564
219.518
219.479
219.446
219.418
219.395
219.374
219.355
219.336
219.318
219.301
219.285
219.271
219.258
219.247
219.236
219.225
219.215
219.206
219.198
219.189
219.181
219.174
219.167
219.16
219.154
219.148
219.142
219.137
219.133
219.13
219.127
219.126
219.128
219.129
219.138
219.137
219.167
190.966
192.164
193.412
194.701
196.046
197.448
198.897
200.381
201.891
203.414
204.935
206.437
207.906
209.324
210.677
211.951
213.135
214.22
215.202
216.079
216.852
217.525
218.102
218.589
218.989
219.306
219.543
219.702
219.791
219.819
219.8
219.748
219.677
219.597
219.517
219.443
219.38
219.331
219.296
219.27
219.251
219.236
219.225
219.216
219.209
219.202
219.195
219.188
219.18
219.173
219.167
219.161
219.156
219.151
219.146
219.142
219.137
219.133
219.129
219.125
219.121
219.118
219.114
219.111
219.109
219.106
219.105
219.105
219.105
219.108
219.111
219.121
219.122
219.154
193.161
194.122
195.121
196.158
197.241
198.37
199.54
200.744
201.976
203.228
204.489
205.75
207
208.225
209.415
210.558
211.644
212.664
213.611
214.479
215.267
215.973
216.6
217.15
217.63
218.044
218.398
218.694
218.934
219.118
219.247
219.325
219.356
219.353
219.324
219.281
219.231
219.182
219.139
219.105
219.084
219.073
219.069
219.068
219.07
219.073
219.076
219.079
219.081
219.082
219.082
219.082
219.082
219.082
219.082
219.082
219.082
219.082
219.081
219.081
219.08
219.079
219.079
219.078
219.078
219.078
219.079
219.081
219.083
219.088
219.092
219.104
219.107
219.14
195.195
195.961
196.759
197.59
198.461
199.37
200.315
201.291
202.296
203.322
204.366
205.42
206.475
207.524
208.558
209.568
210.545
211.48
212.368
213.201
213.975
214.687
215.335
215.919
216.441
216.903
217.311
217.669
217.982
218.252
218.483
218.674
218.824
218.933
219.001
219.034
219.04
219.027
219.004
218.976
218.95
218.929
218.919
218.918
218.925
218.936
218.949
218.961
218.972
218.982
218.991
218.999
219.005
219.01
219.015
219.019
219.023
219.027
219.031
219.034
219.036
219.039
219.041
219.043
219.046
219.048
219.051
219.055
219.059
219.066
219.073
219.086
219.091
219.126
197.092
197.701
198.335
198.999
199.698
200.429
201.19
201.98
202.796
203.637
204.496
205.371
206.257
207.146
208.033
208.912
209.775
210.615
211.428
212.205
212.942
213.635
214.281
214.876
215.421
215.914
216.359
216.756
217.109
217.423
217.701
217.947
218.163
218.351
218.508
218.633
218.725
218.785
218.816
218.828
218.825
218.815
218.803
218.795
218.793
218.8
218.815
218.834
218.854
218.873
218.891
218.907
218.921
218.933
218.943
218.952
218.961
218.969
218.977
218.984
218.99
218.996
219.001
219.006
219.011
219.016
219.022
219.028
219.034
219.043
219.051
219.067
219.074
219.111
198.864
199.346
199.847
200.377
200.935
201.521
202.133
202.77
203.432
204.117
204.822
205.544
206.281
207.029
207.782
208.536
209.287
210.029
210.756
211.464
212.147
212.801
213.423
214.008
214.555
215.061
215.527
215.951
216.336
216.682
216.993
217.272
217.521
217.744
217.945
218.123
218.28
218.412
218.517
218.594
218.644
218.674
218.687
218.692
218.692
218.692
218.698
218.711
218.732
218.756
218.782
218.806
218.829
218.849
218.866
218.882
218.896
218.908
218.92
218.93
218.941
218.95
218.959
218.967
218.975
218.983
218.991
218.999
219.008
219.018
219.029
219.047
219.055
219.095
200.514
200.893
201.288
201.709
202.154
202.622
203.112
203.625
204.16
204.716
205.291
205.885
206.494
207.117
207.751
208.392
209.036
209.68
210.32
210.951
211.57
212.172
212.753
213.31
213.84
214.341
214.81
215.247
215.65
216.02
216.357
216.663
216.94
217.189
217.414
217.618
217.803
217.971
218.122
218.254
218.365
218.452
218.515
218.558
218.584
218.599
218.608
218.616
218.627
218.645
218.67
218.699
218.729
218.757
218.782
218.805
218.826
218.844
218.86
218.875
218.889
218.902
218.914
218.925
218.936
218.947
218.957
218.968
218.979
218.992
219.005
219.025
219.036
219.08
202.041
202.339
202.649
202.983
203.338
203.711
204.102
204.513
204.944
205.393
205.861
206.346
206.847
207.363
207.891
208.43
208.977
209.53
210.085
210.639
211.188
211.73
212.261
212.777
213.276
213.756
214.213
214.646
215.053
215.433
215.786
216.112
216.411
216.683
216.931
217.156
217.36
217.547
217.717
217.874
218.017
218.146
218.258
218.351
218.422
218.473
218.508
218.531
218.547
218.561
218.577
218.598
218.626
218.658
218.691
218.721
218.749
218.774
218.796
218.816
218.834
218.851
218.866
218.881
218.895
218.909
218.922
218.936
218.949
218.965
218.98
219.003
219.016
219.063
203.447
203.681
203.925
204.189
204.471
204.767
205.08
205.409
205.754
206.116
206.495
206.889
207.299
207.723
208.161
208.611
209.071
209.54
210.015
210.494
210.974
211.454
211.929
212.398
212.857
213.304
213.737
214.153
214.551
214.928
215.285
215.619
215.931
216.22
216.486
216.731
216.954
217.158
217.345
217.515
217.673
217.819
217.954
218.078
218.188
218.282
218.357
218.414
218.454
218.483
218.504
218.522
218.542
218.566
218.596
218.631
218.665
218.698
218.727
218.753
218.776
218.798
218.817
218.835
218.852
218.869
218.885
218.901
218.918
218.935
218.953
218.978
218.994
219.047
204.736
204.92
205.11
205.32
205.543
205.779
206.028
206.29
206.567
206.858
207.164
207.483
207.817
208.164
208.524
208.897
209.281
209.674
210.077
210.486
210.901
211.319
211.738
212.156
212.57
212.978
213.378
213.769
214.147
214.511
214.86
215.192
215.506
215.802
216.079
216.337
216.576
216.797
217
217.186
217.356
217.513
217.659
217.794
217.921
218.039
218.146
218.239
218.315
218.374
218.418
218.451
218.475
218.497
218.519
218.546
218.579
218.615
218.65
218.684
218.714
218.741
218.765
218.787
218.807
218.827
218.846
218.865
218.884
218.904
218.924
218.953
218.971
219.031
205.912
206.056
206.205
206.371
206.548
206.736
206.934
207.143
207.365
207.598
207.844
208.102
208.373
208.656
208.951
209.257
209.575
209.904
210.242
210.588
210.942
211.302
211.666
212.032
212.4
212.766
213.129
213.488
213.839
214.182
214.515
214.836
215.144
215.438
215.717
215.981
216.228
216.46
216.676
216.876
217.06
217.23
217.387
217.532
217.666
217.792
217.911
218.023
218.125
218.216
218.292
218.352
218.397
218.432
218.459
218.483
218.508
218.537
218.571
218.608
218.644
218.678
218.708
218.736
218.76
218.783
218.805
218.827
218.848
218.871
218.894
218.926
218.947
219.016
206.98
207.093
207.21
207.341
207.483
207.632
207.789
207.956
208.133
208.32
208.518
208.726
208.945
209.175
209.415
209.667
209.928
210.201
210.482
210.773
211.072
211.379
211.691
212.009
212.33
212.654
212.978
213.301
213.622
213.938
214.249
214.552
214.847
215.132
215.406
215.667
215.917
216.153
216.376
216.585
216.781
216.962
217.131
217.287
217.431
217.565
217.69
217.807
217.918
218.023
218.121
218.208
218.283
218.342
218.388
218.424
218.452
218.478
218.505
218.535
218.571
218.609
218.646
218.679
218.71
218.737
218.763
218.787
218.811
218.837
218.862
218.898
218.92
219.003
207.948
208.037
208.128
208.232
208.345
208.464
208.589
208.722
208.864
209.014
209.172
209.34
209.517
209.703
209.899
210.104
210.319
210.543
210.776
211.019
211.27
211.528
211.794
212.066
212.344
212.626
212.911
213.199
213.486
213.773
214.058
214.339
214.615
214.885
215.148
215.402
215.647
215.882
216.106
216.318
216.52
216.709
216.887
217.053
217.208
217.351
217.484
217.608
217.724
217.834
217.938
218.037
218.13
218.213
218.285
218.343
218.389
218.424
218.454
218.48
218.509
218.542
218.578
218.617
218.653
218.687
218.717
218.745
218.772
218.801
218.827
218.868
218.89
218.992
208.822
208.892
208.964
209.047
209.136
209.231
209.331
209.438
209.551
209.671
209.798
209.933
210.076
210.226
210.385
210.553
210.728
210.912
211.105
211.306
211.515
211.732
211.956
212.187
212.425
212.668
212.916
213.168
213.422
213.679
213.935
214.192
214.446
214.697
214.944
215.186
215.421
215.649
215.87
216.081
216.283
216.476
216.659
216.831
216.994
217.146
217.288
217.421
217.544
217.659
217.767
217.869
217.967
218.061
218.149
218.228
218.297
218.353
218.397
218.432
218.462
218.49
218.52
218.554
218.592
218.63
218.667
218.7
218.731
218.763
218.791
218.836
218.856
218.985
209.609
209.664
209.721
209.787
209.859
209.935
210.015
210.1
210.191
210.287
210.39
210.498
210.614
210.735
210.864
211
211.143
211.294
211.452
211.618
211.792
211.973
212.161
212.356
212.557
212.765
212.978
213.197
213.419
213.645
213.874
214.104
214.334
214.564
214.792
215.018
215.24
215.458
215.67
215.876
216.075
216.267
216.45
216.625
216.792
216.95
217.099
217.239
217.37
217.493
217.607
217.714
217.815
217.911
218.004
218.092
218.175
218.251
218.316
218.369
218.412
218.446
218.475
218.504
218.536
218.571
218.61
218.649
218.686
218.722
218.753
218.804
218.815
218.989
210.317
210.361
210.406
210.459
210.517
210.577
210.641
210.71
210.783
210.86
210.943
211.03
211.123
211.222
211.326
211.437
211.554
211.677
211.807
211.943
212.087
212.237
212.394
212.557
212.727
212.903
213.086
213.273
213.466
213.663
213.864
214.068
214.274
214.481
214.689
214.897
215.103
215.307
215.508
215.705
215.897
216.084
216.265
216.44
216.607
216.767
216.92
217.065
217.202
217.332
217.453
217.567
217.674
217.774
217.868
217.959
218.046
218.129
218.208
218.28
218.341
218.391
218.431
218.464
218.493
218.523
218.556
218.594
218.634
218.676
218.71
218.77
218.76
219.017
210.953
210.987
211.023
211.066
211.112
211.161
211.213
211.268
211.327
211.389
211.456
211.527
211.602
211.682
211.767
211.857
211.952
212.053
212.159
212.271
212.389
212.514
212.644
212.781
212.923
213.072
213.226
213.386
213.552
213.722
213.897
214.076
214.258
214.443
214.63
214.818
215.007
215.195
215.383
215.568
215.751
215.93
216.105
216.276
216.441
216.601
216.754
216.902
217.042
217.176
217.303
217.423
217.536
217.642
217.742
217.836
217.924
218.01
218.092
218.171
218.246
218.313
218.37
218.416
218.453
218.485
218.515
218.547
218.582
218.625
218.66
218.732
218.689
219.094
211.522
211.549
211.577
211.612
211.65
211.689
211.731
211.776
211.823
211.874
211.928
211.985
212.046
212.111
212.18
212.254
212.331
212.414
212.501
212.593
212.691
212.793
212.902
213.015
213.134
213.259
213.39
213.525
213.666
213.813
213.964
214.119
214.279
214.442
214.608
214.777
214.947
215.119
215.291
215.464
215.635
215.804
215.972
216.136
216.297
216.453
216.605
216.752
216.893
217.029
217.159
217.284
217.402
217.513
217.619
217.718
217.811
217.899
217.983
218.064
218.142
218.217
218.287
218.349
218.401
218.444
218.478
218.509
218.539
218.578
218.608
218.692
218.609
219.219
212.031
212.053
212.075
212.103
212.134
212.166
212.2
212.236
212.275
212.316
212.36
212.407
212.457
212.51
212.566
212.626
212.69
212.757
212.829
212.905
212.985
213.07
213.16
213.254
213.354
213.458
213.568
213.683
213.802
213.927
214.057
214.191
214.329
214.472
214.619
214.768
214.921
215.076
215.232
215.39
215.548
215.706
215.864
216.02
216.174
216.325
216.473
216.618
216.758
216.894
217.025
217.152
217.273
217.388
217.498
217.603
217.701
217.794
217.882
217.965
218.044
218.12
218.193
218.264
218.329
218.386
218.433
218.472
218.504
218.539
218.562
218.652
218.552
219.317
212.483
212.5
212.519
212.542
212.567
212.593
212.621
212.651
212.683
212.716
212.752
212.791
212.831
212.875
212.921
212.97
213.022
213.078
213.137
213.199
213.266
213.336
213.411
213.489
213.572
213.66
213.752
213.849
213.95
214.056
214.167
214.283
214.402
214.526
214.655
214.786
214.922
215.06
215.201
215.344
215.489
215.634
215.781
215.927
216.073
216.217
216.36
216.5
216.637
216.772
216.902
217.029
217.151
217.269
217.382
217.49
217.593
217.691
217.784
217.871
217.953
218.03
218.105
218.176
218.246
218.311
218.37
218.422
218.463
218.503
218.526
218.615
218.547
219.251
212.887
212.901
212.916
212.935
212.956
212.978
213.001
213.025
213.051
213.079
213.109
213.14
213.174
213.209
213.247
213.288
213.331
213.377
213.426
213.478
213.533
213.591
213.653
213.719
213.788
213.861
213.939
214.02
214.106
214.196
214.291
214.39
214.493
214.6
214.711
214.827
214.946
215.068
215.194
215.323
215.454
215.587
215.721
215.857
215.993
216.129
216.265
216.399
216.532
216.663
216.792
216.917
217.039
217.158
217.272
217.383
217.489
217.59
217.687
217.779
217.865
217.946
218.023
218.095
218.165
218.231
218.295
218.355
218.407
218.456
218.49
218.565
218.585
218.922
213.241
213.252
213.265
213.281
213.298
213.316
213.335
213.356
213.377
213.401
213.425
213.452
213.479
213.509
213.541
213.575
213.611
213.649
213.689
213.733
213.779
213.827
213.879
213.934
213.993
214.054
214.119
214.188
214.261
214.338
214.418
214.503
214.592
214.684
214.781
214.882
214.986
215.095
215.206
215.321
215.439
215.56
215.682
215.807
215.933
216.06
216.188
216.316
216.443
216.569
216.694
216.817
216.938
217.056
217.17
217.282
217.39
217.493
217.593
217.688
217.779
217.864
217.945
218.02
218.09
218.157
218.22
218.281
218.338
218.392
218.44
218.487
218.603
218.399
213.559
213.568
213.578
213.592
213.607
213.622
213.638
213.655
213.673
213.693
213.713
213.735
213.759
213.784
213.81
213.839
213.869
213.901
213.935
213.971
214.009
214.05
214.094
214.14
214.189
214.241
214.297
214.355
214.417
214.482
214.551
214.623
214.7
214.78
214.863
214.951
215.042
215.137
215.236
215.338
215.444
215.552
215.663
215.777
215.893
216.011
216.13
216.25
216.37
216.491
216.611
216.73
216.848
216.964
217.078
217.19
217.298
217.403
217.504
217.602
217.695
217.784
217.868
217.946
218.02
218.088
218.151
218.209
218.265
218.315
218.37
218.38
218.533
217.912
213.828
213.835
213.844
213.856
213.869
213.882
213.895
213.91
213.926
213.942
213.96
213.979
213.999
214.02
214.043
214.067
214.092
214.12
214.149
214.179
214.212
214.247
214.284
214.324
214.366
214.41
214.457
214.507
214.56
214.616
214.675
214.738
214.804
214.873
214.946
215.023
215.103
215.187
215.274
215.365
215.459
215.556
215.657
215.761
215.867
215.975
216.086
216.198
216.312
216.426
216.541
216.656
216.77
216.883
216.996
217.106
217.214
217.319
217.422
217.52
217.616
217.706
217.793
217.875
217.951
218.021
218.085
218.143
218.196
218.238
218.287
218.265
218.38
217.685
214.077
214.083
214.091
214.101
214.112
214.123
214.135
214.148
214.161
214.176
214.191
214.207
214.224
214.242
214.262
214.282
214.304
214.328
214.352
214.379
214.407
214.437
214.468
214.502
214.538
214.576
214.616
214.659
214.705
214.753
214.804
214.858
214.915
214.975
215.039
215.106
215.176
215.249
215.326
215.407
215.491
215.578
215.669
215.762
215.859
215.958
216.06
216.164
216.271
216.378
216.487
216.596
216.706
216.816
216.925
217.034
217.14
217.245
217.347
217.447
217.543
217.635
217.723
217.806
217.884
217.957
218.022
218.081
218.132
218.168
218.205
218.172
218.215
217.738
214.267
214.272
214.279
214.288
214.298
214.308
214.319
214.33
214.342
214.355
214.369
214.383
214.398
214.414
214.432
214.45
214.469
214.49
214.512
214.535
214.56
214.586
214.614
214.643
214.675
214.708
214.744
214.782
214.822
214.864
214.909
214.956
215.007
215.06
215.116
215.175
215.238
215.303
215.372
215.445
215.52
215.599
215.681
215.767
215.855
215.947
216.041
216.138
216.238
216.339
216.442
216.547
216.652
216.758
216.865
216.97
217.075
217.179
217.281
217.38
217.477
217.57
217.659
217.743
217.823
217.896
217.963
218.022
218.073
218.108
218.137
218.115
218.107
217.917
214.469
214.473
214.479
214.488
214.497
214.506
214.515
214.525
214.536
214.547
214.559
214.572
214.585
214.6
214.615
214.631
214.648
214.666
214.685
214.705
214.727
214.75
214.775
214.8
214.828
214.857
214.888
214.921
214.956
214.993
215.033
215.074
215.118
215.165
215.215
215.267
215.322
215.38
215.441
215.506
215.573
215.644
215.718
215.795
215.876
215.959
216.046
216.135
216.228
216.322
216.419
216.518
216.618
216.719
216.821
216.924
217.026
217.127
217.227
217.325
217.421
217.513
217.602
217.687
217.766
217.84
217.907
217.966
218.017
218.054
218.08
218.08
218.06
218.057
214.576
214.578
214.584
214.592
214.601
214.609
214.618
214.627
214.638
214.648
214.659
214.671
214.684
214.697
214.712
214.727
214.742
214.759
214.777
214.796
214.816
214.837
214.86
214.884
214.909
214.936
214.965
214.995
215.027
215.061
215.098
215.136
215.176
215.219
215.265
215.313
215.364
215.417
215.474
215.533
215.596
215.661
215.73
215.803
215.878
215.956
216.038
216.123
216.21
216.3
216.393
216.488
216.585
216.683
216.783
216.883
216.983
217.083
217.182
217.28
217.375
217.468
217.557
217.642
217.722
217.797
217.864
217.924
217.975
218.016
218.045
218.063
218.056
218.115
214.766
214.769
214.775
214.782
214.79
214.798
214.806
214.815
214.824
214.834
214.844
214.855
214.866
214.878
214.891
214.904
214.919
214.934
214.95
214.967
214.985
215.004
215.024
215.045
215.068
215.091
215.117
215.144
215.172
215.202
215.234
215.268
215.304
215.343
215.383
215.426
215.471
215.519
215.569
215.622
215.679
215.738
215.8
215.865
215.934
216.005
216.08
216.157
216.238
216.321
216.407
216.496
216.586
216.678
216.772
216.867
216.962
217.058
217.153
217.246
217.338
217.428
217.514
217.597
217.675
217.747
217.813
217.871
217.92
217.961
217.994
218.024
218.038
218.102
218.63
219.372
220.03
220.6
221.085
221.493
221.834
222.116
222.348
222.538
222.692
222.817
222.917
222.996
223.06
223.109
223.147
223.176
223.197
223.213
223.223
223.23
223.233
223.234
223.233
223.231
223.228
223.224
223.219
223.214
223.208
223.203
223.197
223.192
223.187
223.181
223.176
223.171
223.166
223.162
223.158
218.622
219.345
219.99
220.548
221.027
221.433
221.774
222.06
222.298
222.494
222.656
222.789
222.897
222.984
223.055
223.111
223.156
223.191
223.217
223.238
223.252
223.262
223.269
223.273
223.274
223.274
223.272
223.269
223.265
223.26
223.255
223.25
223.244
223.238
223.232
223.226
223.22
223.214
223.208
223.203
223.197
218.616
219.328
219.965
220.518
220.994
221.402
221.748
222.04
222.286
222.491
222.662
222.804
222.921
223.017
223.095
223.158
223.209
223.249
223.281
223.305
223.323
223.335
223.344
223.35
223.353
223.353
223.352
223.349
223.345
223.341
223.335
223.329
223.323
223.316
223.309
223.302
223.295
223.288
223.281
223.273
223.266
218.614
219.326
219.967
220.521
221.001
221.414
221.766
222.066
222.32
222.533
222.713
222.863
222.988
223.092
223.177
223.247
223.304
223.349
223.385
223.413
223.435
223.45
223.461
223.468
223.472
223.474
223.473
223.47
223.466
223.461
223.455
223.449
223.441
223.433
223.425
223.417
223.408
223.399
223.39
223.381
223.372
218.615
219.334
219.982
220.542
221.029
221.449
221.81
222.118
222.381
222.605
222.794
222.954
223.088
223.2
223.294
223.371
223.434
223.486
223.527
223.559
223.584
223.601
223.614
223.623
223.628
223.63
223.629
223.627
223.622
223.616
223.609
223.601
223.592
223.582
223.572
223.562
223.551
223.54
223.528
223.517
223.505
218.616
219.347
220.007
220.576
221.073
221.503
221.874
222.194
222.469
222.704
222.905
223.076
223.221
223.343
223.446
223.532
223.602
223.66
223.707
223.743
223.771
223.791
223.807
223.817
223.823
223.825
223.824
223.821
223.815
223.808
223.799
223.789
223.778
223.767
223.754
223.741
223.727
223.713
223.699
223.684
223.67
218.619
219.367
220.043
220.625
221.135
221.579
221.963
222.297
222.586
222.835
223.049
223.233
223.39
223.524
223.636
223.731
223.81
223.875
223.927
223.968
224
224.022
224.039
224.051
224.057
224.059
224.057
224.053
224.046
224.037
224.026
224.014
224
223.985
223.97
223.953
223.937
223.919
223.901
223.883
223.865
218.624
219.395
220.091
220.691
221.219
221.679
222.08
222.43
222.734
222.999
223.228
223.426
223.597
223.743
223.867
223.971
224.059
224.131
224.189
224.236
224.271
224.295
224.314
224.327
224.333
224.334
224.332
224.325
224.316
224.305
224.291
224.276
224.259
224.24
224.221
224.201
224.18
224.158
224.136
224.113
224.091
218.631
219.431
220.154
220.775
221.324
221.803
222.224
222.592
222.915
223.198
223.444
223.658
223.843
224.002
224.139
224.254
224.351
224.432
224.497
224.548
224.587
224.614
224.634
224.647
224.653
224.653
224.649
224.64
224.628
224.614
224.596
224.577
224.556
224.533
224.509
224.484
224.458
224.431
224.404
224.376
224.349
218.641
219.475
220.23
220.877
221.451
221.954
222.397
222.787
223.131
223.433
223.698
223.929
224.131
224.306
224.456
224.584
224.691
224.78
224.852
224.909
224.952
224.98
225.002
225.015
225.02
225.018
225.012
225
224.985
224.966
224.944
224.919
224.893
224.865
224.835
224.805
224.773
224.74
224.707
224.673
224.639
218.655
219.53
220.321
220.999
221.602
222.132
222.6
223.015
223.383
223.707
223.993
224.245
224.465
224.657
224.822
224.963
225.082
225.18
225.26
225.322
225.369
225.399
225.422
225.435
225.438
225.434
225.424
225.408
225.388
225.364
225.336
225.306
225.273
225.239
225.202
225.164
225.125
225.086
225.045
225.004
224.963
218.673
219.594
220.428
221.142
221.779
222.34
222.838
223.281
223.675
224.025
224.334
224.608
224.849
225.059
225.241
225.397
225.528
225.637
225.725
225.794
225.844
225.876
225.899
225.91
225.912
225.904
225.89
225.869
225.843
225.812
225.777
225.74
225.699
225.656
225.612
225.565
225.518
225.47
225.42
225.37
225.321
218.695
219.671
220.554
221.309
221.985
222.581
223.112
223.587
224.011
224.389
224.726
225.024
225.288
225.519
225.72
225.892
226.037
226.157
226.254
226.329
226.383
226.416
226.438
226.448
226.446
226.434
226.414
226.386
226.352
226.314
226.27
226.223
226.173
226.121
226.066
226.01
225.952
225.893
225.834
225.774
225.714
218.724
219.761
220.699
221.502
222.222
222.858
223.427
223.938
224.396
224.806
225.172
225.499
225.788
226.043
226.264
226.454
226.615
226.748
226.854
226.935
226.993
227.027
227.048
227.055
227.048
227.03
227.002
226.966
226.923
226.873
226.819
226.761
226.699
226.635
226.568
226.499
226.429
226.358
226.287
226.214
226.143
218.759
219.866
220.867
221.725
222.494
223.176
223.788
224.339
224.835
225.281
225.681
226.039
226.357
226.638
226.882
227.093
227.271
227.417
227.534
227.622
227.683
227.716
227.735
227.738
227.724
227.698
227.66
227.613
227.558
227.497
227.429
227.357
227.281
227.201
227.12
227.036
226.951
226.866
226.779
226.692
226.606
218.803
219.989
221.061
221.98
222.805
223.539
224.199
224.796
225.336
225.822
226.26
226.653
227.004
227.314
227.585
227.818
228.014
228.176
228.304
228.399
228.462
228.494
228.51
228.506
228.484
228.447
228.397
228.336
228.266
228.188
228.104
228.014
227.921
227.824
227.724
227.622
227.519
227.415
227.311
227.207
227.104
218.856
220.131
221.284
222.272
223.162
223.954
224.669
225.317
225.906
226.439
226.919
227.352
227.739
228.083
228.383
228.641
228.859
229.037
229.176
229.278
229.344
229.373
229.383
229.37
229.337
229.286
229.22
229.141
229.052
228.954
228.849
228.738
228.623
228.503
228.381
228.258
228.133
228.007
227.882
227.756
227.633
218.921
220.296
221.54
222.607
223.569
224.427
225.204
225.912
226.555
227.14
227.669
228.147
228.576
228.957
229.29
229.577
229.818
230.015
230.167
230.275
230.342
230.366
230.367
230.343
230.294
230.225
230.138
230.037
229.924
229.801
229.67
229.532
229.39
229.243
229.094
228.943
228.791
228.639
228.488
228.337
228.189
219
220.488
221.835
222.991
224.034
224.968
225.816
226.59
227.296
227.941
228.524
229.054
229.531
229.954
230.325
230.644
230.911
231.127
231.292
231.407
231.473
231.489
231.478
231.438
231.368
231.275
231.163
231.033
230.89
230.735
230.571
230.4
230.223
230.043
229.86
229.676
229.491
229.308
229.125
228.944
228.766
219.095
220.71
222.174
223.431
224.567
225.586
226.515
227.365
228.144
228.855
229.502
230.09
230.621
231.093
231.507
231.862
232.158
232.396
232.575
232.695
232.756
232.761
232.733
232.67
232.575
232.451
232.304
232.138
231.956
231.761
231.556
231.343
231.124
230.902
230.677
230.452
230.228
230.005
229.785
229.567
229.354
219.209
220.969
222.565
223.937
225.178
226.295
227.316
228.253
229.115
229.904
230.623
231.279
231.872
232.399
232.862
233.257
233.586
233.847
234.04
234.162
234.216
234.203
234.152
234.059
233.928
233.764
233.574
233.361
233.129
232.883
232.626
232.361
232.09
231.815
231.539
231.264
230.991
230.721
230.454
230.193
229.937
219.345
221.27
223.016
224.52
225.881
227.111
228.238
229.275
230.232
231.111
231.913
232.646
233.31
233.902
234.42
234.862
235.226
235.512
235.717
235.839
235.879
235.841
235.757
235.624
235.446
235.23
234.982
234.709
234.415
234.104
233.781
233.45
233.114
232.775
232.436
232.099
231.766
231.438
231.116
230.802
230.496
219.508
221.62
223.538
225.193
226.693
228.053
229.301
230.455
231.522
232.505
233.404
234.227
234.973
235.639
236.22
236.713
237.117
237.428
237.643
237.759
237.777
237.701
237.572
237.385
237.145
236.86
236.538
236.188
235.813
235.421
235.016
234.602
234.184
233.765
233.348
232.936
232.53
232.133
231.745
231.368
231.002
219.702
222.03
224.145
225.975
227.635
229.144
230.536
231.825
233.02
234.124
235.135
236.063
236.906
237.656
238.308
238.86
239.305
239.64
239.86
239.962
239.943
239.815
239.622
239.362
239.039
238.664
238.247
237.797
237.32
236.824
236.315
235.799
235.28
234.762
234.25
233.746
233.252
232.771
232.305
231.853
231.418
219.933
222.51
224.854
226.886
228.733
230.418
231.975
233.423
234.77
236.017
237.159
238.209
239.163
240.011
240.745
241.36
241.848
242.204
242.42
242.492
242.418
242.213
241.933
241.573
241.141
240.648
240.107
239.529
238.922
238.296
237.657
237.013
236.369
235.731
235.102
234.488
233.889
233.309
232.749
232.211
231.695
220.207
223.075
225.685
227.954
230.021
231.912
233.667
235.303
236.829
238.245
239.542
240.736
241.82
242.78
243.604
244.286
244.816
245.183
245.38
245.4
245.24
244.925
244.524
244.029
243.45
242.803
242.102
241.361
240.59
239.801
239.002
238.201
237.405
236.62
235.852
235.106
234.383
233.686
233.019
232.38
231.774
220.532
223.742
226.665
229.216
231.543
233.681
235.671
237.532
239.273
240.89
242.372
243.734
244.969
246.056
246.98
247.73
248.292
248.654
248.804
248.736
248.445
247.972
247.404
246.726
245.953
245.105
244.199
243.251
242.276
241.285
240.289
239.298
238.32
237.361
236.429
235.527
234.659
233.829
233.038
232.287
231.579
220.916
224.534
227.83
230.719
233.358
235.793
238.068
240.203
242.204
244.063
245.765
247.326
248.736
249.965
250.992
251.802
252.377
252.701
252.76
252.546
252.057
251.359
250.559
249.635
248.608
247.5
246.334
245.129
243.902
242.667
241.435
240.219
239.025
237.864
236.74
235.661
234.629
233.647
232.719
231.844
231.025
221.368
225.479
229.228
232.527
235.548
238.348
240.973
243.443
245.762
247.916
249.881
251.677
253.285
254.665
255.791
256.638
257.186
257.413
257.306
256.859
256.073
255.054
253.937
252.686
251.329
249.893
248.405
246.887
245.357
243.833
242.326
240.848
239.409
238.017
236.678
235.401
234.185
233.037
231.959
230.951
230.017
221.896
226.616
230.922
234.729
238.227
241.481
244.544
247.433
250.148
252.663
254.942
257.009
258.835
260.365
261.56
262.393
262.834
262.864
262.472
261.658
260.434
258.966
257.423
255.747
253.972
252.132
250.255
248.367
246.488
244.633
242.817
241.049
239.338
237.693
236.12
234.628
233.215
231.888
230.652
229.502
228.451
222.508
227.994
233.004
237.457
241.563
245.398
249.02
252.443
255.656
258.616
261.268
263.639
265.684
267.329
268.522
269.23
269.424
269.087
268.221
266.844
264.988
262.907
260.811
258.6
256.317
253.997
251.672
249.369
247.103
244.891
242.743
240.668
238.672
236.762
234.944
233.225
231.606
230.091
228.688
227.392
226.221
223.189
229.658
235.575
240.865
245.763
250.356
254.704
258.815
262.655
266.152
269.227
271.905
274.123
275.779
276.811
277.187
276.889
275.92
274.309
272.107
269.382
266.51
263.734
260.892
258.029
255.182
252.38
249.645
246.988
244.419
241.943
239.566
237.291
235.12
233.058
231.113
229.282
227.573
225.996
224.547
223.254
223.94
231.628
238.686
245.032
250.934
256.488
261.747
266.705
271.292
275.385
278.868
281.772
284.004
285.44
286.021
285.735
284.599
282.661
280.001
276.72
272.932
269.159
265.653
262.163
258.728
255.383
252.147
249.029
246.034
243.161
240.409
237.777
235.26
232.86
230.577
228.419
226.383
224.48
222.722
221.111
219.688
224.7
233.845
242.268
249.878
256.982
263.686
270.021
275.947
281.339
285.991
289.751
292.66
294.607
295.464
295.202
293.867
291.545
288.353
284.441
279.967
275.083
270.45
266.292
262.249
258.351
254.62
251.061
247.668
244.434
241.349
238.402
235.584
232.887
230.305
227.838
225.49
223.261
221.162
219.213
217.423
215.849
225.339
236.235
246.298
255.428
263.977
272.047
279.625
286.602
292.772
297.821
301.573
304.112
305.331
305.141
303.598
300.845
297.065
292.461
287.247
281.625
275.765
270.426
265.771
261.33
257.117
253.138
249.381
245.826
242.452
239.241
236.173
233.233
230.406
227.684
225.062
222.542
220.124
217.821
215.66
213.657
211.895
225.751
238.755
250.787
261.746
272.018
281.679
290.639
298.666
305.447
310.552
313.836
315.478
315.433
313.714
310.514
306.105
300.771
294.784
288.394
281.815
275.204
269.374
264.404
259.728
255.343
251.241
247.394
243.768
240.333
237.063
233.932
230.918
228.002
225.171
222.416
219.738
217.131
214.612
212.21
209.95
207.949
225.827
241.379
255.78
268.933
281.24
292.704
303.099
312.013
319.02
323.618
325.813
325.956
324.13
320.514
315.468
309.382
302.607
295.442
288.132
280.866
273.767
267.656
262.533
257.758
253.315
249.185
245.326
241.694
238.253
234.97
231.815
228.762
225.786
222.871
220.003
217.178
214.386
211.64
208.97
206.407
204.1
225.433
244.08
261.336
277.109
291.775
305.182
316.886
326.266
332.848
336.192
336.629
334.745
330.793
325.148
318.319
310.761
302.826
294.79
286.859
279.178
271.823
265.603
260.447
255.672
251.249
247.153
243.331
239.734
236.321
233.054
229.9
226.829
223.815
220.834
217.87
214.912
211.943
208.968
206.01
203.099
200.418
224.427
246.845
267.542
286.418
303.728
319.045
331.632
340.732
346.014
347.33
345.487
341.288
335.143
327.611
319.29
310.607
301.858
293.267
284.987
277.111
269.673
263.461
258.352
253.636
249.28
245.253
241.496
237.956
234.588
231.352
228.214
225.14
222.101
219.071
216.026
212.953
209.82
206.623
203.37
200.079
196.951
222.671
249.699
274.537
297.021
317.122
333.994
346.641
354.437
357.51
356.234
351.918
345.435
337.306
328.241
318.834
309.402
300.158
291.272
282.846
274.929
267.522
261.389
256.37
251.746
247.481
243.538
239.859
236.384
233.069
229.873
226.758
223.689
220.636
217.567
214.458
211.285
208.008
204.607
201.063
197.378
193.728
220.047
252.719
282.522
309.066
331.79
349.391
360.905
366.319
366.529
362.526
355.919
347.436
337.699
327.546
317.456
307.59
298.094
289.099
280.662
272.799
265.489
259.472
254.564
250.047
245.88
242.027
238.427
235.021
231.76
228.604
225.515
222.457
219.395
216.299
213.138
209.884
206.483
202.902
199.084
195.009
190.767
216.482
256.063
291.745
322.572
347.22
364.227
373.306
375.567
372.755
366.338
357.863
347.761
336.843
326.031
315.581
305.503
295.919
286.936
278.572
270.817
263.637
257.753
252.961
248.551
244.482
240.717
237.194
233.852
230.644
227.528
224.465
221.419
218.354
215.237
212.036
208.715
205.212
201.478
197.412
192.972
188.07
211.962
259.992
302.436
337.271
362.518
377.365
383.013
381.914
376.411
368.167
358.271
346.9
335.211
324.094
313.503
303.358
293.797
284.899
276.651
269.031
261.994
256.245
251.566
247.257
243.279
239.596
236.143
232.86
229.7
226.621
223.583
220.549
217.484
214.353
211.12
207.747
204.16
200.302
196.02
191.252
185.632
206.581
264.869
314.684
352.504
376.546
387.884
389.735
385.614
378.047
368.598
357.611
345.267
333.178
322.019
311.418
301.295
291.823
283.049
274.936
267.458
260.563
254.942
250.369
246.152
242.255
238.644
235.255
232.024
228.906
225.859
222.844
219.823
216.759
213.618
210.36
206.945
203.294
199.335
194.875
189.823
183.445
200.477
270.899
328.033
367.069
388.13
395.296
393.67
387.221
378.308
368.158
356.274
343.22
331.039
319.997
309.45
299.399
290.047
281.41
273.436
266.094
259.332
253.828
249.349
245.216
241.393
237.847
234.512
231.328
228.247
225.229
222.235
219.225
216.163
213.014
209.737
206.291
202.588
198.55
193.949
188.658
181.507
193.894
277.938
341.562
379.8
396.731
399.838
395.448
387.437
377.796
367.273
354.575
341.071
329.026
318.15
307.668
297.714
288.492
279.987
272.141
264.924
258.283
252.88
248.474
244.41
240.65
237.161
233.875
230.73
227.683
224.69
221.715
218.716
215.657
212.504
209.213
205.743
202.002
197.902
193.196
187.713
179.784
184.74
285.738
355.063
390.644
402.777
402.249
395.798
386.836
376.895
366.181
352.643
338.963
327.291
316.608
306.179
296.328
287.233
278.849
271.116
264.006
257.463
252.179
247.846
243.833
240.121
236.674
233.424
230.308
227.284
224.309
221.346
218.353
215.295
212.138
208.836
205.349
201.578
197.435
192.656
187.043
178.365
178.975
297.185
368.287
398.49
405.91
402.838
394.896
385.22
375.111
364.244
349.698
335.787
324.587
314.251
304
294.342
285.451
277.26
269.706
262.762
256.365
251.156
246.946
243.019
239.38
235.997
232.802
229.733
226.747
223.803
220.863
217.885
214.836
211.679
208.371
204.869
201.075
196.891
192.052
186.351
177.209
223.154
223.151
223.149
223.146
223.143
223.14
223.137
223.134
223.13
223.126
223.122
223.117
223.112
223.107
223.101
223.095
223.088
223.081
223.074
223.065
223.056
223.047
223.036
223.025
223.013
222.999
222.985
222.97
222.953
222.935
222.915
222.894
222.871
222.847
222.82
222.791
222.76
222.727
222.691
222.652
222.611
222.566
222.518
222.467
222.413
222.355
222.293
222.228
222.16
222.087
222.011
221.931
221.848
221.762
221.672
221.58
221.485
221.388
221.289
221.188
221.087
220.985
220.884
220.782
220.683
220.584
220.488
220.396
220.307
220.222
220.144
220.072
220.011
219.952
223.192
223.19
223.188
223.185
223.182
223.179
223.175
223.171
223.167
223.163
223.158
223.153
223.148
223.142
223.136
223.129
223.122
223.114
223.106
223.097
223.087
223.077
223.065
223.053
223.04
223.025
223.01
222.993
222.975
222.956
222.935
222.913
222.888
222.862
222.834
222.804
222.771
222.736
222.699
222.658
222.615
222.569
222.52
222.468
222.412
222.353
222.29
222.224
222.155
222.081
222.004
221.924
221.841
221.754
221.664
221.572
221.477
221.38
221.281
221.181
221.079
220.978
220.876
220.775
220.676
220.578
220.482
220.39
220.301
220.217
220.138
220.065
220.007
219.938
223.261
223.259
223.256
223.253
223.25
223.246
223.243
223.239
223.234
223.23
223.225
223.219
223.214
223.207
223.201
223.194
223.186
223.177
223.168
223.159
223.148
223.137
223.125
223.111
223.097
223.082
223.065
223.047
223.028
223.007
222.985
222.961
222.935
222.907
222.876
222.844
222.809
222.772
222.732
222.689
222.644
222.595
222.543
222.488
222.429
222.367
222.302
222.233
222.16
222.084
222.004
221.922
221.836
221.747
221.655
221.56
221.464
221.365
221.265
221.164
221.062
220.96
220.859
220.758
220.658
220.561
220.466
220.374
220.286
220.202
220.124
220.05
219.993
219.913
223.364
223.363
223.36
223.357
223.353
223.349
223.345
223.341
223.336
223.331
223.325
223.319
223.313
223.306
223.298
223.29
223.281
223.272
223.262
223.251
223.239
223.226
223.212
223.198
223.182
223.164
223.146
223.126
223.104
223.081
223.056
223.029
222.999
222.968
222.935
222.899
222.861
222.82
222.776
222.729
222.679
222.626
222.57
222.511
222.448
222.382
222.312
222.239
222.162
222.082
221.999
221.913
221.824
221.732
221.638
221.541
221.443
221.343
221.242
221.14
221.037
220.935
220.834
220.733
220.634
220.537
220.443
220.352
220.265
220.181
220.104
220.029
219.972
219.882
223.496
223.494
223.491
223.487
223.483
223.479
223.474
223.469
223.463
223.457
223.451
223.444
223.437
223.429
223.42
223.411
223.401
223.39
223.378
223.366
223.352
223.338
223.322
223.305
223.286
223.267
223.245
223.222
223.198
223.171
223.142
223.112
223.079
223.044
223.006
222.965
222.922
222.877
222.828
222.776
222.721
222.663
222.601
222.536
222.468
222.397
222.322
222.244
222.163
222.078
221.991
221.901
221.808
221.713
221.616
221.517
221.416
221.314
221.212
221.109
221.007
220.904
220.803
220.703
220.605
220.509
220.416
220.326
220.24
220.157
220.081
220.005
219.949
219.848
223.658
223.656
223.653
223.648
223.643
223.638
223.632
223.627
223.62
223.613
223.606
223.598
223.589
223.579
223.569
223.558
223.547
223.534
223.52
223.505
223.489
223.472
223.453
223.433
223.412
223.389
223.364
223.337
223.308
223.277
223.244
223.209
223.171
223.13
223.087
223.041
222.993
222.941
222.886
222.828
222.766
222.702
222.634
222.563
222.488
222.411
222.33
222.246
222.159
222.07
221.978
221.883
221.786
221.688
221.588
221.486
221.384
221.28
221.177
221.074
220.971
220.869
220.768
220.669
220.572
220.477
220.385
220.296
220.211
220.13
220.054
219.978
219.924
219.813
223.85
223.847
223.844
223.838
223.832
223.826
223.819
223.812
223.804
223.796
223.787
223.777
223.767
223.755
223.743
223.73
223.716
223.7
223.684
223.666
223.647
223.626
223.604
223.581
223.555
223.527
223.498
223.466
223.433
223.396
223.358
223.316
223.272
223.226
223.176
223.123
223.067
223.008
222.946
222.881
222.812
222.74
222.665
222.587
222.505
222.421
222.333
222.243
222.151
222.056
221.958
221.859
221.759
221.656
221.553
221.449
221.345
221.241
221.136
221.033
220.93
220.828
220.728
220.63
220.535
220.441
220.351
220.264
220.181
220.101
220.026
219.95
219.897
219.777
224.073
224.069
224.064
224.058
224.05
224.043
224.035
224.026
224.016
224.006
223.995
223.983
223.97
223.956
223.941
223.925
223.908
223.889
223.869
223.848
223.825
223.8
223.773
223.745
223.714
223.681
223.646
223.608
223.568
223.526
223.48
223.432
223.38
223.326
223.269
223.208
223.144
223.077
223.007
222.933
222.856
222.776
222.693
222.606
222.517
222.426
222.331
222.235
222.136
222.035
221.933
221.829
221.724
221.619
221.513
221.407
221.301
221.196
221.091
220.987
220.885
220.784
220.685
220.589
220.495
220.403
220.315
220.23
220.149
220.07
219.997
219.921
219.869
219.744
224.327
224.322
224.316
224.307
224.298
224.289
224.278
224.267
224.256
224.243
224.229
224.214
224.198
224.181
224.163
224.143
224.122
224.099
224.075
224.048
224.02
223.99
223.958
223.923
223.886
223.847
223.805
223.76
223.712
223.662
223.608
223.552
223.492
223.429
223.362
223.292
223.219
223.143
223.063
222.981
222.895
222.806
222.714
222.619
222.522
222.423
222.322
222.218
222.114
222.007
221.9
221.792
221.684
221.575
221.467
221.359
221.252
221.146
221.041
220.938
220.836
220.737
220.639
220.545
220.453
220.364
220.277
220.195
220.115
220.039
219.968
219.892
219.842
219.713
224.613
224.606
224.598
224.588
224.576
224.564
224.551
224.537
224.522
224.506
224.489
224.471
224.451
224.43
224.407
224.382
224.356
224.328
224.298
224.266
224.231
224.194
224.155
224.113
224.069
224.021
223.971
223.918
223.861
223.801
223.738
223.672
223.602
223.529
223.453
223.373
223.29
223.203
223.114
223.021
222.926
222.827
222.727
222.624
222.519
222.412
222.304
222.194
222.083
221.972
221.86
221.749
221.637
221.526
221.416
221.307
221.199
221.092
220.988
220.885
220.785
220.687
220.591
220.499
220.409
220.322
220.239
220.158
220.081
220.007
219.938
219.863
219.815
219.686
224.931
224.922
224.912
224.899
224.884
224.869
224.852
224.835
224.816
224.796
224.774
224.751
224.727
224.7
224.672
224.641
224.609
224.574
224.537
224.497
224.455
224.41
224.363
224.312
224.258
224.201
224.141
224.078
224.011
223.94
223.867
223.789
223.709
223.624
223.537
223.446
223.352
223.255
223.155
223.052
222.947
222.839
222.729
222.618
222.505
222.391
222.276
222.161
222.045
221.929
221.813
221.698
221.584
221.471
221.36
221.25
221.142
221.035
220.932
220.83
220.731
220.635
220.542
220.451
220.364
220.28
220.199
220.121
220.047
219.975
219.908
219.835
219.788
219.662
225.283
225.27
225.257
225.241
225.222
225.202
225.182
225.16
225.136
225.111
225.083
225.054
225.023
224.99
224.955
224.917
224.877
224.834
224.788
224.74
224.688
224.634
224.576
224.515
224.45
224.382
224.311
224.236
224.157
224.075
223.989
223.899
223.806
223.71
223.611
223.508
223.402
223.294
223.183
223.07
222.955
222.838
222.72
222.601
222.481
222.36
222.239
222.118
221.998
221.878
221.759
221.642
221.526
221.411
221.299
221.189
221.081
220.976
220.873
220.773
220.676
220.582
220.491
220.403
220.319
220.237
220.159
220.084
220.012
219.943
219.879
219.808
219.763
219.642
225.669
225.652
225.635
225.613
225.59
225.565
225.539
225.511
225.481
225.449
225.414
225.378
225.339
225.298
225.254
225.207
225.157
225.104
225.048
224.989
224.926
224.86
224.79
224.717
224.64
224.559
224.475
224.386
224.294
224.199
224.1
223.997
223.891
223.782
223.67
223.556
223.438
223.319
223.198
223.074
222.95
222.824
222.698
222.571
222.445
222.318
222.192
222.067
221.942
221.82
221.698
221.579
221.462
221.347
221.235
221.125
221.018
220.914
220.813
220.715
220.62
220.529
220.44
220.355
220.273
220.194
220.119
220.047
219.978
219.911
219.85
219.782
219.738
219.625
226.088
226.066
226.044
226.016
225.986
225.955
225.921
225.886
225.848
225.807
225.764
225.719
225.67
225.618
225.564
225.506
225.444
225.38
225.311
225.239
225.163
225.084
225
224.913
224.821
224.726
224.627
224.524
224.418
224.308
224.195
224.078
223.959
223.837
223.713
223.586
223.457
223.327
223.195
223.063
222.93
222.796
222.663
222.53
222.397
222.266
222.135
222.007
221.88
221.755
221.632
221.512
221.394
221.279
221.168
221.059
220.953
220.851
220.752
220.656
220.564
220.475
220.389
220.307
220.228
220.152
220.08
220.01
219.944
219.88
219.822
219.757
219.714
219.611
226.541
226.512
226.483
226.448
226.409
226.369
226.327
226.282
226.234
226.183
226.129
226.072
226.011
225.947
225.88
225.808
225.733
225.654
225.571
225.484
225.393
225.298
225.198
225.095
224.988
224.877
224.762
224.644
224.522
224.397
224.269
224.139
224.006
223.871
223.734
223.596
223.457
223.317
223.176
223.035
222.894
222.754
222.614
222.476
222.339
222.204
222.07
221.939
221.81
221.684
221.56
221.44
221.323
221.209
221.098
220.991
220.887
220.787
220.69
220.597
220.507
220.421
220.338
220.259
220.183
220.11
220.041
219.974
219.911
219.85
219.794
219.733
219.691
219.598
227.026
226.988
226.95
226.905
226.856
226.805
226.752
226.695
226.635
226.571
226.503
226.432
226.357
226.278
226.195
226.107
226.016
225.92
225.82
225.716
225.607
225.494
225.378
225.257
225.132
225.004
224.873
224.738
224.601
224.461
224.319
224.175
224.029
223.882
223.734
223.585
223.436
223.287
223.138
222.99
222.843
222.697
222.553
222.411
222.27
222.132
221.997
221.864
221.734
221.608
221.485
221.365
221.249
221.136
221.027
220.922
220.82
220.723
220.629
220.538
220.451
220.368
220.288
220.212
220.139
220.069
220.002
219.939
219.879
219.82
219.767
219.709
219.668
219.586
227.539
227.491
227.44
227.383
227.322
227.257
227.19
227.118
227.043
226.963
226.879
226.791
226.698
226.601
226.5
226.394
226.283
226.168
226.048
225.925
225.797
225.665
225.529
225.39
225.247
225.102
224.953
224.803
224.65
224.495
224.339
224.182
224.025
223.867
223.709
223.551
223.394
223.238
223.083
222.929
222.778
222.628
222.48
222.335
222.193
222.053
221.917
221.784
221.654
221.528
221.406
221.287
221.173
221.062
220.955
220.852
220.754
220.658
220.567
220.48
220.396
220.316
220.239
220.165
220.095
220.029
219.965
219.904
219.847
219.792
219.741
219.687
219.647
219.575
228.077
228.015
227.949
227.877
227.799
227.718
227.633
227.543
227.449
227.35
227.246
227.137
227.024
226.906
226.783
226.655
226.523
226.387
226.246
226.101
225.952
225.8
225.644
225.486
225.325
225.162
224.997
224.831
224.664
224.496
224.328
224.16
223.993
223.826
223.66
223.495
223.332
223.17
223.011
222.854
222.699
222.546
222.397
222.25
222.107
221.967
221.831
221.699
221.57
221.445
221.325
221.208
221.096
220.987
220.883
220.783
220.687
220.595
220.507
220.422
220.342
220.264
220.191
220.12
220.053
219.99
219.929
219.871
219.817
219.764
219.716
219.665
219.627
219.564
228.632
228.551
228.467
228.375
228.278
228.176
228.069
227.957
227.84
227.718
227.591
227.458
227.321
227.178
227.031
226.879
226.723
226.563
226.399
226.232
226.061
225.888
225.713
225.536
225.358
225.179
224.999
224.82
224.64
224.462
224.284
224.107
223.932
223.759
223.587
223.418
223.251
223.086
222.924
222.764
222.608
222.455
222.305
222.158
222.015
221.876
221.741
221.61
221.483
221.36
221.242
221.128
221.018
220.913
220.811
220.714
220.621
220.533
220.447
220.366
220.289
220.215
220.144
220.077
220.013
219.952
219.894
219.839
219.787
219.737
219.691
219.644
219.607
219.553
229.193
229.09
228.982
228.866
228.744
228.616
228.484
228.345
228.202
228.052
227.897
227.737
227.572
227.403
227.228
227.05
226.868
226.683
226.496
226.306
226.114
225.921
225.728
225.534
225.34
225.148
224.956
224.766
224.577
224.391
224.206
224.024
223.844
223.667
223.493
223.321
223.152
222.986
222.823
222.664
222.508
222.355
222.206
222.06
221.919
221.781
221.648
221.519
221.395
221.274
221.159
221.048
220.941
220.839
220.741
220.647
220.557
220.471
220.39
220.312
220.237
220.166
220.099
220.034
219.973
219.915
219.86
219.808
219.758
219.711
219.668
219.624
219.588
219.542
229.744
229.613
229.476
229.331
229.178
229.021
228.857
228.687
228.512
228.331
228.145
227.954
227.758
227.559
227.356
227.151
226.942
226.733
226.522
226.311
226.1
225.889
225.68
225.473
225.268
225.065
224.865
224.669
224.475
224.284
224.097
223.913
223.732
223.554
223.379
223.208
223.039
222.874
222.713
222.554
222.399
222.248
222.101
221.958
221.819
221.684
221.553
221.427
221.305
221.188
221.076
220.968
220.865
220.766
220.671
220.58
220.494
220.412
220.333
220.259
220.187
220.119
220.055
219.994
219.935
219.88
219.828
219.778
219.731
219.686
219.645
219.604
219.57
219.531
230.263
230.098
229.926
229.745
229.557
229.363
229.163
228.957
228.746
228.53
228.309
228.085
227.857
227.627
227.395
227.162
226.929
226.696
226.465
226.236
226.009
225.786
225.566
225.35
225.139
224.931
224.728
224.53
224.336
224.145
223.959
223.777
223.598
223.422
223.25
223.081
222.915
222.753
222.594
222.438
222.286
222.138
221.993
221.853
221.716
221.585
221.457
221.334
221.216
221.103
220.994
220.889
220.789
220.694
220.603
220.516
220.433
220.354
220.279
220.207
220.139
220.074
220.013
219.954
219.899
219.846
219.796
219.749
219.705
219.662
219.624
219.585
219.552
219.52
230.723
230.516
230.302
230.079
229.849
229.613
229.371
229.125
228.874
228.619
228.362
228.103
227.842
227.582
227.323
227.066
226.811
226.56
226.314
226.072
225.837
225.607
225.383
225.165
224.954
224.748
224.548
224.354
224.164
223.979
223.798
223.621
223.447
223.276
223.109
222.944
222.783
222.625
222.469
222.317
222.169
222.024
221.883
221.746
221.614
221.485
221.362
221.242
221.128
221.018
220.913
220.812
220.716
220.624
220.537
220.453
220.374
220.298
220.226
220.158
220.093
220.031
219.972
219.917
219.864
219.814
219.766
219.722
219.679
219.64
219.603
219.567
219.535
219.51
231.083
230.828
230.564
230.292
230.014
229.731
229.444
229.153
228.86
228.566
228.272
227.98
227.689
227.403
227.121
226.845
226.576
226.314
226.061
225.816
225.579
225.352
225.132
224.921
224.718
224.521
224.331
224.146
223.966
223.791
223.619
223.45
223.284
223.121
222.96
222.802
222.646
222.492
222.342
222.194
222.05
221.909
221.772
221.64
221.511
221.387
221.267
221.152
221.041
220.935
220.834
220.737
220.645
220.557
220.473
220.393
220.317
220.245
220.176
220.111
220.049
219.99
219.934
219.881
219.83
219.783
219.738
219.695
219.655
219.618
219.583
219.55
219.519
219.499
231.297
230.985
230.664
230.337
230.006
229.672
229.337
229.001
228.667
228.335
228.008
227.686
227.372
227.067
226.771
226.487
226.213
225.952
225.703
225.465
225.24
225.025
224.821
224.626
224.439
224.259
224.085
223.915
223.75
223.588
223.428
223.271
223.115
222.96
222.807
222.656
222.506
222.358
222.213
222.07
221.931
221.795
221.662
221.534
221.409
221.289
221.174
221.063
220.956
220.854
220.757
220.664
220.576
220.491
220.411
220.335
220.262
220.193
220.128
220.065
220.006
219.95
219.897
219.846
219.799
219.753
219.711
219.67
219.632
219.597
219.564
219.534
219.504
219.488
231.301
230.926
230.543
230.156
229.77
229.384
229.001
228.622
228.251
227.888
227.535
227.195
226.868
226.557
226.261
225.982
225.719
225.473
225.243
225.028
224.826
224.637
224.459
224.29
224.128
223.971
223.819
223.671
223.524
223.378
223.233
223.088
222.943
222.798
222.653
222.509
222.366
222.225
222.085
221.948
221.813
221.682
221.554
221.43
221.31
221.194
221.083
220.976
220.874
220.776
220.683
220.594
220.509
220.428
220.352
220.279
220.209
220.144
220.081
220.022
219.966
219.912
219.862
219.814
219.768
219.725
219.684
219.646
219.61
219.577
219.546
219.518
219.489
219.477
231.024
230.582
230.134
229.686
229.244
228.809
228.384
227.97
227.571
227.188
226.825
226.482
226.16
225.861
225.584
225.33
225.098
224.886
224.693
224.516
224.353
224.203
224.061
223.927
223.798
223.672
223.547
223.422
223.296
223.168
223.038
222.907
222.773
222.638
222.502
222.365
222.229
222.093
221.959
221.827
221.697
221.571
221.447
221.328
221.213
221.102
220.995
220.892
220.794
220.7
220.611
220.526
220.445
220.368
220.295
220.225
220.159
220.097
220.037
219.981
219.927
219.876
219.828
219.782
219.739
219.698
219.66
219.623
219.589
219.558
219.528
219.503
219.475
219.467
230.382
229.871
229.36
228.854
228.362
227.887
227.431
226.997
226.588
226.206
225.853
225.531
225.239
224.978
224.746
224.542
224.363
224.207
224.07
223.949
223.84
223.74
223.646
223.555
223.465
223.372
223.277
223.178
223.073
222.964
222.85
222.731
222.609
222.483
222.355
222.225
222.095
221.965
221.836
221.709
221.584
221.463
221.344
221.229
221.118
221.012
220.909
220.811
220.717
220.628
220.542
220.461
220.384
220.31
220.241
220.174
220.111
220.052
219.995
219.941
219.89
219.842
219.796
219.753
219.712
219.673
219.636
219.602
219.569
219.54
219.512
219.488
219.462
219.457
229.279
228.706
228.139
227.585
227.056
226.558
226.092
225.661
225.269
224.917
224.607
224.338
224.109
223.918
223.761
223.636
223.537
223.46
223.4
223.352
223.31
223.272
223.233
223.191
223.142
223.086
223.021
222.947
222.864
222.772
222.672
222.565
222.452
222.334
222.213
222.09
221.966
221.841
221.717
221.595
221.475
221.358
221.244
221.134
221.028
220.925
220.827
220.733
220.643
220.558
220.476
220.399
220.325
220.255
220.189
220.126
220.066
220.009
219.955
219.904
219.856
219.81
219.766
219.725
219.685
219.649
219.614
219.581
219.551
219.523
219.496
219.474
219.449
219.447
227.617
226.992
226.386
225.801
225.258
224.763
224.319
223.927
223.591
223.31
223.085
222.912
222.787
222.705
222.66
222.646
222.655
222.681
222.716
222.755
222.792
222.822
222.843
222.851
222.844
222.823
222.787
222.736
222.672
222.594
222.507
222.409
222.305
222.194
222.079
221.961
221.842
221.722
221.603
221.485
221.37
221.257
221.148
221.042
220.94
220.842
220.748
220.659
220.573
220.491
220.413
220.34
220.269
220.203
220.139
220.079
220.022
219.968
219.917
219.869
219.822
219.779
219.737
219.698
219.661
219.626
219.593
219.562
219.533
219.506
219.481
219.461
219.437
219.437
225.291
224.634
224.014
223.426
222.9
222.449
222.072
221.77
221.543
221.388
221.302
221.278
221.306
221.379
221.486
221.616
221.76
221.909
222.055
222.191
222.312
222.413
222.493
222.549
222.582
222.593
222.581
222.549
222.5
222.434
222.356
222.266
222.167
222.062
221.952
221.838
221.723
221.608
221.493
221.38
221.268
221.16
221.055
220.954
220.856
220.763
220.673
220.587
220.505
220.428
220.354
220.283
220.216
220.153
220.093
220.036
219.981
219.93
219.881
219.835
219.791
219.749
219.71
219.673
219.637
219.604
219.572
219.543
219.515
219.491
219.467
219.449
219.425
219.428
222.228
221.564
220.964
220.411
219.95
219.598
219.351
219.205
219.156
219.197
219.316
219.502
219.739
220.012
220.307
220.611
220.911
221.197
221.461
221.696
221.9
222.068
222.202
222.3
222.366
222.401
222.408
222.39
222.351
222.294
222.221
222.136
222.042
221.94
221.833
221.723
221.612
221.5
221.389
221.279
221.172
221.068
220.967
220.87
220.777
220.687
220.601
220.52
220.442
220.367
220.297
220.23
220.166
220.106
220.049
219.994
219.943
219.894
219.847
219.803
219.762
219.722
219.684
219.649
219.615
219.583
219.553
219.525
219.499
219.476
219.453
219.437
219.414
219.419
218.565
217.919
217.375
216.901
216.558
216.37
216.324
216.409
216.612
216.918
217.305
217.754
218.24
218.745
219.25
219.738
220.197
220.617
220.991
221.316
221.59
221.814
221.989
222.118
222.206
222.257
222.275
222.265
222.231
222.177
222.107
222.024
221.932
221.832
221.728
221.62
221.511
221.402
221.295
221.189
221.085
220.985
220.888
220.794
220.705
220.619
220.537
220.458
220.384
220.313
220.245
220.181
220.121
220.063
220.008
219.956
219.907
219.861
219.816
219.774
219.734
219.696
219.661
219.627
219.594
219.564
219.536
219.509
219.484
219.462
219.44
219.426
219.403
219.411
214.614
213.999
213.541
213.185
213.012
213.048
213.269
213.648
214.161
214.78
215.473
216.209
216.959
217.699
218.407
219.067
219.668
220.203
220.668
221.063
221.389
221.65
221.852
222
222.1
222.158
222.18
222.172
222.139
222.085
222.015
221.933
221.84
221.741
221.638
221.532
221.425
221.318
221.213
221.11
221.01
220.912
220.818
220.728
220.641
220.559
220.48
220.404
220.333
220.265
220.2
220.139
220.08
220.025
219.973
219.923
219.876
219.831
219.788
219.748
219.71
219.673
219.639
219.606
219.576
219.547
219.519
219.494
219.47
219.449
219.428
219.415
219.393
219.402
210.515
209.935
209.588
209.388
209.437
209.758
210.308
211.036
211.905
212.87
213.887
214.917
215.926
216.887
217.779
218.589
219.309
219.935
220.468
220.912
221.272
221.557
221.773
221.929
222.032
222.091
222.113
222.103
222.068
222.012
221.94
221.856
221.764
221.664
221.561
221.456
221.351
221.246
221.143
221.042
220.944
220.849
220.758
220.67
220.586
220.506
220.43
220.357
220.288
220.222
220.16
220.101
220.044
219.991
219.941
219.893
219.847
219.804
219.763
219.724
219.688
219.653
219.619
219.588
219.558
219.53
219.504
219.48
219.457
219.437
219.417
219.405
219.384
219.394
206.372
205.82
205.603
205.602
205.929
206.596
207.528
208.65
209.902
211.228
212.571
213.884
215.133
216.291
217.341
218.274
219.086
219.78
220.36
220.836
221.217
221.512
221.733
221.89
221.992
222.048
222.065
222.051
222.012
221.953
221.879
221.793
221.699
221.599
221.496
221.391
221.287
221.183
221.082
220.982
220.887
220.794
220.705
220.62
220.538
220.46
220.386
220.315
220.248
220.185
220.124
220.067
220.013
219.961
219.912
219.866
219.822
219.78
219.741
219.703
219.667
219.634
219.602
219.571
219.543
219.516
219.49
219.467
219.445
219.426
219.407
219.396
219.375
219.387
202.257
201.717
201.657
201.905
202.569
203.635
204.991
206.533
208.181
209.863
211.516
213.091
214.552
215.878
217.058
218.087
218.968
219.708
220.32
220.813
221.203
221.501
221.721
221.873
221.97
222.02
222.031
222.012
221.968
221.906
221.828
221.74
221.644
221.543
221.44
221.335
221.231
221.129
221.028
220.931
220.837
220.746
220.659
220.575
220.496
220.42
220.347
220.279
220.213
220.151
220.093
220.037
219.984
219.934
219.887
219.842
219.799
219.758
219.72
219.684
219.649
219.616
219.585
219.556
219.528
219.502
219.477
219.455
219.433
219.415
219.397
219.387
219.366
219.38
198.223
197.675
197.806
198.363
199.42
200.926
202.734
204.706
206.742
208.762
210.699
212.504
214.146
215.611
216.892
217.993
218.923
219.695
220.323
220.825
221.216
221.511
221.725
221.871
221.96
222.002
222.007
221.982
221.934
221.866
221.786
221.695
221.597
221.495
221.391
221.287
221.183
221.081
220.982
220.886
220.793
220.704
220.618
220.536
220.458
220.384
220.313
220.246
220.182
220.122
220.064
220.01
219.959
219.91
219.864
219.82
219.778
219.739
219.701
219.666
219.632
219.6
219.57
219.541
219.514
219.489
219.465
219.443
219.423
219.405
219.388
219.378
219.358
219.373
194.307
193.728
194.101
195.037
196.53
198.502
200.77
203.163
205.566
207.895
210.083
212.085
213.877
215.452
216.812
217.965
218.928
219.719
220.355
220.858
221.245
221.533
221.739
221.876
221.957
221.992
221.99
221.959
221.905
221.834
221.75
221.657
221.557
221.454
221.35
221.245
221.142
221.04
220.942
220.846
220.755
220.667
220.582
220.502
220.425
220.352
220.283
220.217
220.155
220.095
220.039
219.986
219.936
219.888
219.843
219.8
219.759
219.721
219.684
219.65
219.617
219.586
219.556
219.528
219.502
219.477
219.454
219.433
219.413
219.396
219.379
219.37
219.351
219.366
190.539
189.903
190.589
191.975
193.928
196.374
199.094
201.883
204.622
207.226
209.63
211.797
213.711
215.373
216.791
217.981
218.965
219.765
220.403
220.902
221.282
221.562
221.759
221.887
221.959
221.986
221.978
221.941
221.882
221.807
221.72
221.624
221.523
221.419
221.313
221.209
221.105
221.004
220.906
220.812
220.721
220.634
220.551
220.471
220.396
220.324
220.256
220.191
220.13
220.072
220.016
219.964
219.915
219.868
219.824
219.782
219.742
219.704
219.669
219.635
219.602
219.572
219.543
219.516
219.49
219.466
219.444
219.423
219.404
219.387
219.371
219.363
219.344
219.36
186.95
186.223
187.319
189.209
191.623
194.535
197.685
200.836
203.875
206.717
209.304
211.607
213.619
215.347
216.808
218.024
219.02
219.823
220.459
220.951
221.323
221.593
221.781
221.9
221.964
221.984
221.969
221.926
221.863
221.784
221.694
221.596
221.493
221.388
221.282
221.177
221.073
220.973
220.875
220.781
220.691
220.605
220.523
220.444
220.37
220.299
220.231
220.168
220.107
220.05
219.996
219.945
219.896
219.85
219.807
219.765
219.726
219.689
219.654
219.621
219.589
219.559
219.531
219.504
219.479
219.456
219.434
219.414
219.395
219.379
219.363
219.356
219.337
219.354
183.57
182.709
184.333
186.753
189.61
192.97
196.513
199.988
203.288
206.335
209.075
211.488
213.577
215.356
216.848
218.081
219.084
219.886
220.517
221.001
221.364
221.625
221.803
221.914
221.97
221.983
221.962
221.914
221.847
221.765
221.672
221.572
221.467
221.361
221.254
221.149
221.045
220.945
220.848
220.754
220.665
220.579
220.497
220.42
220.346
220.276
220.21
220.147
220.087
220.031
219.977
219.927
219.879
219.834
219.791
219.75
219.712
219.675
219.641
219.608
219.577
219.548
219.52
219.494
219.469
219.446
219.425
219.405
219.387
219.371
219.356
219.349
219.33
219.348
180.427
179.383
181.662
184.6
187.872
191.651
195.546
199.305
202.832
206.051
208.917
211.42
213.57
215.388
216.902
218.145
219.151
219.95
220.574
221.05
221.404
221.656
221.825
221.928
221.976
221.983
221.957
221.905
221.833
221.748
221.653
221.551
221.445
221.337
221.23
221.124
221.02
220.92
220.823
220.73
220.641
220.556
220.475
220.398
220.325
220.256
220.19
220.128
220.069
220.013
219.96
219.911
219.863
219.819
219.776
219.736
219.699
219.663
219.629
219.596
219.566
219.537
219.51
219.484
219.46
219.437
219.416
219.397
219.379
219.364
219.349
219.342
219.324
219.343
177.533
176.273
179.324
182.732
186.389
190.549
194.751
198.757
202.477
205.84
208.81
211.386
213.584
215.431
216.962
218.211
219.216
220.011
220.628
221.097
221.441
221.685
221.846
221.941
221.983
221.984
221.953
221.897
221.822
221.734
221.636
221.532
221.425
221.317
221.209
221.102
220.999
220.898
220.801
220.709
220.62
220.535
220.455
220.379
220.306
220.237
220.172
220.111
220.052
219.997
219.945
219.896
219.849
219.805
219.763
219.724
219.686
219.651
219.617
219.586
219.555
219.527
219.5
219.475
219.451
219.429
219.408
219.389
219.371
219.357
219.342
219.336
219.319
219.338
174.886
173.405
177.304
181.121
185.135
189.631
194.1
198.317
202.201
205.684
208.741
211.375
213.611
215.481
217.023
218.276
219.279
220.069
220.679
221.139
221.476
221.711
221.865
221.953
221.99
221.986
221.95
221.89
221.812
221.721
221.621
221.516
221.408
221.298
221.19
221.083
220.979
220.879
220.782
220.689
220.601
220.517
220.437
220.361
220.289
220.221
220.156
220.095
220.037
219.983
219.931
219.882
219.836
219.792
219.751
219.712
219.675
219.64
219.607
219.575
219.546
219.518
219.491
219.466
219.443
219.421
219.4
219.382
219.365
219.351
219.336
219.331
219.313
219.333
172.438
170.887
175.603
179.74
184.082
188.87
193.566
197.965
201.986
205.57
208.697
211.379
213.644
215.532
217.082
218.337
219.337
220.122
220.725
221.178
221.507
221.735
221.883
221.965
221.996
221.987
221.947
221.884
221.803
221.71
221.609
221.502
221.392
221.282
221.173
221.066
220.962
220.861
220.764
220.672
220.584
220.5
220.42
220.345
220.273
220.205
220.141
220.081
220.023
219.969
219.918
219.869
219.824
219.78
219.74
219.701
219.664
219.63
219.597
219.566
219.537
219.509
219.483
219.458
219.435
219.413
219.393
219.375
219.358
219.345
219.33
219.325
219.308
219.328
169.961
168.664
174.148
178.575
183.206
188.238
193.129
197.682
201.818
205.486
208.671
211.391
213.681
215.582
217.138
218.393
219.391
220.17
220.767
221.213
221.535
221.757
221.899
221.976
222.002
221.989
221.946
221.879
221.796
221.701
221.598
221.489
221.379
221.268
221.158
221.05
220.946
220.845
220.749
220.656
220.569
220.485
220.406
220.33
220.259
220.192
220.128
220.067
220.011
219.957
219.906
219.858
219.812
219.77
219.729
219.691
219.654
219.62
219.588
219.557
219.528
219.501
219.475
219.45
219.428
219.406
219.387
219.369
219.352
219.339
219.325
219.32
219.303
219.324
167.6
167.172
172.9
177.579
182.478
187.715
192.77
197.453
201.687
205.424
208.657
211.409
213.719
215.63
217.19
218.445
219.439
220.214
220.805
221.245
221.561
221.777
221.913
221.985
222.007
221.991
221.944
221.875
221.79
221.692
221.588
221.478
221.366
221.255
221.144
221.036
220.932
220.831
220.734
220.642
220.555
220.471
220.392
220.317
220.246
220.179
220.115
220.055
219.999
219.945
219.895
219.847
219.802
219.759
219.719
219.681
219.645
219.611
219.579
219.549
219.52
219.493
219.467
219.443
219.421
219.4
219.38
219.363
219.346
219.333
219.32
219.315
219.299
219.32
)
;

boundaryField
{
    inlet
    {
        type            freestreamPressure;
        value           nonuniform List<scalar> 
230
(
214.766
214.769
214.775
214.782
214.79
214.798
214.806
214.815
214.824
214.834
214.844
214.855
214.866
214.878
214.891
214.904
214.919
214.934
214.95
214.967
214.985
215.004
215.024
215.045
215.068
215.091
215.117
215.144
215.172
215.202
215.234
215.268
215.304
215.343
215.383
215.426
215.471
215.519
215.569
215.622
215.679
215.738
215.8
215.865
215.934
216.005
216.08
216.157
216.238
216.321
216.407
216.496
216.586
216.678
216.772
216.867
216.962
217.058
217.153
217.246
217.338
217.428
217.514
217.597
217.675
217.747
217.813
217.871
217.92
217.961
217.994
218.024
218.038
218.102
217.835
217.107
216.476
215.938
215.492
215.13
214.839
214.612
214.439
214.31
214.22
214.161
214.128
214.115
214.119
214.134
214.159
214.189
214.222
214.256
214.29
214.325
214.358
214.391
214.423
214.453
214.482
214.51
214.536
214.561
214.584
214.606
214.627
214.647
214.665
214.683
214.699
214.714
214.729
214.743
214.756
218.63
219.372
220.03
220.6
221.085
221.493
221.834
222.116
222.348
222.538
222.692
222.817
222.917
222.996
223.06
223.109
223.147
223.176
223.197
223.213
223.223
223.23
223.233
223.234
223.233
223.231
223.228
223.224
223.219
223.214
223.208
223.203
223.197
223.192
223.187
223.181
223.176
223.171
223.166
223.162
223.158
223.154
223.151
223.149
223.146
223.143
223.14
223.137
223.134
223.13
223.126
223.122
223.117
223.112
223.107
223.101
223.095
223.088
223.081
223.074
223.065
223.056
223.047
223.036
223.025
223.013
222.999
222.985
222.97
222.953
222.935
222.915
222.894
222.871
222.847
222.82
222.791
222.76
222.727
222.691
222.652
222.611
222.566
222.518
222.467
222.413
222.355
222.293
222.228
222.16
222.087
222.011
221.931
221.848
221.762
221.672
221.58
221.485
221.388
221.289
221.188
221.087
220.985
220.884
220.782
220.683
220.584
220.488
220.396
220.307
220.222
220.144
220.072
220.011
219.952
)
;
    }
    outlet
    {
        type            freestreamPressure;
        value           nonuniform List<scalar> 
96
(
219.316
219.311
219.307
219.302
219.297
219.291
219.285
219.279
219.273
219.266
219.258
219.25
219.242
219.233
219.224
219.213
219.203
219.191
219.18
219.167
219.154
219.14
219.126
219.111
219.095
219.08
219.063
219.047
219.031
219.016
219.003
218.992
218.985
218.989
219.017
219.094
219.219
219.317
219.251
218.922
218.399
217.912
217.685
217.738
217.917
218.057
218.115
218.102
219.952
219.938
219.913
219.882
219.848
219.813
219.777
219.744
219.713
219.686
219.662
219.642
219.625
219.611
219.598
219.586
219.575
219.564
219.553
219.542
219.531
219.52
219.51
219.499
219.488
219.477
219.467
219.457
219.447
219.437
219.428
219.419
219.411
219.402
219.394
219.387
219.38
219.373
219.366
219.36
219.354
219.348
219.343
219.338
219.333
219.328
219.324
219.32
)
;
    }
    walls
    {
        type            zeroGradient;
    }
    frontAndBack
    {
        type            empty;
    }
}


// ************************************************************************* //
