# Wall shear stress
# Time       	patch        	min          	max          
0.000000e+00	walls	(-3.013944e+00 -5.154947e-01 -1.280886e-18)	(-1.788719e+00 2.419722e-01 7.084808e-19)
5.000000e+01	walls	(-4.734538e+02 -2.663705e+02 -1.855222e-15)	(4.131998e+00 1.698314e+02 3.365968e-15)
1.000000e+02	walls	(-5.112572e+02 -2.959774e+02 -2.201762e-15)	(4.988442e+00 1.392058e+02 4.054838e-15)
1.500000e+02	walls	(-5.215920e+02 -3.047247e+02 -2.278295e-15)	(4.388786e+00 1.302033e+02 4.206868e-15)
2.000000e+02	walls	(-5.250069e+02 -3.076031e+02 -2.301449e-15)	(4.257352e+00 1.274245e+02 4.252918e-15)
2.500000e+02	walls	(-5.260299e+02 -3.084751e+02 -2.308510e-15)	(4.205948e+00 1.265811e+02 4.266981e-15)
3.000000e+02	walls	(-5.263526e+02 -3.087482e+02 -2.310691e-15)	(4.191423e+00 1.263191e+02 4.271339e-15)
3.500000e+02	walls	(-5.264540e+02 -3.088335e+02 -2.311374e-15)	(4.187162e+00 1.262382e+02 4.272682e-15)
4.000000e+02	walls	(-5.264847e+02 -3.088582e+02 -2.311567e-15)	(4.185981e+00 1.262122e+02 4.273118e-15)
4.500000e+02	walls	(-5.264935e+02 -3.088675e+02 -2.311641e-15)	(4.185964e+00 1.262047e+02 4.273234e-15)
5.000000e+02	walls	(-5.264943e+02 -3.088702e+02 -2.311659e-15)	(4.186086e+00 1.262023e+02 4.273287e-15)
5.500000e+02	walls	(-5.264986e+02 -3.088711e+02 -2.311673e-15)	(4.186235e+00 1.262014e+02 4.273296e-15)
5.940000e+02	walls	(-5.264986e+02 -3.088711e+02 -2.311673e-15)	(4.186358e+00 1.262012e+02 4.273295e-15)
