/*--------------------------------*- C++ -*----------------------------------*\
| =========                 |                                                 |
| \\      /  F ield         | OpenFOAM: The Open Source CFD Toolbox           |
|  \\    /   O peration     | Version:  5.x                                   |
|   \\  /    A nd           | Web:      www.OpenFOAM.org                      |
|    \\/     M anipulation  |                                                 |
\*---------------------------------------------------------------------------*/
FoamFile
{
    version     2.0;
    format      ascii;
    class       volScalarField;
    location    "1050";
    object      p;
}
// * * * * * * * * * * * * * * * * * * * * * * * * * * * * * * * * * * * * * //

dimensions      [0 2 -2 0 0 0 0];

internalField   nonuniform List<scalar> 
11040
(
-0.00301566
-99.7368
-337.07
-401.181
-422.366
-435.342
-436.795
-426.498
-407.829
-381.897
-348.214
-296.469
-246.657
-211.179
-186.387
-159.957
-133.113
-107.757
-83.753
-60.5855
-38.1663
-18.8006
-2.61785
12.5272
26.7139
39.9659
52.2788
63.6408
73.9902
83.2273
91.2397
97.9073
103.175
107.109
109.911
111.837
112.627
112.047
111.721
115.21
115.27
36.5747
-59.9129
-212.48
-290.476
-331.385
-361.457
-379.29
-383.472
-376.49
-360.052
-334.367
-291.476
-246.302
-211.469
-186.131
-160.011
-133.475
-108.251
-84.3265
-61.2229
-38.8448
-19.5269
-3.31376
11.861
26.0797
39.3694
51.7273
63.1407
73.5505
82.859
90.9481
97.6962
103.043
107.038
109.876
111.85
112.709
112.112
111.372
113.835
113.373
61.2529
-32.5022
-142.362
-234.017
-288.797
-325.029
-347.621
-356.288
-353.3
-340.639
-319.325
-283.74
-242.967
-208.96
-183.519
-158.392
-132.621
-107.791
-84.1387
-61.2548
-39.0361
-19.7973
-3.62692
11.5172
25.7168
38.9994
51.3624
62.791
73.2274
82.576
90.7181
97.5308
102.944
106.997
109.875
111.888
112.811
112.269
111.386
113.049
112.237
78.6329
-5.14069
-87.3808
-171.036
-229.426
-270.859
-300.452
-317.07
-321.366
-315.173
-300.015
-272.176
-236.925
-204.866
-179.751
-155.736
-130.952
-106.719
-83.4928
-60.9526
-38.9893
-19.9171
-3.84523
11.2319
25.3853
38.639
50.9905
62.4226
72.878
82.2628
90.4585
97.3403
102.83
106.957
109.887
111.924
112.885
112.403
111.473
112.653
112.009
92.3262
20.5639
-43.3269
-114.929
-173.765
-218.797
-253.051
-275.642
-286.311
-286.344
-277.338
-257.134
-228.283
-199.191
-174.822
-151.956
-128.393
-104.993
-82.3603
-60.3069
-38.7276
-19.9204
-4.01091
10.9452
25.0063
38.1929
50.5023
61.9145
72.3731
81.7862
90.0368
97.0001
102.591
106.827
109.844
111.917
112.915
112.522
111.59
112.592
112.452
102.745
42.9557
-8.03574
-67.4299
-121.971
-167.094
-203.666
-230.741
-247.187
-253.452
-250.817
-238.179
-216.31
-191.239
-168.361
-146.854
-124.762
-102.458
-80.6073
-59.1927
-38.1351
-19.6927
-4.02769
10.7343
24.64
37.704
49.9231
61.2752
71.7049
81.1237
89.4179
96.4657
102.178
106.554
109.7
111.845
112.91
112.671
111.827
112.815
113.224
110.634
61.6486
20.2361
-28.3131
-76.0029
-118.362
-154.813
-184.214
-204.948
-216.691
-220.158
-214.757
-200.174
-180.215
-159.878
-140.155
-119.822
-98.9184
-78.0903
-57.4994
-37.1206
-19.1626
-3.83985
10.6445
24.3207
37.1947
49.2619
60.4994
70.8539
80.242
88.5568
95.682
101.526
106.074
109.396
111.67
112.864
112.871
112.249
113.293
114.24
116.575
76.7323
42.794
3.35686
-36.8085
-74.505
-108.738
-138.275
-161.393
-177.228
-185.91
-186.967
-179.464
-165.37
-148.668
-131.376
-113.184
-94.0573
-74.5711
-55.0453
-35.5475
-18.2284
-3.36722
10.7381
24.0953
36.6967
48.5347
59.5858
69.8004
79.1028
87.3965
94.5755
100.551
105.294
108.844
111.327
112.749
113.118
112.872
114.09
115.462
120.994
88.6127
60.6665
28.6881
-4.39537
-36.6129
-67.1732
-94.9815
-118.51
-136.682
-149.187
-155.486
-154.303
-146.255
-134.054
-119.942
-104.372
-87.4598
-69.713
-51.564
-33.201
-16.7122
-2.45908
11.1379
24.0631
36.2915
47.8073
58.5843
68.5761
77.7167
85.9231
93.1052
99.1833
104.124
107.943
110.724
112.502
113.379
113.679
115.237
116.859
124.207
97.8132
74.7284
48.7923
21.8737
-4.90602
-31.1135
-55.9547
-78.2391
-96.9657
-111.611
-121.576
-125.453
-122.98
-115.66
-105.364
-92.9211
-78.6749
-63.1115
-46.7206
-29.8063
-14.3809
-0.913085
12.0159
24.3705
36.1068
47.1939
57.5989
67.2766
76.1684
84.2058
91.3166
97.4374
102.54
106.633
109.778
112.028
113.55
114.559
116.613
118.412
126.475
104.862
85.7405
64.6756
42.8997
21.0223
-0.808007
-22.1145
-42.0553
-59.8678
-75.0268
-86.9573
-94.3079
-96.3495
-93.6488
-87.4316
-78.4961
-67.3094
-54.356
-40.1366
-25.0371
-10.9556
1.51441
13.5853
25.2033
36.3062
46.8434
56.7705
66.0398
74.5975
82.3856
89.348
95.438
100.639
104.967
108.479
111.242
113.46
115.261
117.892
119.982
128.023
110.233
94.3549
77.2089
59.6254
41.9239
24.086
6.35007
-10.7464
-26.6926
-41.0871
-53.4548
-62.6442
-67.782
-68.8474
-66.4409
-61.0751
-53.1604
-43.1335
-31.4565
-18.5428
-6.11379
5.11475
16.1102
26.7986
37.1015
46.9468
56.2751
65.0336
73.1697
80.6325
87.3769
93.3696
98.6036
103.105
106.932
110.156
112.988
115.512
118.645
121.203
129.044
114.332
101.117
87.1238
72.9172
58.6566
44.2453
29.7744
15.557
1.91218
-10.9169
-22.5942
-32.2276
-39.0097
-42.6441
-43.2887
-41.1253
-36.3822
-29.3725
-20.4632
-10.0302
0.458183
10.1982
19.8918
29.4437
38.7613
47.7526
56.3427
64.4713
72.0849
79.1364
85.5876
91.4135
96.6129
101.215
105.272
108.851
112.131
115.187
118.612
121.652
129.701
117.485
106.468
95.0164
83.517
72.0408
60.4651
48.8026
37.2233
25.9111
14.9898
4.66069
-4.4348
-11.6543
-16.6395
-19.3143
-19.6231
-17.5975
-13.3874
-7.22328
0.610669
8.96591
17.0168
25.2109
33.4357
41.5873
49.558
57.26
64.6255
71.5989
78.1338
84.1951
89.7613
94.8322
99.434
103.606
107.399
110.941
114.302
117.803
121.076
130.115
119.943
110.751
101.355
92.0254
82.7832
73.5062
64.1702
54.862
45.6787
36.6768
27.9532
19.9412
13.1065
7.76014
4.05596
2.16026
2.1734
4.08789
7.81091
13.1749
19.3762
25.6473
32.2242
38.9884
45.8329
52.6427
59.3204
65.7926
72.0013
77.9002
83.4545
88.6419
93.4582
97.9217
102.056
105.89
109.505
112.951
116.376
119.613
130.396
121.915
114.239
106.512
98.9212
91.4643
84.0289
76.5772
69.1501
61.7951
54.5306
47.3939
40.664
34.6586
29.6075
25.6584
22.9939
21.7651
22.0487
23.8535
27.117
31.3507
35.9078
40.8768
46.1481
51.6216
57.1863
62.7452
68.2229
73.5602
78.7094
83.6344
88.3109
92.7288
96.8959
100.82
104.511
108.013
111.355
114.598
117.658
130.659
123.582
117.173
110.805
104.614
98.5833
92.6136
86.6655
80.756
74.9063
69.1155
63.3935
57.913
52.8832
48.4611
44.7586
41.9282
40.1157
39.425
39.9169
41.5977
44.221
47.289
50.8058
54.6817
58.8321
63.1605
67.5795
72.0189
76.4218
80.7416
84.9412
88.9931
92.8813
96.6039
100.157
103.536
106.764
109.852
112.818
115.624
130.895
124.932
119.524
114.208
109.091
104.144
99.2816
94.468
89.709
85.0136
80.3742
75.7912
71.3734
67.2552
63.54
60.3059
57.6662
55.7383
54.6185
54.3797
55.0587
56.5583
58.5165
60.9009
63.6455
66.6845
69.94
73.34
76.8241
80.3422
83.8516
87.317
90.7104
94.0122
97.2141
100.304
103.272
106.125
108.866
111.494
113.994
131.091
125.989
121.356
116.843
112.538
108.406
104.371
100.403
96.5018
92.6692
88.896
85.1785
81.59
78.2198
75.1356
72.3915
70.0684
68.2541
67.0263
66.4509
66.5714
67.3688
68.582
70.17
72.0872
74.2843
76.7013
79.2814
81.9759
84.7426
87.5448
90.3511
93.1349
95.8765
98.5643
101.184
103.72
106.175
108.545
110.822
112.999
131.273
126.853
122.833
118.949
115.273
111.766
108.364
105.037
101.785
98.6056
95.4902
92.4336
89.4868
86.7121
84.1541
81.8501
79.8579
78.2412
77.0592
76.3655
76.1994
76.5784
77.3113
78.3603
79.6951
81.2788
83.0662
85.0139
87.0836
89.2412
91.4563
93.7021
95.9554
98.1976
100.417
102.597
104.725
106.797
108.809
110.749
112.615
131.45
127.582
124.059
120.679
117.503
114.49
111.583
108.757
106.01
103.338
100.734
98.1906
95.7459
93.4444
91.3162
89.3868
87.6981
86.2962
85.2248
84.5251
84.2294
84.3687
84.7993
85.4902
86.4218
87.5666
88.8905
90.3604
91.9469
93.6231
95.3645
97.149
98.9569
100.772
102.583
104.376
106.137
107.863
109.548
111.181
112.759
131.624
128.211
125.1
122.132
119.361
116.746
114.236
111.81
109.464
107.194
104.993
102.855
100.808
98.8839
97.1048
95.4875
94.0627
92.8638
91.9227
91.2703
90.9313
90.9395
91.1835
91.6392
92.2945
93.1284
94.1147
95.2285
96.4471
97.7496
99.1165
100.53
101.974
103.435
104.902
106.364
107.809
109.234
110.631
111.993
113.315
131.796
128.764
125.996
123.372
120.935
118.646
116.46
114.359
112.337
110.391
108.514
106.701
104.972
103.353
101.858
100.498
99.297
98.2786
97.4662
96.8824
96.5456
96.4871
96.6178
96.9202
97.3868
98.0012
98.7428
99.5928
100.534
101.549
102.624
103.744
104.896
106.068
107.253
108.44
109.62
110.789
111.941
113.069
114.169
131.966
129.255
126.779
124.444
122.286
120.269
118.351
116.517
114.761
113.08
111.466
109.917
108.448
107.075
105.812
104.665
103.652
102.789
102.095
101.585
101.272
101.184
101.247
101.45
101.788
102.247
102.811
103.466
104.198
104.994
105.843
106.733
107.653
108.594
109.551
110.513
111.474
112.43
113.377
114.307
115.218
132.131
129.695
127.469
125.379
123.458
121.669
119.976
118.365
116.83
115.368
113.972
112.64
111.382
110.213
109.14
108.17
107.313
106.583
105.992
105.553
105.273
105.177
105.202
105.34
105.588
105.937
106.372
106.882
107.456
108.086
108.76
109.47
110.208
110.966
111.739
112.52
113.302
114.084
114.861
115.628
116.38
132.291
130.092
128.081
126.202
124.482
122.887
121.384
119.961
118.612
117.334
116.12
114.967
113.885
112.884
111.969
111.144
110.418
109.8
109.299
108.924
108.681
108.587
108.59
108.686
108.873
109.142
109.482
109.884
110.34
110.841
111.381
111.951
112.545
113.158
113.785
114.42
115.059
115.699
116.337
116.968
117.59
132.446
130.451
128.627
126.93
125.383
123.954
122.614
121.351
120.16
119.036
117.975
116.974
116.038
115.177
114.393
113.69
113.074
112.55
112.126
111.808
111.599
111.513
111.506
111.574
111.718
111.929
112.199
112.52
112.885
113.288
113.723
114.184
114.665
115.163
115.674
116.192
116.715
117.24
117.765
118.287
118.8
132.594
130.778
129.116
127.577
126.18
124.895
123.694
122.568
121.512
120.52
119.589
118.715
117.903
117.159
116.486
115.885
115.36
114.916
114.558
114.289
114.111
114.036
114.024
114.074
114.188
114.357
114.573
114.832
115.128
115.455
115.808
116.183
116.576
116.983
117.401
117.826
118.256
118.689
119.122
119.553
119.978
132.735
131.075
129.556
128.155
126.888
125.727
124.648
123.64
122.699
121.82
121
120.235
119.528
118.883
118.303
117.788
117.341
116.964
116.661
116.434
116.285
116.221
116.208
116.247
116.338
116.475
116.652
116.863
117.105
117.372
117.662
117.97
118.292
118.627
118.97
119.321
119.675
120.033
120.392
120.75
121.103
132.868
131.345
129.952
128.672
127.519
126.466
125.492
124.587
123.746
122.965
122.24
121.568
120.951
120.391
119.89
119.447
119.065
118.745
118.489
118.299
118.174
118.121
118.109
118.14
118.215
118.329
118.474
118.649
118.848
119.069
119.308
119.562
119.829
120.105
120.39
120.68
120.974
121.271
121.568
121.867
122.161
132.995
131.591
130.309
129.135
128.082
127.124
126.242
125.427
124.673
123.977
123.334
122.742
122.201
121.714
121.281
120.9
120.574
120.302
120.086
119.926
119.823
119.78
119.77
119.796
119.859
119.954
120.076
120.221
120.387
120.571
120.77
120.981
121.202
121.432
121.669
121.91
122.155
122.402
122.651
122.9
123.145
133.113
131.816
130.631
129.551
128.585
127.711
126.909
126.172
125.495
124.873
124.302
123.779
123.305
122.88
122.505
122.177
121.898
121.667
121.485
121.352
121.267
121.232
121.225
121.248
121.302
121.383
121.485
121.608
121.747
121.901
122.067
122.244
122.429
122.621
122.819
123.021
123.225
123.432
123.64
123.849
124.055
133.224
132.02
130.921
129.924
129.036
128.235
127.504
126.836
126.225
125.668
125.16
124.698
124.281
123.91
123.584
123.302
123.064
122.868
122.715
122.604
122.535
122.508
122.504
122.525
122.572
122.641
122.729
122.832
122.95
123.08
123.22
123.369
123.524
123.685
123.851
124.021
124.193
124.366
124.541
124.717
124.889
133.327
132.205
131.183
130.258
129.438
128.702
128.034
127.427
126.875
126.375
125.921
125.512
125.146
124.822
124.539
124.297
124.093
123.927
123.799
123.708
123.651
123.632
123.631
123.65
123.692
123.752
123.827
123.916
124.016
124.126
124.245
124.37
124.502
124.638
124.777
124.92
125.065
125.211
125.358
125.506
125.652
133.423
132.372
131.418
130.557
129.797
129.118
128.506
127.952
127.453
127.003
126.598
126.235
125.913
125.63
125.385
125.176
125.003
124.863
124.756
124.681
124.636
124.623
124.624
124.643
124.68
124.733
124.798
124.875
124.96
125.055
125.155
125.262
125.373
125.488
125.607
125.727
125.849
125.973
126.097
126.222
126.345
133.511
132.524
131.628
130.824
130.117
129.489
128.925
128.419
127.966
127.56
127.198
126.877
126.593
126.346
126.134
125.955
125.808
125.69
125.602
125.541
125.507
125.498
125.502
125.52
125.554
125.601
125.658
125.725
125.799
125.879
125.966
126.057
126.151
126.249
126.349
126.451
126.555
126.659
126.764
126.87
126.974
133.591
132.659
131.816
131.062
130.401
129.817
129.297
128.833
128.421
128.055
127.731
127.445
127.196
126.981
126.798
126.645
126.52
126.423
126.35
126.302
126.276
126.272
126.278
126.296
126.327
126.369
126.419
126.477
126.541
126.611
126.685
126.763
126.844
126.927
127.012
127.099
127.187
127.275
127.364
127.454
127.541
133.664
132.78
131.982
131.271
130.652
130.107
129.625
129.199
128.823
128.492
128.202
127.949
127.73
127.543
127.386
127.256
127.151
127.07
127.012
126.974
126.956
126.956
126.964
126.982
127.011
127.05
127.095
127.146
127.202
127.262
127.326
127.393
127.462
127.533
127.606
127.68
127.754
127.829
127.905
127.981
128.055
133.73
132.886
132.127
131.455
130.871
130.36
129.912
129.519
129.176
128.877
128.617
128.393
128.201
128.039
127.904
127.795
127.708
127.642
127.595
127.567
127.555
127.559
127.569
127.587
127.615
127.649
127.69
127.735
127.784
127.837
127.892
127.95
128.009
128.07
128.132
128.195
128.258
128.322
128.386
128.451
128.513
133.789
132.979
132.254
131.614
131.06
130.58
130.162
129.799
129.484
129.213
128.981
128.782
128.615
128.475
128.361
128.269
128.198
128.146
128.111
128.091
128.085
128.093
128.105
128.124
128.15
128.183
128.22
128.26
128.304
128.35
128.399
128.449
128.5
128.552
128.605
128.659
128.713
128.767
128.821
128.876
128.929
133.84
133.059
132.361
131.749
131.222
130.768
130.376
130.039
129.75
129.504
129.296
129.121
128.976
128.856
128.76
128.685
128.628
128.587
128.561
128.549
128.548
128.558
128.572
128.591
128.616
128.647
128.68
128.717
128.755
128.796
128.839
128.882
128.927
128.972
129.017
129.063
129.109
129.156
129.202
129.248
129.293
133.885
133.126
132.451
131.861
131.356
130.925
130.556
130.242
129.976
129.753
129.567
129.413
129.287
129.186
129.107
129.047
129.003
128.974
128.958
128.953
128.958
128.972
128.988
129.009
129.035
129.064
129.096
129.13
129.165
129.202
129.239
129.278
129.316
129.355
129.395
129.434
129.473
129.512
129.551
129.59
129.628
133.922
133.18
132.522
131.95
131.464
131.051
130.702
130.409
130.164
129.961
129.795
129.66
129.553
129.469
129.404
129.357
129.325
129.305
129.296
129.296
129.305
129.321
129.338
129.36
129.385
129.413
129.442
129.473
129.505
129.538
129.572
129.605
129.64
129.674
129.708
129.742
129.776
129.809
129.843
129.876
129.908
133.953
133.221
132.576
132.018
131.545
131.148
130.816
130.54
130.314
130.13
129.982
129.865
129.774
129.706
129.656
129.623
129.603
129.595
129.596
129.604
129.62
129.64
129.662
129.686
129.713
129.742
129.771
129.801
129.832
129.862
129.893
129.924
129.954
129.984
130.014
130.043
130.072
130.1
130.128
130.156
130.182
133.977
133.251
132.614
132.066
131.604
131.219
130.9
130.639
130.428
130.26
130.129
130.028
129.953
129.899
129.862
129.839
129.827
129.825
129.831
129.844
129.861
129.883
129.906
129.931
129.957
129.985
130.013
130.041
130.07
130.098
130.126
130.154
130.181
130.208
130.234
130.26
130.286
130.31
130.335
130.359
130.382
133.994
133.269
132.635
132.093
131.639
131.263
130.955
130.706
130.509
130.355
130.238
130.152
130.092
130.053
130.031
130.024
130.028
130.04
130.059
130.082
130.109
130.138
130.167
130.197
130.227
130.257
130.287
130.316
130.344
130.372
130.399
130.425
130.45
130.474
130.497
130.52
130.542
130.563
130.583
130.603
130.621
134.002
133.266
132.627
132.084
131.632
131.263
130.965
130.729
130.546
130.407
130.304
130.231
130.183
130.154
130.141
130.139
130.147
130.162
130.184
130.21
130.239
130.269
130.299
130.33
130.36
130.39
130.419
130.448
130.475
130.502
130.527
130.552
130.575
130.597
130.619
130.639
130.659
130.678
130.696
130.713
130.73
133.999
133.245
132.594
132.043
131.589
131.222
130.93
130.704
130.533
130.408
130.322
130.269
130.242
130.236
130.247
130.271
130.304
130.342
130.384
130.426
130.467
130.508
130.547
130.584
130.62
130.655
130.687
130.718
130.747
130.775
130.8
130.825
130.847
130.868
130.888
130.907
130.925
130.941
130.957
130.971
130.986
125.735
133.17
139.071
142.363
144.219
145.367
145.927
146.065
145.939
145.641
145.238
144.775
144.282
143.782
143.287
142.806
142.344
141.906
141.491
141.101
140.736
140.394
140.074
139.776
139.498
139.24
138.999
138.775
138.566
138.372
138.191
138.021
137.863
137.715
137.577
137.446
137.323
137.208
137.099
136.997
136.9
136.809
136.723
136.643
136.567
136.495
136.427
136.363
136.303
136.245
136.191
136.139
136.089
136.042
135.997
135.953
135.912
135.872
135.833
135.795
135.759
135.723
135.688
135.655
135.622
135.59
135.559
135.529
135.499
135.473
135.445
135.428
135.393
135.405
124.725
132.721
138.887
142.413
144.366
145.518
146.053
146.161
146.006
145.684
145.26
144.78
144.275
143.764
143.261
142.774
142.309
141.868
141.451
141.06
140.694
140.352
140.033
139.736
139.459
139.201
138.962
138.739
138.531
138.338
138.158
137.99
137.834
137.687
137.549
137.42
137.298
137.184
137.076
136.974
136.879
136.789
136.704
136.624
136.549
136.478
136.411
136.348
136.288
136.231
136.177
136.125
136.077
136.03
135.985
135.942
135.901
135.861
135.823
135.785
135.749
135.714
135.68
135.646
135.614
135.582
135.551
135.522
135.492
135.467
135.438
135.421
135.387
135.399
123.974
131.531
138.349
142.327
144.462
145.662
146.191
146.273
146.086
145.733
145.285
144.786
144.264
143.742
143.23
142.737
142.267
141.823
141.404
141.012
140.646
140.304
139.985
139.689
139.413
139.157
138.919
138.697
138.491
138.3
138.121
137.955
137.8
137.655
137.518
137.39
137.27
137.157
137.05
136.95
136.855
136.766
136.682
136.603
136.529
136.459
136.393
136.33
136.271
136.215
136.162
136.111
136.063
136.016
135.972
135.93
135.889
135.85
135.812
135.775
135.739
135.704
135.671
135.638
135.605
135.574
135.543
135.514
135.485
135.46
135.431
135.415
135.381
135.393
123.576
130.508
137.648
142.058
144.456
145.751
146.302
146.379
146.169
145.787
145.312
144.79
144.25
143.714
143.192
142.692
142.217
141.769
141.349
140.955
140.589
140.248
139.93
139.635
139.36
139.106
138.869
138.65
138.446
138.256
138.08
137.915
137.762
137.618
137.484
137.357
137.239
137.127
137.022
136.922
136.829
136.741
136.659
136.581
136.507
136.438
136.373
136.311
136.253
136.198
136.145
136.095
136.048
136.002
135.958
135.917
135.876
135.838
135.8
135.764
135.729
135.694
135.661
135.628
135.596
135.565
135.535
135.506
135.477
135.452
135.424
135.408
135.374
135.386
123.693
130.12
137.072
141.655
144.313
145.753
146.355
146.44
146.222
145.826
145.331
144.788
144.229
143.678
143.145
142.636
142.156
141.704
141.282
140.888
140.522
140.181
139.865
139.571
139.299
139.046
138.812
138.595
138.393
138.206
138.032
137.87
137.719
137.577
137.445
137.32
137.203
137.093
136.989
136.892
136.8
136.714
136.632
136.556
136.484
136.416
136.351
136.291
136.233
136.179
136.127
136.078
136.031
135.986
135.943
135.902
135.863
135.824
135.788
135.752
135.717
135.683
135.65
135.618
135.587
135.556
135.526
135.497
135.469
135.444
135.417
135.4
135.367
135.379
124.069
130.226
136.787
141.307
144.08
145.642
146.325
146.441
146.222
145.815
145.312
144.759
144.19
143.627
143.084
142.567
142.08
141.626
141.202
140.807
140.442
140.102
139.788
139.497
139.227
138.977
138.746
138.531
138.333
138.148
137.977
137.818
137.669
137.53
137.4
137.278
137.163
137.055
136.953
136.858
136.767
136.683
136.603
136.528
136.457
136.39
136.327
136.268
136.212
136.158
136.108
136.059
136.013
135.969
135.927
135.887
135.848
135.81
135.774
135.739
135.705
135.671
135.639
135.607
135.576
135.546
135.516
135.488
135.46
135.436
135.408
135.392
135.36
135.372
124.567
130.59
136.74
141.136
143.872
145.454
146.196
146.363
146.161
145.749
145.235
144.676
144.104
143.541
142.995
142.475
141.986
141.529
141.104
140.71
140.345
140.008
139.697
139.408
139.142
138.896
138.668
138.457
138.262
138.081
137.913
137.757
137.612
137.476
137.349
137.23
137.118
137.012
136.912
136.819
136.731
136.648
136.57
136.496
136.427
136.362
136.301
136.243
136.188
136.135
136.086
136.039
135.994
135.951
135.909
135.87
135.832
135.795
135.759
135.725
135.691
135.659
135.627
135.595
135.565
135.535
135.506
135.478
135.451
135.426
135.4
135.384
135.352
135.364
125.246
131.016
136.745
141.052
143.733
145.263
146.005
146.201
146.027
145.627
145.109
144.539
143.959
143.394
142.854
142.34
141.857
141.404
140.982
140.59
140.229
139.895
139.587
139.303
139.041
138.8
138.576
138.37
138.18
138.003
137.84
137.688
137.546
137.414
137.291
137.175
137.065
136.963
136.866
136.775
136.689
136.608
136.533
136.461
136.394
136.331
136.271
136.214
136.161
136.11
136.062
136.016
135.972
135.93
135.89
135.851
135.814
135.778
135.743
135.71
135.677
135.645
135.613
135.583
135.553
135.524
135.495
135.468
135.441
135.417
135.391
135.375
135.343
135.356
126.218
131.448
136.606
140.849
143.545
145.061
145.79
145.986
145.824
145.437
144.929
144.358
143.77
143.197
142.653
142.143
141.669
141.23
140.82
140.438
140.084
139.757
139.455
139.177
138.921
138.685
138.468
138.268
138.083
137.912
137.754
137.607
137.47
137.342
137.223
137.111
137.006
136.906
136.813
136.725
136.642
136.564
136.491
136.422
136.357
136.296
136.238
136.183
136.131
136.082
136.035
135.991
135.948
135.908
135.869
135.831
135.795
135.76
135.726
135.693
135.661
135.63
135.599
135.569
135.54
135.512
135.484
135.457
135.43
135.407
135.381
135.365
135.334
135.347
127.37
131.814
136.241
140.355
143.104
144.67
145.461
145.708
145.572
145.193
144.687
144.122
143.538
142.964
142.416
141.901
141.427
140.993
140.596
140.231
139.894
139.582
139.292
139.024
138.776
138.549
138.339
138.146
137.968
137.804
137.652
137.512
137.381
137.259
137.145
137.037
136.936
136.841
136.752
136.667
136.588
136.513
136.443
136.377
136.315
136.256
136.2
136.148
136.098
136.051
136.006
135.963
135.922
135.883
135.845
135.809
135.774
135.74
135.707
135.675
135.644
135.614
135.584
135.555
135.526
135.498
135.471
135.445
135.419
135.396
135.37
135.355
135.325
135.337
128.184
131.857
135.499
139.361
142.197
143.881
144.798
145.181
145.161
144.862
144.396
143.847
143.267
142.692
142.143
141.628
141.153
140.719
140.324
139.967
139.644
139.349
139.079
138.829
138.597
138.382
138.184
138
137.832
137.677
137.533
137.4
137.277
137.161
137.053
136.952
136.856
136.766
136.681
136.601
136.526
136.455
136.388
136.326
136.267
136.211
136.158
136.108
136.061
136.016
135.973
135.932
135.893
135.855
135.819
135.784
135.75
135.718
135.686
135.655
135.625
135.596
135.567
135.539
135.511
135.484
135.457
135.432
135.406
135.384
135.359
135.344
135.315
135.327
128.097
131.228
134.222
137.671
140.503
142.358
143.493
144.118
144.327
144.222
143.907
143.464
142.949
142.405
141.862
141.343
140.862
140.422
140.024
139.668
139.35
139.065
138.808
138.577
138.366
138.171
137.991
137.823
137.668
137.524
137.391
137.268
137.153
137.047
136.946
136.852
136.763
136.679
136.6
136.525
136.455
136.388
136.326
136.267
136.212
136.159
136.11
136.063
136.018
135.976
135.936
135.897
135.86
135.824
135.79
135.757
135.725
135.694
135.663
135.634
135.605
135.577
135.549
135.522
135.495
135.469
135.443
135.418
135.393
135.371
135.347
135.333
135.304
135.317
127.067
129.836
132.401
135.349
137.982
139.919
141.274
142.191
142.728
142.938
142.899
142.684
142.352
141.947
141.502
141.042
140.587
140.15
139.743
139.373
139.044
138.753
138.498
138.276
138.079
137.904
137.745
137.599
137.465
137.338
137.221
137.11
137.007
136.911
136.82
136.735
136.654
136.577
136.505
136.436
136.372
136.311
136.254
136.2
136.149
136.101
136.055
136.012
135.97
135.931
135.894
135.858
135.823
135.79
135.757
135.726
135.696
135.667
135.638
135.61
135.583
135.556
135.529
135.503
135.477
135.452
135.427
135.403
135.379
135.358
135.334
135.321
135.292
135.305
125.301
127.776
130.074
132.596
134.957
136.876
138.365
139.504
140.323
140.85
141.135
141.229
141.177
141.013
140.77
140.473
140.144
139.801
139.455
139.115
138.79
138.487
138.214
137.974
137.768
137.593
137.445
137.318
137.206
137.103
137.008
136.918
136.832
136.749
136.671
136.596
136.525
136.458
136.394
136.333
136.276
136.221
136.17
136.122
136.076
136.033
135.992
135.953
135.916
135.88
135.846
135.813
135.781
135.751
135.721
135.692
135.664
135.637
135.61
135.584
135.558
135.533
135.508
135.483
135.458
135.434
135.41
135.387
135.364
135.343
135.321
135.308
135.28
135.294
123.044
125.273
127.385
129.605
131.721
133.562
135.108
136.387
137.411
138.189
138.75
139.127
139.353
139.458
139.466
139.399
139.273
139.102
138.9
138.678
138.444
138.206
137.97
137.741
137.525
137.329
137.159
137.018
136.903
136.811
136.736
136.671
136.61
136.551
136.492
136.433
136.374
136.317
136.263
136.211
136.162
136.116
136.073
136.032
135.993
135.955
135.92
135.886
135.853
135.822
135.792
135.763
135.734
135.707
135.68
135.654
135.629
135.604
135.579
135.555
135.531
135.507
135.484
135.46
135.437
135.414
135.392
135.37
135.347
135.328
135.306
135.293
135.267
135.281
120.554
122.579
124.528
126.522
128.438
130.179
131.726
133.083
134.244
135.211
135.993
136.608
137.077
137.42
137.66
137.813
137.898
137.927
137.91
137.856
137.772
137.662
137.535
137.396
137.249
137.099
136.949
136.804
136.669
136.552
136.457
136.384
136.329
136.288
136.253
136.221
136.186
136.149
136.111
136.071
136.032
135.995
135.96
135.927
135.895
135.865
135.836
135.808
135.781
135.755
135.73
135.705
135.681
135.657
135.634
135.611
135.589
135.566
135.544
135.523
135.501
135.479
135.457
135.436
135.414
135.393
135.371
135.351
135.33
135.311
135.29
135.278
135.253
135.268
118.103
119.937
121.723
123.523
125.265
126.896
128.403
129.779
131.015
132.105
133.05
133.854
134.527
135.08
135.527
135.882
136.157
136.366
136.52
136.629
136.7
136.739
136.752
136.74
136.708
136.659
136.597
136.525
136.447
136.363
136.277
136.192
136.114
136.049
135.999
135.964
135.939
135.922
135.906
135.89
135.871
135.85
135.827
135.805
135.782
135.761
135.739
135.719
135.698
135.678
135.659
135.639
135.62
135.6
135.581
135.562
135.543
135.524
135.505
135.486
135.467
135.448
135.428
135.409
135.389
135.369
135.35
135.33
135.31
135.293
135.273
135.262
135.238
135.254
116.115
117.755
119.369
120.982
122.556
124.063
125.491
126.833
128.079
129.221
130.254
131.178
131.993
132.705
133.319
133.843
134.286
134.656
134.964
135.217
135.423
135.591
135.725
135.831
135.912
135.97
136.006
136.023
136.023
136.009
135.983
135.95
135.91
135.867
135.821
135.777
135.739
135.711
135.693
135.683
135.678
135.675
135.67
135.663
135.654
135.643
135.631
135.618
135.606
135.593
135.579
135.566
135.552
135.538
135.523
135.508
135.493
135.478
135.463
135.447
135.43
135.414
135.397
135.379
135.362
135.344
135.326
135.308
135.29
135.273
135.255
135.245
135.223
135.239
114.805
116.246
117.677
119.106
120.512
121.88
123.202
124.47
125.675
126.808
127.865
128.84
129.732
130.539
131.265
131.911
132.481
132.982
133.417
133.795
134.12
134.398
134.636
134.838
135.01
135.153
135.272
135.37
135.446
135.504
135.546
135.572
135.587
135.592
135.589
135.581
135.567
135.55
135.532
135.516
135.506
135.502
135.503
135.507
135.511
135.514
135.513
135.511
135.506
135.501
135.494
135.487
135.479
135.47
135.461
135.451
135.44
135.429
135.417
135.404
135.391
135.377
135.363
135.348
135.333
135.317
135.301
135.284
135.268
135.253
135.236
135.227
135.206
135.224
114.145
115.386
116.631
117.876
119.112
120.333
121.529
122.694
123.821
124.902
125.932
126.905
127.818
128.667
129.45
130.168
130.822
131.413
131.944
132.418
132.839
133.212
133.541
133.829
134.081
134.301
134.492
134.657
134.799
134.921
135.024
135.11
135.181
135.237
135.28
135.312
135.336
135.352
135.361
135.365
135.364
135.361
135.358
135.359
135.365
135.374
135.384
135.393
135.399
135.403
135.404
135.404
135.402
135.399
135.395
135.389
135.383
135.376
135.368
135.359
135.349
135.338
135.327
135.315
135.302
135.288
135.274
135.259
135.244
135.231
135.215
135.208
135.188
135.208
114.044
115.092
116.153
117.219
118.288
119.355
120.413
121.458
122.484
123.483
124.452
125.384
126.274
127.12
127.918
128.665
129.361
130.005
130.597
131.138
131.63
132.076
132.478
132.838
133.161
133.448
133.703
133.929
134.128
134.304
134.458
134.594
134.713
134.817
134.907
134.983
135.047
135.099
135.14
135.173
135.198
135.216
135.228
135.236
135.241
135.247
135.256
135.268
135.282
135.295
135.306
135.314
135.319
135.323
135.324
135.324
135.323
135.32
135.316
135.311
135.304
135.297
135.289
135.279
135.269
135.257
135.245
135.233
135.22
135.208
135.193
135.187
135.169
135.192
114.386
115.256
116.142
117.04
117.949
118.864
119.783
120.699
121.61
122.51
123.394
124.258
125.097
125.907
126.684
127.426
128.129
128.792
129.413
129.992
130.529
131.024
131.479
131.895
132.274
132.617
132.927
133.207
133.457
133.682
133.882
134.061
134.221
134.364
134.492
134.606
134.707
134.795
134.872
134.937
134.99
135.035
135.07
135.098
135.12
135.136
135.148
135.158
135.17
135.184
135.2
135.216
135.23
135.241
135.249
135.255
135.259
135.261
135.261
135.26
135.257
135.253
135.248
135.241
135.234
135.225
135.215
135.205
135.193
135.183
135.17
135.166
135.148
135.175
115.056
115.768
116.497
117.241
118.001
118.774
119.556
120.345
121.137
121.929
122.716
123.496
124.263
125.014
125.746
126.455
127.138
127.792
128.415
129.006
129.562
130.084
130.572
131.025
131.443
131.829
132.183
132.506
132.801
133.068
133.311
133.53
133.727
133.905
134.066
134.21
134.341
134.459
134.565
134.66
134.743
134.816
134.877
134.929
134.972
135.006
135.034
135.056
135.074
135.088
135.102
135.118
135.134
135.152
135.168
135.181
135.191
135.198
135.203
135.206
135.207
135.207
135.205
135.202
135.197
135.191
135.183
135.175
135.165
135.157
135.146
135.143
135.126
135.157
115.95
116.525
117.117
117.727
118.354
118.997
119.653
120.321
120.997
121.68
122.367
123.054
123.739
124.418
125.088
125.745
126.387
127.011
127.614
128.194
128.748
129.276
129.776
130.248
130.69
131.103
131.488
131.844
132.173
132.475
132.752
133.006
133.237
133.448
133.639
133.813
133.971
134.114
134.244
134.362
134.469
134.565
134.652
134.728
134.793
134.85
134.897
134.936
134.968
134.994
135.015
135.032
135.048
135.064
135.082
135.1
135.116
135.13
135.141
135.149
135.155
135.158
135.16
135.159
135.158
135.154
135.149
135.143
135.136
135.129
135.12
135.119
135.103
135.14
116.983
117.443
117.918
118.412
118.925
119.453
119.996
120.553
121.122
121.702
122.291
122.885
123.484
124.084
124.682
125.277
125.865
126.443
127.009
127.561
128.096
128.612
129.107
129.58
130.03
130.456
130.857
131.234
131.586
131.914
132.219
132.5
132.76
132.999
133.218
133.418
133.601
133.769
133.921
134.06
134.186
134.302
134.407
134.502
134.589
134.665
134.733
134.791
134.841
134.882
134.917
134.946
134.969
134.988
135.005
135.022
135.039
135.057
135.073
135.087
135.098
135.106
135.112
135.115
135.116
135.116
135.113
135.11
135.105
135.1
135.092
135.093
135.078
135.122
118.086
118.451
118.829
119.227
119.642
120.072
120.517
120.976
121.449
121.935
122.431
122.938
123.452
123.972
124.497
125.023
125.55
126.073
126.592
127.103
127.604
128.094
128.57
129.031
129.475
129.9
130.305
130.691
131.055
131.399
131.721
132.022
132.303
132.565
132.806
133.03
133.236
133.425
133.599
133.758
133.904
134.037
134.158
134.269
134.371
134.464
134.548
134.624
134.691
134.75
134.8
134.843
134.878
134.908
134.932
134.952
134.97
134.987
135.004
135.021
135.037
135.05
135.061
135.068
135.073
135.075
135.076
135.075
135.072
135.069
135.062
135.066
135.05
135.105
119.208
119.497
119.796
120.114
120.448
120.796
121.157
121.533
121.922
122.324
122.738
123.163
123.599
124.043
124.496
124.953
125.416
125.88
126.345
126.808
127.267
127.721
128.167
128.604
129.029
129.442
129.84
130.223
130.589
130.938
131.27
131.583
131.878
132.155
132.414
132.655
132.88
133.088
133.28
133.458
133.622
133.772
133.91
134.036
134.152
134.257
134.354
134.443
134.524
134.598
134.663
134.721
134.771
134.814
134.85
134.879
134.904
134.924
134.941
134.958
134.974
134.99
135.005
135.017
135.026
135.032
135.036
135.037
135.037
135.036
135.031
135.037
135.02
135.089
120.315
120.542
120.778
121.032
121.299
121.578
121.87
122.175
122.492
122.822
123.164
123.518
123.882
124.257
124.641
125.034
125.433
125.838
126.247
126.659
127.072
127.483
127.892
128.297
128.695
129.086
129.467
129.838
130.197
130.542
130.873
131.19
131.491
131.777
132.047
132.301
132.539
132.762
132.97
133.163
133.342
133.508
133.662
133.803
133.932
134.051
134.16
134.26
134.352
134.436
134.513
134.584
134.647
134.703
134.752
134.793
134.828
134.857
134.881
134.901
134.917
134.933
134.948
134.963
134.976
134.986
134.994
134.998
135
135.002
134.998
135.006
134.985
135.075
121.381
121.56
121.745
121.947
122.16
122.384
122.619
122.864
123.122
123.391
123.671
123.963
124.265
124.578
124.901
125.233
125.573
125.921
126.276
126.636
127
127.367
127.735
128.102
128.468
128.83
129.187
129.538
129.881
130.215
130.538
130.851
131.151
131.439
131.713
131.974
132.221
132.454
132.673
132.878
133.07
133.249
133.416
133.57
133.713
133.844
133.966
134.077
134.18
134.274
134.36
134.439
134.512
134.579
134.639
134.692
134.739
134.779
134.812
134.84
134.862
134.881
134.896
134.91
134.924
134.937
134.947
134.956
134.961
134.965
134.963
134.974
134.946
135.065
122.392
122.532
122.678
122.838
123.008
123.187
123.375
123.573
123.781
123.999
124.227
124.466
124.714
124.973
125.242
125.52
125.808
126.103
126.407
126.717
127.034
127.355
127.681
128.009
128.338
128.668
128.996
129.321
129.642
129.958
130.268
130.569
130.862
131.146
131.418
131.68
131.93
132.168
132.394
132.608
132.809
132.998
133.175
133.341
133.495
133.638
133.771
133.894
134.007
134.111
134.207
134.295
134.375
134.45
134.518
134.581
134.637
134.688
134.731
134.769
134.8
134.826
134.846
134.863
134.877
134.889
134.9
134.911
134.919
134.926
134.925
134.941
134.901
135.063
123.338
123.448
123.562
123.689
123.825
123.968
124.119
124.277
124.445
124.621
124.806
125.001
125.205
125.418
125.64
125.871
126.111
126.36
126.617
126.882
127.153
127.432
127.715
128.004
128.296
128.591
128.887
129.183
129.479
129.772
130.062
130.348
130.628
130.901
131.167
131.424
131.673
131.911
132.139
132.357
132.564
132.76
132.945
133.119
133.282
133.435
133.577
133.71
133.833
133.947
134.052
134.149
134.238
134.32
134.396
134.465
134.529
134.587
134.639
134.686
134.727
134.761
134.79
134.813
134.831
134.845
134.856
134.866
134.874
134.884
134.884
134.905
134.848
135.073
124.216
124.303
124.392
124.493
124.602
124.716
124.836
124.963
125.098
125.24
125.39
125.548
125.714
125.889
126.071
126.262
126.462
126.67
126.885
127.109
127.34
127.578
127.822
128.073
128.328
128.588
128.852
129.118
129.385
129.653
129.92
130.186
130.448
130.707
130.962
131.21
131.452
131.686
131.912
132.13
132.339
132.538
132.727
132.907
133.077
133.237
133.388
133.529
133.66
133.783
133.897
134.003
134.1
134.19
134.273
134.349
134.419
134.483
134.542
134.596
134.644
134.687
134.724
134.755
134.78
134.799
134.814
134.825
134.833
134.842
134.842
134.866
134.794
135.091
125.025
125.093
125.163
125.244
125.331
125.422
125.518
125.62
125.729
125.843
125.965
126.093
126.228
126.37
126.519
126.677
126.841
127.013
127.193
127.381
127.575
127.777
127.986
128.201
128.422
128.649
128.88
129.115
129.354
129.595
129.837
130.08
130.323
130.564
130.803
131.038
131.269
131.496
131.716
131.93
132.137
132.336
132.527
132.709
132.883
133.049
133.205
133.352
133.491
133.621
133.743
133.856
133.962
134.059
134.15
134.233
134.309
134.38
134.444
134.503
134.557
134.606
134.65
134.688
134.721
134.747
134.768
134.783
134.794
134.803
134.802
134.827
134.749
135.091
125.766
125.819
125.875
125.939
126.009
126.082
126.159
126.241
126.328
126.421
126.519
126.623
126.732
126.848
126.97
127.099
127.235
127.377
127.526
127.682
127.845
128.015
128.192
128.375
128.565
128.76
128.961
129.166
129.376
129.59
129.807
130.026
130.247
130.468
130.689
130.909
131.127
131.342
131.553
131.76
131.961
132.157
132.346
132.529
132.704
132.872
133.031
133.183
133.327
133.463
133.591
133.711
133.823
133.928
134.025
134.115
134.199
134.275
134.346
134.41
134.469
134.523
134.571
134.615
134.654
134.687
134.715
134.736
134.751
134.763
134.764
134.788
134.731
135.027
126.441
126.484
126.527
126.579
126.635
126.694
126.756
126.822
126.892
126.967
127.046
127.13
127.219
127.314
127.413
127.519
127.63
127.747
127.871
128
128.136
128.279
128.427
128.582
128.743
128.91
129.083
129.261
129.444
129.632
129.824
130.019
130.217
130.417
130.619
130.821
131.023
131.224
131.423
131.62
131.813
132.003
132.188
132.367
132.541
132.709
132.87
133.024
133.171
133.311
133.443
133.569
133.686
133.797
133.901
133.997
134.087
134.17
134.247
134.317
134.381
134.439
134.492
134.54
134.583
134.621
134.654
134.682
134.702
134.719
134.726
134.745
134.737
134.868
127.055
127.089
127.124
127.165
127.211
127.258
127.308
127.361
127.418
127.479
127.543
127.611
127.684
127.761
127.842
127.928
128.019
128.116
128.218
128.325
128.438
128.557
128.681
128.811
128.947
129.089
129.237
129.39
129.548
129.711
129.879
130.051
130.227
130.406
130.587
130.771
130.956
131.141
131.327
131.511
131.694
131.875
132.053
132.227
132.397
132.562
132.722
132.877
133.025
133.167
133.303
133.432
133.554
133.669
133.778
133.88
133.975
134.064
134.147
134.223
134.292
134.356
134.414
134.466
134.512
134.554
134.59
134.622
134.647
134.668
134.683
134.693
134.74
134.639
127.611
127.637
127.665
127.698
127.735
127.774
127.814
127.858
127.904
127.953
128.005
128.061
128.12
128.183
128.249
128.32
128.395
128.474
128.558
128.647
128.74
128.839
128.943
129.052
129.167
129.287
129.412
129.543
129.678
129.819
129.965
130.115
130.27
130.428
130.59
130.755
130.922
131.092
131.262
131.433
131.604
131.774
131.942
132.109
132.273
132.434
132.59
132.743
132.891
133.033
133.17
133.301
133.427
133.546
133.658
133.765
133.865
133.959
134.046
134.128
134.203
134.272
134.334
134.391
134.442
134.487
134.526
134.56
134.589
134.611
134.632
134.633
134.705
134.427
128.113
128.135
128.157
128.184
128.214
128.246
128.279
128.314
128.352
128.392
128.434
128.48
128.528
128.58
128.634
128.692
128.754
128.819
128.888
128.962
129.039
129.121
129.208
129.299
129.395
129.496
129.602
129.713
129.829
129.95
130.076
130.206
130.341
130.48
130.623
130.77
130.919
131.072
131.227
131.383
131.541
131.699
131.857
132.014
132.171
132.325
132.476
132.625
132.77
132.911
133.048
133.18
133.306
133.428
133.543
133.653
133.757
133.855
133.947
134.033
134.113
134.187
134.254
134.316
134.371
134.42
134.462
134.499
134.529
134.552
134.575
134.567
134.627
134.308
128.563
128.58
128.598
128.621
128.646
128.671
128.698
128.727
128.758
128.791
128.826
128.864
128.903
128.946
128.991
129.038
129.089
129.143
129.201
129.262
129.326
129.394
129.467
129.543
129.624
129.709
129.798
129.892
129.991
130.094
130.202
130.315
130.432
130.553
130.679
130.808
130.941
131.078
131.217
131.359
131.503
131.648
131.795
131.942
132.089
132.235
132.38
132.523
132.664
132.802
132.937
133.068
133.195
133.317
133.434
133.547
133.654
133.755
133.851
133.941
134.025
134.102
134.174
134.24
134.299
134.352
134.398
134.437
134.47
134.494
134.514
134.504
134.529
134.29
128.971
128.985
128.999
129.018
129.039
129.06
129.082
129.106
129.132
129.159
129.188
129.219
129.252
129.287
129.324
129.364
129.406
129.451
129.498
129.549
129.602
129.659
129.72
129.784
129.852
129.923
129.999
130.078
130.162
130.25
130.343
130.439
130.54
130.645
130.755
130.868
130.986
131.107
131.231
131.359
131.489
131.621
131.756
131.892
132.029
132.166
132.303
132.44
132.575
132.708
132.84
132.968
133.094
133.216
133.333
133.447
133.555
133.659
133.758
133.851
133.938
134.02
134.095
134.165
134.228
134.284
134.334
134.376
134.411
134.436
134.455
134.447
134.443
134.319
129.329
129.34
129.352
129.368
129.385
129.403
129.422
129.442
129.463
129.486
129.51
129.536
129.564
129.593
129.624
129.657
129.692
129.73
129.77
129.812
129.857
129.905
129.956
130.01
130.067
130.127
130.191
130.259
130.33
130.406
130.485
130.568
130.655
130.746
130.842
130.941
131.044
131.151
131.262
131.376
131.493
131.613
131.736
131.86
131.987
132.114
132.243
132.372
132.501
132.629
132.755
132.88
133.003
133.123
133.241
133.354
133.463
133.569
133.669
133.765
133.855
133.939
134.018
134.091
134.157
134.217
134.27
134.315
134.352
134.38
134.397
134.396
134.38
134.338
129.659
129.668
129.678
129.691
129.706
129.721
129.737
129.754
129.772
129.791
129.811
129.833
129.856
129.881
129.907
129.935
129.964
129.996
130.029
130.065
130.103
130.143
130.186
130.231
130.28
130.331
130.385
130.443
130.503
130.568
130.635
130.707
130.782
130.861
130.943
131.03
131.12
131.214
131.312
131.413
131.518
131.626
131.737
131.85
131.966
132.084
132.203
132.323
132.445
132.566
132.687
132.807
132.926
133.044
133.159
133.271
133.38
133.486
133.587
133.684
133.776
133.863
133.945
134.02
134.089
134.152
134.207
134.255
134.294
134.324
134.343
134.348
134.334
134.329
129.934
129.941
129.95
129.962
129.975
129.988
130.001
130.016
130.031
130.048
130.065
130.084
130.104
130.125
130.148
130.171
130.197
130.224
130.253
130.283
130.316
130.35
130.387
130.426
130.467
130.511
130.558
130.608
130.66
130.715
130.774
130.836
130.901
130.97
131.042
131.118
131.197
131.28
131.367
131.457
131.55
131.647
131.747
131.85
131.956
132.065
132.175
132.287
132.401
132.515
132.63
132.746
132.86
132.974
133.086
133.197
133.305
133.41
133.512
133.609
133.703
133.791
133.875
133.952
134.024
134.089
134.147
134.197
134.239
134.271
134.292
134.302
134.294
134.301
130.204
130.21
130.218
130.228
130.239
130.25
130.262
130.275
130.288
130.302
130.317
130.334
130.351
130.369
130.388
130.409
130.43
130.453
130.478
130.504
130.532
130.562
130.593
130.627
130.662
130.7
130.74
130.782
130.827
130.875
130.926
130.979
131.035
131.095
131.158
131.224
131.293
131.366
131.442
131.522
131.605
131.692
131.781
131.874
131.97
132.069
132.17
132.273
132.379
132.486
132.594
132.703
132.812
132.921
133.03
133.137
133.243
133.346
133.447
133.544
133.638
133.727
133.811
133.89
133.964
134.03
134.09
134.142
134.186
134.22
134.244
134.258
134.255
134.267
130.4
130.405
130.412
130.422
130.432
130.442
130.453
130.464
130.476
130.489
130.503
130.517
130.532
130.549
130.566
130.584
130.604
130.624
130.646
130.67
130.694
130.721
130.749
130.778
130.81
130.843
130.878
130.916
130.956
130.998
131.043
131.09
131.14
131.193
131.249
131.308
131.37
131.435
131.503
131.575
131.65
131.728
131.809
131.894
131.981
132.072
132.166
132.262
132.36
132.46
132.562
132.666
132.77
132.875
132.98
133.084
133.187
133.289
133.388
133.485
133.578
133.668
133.753
133.833
133.908
133.976
134.038
134.092
134.137
134.174
134.2
134.217
134.217
134.235
130.636
130.641
130.647
130.655
130.664
130.673
130.683
130.693
130.704
130.715
130.727
130.74
130.754
130.768
130.783
130.8
130.817
130.835
130.854
130.874
130.896
130.919
130.944
130.969
130.997
131.026
131.057
131.09
131.124
131.161
131.2
131.241
131.285
131.331
131.38
131.432
131.486
131.543
131.604
131.667
131.733
131.803
131.876
131.951
132.03
132.112
132.197
132.285
132.375
132.467
132.562
132.658
132.756
132.855
132.954
133.054
133.153
133.251
133.347
133.442
133.533
133.622
133.706
133.786
133.86
133.929
133.991
134.045
134.092
134.13
134.158
134.177
134.18
134.202
130.742
130.745
130.751
130.76
130.769
130.777
130.787
130.796
130.807
130.818
130.829
130.842
130.855
130.868
130.883
130.898
130.914
130.931
130.95
130.969
130.989
131.011
131.034
131.058
131.083
131.111
131.139
131.17
131.202
131.236
131.272
131.31
131.351
131.393
131.439
131.486
131.536
131.589
131.645
131.704
131.766
131.83
131.898
131.969
132.043
132.119
132.199
132.282
132.367
132.455
132.545
132.638
132.732
132.827
132.924
133.02
133.117
133.214
133.309
133.402
133.493
133.582
133.666
133.746
133.821
133.891
133.954
134.01
134.057
134.097
134.126
134.148
134.152
134.178
130.996
131
131.006
131.014
131.022
131.03
131.038
131.047
131.057
131.067
131.077
131.088
131.1
131.112
131.125
131.139
131.153
131.169
131.185
131.202
131.22
131.239
131.259
131.28
131.303
131.327
131.352
131.378
131.406
131.436
131.468
131.501
131.536
131.574
131.613
131.654
131.698
131.745
131.793
131.845
131.899
131.956
132.016
132.078
132.144
132.212
132.283
132.357
132.434
132.513
132.595
132.679
132.765
132.852
132.941
133.031
133.121
133.211
133.3
133.388
133.474
133.558
133.639
133.716
133.788
133.855
133.915
133.969
134.016
134.054
134.083
134.105
134.109
134.136
134.83
135.611
136.311
136.921
137.445
137.891
138.267
138.582
138.844
139.061
139.24
139.386
139.506
139.603
139.682
139.744
139.794
139.834
139.864
139.887
139.905
139.917
139.926
139.931
139.935
139.936
139.936
139.934
139.932
139.929
139.925
139.921
139.917
139.913
139.909
139.904
139.9
139.896
139.892
139.888
139.884
134.821
135.582
136.266
136.864
137.381
137.823
138.2
138.518
138.785
139.009
139.196
139.351
139.479
139.585
139.672
139.742
139.8
139.846
139.884
139.913
139.936
139.953
139.966
139.976
139.982
139.986
139.988
139.988
139.988
139.986
139.983
139.98
139.976
139.972
139.967
139.962
139.958
139.953
139.948
139.943
139.938
134.811
135.559
136.236
136.827
137.342
137.785
138.166
138.49
138.765
138.998
139.195
139.36
139.498
139.613
139.708
139.787
139.852
139.904
139.947
139.981
140.008
140.028
140.044
140.056
140.064
140.069
140.072
140.073
140.073
140.071
140.068
140.064
140.06
140.055
140.05
140.044
140.038
140.032
140.026
140.019
140.013
134.803
135.552
136.231
136.824
137.341
137.79
138.177
138.509
138.793
139.035
139.24
139.415
139.562
139.686
139.789
139.876
139.948
140.007
140.056
140.095
140.127
140.15
140.17
140.184
140.195
140.202
140.206
140.208
140.208
140.207
140.204
140.2
140.195
140.189
140.183
140.176
140.169
140.161
140.154
140.145
140.137
134.795
135.551
136.238
136.837
137.361
137.817
138.212
138.553
138.847
139.099
139.315
139.5
139.658
139.792
139.905
140
140.08
140.147
140.202
140.247
140.283
140.311
140.333
140.351
140.363
140.372
140.377
140.379
140.38
140.378
140.374
140.37
140.364
140.357
140.349
140.34
140.331
140.321
140.311
140.3
140.29
134.787
135.554
136.253
136.86
137.394
137.86
138.266
138.619
138.925
139.191
139.42
139.617
139.787
139.933
140.057
140.162
140.252
140.326
140.389
140.44
140.481
140.513
140.539
140.559
140.573
140.583
140.59
140.593
140.593
140.591
140.586
140.58
140.573
140.564
140.555
140.544
140.532
140.52
140.507
140.494
140.481
134.777
135.562
136.277
136.897
137.445
137.925
138.345
138.712
139.033
139.313
139.557
139.769
139.952
140.111
140.247
140.363
140.463
140.546
140.617
140.674
140.721
140.757
140.787
140.81
140.826
140.837
140.844
140.847
140.847
140.844
140.838
140.831
140.821
140.81
140.798
140.785
140.77
140.755
140.739
140.722
140.706
134.768
135.576
136.312
136.95
137.514
138.012
138.449
138.833
139.171
139.468
139.728
139.955
140.154
140.326
140.476
140.605
140.715
140.808
140.887
140.952
141.005
141.045
141.078
141.104
141.122
141.135
141.142
141.145
141.144
141.14
141.132
141.123
141.111
141.097
141.082
141.065
141.047
141.029
141.009
140.988
140.968
134.758
135.595
136.359
137.018
137.604
138.121
138.578
138.982
139.339
139.655
139.933
140.178
140.393
140.582
140.746
140.888
141.01
141.114
141.202
141.275
141.334
141.379
141.416
141.445
141.465
141.478
141.485
141.488
141.485
141.479
141.47
141.458
141.443
141.426
141.407
141.386
141.364
141.341
141.317
141.291
141.266
134.749
135.621
136.416
137.102
137.713
138.254
138.734
139.16
139.539
139.876
140.175
140.44
140.673
140.879
141.059
141.216
141.351
141.467
141.565
141.646
141.712
141.762
141.803
141.834
141.856
141.87
141.877
141.878
141.874
141.866
141.854
141.838
141.82
141.799
141.775
141.75
141.723
141.695
141.665
141.634
141.604
134.74
135.653
136.486
137.203
137.843
138.412
138.918
139.37
139.774
140.134
140.456
140.742
140.996
141.221
141.419
141.591
141.741
141.869
141.978
142.069
142.142
142.197
142.242
142.276
142.299
142.313
142.32
142.32
142.314
142.302
142.287
142.267
142.244
142.218
142.189
142.158
142.126
142.091
142.055
142.018
141.981
134.732
135.693
136.569
137.322
137.996
138.596
139.132
139.613
140.045
140.432
140.779
141.089
141.366
141.612
141.829
142.019
142.184
142.327
142.447
142.547
142.629
142.689
142.738
142.774
142.799
142.813
142.818
142.816
142.807
142.792
142.771
142.747
142.718
142.686
142.651
142.614
142.574
142.532
142.489
142.444
142.4
134.726
135.742
136.667
137.461
138.174
138.81
139.38
139.893
140.356
140.773
141.147
141.484
141.786
142.055
142.294
142.503
142.686
142.843
142.977
143.087
143.177
143.243
143.295
143.334
143.359
143.372
143.376
143.37
143.357
143.338
143.312
143.281
143.246
143.206
143.164
143.118
143.07
143.02
142.969
142.915
142.862
134.722
135.8
136.781
137.623
138.38
139.056
139.664
140.214
140.711
141.161
141.567
141.933
142.263
142.558
142.82
143.051
143.252
143.426
143.573
143.695
143.793
143.865
143.921
143.961
143.986
143.998
143.998
143.989
143.971
143.945
143.912
143.874
143.83
143.782
143.73
143.675
143.618
143.558
143.496
143.432
143.368
134.721
135.869
136.914
137.809
138.616
139.338
139.989
140.579
141.115
141.602
142.043
142.442
142.802
143.126
143.414
143.668
143.89
144.082
144.244
144.378
144.485
144.561
144.621
144.663
144.687
144.695
144.692
144.677
144.652
144.618
144.576
144.528
144.475
144.416
144.354
144.287
144.218
144.146
144.072
143.996
143.92
134.724
135.952
137.068
138.024
138.887
139.661
140.36
140.996
141.575
142.103
142.582
143.017
143.412
143.767
144.084
144.364
144.609
144.82
144.998
145.144
145.26
145.342
145.404
145.446
145.467
145.472
145.462
145.44
145.406
145.362
145.31
145.25
145.184
145.112
145.036
144.956
144.873
144.787
144.699
144.608
144.518
134.733
136.049
137.246
138.271
139.197
140.028
140.782
141.469
142.097
142.67
143.193
143.669
144.102
144.491
144.84
145.148
145.418
145.65
145.846
146.005
146.13
146.216
146.279
146.319
146.337
146.335
146.317
146.284
146.239
146.183
146.116
146.042
145.961
145.873
145.781
145.684
145.584
145.481
145.376
145.269
145.162
134.749
136.165
137.452
138.554
139.551
140.448
141.262
142.007
142.69
143.315
143.886
144.407
144.882
145.311
145.695
146.034
146.331
146.586
146.8
146.972
147.106
147.194
147.257
147.294
147.305
147.294
147.264
147.218
147.158
147.085
147.002
146.909
146.809
146.702
146.589
146.473
146.352
146.229
146.104
145.976
145.85
134.773
136.302
137.691
138.881
139.958
140.928
141.811
142.621
143.365
144.048
144.673
145.245
145.768
146.24
146.663
147.037
147.363
147.643
147.875
148.061
148.201
148.291
148.351
148.381
148.382
148.358
148.312
148.248
148.169
148.075
147.969
147.854
147.73
147.599
147.462
147.321
147.176
147.029
146.879
146.728
146.578
134.81
136.465
137.968
139.257
140.424
141.478
142.439
143.322
144.135
144.884
145.57
146.2
146.775
147.296
147.762
148.174
148.533
148.838
149.089
149.287
149.433
149.521
149.574
149.593
149.579
149.536
149.47
149.382
149.277
149.156
149.023
148.878
148.725
148.564
148.398
148.227
148.052
147.876
147.698
147.518
147.341
134.86
136.659
138.291
139.692
140.962
142.109
143.159
144.125
145.018
145.841
146.595
147.29
147.925
148.5
149.015
149.468
149.861
150.193
150.464
150.672
150.82
150.901
150.942
150.944
150.908
150.84
150.745
150.626
150.488
150.332
150.163
149.982
149.792
149.595
149.392
149.185
148.975
148.763
148.551
148.338
148.128
134.929
136.89
138.669
140.197
141.583
142.838
143.988
145.05
146.032
146.939
147.773
148.54
149.243
149.88
150.447
150.947
151.377
151.736
152.024
152.24
152.384
152.452
152.473
152.449
152.382
152.279
152.145
151.985
151.803
151.603
151.388
151.162
150.926
150.683
150.436
150.185
149.932
149.679
149.426
149.175
148.927
135.022
137.167
139.112
140.786
142.306
143.683
144.948
146.119
147.204
148.209
149.131
149.982
150.762
151.467
152.094
152.643
153.111
153.497
153.8
154.017
154.15
154.194
154.184
154.123
154.012
153.861
153.675
153.461
153.223
152.965
152.693
152.409
152.116
151.818
151.515
151.212
150.908
150.606
150.306
150.009
149.717
135.143
137.5
139.636
141.477
143.149
144.668
146.067
147.363
148.568
149.683
150.709
151.655
152.522
153.304
153.996
154.598
155.106
155.516
155.827
156.037
156.145
156.15
156.094
155.979
155.808
155.591
155.336
155.05
154.738
154.408
154.063
153.707
153.344
152.977
152.609
152.243
151.878
151.518
151.164
150.814
150.474
135.302
137.902
140.257
142.292
144.141
145.825
147.378
148.821
150.164
151.409
152.553
153.609
154.575
155.443
156.207
156.864
157.409
157.838
158.147
158.334
158.398
158.344
158.219
158.027
157.772
157.466
157.119
156.739
156.334
155.911
155.474
155.029
154.581
154.132
153.685
153.244
152.809
152.383
151.966
151.558
151.163
135.509
138.39
141.001
143.261
145.317
147.193
148.928
150.544
152.049
153.446
154.728
155.91
156.989
157.952
158.793
159.505
160.082
160.518
160.808
160.948
160.938
160.793
160.57
160.269
159.9
159.474
159.006
158.505
157.98
157.44
156.89
156.337
155.785
155.238
154.699
154.172
153.657
153.156
152.67
152.198
151.744
135.776
138.988
141.899
144.425
146.724
148.828
150.779
152.599
154.297
155.872
157.316
158.643
159.85
160.919
161.838
162.601
163.197
163.618
163.859
163.916
163.79
163.509
163.144
162.693
162.168
161.584
160.959
160.303
159.628
158.943
158.255
157.572
156.898
156.237
155.593
154.968
154.364
153.782
153.222
152.683
152.168
136.121
139.725
142.992
145.835
148.425
150.804
153.014
155.08
157.009
158.797
160.429
161.924
163.274
164.455
165.45
166.249
166.839
167.209
167.354
167.271
166.964
166.483
165.919
165.262
164.529
163.739
162.912
162.062
161.202
160.343
159.492
158.657
157.843
157.054
156.293
155.563
154.864
154.197
153.561
152.956
152.383
136.567
140.644
144.339
147.567
150.511
153.223
155.75
158.116
160.326
162.369
164.223
165.91
167.416
168.709
169.764
170.567
171.103
171.361
171.334
171.024
170.441
169.674
168.834
167.901
166.896
165.844
164.766
163.681
162.6
161.537
160.499
159.494
158.525
157.598
156.713
155.874
155.079
154.329
153.623
152.957
152.333
137.145
141.801
146.023
149.726
153.108
156.236
159.157
161.894
164.449
166.799
168.911
170.812
172.48
173.867
174.943
175.688
176.086
176.125
175.807
175.143
174.153
172.983
171.773
170.479
169.13
167.754
166.376
165.015
163.683
162.393
161.151
159.964
158.835
157.766
156.759
155.815
154.931
154.106
153.339
152.625
151.966
137.897
143.281
148.166
152.469
156.409
160.064
163.485
166.692
169.675
172.395
174.804
176.93
178.741
180.17
181.179
181.746
181.857
181.51
180.72
179.516
177.942
176.224
174.533
172.788
171.023
169.268
167.55
165.884
164.283
162.756
161.308
159.941
158.657
157.457
156.338
155.303
154.345
153.462
152.653
151.911
151.239
138.867
145.18
150.915
155.995
160.658
164.997
169.064
172.868
176.38
179.535
182.259
184.585
186.465
187.811
188.578
188.752
188.332
187.341
185.822
183.84
181.472
179.054
176.781
174.511
172.28
170.117
168.045
166.076
164.216
162.469
160.834
159.31
157.896
156.588
155.383
154.28
153.272
152.357
151.532
150.789
150.132
140.122
147.578
154.379
160.435
166.009
171.207
176.077
180.605
184.73
188.338
191.326
193.736
195.499
196.513
196.74
196.193
194.911
192.961
190.439
187.457
184.136
180.938
178.054
175.259
172.583
170.052
167.677
165.458
163.396
161.483
159.715
158.085
156.585
155.21
153.955
152.817
151.789
150.869
150.054
149.338
148.727
141.64
150.457
158.524
165.74
172.402
178.617
184.418
189.753
194.503
198.486
201.57
203.817
205.149
205.467
204.773
203.14
200.677
197.522
193.831
189.77
185.491
181.571
178.163
174.942
171.928
169.134
166.557
164.185
162.006
160.006
158.172
156.493
154.956
153.555
152.283
151.136
150.109
149.201
148.412
147.739
147.191
143.347
153.794
163.374
171.977
179.936
187.341
194.188
200.362
205.66
209.808
212.669
214.358
214.814
213.985
211.961
208.912
205.042
200.563
195.692
190.624
185.523
181.041
177.26
173.759
170.542
167.608
164.937
162.505
160.289
158.268
156.424
154.74
153.203
151.803
150.533
149.391
148.372
147.479
146.717
146.088
145.61
145.195
157.596
168.986
179.242
188.729
197.495
205.456
212.4
218.018
221.94
224.094
224.699
223.764
221.344
217.661
213.008
207.679
201.944
196.042
190.172
184.476
179.636
175.65
172.016
168.722
165.753
163.076
160.655
158.46
156.464
154.646
152.987
151.469
150.084
148.825
147.69
146.676
145.791
145.045
144.449
144.033
147.13
161.888
175.439
187.658
198.911
209.17
218.204
225.671
231.164
234.265
235.095
234.045
231.25
226.924
221.448
215.22
208.583
201.818
195.149
188.743
182.701
177.697
173.65
170.001
166.724
163.795
161.171
158.808
156.669
154.727
152.956
151.335
149.848
148.483
147.234
146.102
145.085
144.194
143.446
142.862
142.491
149.083
166.69
182.823
197.348
210.59
222.366
232.232
239.711
244.384
245.921
244.803
241.633
236.697
230.393
223.239
215.676
208.031
200.549
193.406
186.721
180.545
175.527
171.521
167.935
164.736
161.893
159.355
157.073
155.01
153.133
151.418
149.84
148.385
147.041
145.801
144.665
143.635
142.723
141.95
141.352
140.996
150.969
172.031
191.238
208.429
223.797
236.898
247.049
253.729
256.709
255.967
252.468
246.97
239.889
231.8
223.294
214.763
206.458
198.563
191.201
184.435
178.277
173.342
169.438
165.961
162.872
160.136
157.698
155.508
153.524
151.717
150.057
148.524
147.099
145.773
144.537
143.394
142.342
141.397
140.578
139.939
139.555
152.707
177.962
200.802
220.983
238.419
252.31
261.83
266.687
267.131
263.668
257.699
249.976
241.001
231.514
222.082
212.958
204.298
196.234
188.836
182.122
176.073
171.276
167.505
164.156
161.188
158.566
156.231
154.131
152.226
150.484
148.877
147.384
145.988
144.676
143.443
142.289
141.21
140.223
139.341
138.637
138.169
154.23
184.565
211.652
235.014
254.098
267.786
275.478
277.525
274.915
268.742
260.577
250.945
240.475
230.054
220.104
210.688
201.896
193.828
186.509
179.924
174.033
169.396
165.768
162.551
159.705
157.192
154.955
152.94
151.108
149.426
147.868
146.411
145.038
143.739
142.506
141.339
140.231
139.201
138.242
137.457
136.837
155.499
191.966
223.898
250.317
270.097
282.199
286.875
285.517
279.866
271.426
261.527
250.364
238.834
227.92
217.765
208.258
199.48
191.51
184.334
177.915
172.201
167.73
164.242
161.152
158.419
156.008
153.861
151.923
150.156
148.528
147.012
145.586
144.234
142.945
141.71
140.531
139.395
138.322
137.28
136.407
135.558
156.511
200.328
237.549
266.354
285.345
294.406
295.291
290.523
282.333
272.289
261.086
248.717
236.547
225.501
215.339
205.863
197.189
189.373
182.369
176.129
170.594
166.283
162.924
159.95
157.32
155
152.933
151.063
149.353
147.771
146.292
144.893
143.558
142.277
141.041
139.849
138.688
137.575
136.453
135.489
134.332
157.328
209.833
252.389
282.212
298.648
303.606
300.588
292.931
282.955
271.938
259.704
246.403
233.983
223.061
212.997
203.618
195.098
187.462
180.636
174.571
169.205
165.042
161.8
158.928
156.388
154.148
152.15
150.339
148.678
147.136
145.688
144.312
142.991
141.716
140.478
139.277
138.093
136.945
135.751
134.699
133.168
158.007
220.4
267.641
296.572
308.966
309.52
303.124
293.412
282.405
270.885
257.742
243.764
231.42
220.765
210.837
201.589
193.243
185.787
179.133
173.231
168.018
163.987
160.85
158.068
155.608
153.438
151.5
149.739
148.119
146.611
145.19
143.833
142.524
141.255
140.015
138.804
137.602
136.424
135.171
134.034
132.087
158.534
231.563
282.222
308.368
315.964
312.537
303.637
292.727
281.278
269.524
255.482
241.107
229.078
218.706
208.901
199.8
191.629
184.34
177.842
172.086
167.011
163.091
160.036
157.329
154.938
152.829
150.943
149.226
147.643
146.165
144.766
143.426
142.129
140.865
139.625
138.408
137.192
135.99
134.693
133.482
131.09
157.376
243.24
295.935
317.599
320.172
313.445
302.888
291.452
279.967
268.102
253.062
238.615
227.162
217.067
207.339
198.37
190.357
183.211
176.842
171.205
166.239
162.444
159.463
156.81
154.467
152.403
150.554
148.868
147.31
145.852
144.469
143.139
141.848
140.587
139.346
138.124
136.898
135.677
134.351
133.095
130.271
159.602
256.587
307.471
323.006
321.638
312.497
300.678
288.965
277.634
265.734
249.484
234.892
224.143
214.529
205.044
196.321
188.557
181.639
175.474
170.022
165.216
161.508
158.653
156.09
153.824
151.827
150.036
148.398
146.88
145.454
144.096
142.785
141.507
140.254
139.016
137.792
136.559
135.323
133.978
132.684
129.713
139.881
139.879
139.877
139.875
139.872
139.87
139.867
139.864
139.861
139.857
139.854
139.849
139.845
139.84
139.835
139.83
139.824
139.817
139.81
139.802
139.794
139.785
139.775
139.764
139.753
139.74
139.726
139.711
139.694
139.677
139.657
139.636
139.613
139.588
139.56
139.531
139.499
139.464
139.426
139.385
139.34
139.292
139.241
139.185
139.125
139.061
138.992
138.919
138.841
138.759
138.672
138.58
138.483
138.382
138.277
138.168
138.056
137.94
137.822
137.701
137.579
137.457
137.334
137.211
137.089
136.969
136.851
136.737
136.626
136.519
136.418
136.322
136.238
136.148
139.934
139.933
139.931
139.928
139.925
139.923
139.92
139.916
139.913
139.909
139.905
139.9
139.895
139.89
139.884
139.878
139.871
139.864
139.856
139.848
139.838
139.828
139.817
139.805
139.792
139.778
139.763
139.746
139.728
139.709
139.688
139.664
139.639
139.612
139.583
139.551
139.516
139.479
139.439
139.395
139.349
139.298
139.244
139.186
139.124
139.058
138.988
138.913
138.833
138.75
138.661
138.568
138.471
138.37
138.265
138.156
138.043
137.928
137.81
137.691
137.569
137.447
137.325
137.203
137.082
136.962
136.845
136.731
136.62
136.514
136.413
136.316
136.235
136.133
140.008
140.007
140.005
140.003
140
139.997
139.994
139.99
139.986
139.982
139.978
139.973
139.968
139.962
139.956
139.95
139.942
139.935
139.926
139.917
139.907
139.896
139.884
139.871
139.857
139.842
139.826
139.808
139.788
139.767
139.744
139.72
139.693
139.664
139.632
139.598
139.561
139.521
139.478
139.432
139.383
139.329
139.272
139.211
139.146
139.077
139.003
138.925
138.843
138.756
138.665
138.569
138.469
138.365
138.258
138.147
138.032
137.915
137.796
137.675
137.553
137.43
137.307
137.185
137.064
136.944
136.827
136.714
136.604
136.498
136.398
136.3
136.222
136.106
140.13
140.129
140.128
140.125
140.122
140.118
140.115
140.111
140.107
140.103
140.098
140.092
140.087
140.08
140.074
140.066
140.058
140.049
140.04
140.029
140.018
140.006
139.992
139.978
139.962
139.945
139.926
139.906
139.884
139.86
139.834
139.806
139.776
139.743
139.708
139.67
139.629
139.585
139.537
139.486
139.432
139.374
139.311
139.245
139.175
139.1
139.022
138.938
138.851
138.759
138.663
138.564
138.46
138.352
138.241
138.128
138.011
137.892
137.771
137.649
137.526
137.403
137.28
137.158
137.037
136.919
136.803
136.69
136.581
136.476
136.377
136.279
136.203
136.074
140.281
140.28
140.278
140.275
140.272
140.268
140.264
140.26
140.255
140.25
140.244
140.238
140.232
140.225
140.217
140.208
140.199
140.189
140.178
140.166
140.153
140.139
140.124
140.107
140.089
140.069
140.048
140.025
139.999
139.972
139.943
139.911
139.876
139.839
139.799
139.756
139.71
139.66
139.607
139.55
139.49
139.425
139.357
139.284
139.207
139.126
139.041
138.952
138.858
138.761
138.659
138.554
138.446
138.334
138.22
138.102
137.983
137.862
137.74
137.616
137.493
137.369
137.247
137.125
137.005
136.888
136.773
136.662
136.554
136.451
136.353
136.255
136.181
136.042
140.469
140.468
140.466
140.463
140.458
140.454
140.45
140.445
140.439
140.433
140.427
140.42
140.412
140.404
140.394
140.384
140.373
140.362
140.349
140.335
140.319
140.303
140.285
140.265
140.244
140.221
140.195
140.168
140.139
140.107
140.073
140.036
139.996
139.953
139.907
139.857
139.805
139.748
139.688
139.624
139.556
139.483
139.407
139.327
139.242
139.153
139.061
138.964
138.863
138.759
138.652
138.541
138.427
138.31
138.192
138.071
137.949
137.825
137.701
137.577
137.453
137.33
137.207
137.087
136.968
136.852
136.739
136.63
136.524
136.422
136.326
136.229
136.156
136.013
140.691
140.69
140.688
140.683
140.678
140.673
140.668
140.662
140.655
140.648
140.64
140.632
140.622
140.612
140.601
140.589
140.576
140.562
140.547
140.53
140.511
140.491
140.47
140.446
140.421
140.394
140.364
140.332
140.297
140.259
140.219
140.176
140.129
140.079
140.026
139.969
139.908
139.843
139.774
139.701
139.624
139.543
139.458
139.369
139.275
139.178
139.077
138.972
138.864
138.752
138.638
138.521
138.401
138.28
138.157
138.033
137.908
137.782
137.657
137.532
137.407
137.284
137.163
137.044
136.927
136.812
136.701
136.594
136.491
136.391
136.297
136.201
136.13
135.988
140.95
140.947
140.945
140.939
140.933
140.927
140.92
140.913
140.905
140.896
140.887
140.876
140.865
140.853
140.839
140.824
140.809
140.791
140.772
140.752
140.73
140.706
140.68
140.651
140.621
140.588
140.552
140.514
140.472
140.428
140.38
140.329
140.274
140.216
140.153
140.087
140.017
139.942
139.864
139.781
139.694
139.603
139.507
139.408
139.305
139.198
139.088
138.974
138.858
138.739
138.617
138.494
138.369
138.243
138.116
137.988
137.861
137.733
137.607
137.481
137.357
137.234
137.114
136.996
136.881
136.769
136.661
136.556
136.455
136.357
136.266
136.173
136.102
135.968
141.245
141.241
141.238
141.231
141.224
141.216
141.208
141.198
141.188
141.177
141.166
141.153
141.139
141.123
141.107
141.089
141.069
141.048
141.025
140.999
140.972
140.943
140.911
140.877
140.84
140.8
140.757
140.711
140.662
140.609
140.552
140.491
140.427
140.358
140.286
140.209
140.128
140.042
139.952
139.858
139.76
139.658
139.551
139.441
139.328
139.211
139.091
138.969
138.844
138.717
138.589
138.459
138.329
138.198
138.068
137.937
137.807
137.679
137.551
137.426
137.302
137.181
137.062
136.946
136.833
136.723
136.617
136.515
136.417
136.323
136.234
136.144
136.074
135.953
141.578
141.573
141.568
141.56
141.55
141.541
141.53
141.519
141.506
141.492
141.477
141.461
141.444
141.425
141.404
141.381
141.357
141.331
141.302
141.271
141.238
141.202
141.163
141.121
141.077
141.028
140.977
140.921
140.862
140.799
140.732
140.66
140.584
140.504
140.42
140.331
140.237
140.139
140.037
139.93
139.82
139.706
139.588
139.466
139.342
139.215
139.085
138.954
138.821
138.687
138.552
138.417
138.282
138.147
138.013
137.88
137.749
137.619
137.492
137.366
137.244
137.124
137.007
136.893
136.783
136.676
136.573
136.473
136.378
136.287
136.201
136.115
136.046
135.939
141.95
141.944
141.937
141.927
141.914
141.902
141.889
141.874
141.858
141.841
141.822
141.802
141.78
141.756
141.73
141.702
141.672
141.639
141.604
141.566
141.525
141.48
141.433
141.382
141.328
141.269
141.207
141.141
141.07
140.995
140.915
140.831
140.742
140.649
140.551
140.448
140.341
140.23
140.114
139.994
139.871
139.744
139.613
139.48
139.345
139.208
139.069
138.929
138.788
138.647
138.506
138.366
138.227
138.089
137.952
137.818
137.685
137.556
137.428
137.304
137.183
137.065
136.95
136.839
136.731
136.627
136.527
136.431
136.339
136.251
136.168
136.086
136.018
135.927
142.363
142.354
142.345
142.332
142.317
142.301
142.284
142.265
142.245
142.223
142.199
142.174
142.146
142.116
142.083
142.049
142.011
141.97
141.927
141.88
141.829
141.775
141.718
141.656
141.59
141.519
141.445
141.365
141.281
141.192
141.099
141
140.897
140.788
140.675
140.558
140.436
140.31
140.18
140.046
139.909
139.769
139.627
139.482
139.336
139.189
139.041
138.893
138.745
138.598
138.452
138.307
138.164
138.024
137.886
137.75
137.618
137.488
137.362
137.239
137.12
137.004
136.892
136.783
136.678
136.577
136.481
136.388
136.299
136.214
136.135
136.056
135.99
135.913
142.818
142.806
142.794
142.777
142.757
142.737
142.715
142.692
142.666
142.638
142.608
142.576
142.541
142.504
142.463
142.42
142.373
142.323
142.269
142.211
142.149
142.083
142.013
141.938
141.859
141.774
141.685
141.591
141.491
141.387
141.277
141.162
141.042
140.918
140.789
140.655
140.518
140.376
140.231
140.083
139.933
139.78
139.625
139.47
139.313
139.157
139.001
138.845
138.691
138.539
138.389
138.241
138.095
137.953
137.814
137.679
137.547
137.418
137.293
137.173
137.055
136.942
136.833
136.727
136.626
136.528
136.434
136.344
136.259
136.178
136.101
136.027
135.962
135.899
143.317
143.301
143.284
143.262
143.237
143.211
143.183
143.153
143.121
143.086
143.048
143.007
142.964
142.917
142.866
142.812
142.754
142.692
142.626
142.555
142.48
142.4
142.315
142.225
142.129
142.029
141.923
141.811
141.694
141.572
141.445
141.313
141.175
141.033
140.887
140.737
140.583
140.426
140.266
140.103
139.939
139.774
139.608
139.442
139.277
139.112
138.948
138.787
138.628
138.471
138.317
138.167
138.021
137.878
137.739
137.604
137.473
137.346
137.223
137.105
136.99
136.88
136.774
136.671
136.573
136.478
136.388
136.302
136.219
136.141
136.068
135.998
135.935
135.883
143.86
143.838
143.816
143.788
143.756
143.723
143.687
143.649
143.608
143.564
143.516
143.465
143.41
143.352
143.289
143.222
143.151
143.075
142.993
142.907
142.816
142.719
142.617
142.509
142.396
142.277
142.152
142.022
141.886
141.744
141.598
141.447
141.291
141.131
140.967
140.799
140.629
140.456
140.281
140.105
139.928
139.751
139.575
139.399
139.225
139.053
138.884
138.717
138.554
138.395
138.239
138.088
137.94
137.798
137.659
137.526
137.397
137.272
137.152
137.036
136.925
136.818
136.715
136.616
136.521
136.43
136.343
136.259
136.18
136.106
136.035
135.969
135.908
135.865
144.447
144.418
144.389
144.353
144.312
144.27
144.225
144.177
144.125
144.069
144.009
143.945
143.877
143.805
143.727
143.645
143.557
143.464
143.366
143.261
143.151
143.036
142.914
142.786
142.652
142.512
142.367
142.216
142.059
141.897
141.731
141.56
141.384
141.205
141.023
140.839
140.652
140.464
140.275
140.086
139.898
139.71
139.525
139.341
139.16
138.982
138.808
138.638
138.472
138.311
138.154
138.003
137.856
137.714
137.578
137.446
137.32
137.198
137.081
136.968
136.86
136.756
136.656
136.561
136.469
136.382
136.298
136.218
136.142
136.071
136.003
135.941
135.881
135.845
145.078
145.04
145.002
144.955
144.904
144.85
144.793
144.732
144.667
144.597
144.523
144.443
144.359
144.269
144.174
144.073
143.967
143.854
143.735
143.61
143.479
143.341
143.197
143.047
142.891
142.729
142.561
142.387
142.209
142.026
141.838
141.647
141.452
141.254
141.055
140.854
140.652
140.45
140.248
140.047
139.848
139.652
139.458
139.268
139.082
138.9
138.722
138.55
138.383
138.221
138.065
137.914
137.769
137.629
137.494
137.366
137.242
137.123
137.009
136.9
136.795
136.695
136.599
136.507
136.419
136.335
136.254
136.178
136.105
136.036
135.972
135.913
135.855
135.825
145.75
145.701
145.651
145.592
145.527
145.459
145.388
145.311
145.229
145.142
145.05
144.952
144.848
144.738
144.622
144.5
144.371
144.236
144.094
143.945
143.79
143.628
143.46
143.285
143.105
142.919
142.727
142.531
142.33
142.124
141.916
141.704
141.491
141.275
141.059
140.842
140.626
140.411
140.198
139.988
139.78
139.576
139.377
139.182
138.991
138.807
138.628
138.454
138.287
138.126
137.971
137.822
137.679
137.542
137.41
137.284
137.164
137.049
136.939
136.833
136.732
136.635
136.543
136.454
136.37
136.289
136.212
136.138
136.069
136.003
135.941
135.886
135.83
135.804
146.46
146.397
146.331
146.257
146.176
146.09
146
145.905
145.803
145.695
145.582
145.461
145.335
145.201
145.061
144.914
144.76
144.599
144.431
144.257
144.075
143.887
143.693
143.493
143.287
143.076
142.86
142.64
142.416
142.19
141.961
141.73
141.498
141.266
141.035
140.804
140.576
140.35
140.127
139.909
139.694
139.485
139.281
139.083
138.89
138.705
138.525
138.352
138.186
138.027
137.874
137.728
137.588
137.454
137.326
137.204
137.087
136.975
136.869
136.767
136.67
136.577
136.488
136.403
136.322
136.245
136.171
136.1
136.033
135.971
135.911
135.859
135.805
135.783
147.201
147.12
147.036
146.941
146.84
146.734
146.622
146.503
146.378
146.246
146.107
145.961
145.808
145.648
145.48
145.305
145.123
144.934
144.738
144.535
144.326
144.11
143.889
143.662
143.43
143.194
142.954
142.711
142.465
142.218
141.97
141.721
141.473
141.226
140.981
140.739
140.501
140.266
140.036
139.811
139.592
139.379
139.173
138.973
138.781
138.595
138.417
138.246
138.082
137.925
137.775
137.632
137.496
137.366
137.242
137.124
137.011
136.903
136.801
136.703
136.61
136.521
136.435
136.354
136.276
136.202
136.131
136.063
135.999
135.939
135.882
135.833
135.781
135.763
147.963
147.86
147.753
147.635
147.509
147.377
147.239
147.093
146.94
146.78
146.612
146.437
146.254
146.064
145.866
145.66
145.448
145.228
145.002
144.77
144.532
144.288
144.039
143.785
143.528
143.268
143.005
142.74
142.474
142.208
141.942
141.678
141.416
141.156
140.9
140.649
140.402
140.161
139.926
139.697
139.476
139.261
139.054
138.855
138.663
138.48
138.304
138.135
137.975
137.822
137.676
137.537
137.404
137.279
137.159
137.045
136.936
136.833
136.735
136.641
136.551
136.466
136.384
136.306
136.232
136.16
136.093
136.028
135.967
135.909
135.855
135.808
135.757
135.742
148.731
148.602
148.467
148.32
148.166
148.004
147.835
147.658
147.474
147.281
147.081
146.873
146.657
146.434
146.204
145.966
145.722
145.471
145.214
144.952
144.685
144.413
144.137
143.858
143.577
143.294
143.01
142.725
142.441
142.159
141.878
141.601
141.327
141.057
140.793
140.535
140.283
140.037
139.8
139.569
139.347
139.133
138.927
138.73
138.541
138.36
138.188
138.023
137.867
137.718
137.576
137.442
137.314
137.193
137.078
136.968
136.864
136.765
136.671
136.581
136.495
136.413
136.335
136.26
136.189
136.121
136.056
135.994
135.935
135.88
135.828
135.783
135.734
135.722
149.487
149.326
149.157
148.978
148.789
148.593
148.39
148.178
147.958
147.73
147.495
147.252
147.001
146.744
146.48
146.209
145.933
145.651
145.364
145.073
144.778
144.48
144.179
143.877
143.574
143.271
142.968
142.666
142.367
142.071
141.779
141.491
141.208
140.932
140.662
140.399
140.145
139.898
139.659
139.429
139.208
138.996
138.793
138.599
138.414
138.238
138.07
137.91
137.758
137.614
137.478
137.348
137.225
137.109
136.998
136.893
136.794
136.699
136.608
136.523
136.441
136.362
136.288
136.216
136.148
136.083
136.02
135.961
135.905
135.853
135.802
135.76
135.712
135.702
150.204
150.005
149.799
149.581
149.355
149.121
148.879
148.629
148.371
148.106
147.834
147.554
147.269
146.977
146.68
146.377
146.07
145.759
145.444
145.126
144.806
144.485
144.163
143.84
143.518
143.198
142.88
142.565
142.254
141.947
141.646
141.351
141.063
140.783
140.51
140.246
139.991
139.744
139.507
139.28
139.062
138.854
138.655
138.466
138.285
138.114
137.951
137.797
137.651
137.512
137.381
137.256
137.139
137.027
136.921
136.821
136.726
136.635
136.549
136.467
136.388
136.314
136.242
136.174
136.109
136.046
135.987
135.93
135.876
135.826
135.778
135.738
135.691
135.683
150.848
150.608
150.359
150.1
149.832
149.557
149.275
148.986
148.689
148.387
148.078
147.764
147.444
147.12
146.792
146.461
146.126
145.789
145.45
145.109
144.768
144.427
144.087
143.748
143.412
143.078
142.749
142.424
142.104
141.791
141.484
141.186
140.895
140.613
140.34
140.077
139.824
139.58
139.347
139.124
138.911
138.707
138.514
138.33
138.156
137.99
137.833
137.685
137.544
137.411
137.286
137.167
137.054
136.948
136.847
136.751
136.66
136.574
136.492
136.413
136.339
136.267
136.199
136.134
136.071
136.012
135.955
135.9
135.849
135.801
135.754
135.716
135.671
135.665
151.381
151.096
150.802
150.499
150.189
149.873
149.55
149.222
148.889
148.552
148.21
147.864
147.515
147.164
146.81
146.454
146.097
145.739
145.38
145.022
144.665
144.309
143.955
143.605
143.258
142.915
142.578
142.246
141.922
141.605
141.297
140.997
140.707
140.427
140.157
139.897
139.647
139.409
139.181
138.963
138.756
138.559
138.372
138.195
138.027
137.868
137.717
137.575
137.441
137.313
137.193
137.08
136.973
136.871
136.775
136.684
136.597
136.515
136.437
136.362
136.291
136.223
136.158
136.095
136.036
135.979
135.924
135.872
135.822
135.776
135.731
135.695
135.651
135.647
151.756
151.425
151.086
150.74
150.39
150.035
149.677
149.315
148.951
148.584
148.215
147.845
147.474
147.102
146.729
146.356
145.983
145.611
145.239
144.869
144.501
144.135
143.773
143.414
143.061
142.713
142.372
142.038
141.713
141.396
141.088
140.791
140.504
140.227
139.962
139.707
139.464
139.232
139.01
138.8
138.6
138.41
138.23
138.06
137.899
137.747
137.603
137.468
137.339
137.218
137.104
136.996
136.894
136.798
136.706
136.619
136.537
136.459
136.384
136.313
136.246
136.181
136.118
136.059
136.002
135.947
135.895
135.845
135.797
135.753
135.71
135.676
135.632
135.63
151.923
151.55
151.171
150.788
150.403
150.018
149.632
149.245
148.859
148.473
148.088
147.703
147.32
146.936
146.554
146.172
145.791
145.411
145.033
144.657
144.283
143.912
143.546
143.184
142.828
142.479
142.138
141.805
141.481
141.167
140.863
140.57
140.288
140.018
139.759
139.512
139.276
139.052
138.838
138.636
138.444
138.262
138.09
137.927
137.774
137.629
137.492
137.363
137.241
137.127
137.018
136.916
136.819
136.727
136.64
136.558
136.48
136.405
136.335
136.267
136.202
136.14
136.081
136.024
135.97
135.917
135.867
135.819
135.773
135.731
135.689
135.657
135.614
135.613
151.831
151.426
151.018
150.609
150.202
149.799
149.399
149.003
148.609
148.218
147.83
147.444
147.06
146.677
146.294
145.913
145.532
145.151
144.772
144.395
144.02
143.649
143.282
142.921
142.566
142.219
141.88
141.551
141.231
140.923
140.625
140.339
140.065
139.803
139.552
139.314
139.087
138.871
138.667
138.473
138.29
138.116
137.953
137.798
137.652
137.515
137.385
137.263
137.147
137.038
136.936
136.838
136.747
136.66
136.578
136.499
136.425
136.355
136.287
136.223
136.161
136.102
136.046
135.991
135.939
135.889
135.841
135.795
135.751
135.71
135.67
135.639
135.597
135.598
151.435
151.015
150.596
150.179
149.77
149.369
148.976
148.589
148.207
147.83
147.456
147.084
146.712
146.34
145.968
145.594
145.22
144.845
144.47
144.096
143.723
143.355
142.991
142.632
142.281
141.938
141.605
141.281
140.969
140.668
140.379
140.102
139.837
139.584
139.343
139.115
138.898
138.692
138.497
138.313
138.138
137.974
137.819
137.672
137.534
137.404
137.281
137.166
137.057
136.954
136.857
136.765
136.678
136.596
136.518
136.444
136.373
136.306
136.242
136.181
136.122
136.066
136.012
135.96
135.91
135.862
135.815
135.771
135.729
135.69
135.651
135.622
135.581
135.583
150.699
150.29
149.887
149.489
149.104
148.734
148.374
148.022
147.675
147.332
146.99
146.647
146.301
145.951
145.596
145.237
144.873
144.507
144.138
143.77
143.402
143.038
142.678
142.325
141.98
141.643
141.317
141.002
140.698
140.406
140.127
139.861
139.606
139.365
139.135
138.917
138.71
138.515
138.33
138.156
137.991
137.835
137.689
137.551
137.42
137.298
137.182
137.073
136.97
136.873
136.781
136.695
136.612
136.535
136.461
136.391
136.324
136.26
136.2
136.141
136.085
136.032
135.98
135.93
135.882
135.836
135.792
135.749
135.709
135.671
135.633
135.606
135.565
135.569
149.613
149.248
148.899
148.556
148.23
147.924
147.631
147.343
147.058
146.77
146.478
146.176
145.865
145.542
145.209
144.865
144.514
144.156
143.794
143.431
143.068
142.709
142.355
142.008
141.669
141.341
141.024
140.718
140.425
140.144
139.876
139.621
139.379
139.149
138.931
138.724
138.529
138.344
138.169
138.005
137.849
137.703
137.565
137.435
137.312
137.196
137.087
136.985
136.888
136.796
136.71
136.628
136.551
136.477
136.407
136.341
136.278
136.217
136.159
136.104
136.051
135.999
135.95
135.902
135.856
135.812
135.769
135.729
135.689
135.653
135.617
135.59
135.55
135.555
148.26
147.978
147.723
147.474
147.248
147.043
146.847
146.651
146.447
146.229
145.994
145.739
145.462
145.165
144.85
144.519
144.176
143.824
143.466
143.106
142.747
142.392
142.043
141.703
141.372
141.052
140.744
140.449
140.166
139.897
139.641
139.398
139.167
138.948
138.741
138.546
138.361
138.186
138.022
137.866
137.72
137.582
137.451
137.329
137.213
137.104
137.001
136.905
136.813
136.727
136.645
136.568
136.494
136.425
136.359
136.296
136.235
136.178
136.123
136.07
136.019
135.97
135.922
135.877
135.832
135.79
135.748
135.709
135.671
135.636
135.601
135.575
135.536
135.542
146.799
146.631
146.506
146.387
146.292
146.216
146.141
146.049
145.933
145.786
145.605
145.388
145.139
144.858
144.553
144.226
143.885
143.533
143.175
142.816
142.459
142.107
141.763
141.428
141.104
140.793
140.494
140.209
139.937
139.678
139.432
139.2
138.98
138.772
138.575
138.389
138.214
138.049
137.893
137.745
137.607
137.476
137.352
137.236
137.127
137.023
136.926
136.834
136.747
136.665
136.588
136.514
136.445
136.378
136.315
136.255
136.197
136.142
136.09
136.039
135.99
135.943
135.897
135.853
135.81
135.769
135.729
135.691
135.654
135.621
135.586
135.562
135.523
135.53
145.307
145.282
145.319
145.364
145.429
145.504
145.561
145.578
145.546
145.461
145.321
145.131
144.894
144.619
144.313
143.984
143.638
143.282
142.921
142.561
142.204
141.854
141.514
141.185
140.867
140.564
140.273
139.997
139.734
139.485
139.25
139.027
138.816
138.618
138.43
138.253
138.086
137.929
137.78
137.64
137.508
137.383
137.266
137.155
137.051
136.953
136.86
136.772
136.69
136.611
136.537
136.467
136.4
136.337
136.276
136.219
136.164
136.111
136.06
136.011
135.964
135.918
135.874
135.832
135.79
135.75
135.711
135.675
135.638
135.606
135.572
135.549
135.511
135.518
143.825
143.968
144.204
144.445
144.697
144.938
145.129
145.249
145.289
145.249
145.135
144.954
144.718
144.437
144.122
143.783
143.429
143.066
142.7
142.337
141.98
141.632
141.295
140.97
140.659
140.362
140.08
139.811
139.557
139.317
139.09
138.876
138.674
138.483
138.304
138.134
137.975
137.824
137.682
137.548
137.421
137.302
137.19
137.084
136.985
136.891
136.802
136.718
136.639
136.564
136.493
136.425
136.361
136.3
136.242
136.186
136.133
136.082
136.033
135.986
135.94
135.896
135.853
135.812
135.772
135.733
135.695
135.659
135.624
135.592
135.559
135.537
135.499
135.507
142.37
142.709
143.182
143.655
144.114
144.526
144.846
145.054
145.147
145.134
145.027
144.842
144.595
144.299
143.97
143.617
143.251
142.88
142.508
142.142
141.784
141.437
141.103
140.783
140.477
140.187
139.911
139.65
139.403
139.171
138.951
138.745
138.55
138.367
138.194
138.031
137.877
137.733
137.596
137.467
137.346
137.232
137.124
137.022
136.926
136.836
136.751
136.67
136.594
136.521
136.453
136.388
136.326
136.267
136.211
136.157
136.106
136.056
136.009
135.963
135.919
135.876
135.834
135.794
135.755
135.717
135.68
135.645
135.61
135.579
135.547
135.525
135.488
135.497
140.948
141.511
142.265
143.006
143.687
144.263
144.697
144.972
145.097
145.092
144.978
144.777
144.509
144.194
143.846
143.478
143.1
142.719
142.342
141.973
141.614
141.268
140.936
140.62
140.319
140.034
139.764
139.51
139.27
139.044
138.831
138.631
138.443
138.265
138.098
137.941
137.793
137.653
137.522
137.397
137.28
137.17
137.066
136.967
136.875
136.788
136.705
136.627
136.553
136.484
136.417
136.354
136.295
136.237
136.183
136.131
136.081
136.033
135.987
135.942
135.899
135.857
135.816
135.777
135.739
135.702
135.666
135.631
135.597
135.567
135.535
135.514
135.477
135.487
139.56
140.375
141.46
142.504
143.407
144.132
144.659
144.979
145.115
145.101
144.967
144.742
144.45
144.112
143.745
143.361
142.971
142.581
142.198
141.826
141.466
141.121
140.792
140.479
140.182
139.902
139.637
139.388
139.154
138.934
138.727
138.532
138.349
138.177
138.015
137.863
137.719
137.584
137.456
137.336
137.222
137.115
137.014
136.919
136.829
136.745
136.665
136.589
136.518
136.45
136.386
136.324
136.266
136.211
136.158
136.107
136.058
136.011
135.966
135.923
135.881
135.84
135.8
135.762
135.724
135.688
135.652
135.619
135.586
135.556
135.524
135.504
135.467
135.477
138.207
139.3
140.769
142.145
143.256
144.108
144.704
145.048
145.178
145.143
144.982
144.728
144.409
144.047
143.66
143.261
142.86
142.462
142.074
141.699
141.338
140.994
140.667
140.356
140.064
139.787
139.527
139.283
139.054
138.838
138.636
138.446
138.268
138.101
137.943
137.795
137.655
137.523
137.399
137.282
137.171
137.067
136.969
136.876
136.789
136.707
136.629
136.555
136.486
136.42
136.357
136.297
136.241
136.187
136.135
136.085
136.038
135.992
135.948
135.905
135.864
135.824
135.785
135.747
135.711
135.675
135.64
135.607
135.574
135.545
135.514
135.494
135.458
135.468
136.904
138.283
140.195
141.919
143.212
144.165
144.809
145.155
145.266
145.202
145.009
144.725
144.379
143.995
143.59
143.176
142.764
142.359
141.966
141.589
141.227
140.884
140.558
140.251
139.961
139.688
139.432
139.192
138.967
138.755
138.557
138.372
138.197
138.034
137.88
137.735
137.598
137.47
137.348
137.234
137.126
137.025
136.929
136.838
136.753
136.673
136.597
136.525
136.457
136.392
136.331
136.273
136.217
136.165
136.114
136.065
136.019
135.974
135.931
135.889
135.849
135.809
135.771
135.734
135.698
135.663
135.629
135.596
135.564
135.535
135.504
135.485
135.449
135.46
135.669
137.319
139.738
141.808
143.247
144.278
144.948
145.282
145.365
145.269
145.043
144.728
144.356
143.951
143.529
143.103
142.682
142.27
141.874
141.494
141.132
140.789
140.465
140.159
139.872
139.602
139.35
139.113
138.891
138.683
138.489
138.307
138.136
137.975
137.824
137.682
137.549
137.423
137.304
137.192
137.086
136.987
136.893
136.804
136.721
136.642
136.568
136.498
136.431
136.368
136.308
136.251
136.196
136.144
136.095
136.047
136.002
135.958
135.915
135.874
135.834
135.796
135.758
135.722
135.686
135.652
135.618
135.586
135.554
135.526
135.495
135.477
135.44
135.452
134.525
136.402
139.398
141.787
143.338
144.427
145.105
145.416
145.467
145.337
145.078
144.735
144.339
143.915
143.478
143.04
142.611
142.194
141.793
141.411
141.049
140.706
140.383
140.08
139.795
139.528
139.278
139.044
138.825
138.62
138.429
138.249
138.081
137.924
137.775
137.636
137.505
137.381
137.264
137.154
137.051
136.953
136.861
136.774
136.692
136.615
136.542
136.473
136.407
136.345
136.287
136.231
136.177
136.126
136.077
136.031
135.986
135.942
135.901
135.86
135.821
135.783
135.746
135.71
135.675
135.641
135.608
135.576
135.545
135.517
135.487
135.468
135.432
135.444
133.478
135.538
139.172
141.832
143.464
144.594
145.266
145.548
145.566
145.401
145.112
144.743
144.325
143.884
143.434
142.986
142.549
142.128
141.724
141.34
140.977
140.635
140.313
140.011
139.728
139.463
139.215
138.984
138.768
138.565
138.376
138.199
138.034
137.878
137.732
137.595
137.466
137.344
137.229
137.121
137.019
136.923
136.832
136.747
136.666
136.59
136.518
136.45
136.386
136.325
136.267
136.212
136.159
136.109
136.061
136.015
135.971
135.928
135.887
135.847
135.809
135.771
135.735
135.699
135.665
135.631
135.598
135.567
135.536
135.509
135.479
135.461
135.425
135.437
132.508
134.734
139.036
141.914
143.611
144.766
145.421
145.673
145.657
145.461
145.144
144.751
144.314
143.857
143.396
142.94
142.496
142.07
141.664
141.279
140.915
140.573
140.252
139.951
139.67
139.407
139.161
138.931
138.717
138.517
138.33
138.155
137.992
137.838
137.694
137.559
137.431
137.311
137.198
137.091
136.99
136.896
136.806
136.722
136.643
136.568
136.497
136.43
136.367
136.306
136.249
136.195
136.143
136.094
136.046
136.001
135.957
135.915
135.875
135.836
135.797
135.76
135.724
135.689
135.655
135.622
135.589
135.558
135.528
135.501
135.471
135.453
135.418
135.43
131.568
134.08
138.996
142.019
143.766
144.933
145.566
145.787
145.74
145.515
145.172
144.758
144.305
143.835
143.363
142.899
142.451
142.021
141.612
141.226
140.862
140.52
140.199
139.899
139.619
139.357
139.113
138.885
138.673
138.474
138.289
138.116
137.954
137.803
137.66
137.526
137.4
137.281
137.169
137.064
136.965
136.871
136.783
136.7
136.621
136.547
136.477
136.411
136.349
136.289
136.233
136.179
136.128
136.079
136.033
135.988
135.945
135.903
135.863
135.824
135.787
135.75
135.715
135.68
135.646
135.613
135.581
135.55
135.52
135.493
135.464
135.446
135.411
135.423
130.43
133.503
138.989
142.14
143.923
145.089
145.698
145.889
145.814
145.562
145.197
144.764
144.296
143.815
143.334
142.864
142.411
141.978
141.567
141.179
140.815
140.473
140.153
139.854
139.574
139.314
139.071
138.845
138.634
138.437
138.253
138.082
137.921
137.771
137.63
137.497
137.372
137.255
137.144
137.04
136.941
136.849
136.761
136.679
136.602
136.529
136.46
136.394
136.332
136.274
136.218
136.165
136.114
136.066
136.02
135.976
135.933
135.892
135.852
135.814
135.777
135.741
135.705
135.671
135.638
135.605
135.573
135.543
135.513
135.486
135.457
135.44
135.405
135.417
129.433
133.378
139.006
142.246
144.072
145.231
145.815
145.98
145.878
145.603
145.218
144.77
144.289
143.798
143.31
142.834
142.377
141.941
141.528
141.139
140.774
140.432
140.112
139.814
139.535
139.276
139.034
138.809
138.599
138.403
138.221
138.051
137.891
137.742
137.602
137.471
137.347
137.231
137.121
137.018
136.92
136.828
136.742
136.661
136.584
136.511
136.443
136.378
136.317
136.259
136.204
136.152
136.102
136.054
136.008
135.964
135.922
135.882
135.842
135.804
135.768
135.732
135.697
135.663
135.63
135.597
135.566
135.536
135.506
135.48
135.451
135.434
135.399
135.411
)
;

boundaryField
{
    inlet
    {
        type            freestreamPressure;
        value           nonuniform List<scalar> 
230
(
130.996
131
131.006
131.014
131.022
131.03
131.038
131.047
131.057
131.067
131.077
131.088
131.1
131.112
131.125
131.139
131.153
131.169
131.185
131.202
131.22
131.239
131.259
131.28
131.303
131.327
131.352
131.378
131.406
131.436
131.468
131.501
131.536
131.574
131.613
131.654
131.698
131.745
131.793
131.845
131.899
131.956
132.016
132.078
132.144
132.212
132.283
132.357
132.434
132.513
132.595
132.679
132.765
132.852
132.941
133.031
133.121
133.211
133.3
133.388
133.474
133.558
133.639
133.716
133.788
133.855
133.915
133.969
134.016
134.054
134.083
134.105
134.109
134.136
133.999
133.245
132.594
132.043
131.589
131.222
130.93
130.704
130.533
130.408
130.322
130.269
130.242
130.236
130.247
130.271
130.304
130.342
130.384
130.426
130.467
130.508
130.547
130.584
130.62
130.655
130.687
130.718
130.747
130.775
130.8
130.825
130.847
130.868
130.888
130.907
130.925
130.941
130.957
130.971
130.986
134.83
135.611
136.311
136.921
137.445
137.891
138.267
138.582
138.844
139.061
139.24
139.386
139.506
139.603
139.682
139.744
139.794
139.834
139.864
139.887
139.905
139.917
139.926
139.931
139.935
139.936
139.936
139.934
139.932
139.929
139.925
139.921
139.917
139.913
139.909
139.904
139.9
139.896
139.892
139.888
139.884
139.881
139.879
139.877
139.875
139.872
139.87
139.867
139.864
139.861
139.857
139.854
139.849
139.845
139.84
139.835
139.83
139.824
139.817
139.81
139.802
139.794
139.785
139.775
139.764
139.753
139.74
139.726
139.711
139.694
139.677
139.657
139.636
139.613
139.588
139.56
139.531
139.499
139.464
139.426
139.385
139.34
139.292
139.241
139.185
139.125
139.061
138.992
138.919
138.841
138.759
138.672
138.58
138.483
138.382
138.277
138.168
138.056
137.94
137.822
137.701
137.579
137.457
137.334
137.211
137.089
136.969
136.851
136.737
136.626
136.519
136.418
136.322
136.238
136.148
)
;
    }
    outlet
    {
        type            freestreamPressure;
        value           nonuniform List<scalar> 
96
(
135.405
135.399
135.393
135.386
135.379
135.372
135.364
135.356
135.347
135.337
135.327
135.317
135.305
135.294
135.281
135.268
135.254
135.239
135.224
135.208
135.192
135.175
135.157
135.14
135.122
135.105
135.089
135.075
135.065
135.063
135.073
135.091
135.091
135.027
134.868
134.639
134.427
134.308
134.29
134.319
134.338
134.329
134.301
134.267
134.235
134.202
134.178
134.136
136.148
136.133
136.106
136.074
136.042
136.013
135.988
135.968
135.953
135.939
135.927
135.913
135.899
135.883
135.865
135.845
135.825
135.804
135.783
135.763
135.742
135.722
135.702
135.683
135.665
135.647
135.63
135.613
135.598
135.583
135.569
135.555
135.542
135.53
135.518
135.507
135.497
135.487
135.477
135.468
135.46
135.452
135.444
135.437
135.43
135.423
135.417
135.411
)
;
    }
    walls
    {
        type            zeroGradient;
    }
    frontAndBack
    {
        type            empty;
    }
}


// ************************************************************************* //
