/*--------------------------------*- C++ -*----------------------------------*\
| =========                 |                                                 |
| \\      /  F ield         | OpenFOAM: The Open Source CFD Toolbox           |
|  \\    /   O peration     | Version:  5.x                                   |
|   \\  /    A nd           | Web:      www.OpenFOAM.org                      |
|    \\/     M anipulation  |                                                 |
\*---------------------------------------------------------------------------*/
FoamFile
{
    version     2.0;
    format      ascii;
    class       volScalarField;
    location    "50";
    object      p;
}
// * * * * * * * * * * * * * * * * * * * * * * * * * * * * * * * * * * * * * //

dimensions      [0 2 -2 0 0 0 0];

internalField   nonuniform List<scalar> 
11040
(
-1.71276
-99.9173
-302.708
-372.632
-407.135
-430.555
-441.26
-440.108
-430.268
-412.655
-386.864
-343.678
-301.177
-271.017
-250.184
-227.649
-204.564
-182.66
-161.891
-141.79
-122.291
-105.373
-91.2233
-77.9316
-65.474
-53.8367
-43.0682
-33.1565
-24.1893
-16.2251
-9.30877
-3.34622
1.80565
6.2753
10.1435
13.4545
16.2011
18.2854
19.2666
21.3408
23.7557
16.443
-74.0611
-208.111
-284.298
-331.27
-367.275
-390.589
-400.967
-400.734
-391.327
-372.755
-337.894
-299.993
-270.685
-249.494
-227.358
-204.647
-182.929
-162.274
-142.26
-122.816
-105.952
-91.7821
-78.4703
-65.9918
-54.3328
-43.5397
-33.5989
-24.5915
-16.5726
-9.58531
-3.55155
1.65319
6.16129
10.0537
13.376
16.1381
18.2519
18.9951
20.2653
21.8736
28.7253
-55.4065
-154.544
-238.878
-295.411
-336.202
-363.623
-377.777
-380.827
-374.395
-359.287
-330.673
-296.662
-268.098
-246.834
-225.66
-203.708
-182.393
-162.008
-142.21
-122.919
-106.136
-92.0059
-78.7256
-66.2714
-54.6359
-43.8588
-33.9241
-24.8985
-16.8358
-9.78251
-3.68484
1.56241
6.08692
9.97657
13.296
16.067
18.234
18.9578
19.9401
20.819
35.87
-38.6882
-114.284
-190.339
-247.639
-291.091
-323.46
-343.816
-352.76
-351.695
-341.84
-319.973
-290.86
-264.089
-243.197
-223.089
-202.081
-181.338
-161.352
-141.871
-122.81
-106.182
-92.1366
-78.9196
-66.515
-54.926
-44.1826
-34.2651
-25.2231
-17.1104
-9.9835
-3.817
1.47256
6.00656
9.88986
13.2096
15.9848
18.1945
18.9994
20.0457
20.6362
40.4803
-23.262
-82.4779
-147.313
-202.91
-247.846
-283.25
-308.083
-322.025
-326.035
-321.41
-306.239
-282.838
-258.783
-238.621
-219.579
-199.7
-179.731
-160.28
-141.228
-122.497
-106.1
-92.1937
-79.0878
-66.7737
-55.2648
-44.5814
-34.7015
-25.6557
-17.4975
-10.2925
-4.04672
1.29822
5.85573
9.74841
13.0832
15.873
18.1277
19.0749
20.3213
21.0689
43.1716
-10.1384
-57.5892
-111.324
-161.84
-205.389
-241.693
-269.575
-287.927
-296.98
-297.755
-289.208
-272.012
-251.571
-232.768
-214.952
-196.403
-177.426
-158.668
-140.166
-121.872
-105.783
-92.0866
-79.1578
-66.9919
-55.6104
-45.0285
-35.2229
-26.2061
-18.023
-10.7443
-4.40588
1.01922
5.62845
9.55337
12.9174
15.7364
18.0537
19.2183
20.7315
21.8122
44.4311
0.481017
-38.101
-82.0229
-125.738
-165.713
-200.896
-229.956
-251.407
-264.809
-270.686
-268.399
-257.611
-241.706
-225.172
-208.945
-191.959
-174.23
-156.365
-138.566
-120.841
-105.159
-91.7603
-79.0881
-67.1405
-55.9457
-45.5169
-35.8327
-26.8885
-18.713
-11.3715
-4.92442
0.616763
5.31892
9.30686
12.7158
15.5799
17.9825
19.4345
21.2729
22.7337
44.7743
8.75585
-22.8784
-58.5838
-95.2083
-130.285
-162.693
-191.117
-214.026
-230.551
-240.69
-243.902
-239.274
-228.522
-215.189
-201.094
-185.986
-169.827
-153.137
-136.252
-119.273
-104.133
-91.1433
-78.8263
-67.1857
-56.2523
-46.0404
-36.5323
-27.7117
-19.5867
-12.208
-5.64844
0.0413716
4.8836
8.97589
12.4552
15.3859
17.9008
19.6881
21.9007
23.7121
44.4695
14.9832
-11.0741
-40.0553
-70.1631
-99.8979
-128.459
-154.765
-177.468
-195.576
-208.715
-216.291
-217.093
-211.603
-202.198
-190.869
-178.045
-163.829
-148.668
-132.984
-116.988
-102.566
-90.1204
-78.2802
-67.0525
-56.4687
-46.5451
-37.2709
-28.6268
-20.6056
-13.239
-6.59734
-0.758105
4.25397
8.49391
12.0832
15.1162
17.7772
19.9211
22.5268
24.632
43.7483
19.5541
-1.98077
-25.5314
-50.0248
-74.6418
-98.9429
-122.196
-143.332
-161.487
-176.134
-186.652
-191.712
-191.016
-185.843
-177.826
-167.72
-155.836
-142.599
-128.469
-113.756
-100.278
-88.5437
-77.3215
-66.6244
-56.4843
-46.9251
-37.9444
-29.5315
-21.6746
-14.3923
-7.74066
-1.80397
3.36282
7.77133
11.5137
14.6978
17.5456
20.0397
23.0053
25.3672
42.757
22.8318
4.97913
-14.1916
-34.0307
-54.1135
-74.2748
-94.0859
-112.803
-129.774
-144.523
-156.464
-164.348
-167.466
-166.264
-161.779
-154.725
-145.517
-134.587
-122.394
-109.31
-97.0483
-86.2184
-75.7756
-65.7347
-56.1433
-47.0312
-38.4176
-30.2992
-22.6784
-15.5641
-9.00211
-3.0606
2.19396
6.75045
10.6645
14.0392
17.1027
19.9134
23.1585
25.7524
41.6199
25.1398
10.3018
-5.34437
-21.3985
-37.6557
-54.1052
-70.5371
-86.4904
-101.516
-115.276
-127.314
-136.57
-142.229
-144.216
-143.014
-139.061
-132.723
-124.384
-114.466
-103.356
-92.5917
-82.8822
-73.3909
-64.1567
-55.2351
-46.6831
-38.5323
-30.8017
-23.5019
-16.6501
-10.278
-4.43903
0.813446
5.45804
9.52522
13.0931
16.3663
19.429
22.8324
25.6238
40.4315
26.7487
14.3879
1.5809
-11.4256
-24.5441
-37.8368
-51.2248
-64.4473
-77.2228
-89.353
-100.532
-109.95
-116.866
-120.973
-122.365
-121.183
-117.621
-111.954
-104.508
-95.6272
-86.6076
-78.2238
-69.8701
-61.6105
-53.5141
-45.6637
-38.107
-30.8826
-24.0104
-17.5191
-11.4327
-5.79391
-0.637137
4.0161
8.18026
11.9005
15.3352
18.5616
21.989
24.9087
39.2694
27.8739
17.5579
7.04425
-3.51785
-14.1024
-24.7975
-35.5927
-46.3509
-56.9138
-67.1748
-76.9633
-85.7109
-92.8335
-97.9842
-101.06
-101.991
-100.793
-97.5872
-92.5759
-86.003
-78.882
-71.9828
-64.9383
-57.8186
-50.7177
-43.7218
-36.9086
-30.3177
-23.9931
-17.9604
-12.2569
-6.90837
-1.94778
2.61605
6.77897
10.5633
14.0692
17.3555
20.6899
23.6184
38.1867
28.6763
20.0574
11.4034
2.80231
-5.75188
-14.3492
-23.0109
-31.67
-40.2445
-48.6844
-56.9098
-64.547
-71.1775
-76.509
-80.3801
-82.627
-83.146
-81.9304
-79.0517
-74.6494
-69.4198
-64.0805
-58.4398
-52.5848
-46.6043
-40.6011
-34.6541
-28.8231
-23.1545
-17.6914
-12.4694
-7.52162
-2.87185
1.46789
5.48977
9.19403
12.6383
15.8565
19.0023
21.8105
37.2354
29.2903
22.085
14.9441
7.91907
0.988094
-5.93157
-12.8728
-19.806
-26.6915
-33.5132
-40.2361
-46.6259
-52.402
-57.3521
-61.3274
-64.1556
-65.6897
-65.8496
-64.6146
-62.0294
-58.5101
-54.6583
-50.4063
-45.8352
-41.0275
-36.0864
-31.0945
-26.1205
-21.2172
-16.4361
-11.8176
-7.39901
-3.20419
0.753536
4.46312
7.91487
11.139
14.1534
17.0343
19.6426
36.4798
29.8409
23.8189
17.9174
12.1673
6.53867
0.958906
-4.60674
-10.1476
-15.646
-21.102
-26.5029
-31.704
-36.5224
-40.8152
-44.4706
-47.3471
-49.3052
-50.2445
-50.0992
-48.8536
-46.7096
-44.1294
-41.1145
-37.7323
-34.0538
-30.1742
-26.1726
-22.1205
-18.0721
-14.0816
-10.1886
-6.43071
-2.83034
0.598341
3.84404
6.89417
9.76539
12.4673
15.0319
17.3981
35.9161
30.3138
25.2314
20.2972
15.533
10.9042
6.34779
1.83162
-2.64232
-7.0669
-11.4473
-15.7804
-19.9721
-23.9053
-27.4883
-30.6429
-33.2639
-35.2391
-36.4771
-36.9039
-36.4779
-35.2715
-33.6238
-31.5673
-29.1539
-26.4427
-23.5149
-20.4391
-17.2793
-14.0839
-10.9011
-7.76505
-4.70838
-1.7495
1.09934
3.82832
6.4252
8.89922
11.2547
13.5
15.613
35.4932
30.6948
26.3424
22.1526
18.1412
14.2724
10.491
6.76868
3.10302
-0.504437
-4.06097
-7.56788
-10.9616
-14.1633
-17.1139
-19.7605
-22.028
-23.832
-25.0987
-25.7628
-25.7787
-25.153
-24.1369
-22.7706
-21.092
-19.1476
-17.0023
-14.7097
-12.3209
-9.87346
-7.4053
-4.94254
-2.51088
-0.124974
2.20448
4.46771
6.65234
8.76176
10.7954
12.7496
14.6164
35.1824
31.0233
27.2512
23.6473
20.2224
16.9419
13.7571
10.6436
7.59657
4.61529
1.69183
-1.17668
-3.94676
-6.5629
-8.98625
-11.1819
-13.0974
-14.6718
-15.8494
-16.5781
-16.8182
-16.5482
-15.9575
-15.0825
-13.9479
-12.5883
-11.0519
-9.37744
-7.60202
-5.75289
-3.85808
-1.9371
-0.0101252
1.9103
3.81384
5.6897
7.52483
9.31772
11.0638
12.7536
14.383
34.9556
31.3144
28.0149
24.8813
21.9242
19.1082
16.3921
13.7533
11.1871
8.69044
6.25632
3.88073
1.59451
-0.562994
-2.56502
-4.38768
-5.99569
-7.34477
-8.39609
-9.1084
-9.45274
-9.39716
-9.08747
-8.54992
-7.80034
-6.86081
-5.76783
-4.5465
-3.22459
-1.82034
-0.356002
1.15381
2.69169
4.24624
5.8066
7.36126
8.89695
10.4092
11.8913
13.3323
14.7291
34.7912
31.5792
28.6694
25.9214
23.343
20.9009
18.5582
16.2954
14.1067
11.9886
9.93452
7.94012
6.02826
4.2264
2.55495
1.02841
-0.326313
-1.47997
-2.40198
-3.065
-3.44386
-3.51159
-3.37472
-3.05634
-2.55942
-1.90426
-1.11292
-0.207533
0.795685
1.87895
3.02787
4.22699
5.4636
6.72483
8.00154
9.28141
10.5528
11.8101
13.0466
14.2524
15.4248
34.6746
31.8226
29.2387
26.8114
24.5446
22.4086
20.3689
18.4093
16.5228
14.7062
12.9528
11.2591
9.64155
8.1205
6.71082
5.42222
4.27482
3.28884
2.48771
1.89026
1.517
1.39048
1.42929
1.61653
1.95403
2.42511
3.01367
3.70207
4.47833
5.32755
6.23786
7.19591
8.19047
9.21041
10.247
11.29
12.329
13.3598
14.3758
15.3697
16.3395
34.5949
32.0472
29.7402
27.582
25.5766
23.6945
21.9059
20.1953
18.5565
16.9855
15.4765
14.0263
12.6471
11.3547
10.1588
9.06808
8.09526
7.257
6.56846
6.04591
5.7023
5.55955
5.54842
5.66102
5.89753
6.24711
6.69384
7.22625
7.83244
8.50212
9.22392
9.98793
10.7839
11.6032
12.4383
13.2804
14.1219
14.9587
15.7863
16.5979
17.3936
34.5436
32.2564
30.1857
28.2571
26.4725
24.8049
23.2268
21.7248
20.2925
18.9259
17.62
16.3718
15.1906
14.0882
13.072
12.1481
11.3259
10.6177
10.0343
9.58776
9.28749
9.15118
9.11994
9.18956
9.36127
9.62575
9.96982
10.3841
10.8595
11.3877
11.9596
12.5671
13.2025
13.8584
14.5294
15.2081
15.8889
16.5681
17.2427
17.9071
18.5617
34.5145
32.4515
30.585
28.853
27.2578
25.7724
24.3737
23.048
21.7904
20.5962
19.4613
18.3827
17.3676
16.4249
15.56
14.7774
14.0839
13.4885
12.9987
12.6234
12.3688
12.2488
12.2118
12.2565
12.3846
12.588
12.8557
13.1804
13.5548
13.9724
14.4264
14.9103
15.4181
15.9441
16.4841
17.0321
17.584
18.1367
18.6881
19.2331
19.7727
34.5022
32.6338
30.9441
29.3827
27.9501
26.622
25.3764
24.202
23.093
22.0456
21.0555
20.1203
19.2451
18.4368
17.6993
17.0352
16.4502
15.9499
15.5405
15.2268
15.0143
14.9116
14.8749
14.9036
15.0008
15.1586
15.3686
15.6243
15.9206
16.2522
16.614
17.001
17.4085
17.8322
18.2684
18.7129
19.1615
19.6126
20.0634
20.5106
20.9539
34.5025
32.8038
31.2686
29.8552
28.564
27.3716
26.2585
25.214
24.2328
23.3107
22.4443
21.6308
20.8741
20.179
19.5485
18.984
18.4896
18.0693
17.727
17.4662
17.29
17.204
17.1701
17.1892
17.2642
17.3884
17.5546
17.7576
17.9936
18.2585
18.5484
18.8596
19.1883
19.5311
19.8849
20.2463
20.6118
20.98
21.3485
21.7146
22.0778
34.5121
32.9619
31.5623
30.2787
29.1103
28.0363
27.0377
26.1057
25.2345
24.4206
23.6599
22.9504
22.2942
21.6952
21.1548
20.6741
20.2555
19.902
19.616
19.3998
19.2548
19.1847
19.1554
19.1694
19.2291
19.3289
19.4622
19.6253
19.8146
20.0277
20.2608
20.5116
20.7769
21.0543
21.3408
21.6341
21.9309
22.2304
22.5301
22.8281
23.1236
34.5282
33.109
31.8285
30.6586
29.598
28.6268
27.7284
26.8939
26.1183
25.3976
24.7283
24.1077
23.5374
23.0198
22.5557
22.1454
21.7905
21.4929
21.254
21.0751
20.9568
20.9007
20.8769
20.8881
20.937
21.018
21.126
21.2572
21.4094
21.58
21.767
21.968
22.1813
22.4045
22.6362
22.8734
23.1147
23.3581
23.6025
23.8451
24.0858
34.5488
33.2448
32.0698
30.9998
30.0338
29.1528
28.3418
27.5926
26.9002
26.2605
25.67
25.126
24.6293
24.1812
23.7819
23.4312
23.13
22.8792
22.6798
22.5322
22.4365
22.3927
22.3745
22.3849
22.4264
22.4937
22.5824
22.689
22.8119
22.949
23.0989
23.2599
23.431
23.6104
23.7973
23.9894
24.1855
24.3842
24.5844
24.7834
24.9812
34.5721
33.3704
32.2881
31.3064
30.4233
29.6219
28.8876
28.2132
27.5933
27.0242
26.5021
26.0244
25.591
25.2025
24.8587
24.5587
24.303
24.0917
23.9254
23.804
23.7271
23.694
23.6811
23.6918
23.7281
23.7854
23.8595
23.9475
24.0481
24.1595
24.2809
24.4109
24.549
24.694
24.8455
25.0017
25.1619
25.3248
25.4897
25.6542
25.8184
34.5972
33.4856
32.4858
31.5817
30.7721
30.0403
29.3739
28.7647
28.2087
27.701
27.2387
26.8183
26.4399
26.1027
25.8065
25.5499
25.3328
25.155
25.0165
24.9167
24.8555
24.8309
24.8228
24.8342
24.867
24.9171
24.9807
25.0551
25.1394
25.2317
25.3318
25.4383
25.5512
25.6694
25.793
25.9203
26.0512
26.1846
26.3205
26.4567
26.5936
34.6229
33.5915
32.6644
31.8291
31.0839
30.4138
29.8066
29.2554
28.755
28.3015
27.8912
27.5211
27.1901
26.8977
26.6424
26.4232
26.2391
26.0897
25.9745
25.8929
25.844
25.8264
25.8216
25.8334
25.8629
25.9071
25.962
26.026
26.0973
26.1754
26.259
26.3479
26.4413
26.539
26.6403
26.7448
26.8518
26.9613
27.0727
27.185
27.2978
34.6488
33.6881
32.8255
32.0508
31.3624
30.7464
30.1918
29.6911
29.24
28.834
28.4695
28.1433
27.8539
27.6002
27.3806
27.1936
27.0379
26.9128
26.8174
26.7508
26.7122
26.6998
26.6977
26.7094
26.736
26.7748
26.8225
26.8774
26.9382
27.0043
27.0745
27.1488
27.2262
27.3068
27.3898
27.4753
27.5623
27.6514
27.7417
27.8329
27.9245
34.6743
33.7762
32.9703
32.249
31.6106
31.0424
30.5335
30.0777
29.6696
29.3056
28.9812
28.6937
28.4406
28.221
28.0323
27.8733
27.742
27.6378
27.5591
27.5053
27.475
27.4668
27.4664
27.4775
27.5008
27.5343
27.5748
27.6212
27.6719
27.7269
27.7849
27.8462
27.9095
27.9753
28.0425
28.1114
28.181
28.2519
28.3232
28.3947
28.466
34.6991
33.8559
33.1001
32.4256
31.831
31.3045
30.836
30.4193
30.0493
29.7219
29.4331
29.1794
28.9585
28.7682
28.6068
28.4717
28.3617
28.2749
28.2105
28.1669
28.1433
28.1376
28.1381
28.1474
28.167
28.1944
28.2278
28.2654
28.307
28.3515
28.3989
28.4482
28.4998
28.5526
28.6071
28.6623
28.7182
28.7743
28.8308
28.8865
28.9421
34.7229
33.9278
33.2155
32.5819
32.0256
31.5354
31.1022
30.7197
30.3832
30.0881
29.8306
29.6067
29.414
29.2498
29.112
28.998
28.9061
28.8344
28.7819
28.7469
28.7285
28.7246
28.7253
28.7329
28.7489
28.7711
28.7981
28.8284
28.862
28.8977
28.9358
28.9753
29.0167
29.0592
29.1031
29.1477
29.1931
29.2386
29.2845
29.3295
29.3744
34.7455
33.9917
33.3172
32.719
32.1958
31.7373
31.3348
30.9823
30.6751
30.4085
30.1784
29.9809
29.813
29.6717
29.5547
29.459
29.3829
29.3242
29.2816
29.2536
29.2392
29.2365
29.2369
29.2428
29.2555
29.2731
29.2948
29.3191
29.3462
29.375
29.4057
29.4375
29.4707
29.5046
29.5399
29.5756
29.6124
29.6494
29.6873
29.7248
29.7625
34.7665
34.048
33.4057
32.8378
32.3432
31.9121
31.5361
31.21
30.9282
30.6866
30.4805
30.3061
30.1599
30.0387
29.9399
29.8603
29.7979
29.7504
29.7164
29.6942
29.6829
29.6808
29.6809
29.6851
29.695
29.709
29.7266
29.7467
29.7695
29.7939
29.82
29.847
29.875
29.9032
29.9322
29.9612
29.991
30.0209
30.0519
30.0828
30.1143
34.7857
34.0966
33.4813
32.9392
32.469
32.0613
31.7087
31.405
31.1458
30.9256
30.7406
30.586
30.4588
30.355
30.2721
30.2065
30.1564
30.1187
30.0924
30.0753
30.0668
30.0651
30.0647
30.0673
30.0746
30.0852
30.0993
30.1159
30.1355
30.1569
30.1805
30.205
30.2306
30.256
30.2818
30.307
30.3324
30.3574
30.3832
30.409
30.4355
34.8027
34.1373
33.5442
33.0234
32.5737
32.1863
31.8535
31.5698
31.3298
31.1285
30.9614
30.8242
30.7129
30.6244
30.555
30.5019
30.4623
30.4341
30.415
30.4037
30.3986
30.3989
30.399
30.4015
30.4069
30.4154
30.4263
30.4401
30.4563
30.4754
30.4965
30.5196
30.5435
30.5682
30.5924
30.6164
30.6391
30.6613
30.6825
30.7035
30.7236
34.8173
34.1698
33.594
33.0903
32.6574
32.287
31.9716
31.7052
31.4821
31.2973
31.1458
31.0235
30.9261
30.8502
30.7924
30.7497
30.7192
30.6988
30.6862
30.68
30.6785
30.6811
30.6829
30.6862
30.6912
30.6985
30.7073
30.7186
30.732
30.7482
30.7666
30.7874
30.8095
30.8327
30.8559
30.8788
30.9004
30.9209
30.9398
30.9577
30.9737
34.8293
34.1945
33.6313
33.1405
32.7208
32.3642
32.0632
31.8117
31.6035
31.4333
31.2958
31.1865
31.1012
31.0363
30.9882
30.9544
30.9318
30.9184
30.9119
30.9111
30.9139
30.9199
30.9248
30.9306
30.9373
30.9452
30.9539
30.9642
30.976
30.9901
31.006
31.0242
31.0439
31.0651
31.0864
31.1077
31.1277
31.1465
31.1631
31.1782
31.1906
34.8389
34.212
33.6574
33.1758
32.766
32.4201
32.1308
31.8916
31.696
31.5384
31.4131
31.3154
31.2407
31.1853
31.1454
31.1184
31.1014
31.0925
31.0895
31.0914
31.0964
31.1041
31.1111
31.1188
31.1269
31.136
31.1453
31.1557
31.167
31.18
31.1943
31.2106
31.2279
31.2467
31.2657
31.285
31.3035
31.3212
31.3373
31.3524
31.3653
34.8453
34.2203
33.6695
33.1938
32.7908
32.4533
32.174
31.9453
31.761
31.6143
31.4999
31.4125
31.3475
31.3012
31.2699
31.2508
31.241
31.2387
31.2414
31.2483
31.2573
31.2684
31.2789
31.29
31.3013
31.3133
31.3252
31.338
31.351
31.3651
31.3799
31.3959
31.4125
31.4299
31.4474
31.465
31.482
31.4984
31.5137
31.5283
31.5408
34.8469
34.2137
33.6585
33.182
32.7815
32.4498
32.1784
31.9603
31.7867
31.6519
31.5485
31.4719
31.4161
31.3779
31.3528
31.3386
31.3322
31.3324
31.3368
31.3452
31.3555
31.3675
31.3792
31.3919
31.4048
31.4187
31.4327
31.4477
31.4631
31.4795
31.4964
31.5142
31.5321
31.5503
31.5681
31.5856
31.6018
31.617
31.6304
31.6427
31.6526
34.8436
34.1954
33.6295
33.1463
32.7431
32.4125
32.146
31.9347
31.7706
31.6459
31.5543
31.4895
31.4469
31.4214
31.4099
31.4084
31.4146
31.4256
31.4398
31.4555
31.472
31.488
31.5037
31.519
31.5348
31.5506
31.5672
31.5843
31.6026
31.6216
31.6418
31.6626
31.684
31.7052
31.726
31.7455
31.7635
31.7792
31.7927
31.8033
31.8111
37.2128
39.868
42.717
43.9667
43.5658
44.4689
46.0422
46.5178
45.4337
44.7441
44.7035
44.7713
44.8168
44.6173
44.305
43.8974
43.5132
43.0771
42.7294
42.287
41.9096
41.4758
41.0773
40.6865
40.3417
39.9675
39.6516
39.3007
38.9907
38.7213
38.4728
38.2659
38.0737
37.9284
37.7964
37.6707
37.5396
37.4013
37.259
37.146
37.0054
36.8412
36.7214
36.5659
36.4573
36.3168
36.1882
36.0922
35.9802
35.8483
35.7499
35.6521
35.5675
35.4854
35.4057
35.351
35.2711
35.208
35.1346
35.0796
35.0121
34.968
34.9025
34.831
34.7761
34.7043
34.6537
34.5837
34.5162
34.4497
34.3933
34.3142
34.2684
34.1359
36.1368
39.1589
41.9593
43.2277
42.9943
44.2004
46.4009
46.0469
43.6956
42.5966
42.7369
43.1647
43.534
43.6216
43.5538
43.3634
43.167
42.8991
42.6811
42.3651
42.0812
41.7354
41.4045
41.0624
40.7483
40.3935
40.0792
39.7329
39.4204
39.1452
38.8862
38.6664
38.4605
38.3008
38.1532
38.0096
37.8602
37.7022
37.5415
37.4072
37.2493
37.0689
36.9298
36.7598
36.6339
36.4803
36.3396
36.2271
36.1036
35.9611
35.8518
35.744
35.6497
35.559
35.4715
35.4081
35.3224
35.2532
35.1744
35.1141
35.042
34.9928
34.9238
34.849
34.7908
34.7165
34.6625
34.5907
34.5214
34.4531
34.3947
34.3148
34.2678
34.1359
34.7381
37.5609
40.7784
42.4268
42.5027
43.8582
46.4523
45.578
42.3535
40.8815
41.0794
41.7507
42.3692
42.7017
42.8463
42.8518
42.8198
42.7067
42.6032
42.4061
42.2084
41.9477
41.6811
41.3872
41.1029
40.7705
40.4614
40.1224
39.8102
39.5305
39.2656
39.0344
38.8189
38.6454
38.4846
38.3253
38.1596
37.9841
37.8074
37.6527
37.4793
37.2849
37.1272
36.9444
36.8017
36.6365
36.4849
36.3565
36.2223
36.0702
35.9502
35.8329
35.7294
35.6306
35.5359
35.4635
35.3725
35.2972
35.2135
35.1478
35.0717
35.0168
34.9446
34.8669
34.8052
34.7288
34.6711
34.5977
34.5268
34.4566
34.3962
34.3156
34.2675
34.1362
33.5569
36.1956
39.5996
41.6906
42.1002
43.3686
45.9942
45.2169
41.7096
39.8789
39.9292
40.6472
41.3883
41.8853
42.1869
42.3457
42.4442
42.4581
42.4512
42.3565
42.2365
42.0532
41.8468
41.5991
41.345
41.0374
40.7384
40.4101
40.1029
39.8224
39.5575
39.3191
39.0991
38.9162
38.7464
38.5757
38.3983
38.2102
38.022
37.8506
37.6657
37.4616
37.2885
37.0966
36.9397
36.7658
36.6057
36.4639
36.3213
36.1619
36.0329
35.9078
35.7965
35.691
35.5906
35.5102
35.4152
35.3345
35.2469
35.1762
35.0972
35.0371
34.9624
34.8823
34.8173
34.7394
34.6782
34.6036
34.5313
34.4596
34.3974
34.3164
34.2672
34.1369
32.8926
35.5287
38.8235
41.1719
41.791
42.7933
44.9145
44.5718
41.4012
39.3556
39.144
39.7669
40.5315
41.13
41.5495
41.8341
42.0421
42.1672
42.2467
42.2454
42.1986
42.0882
41.9389
41.7371
41.5134
41.233
40.9481
40.6334
40.3335
40.0548
39.793
39.5512
39.3296
39.1394
38.9635
38.7845
38.5986
38.4008
38.2036
38.0183
37.8243
37.613
37.4269
37.2279
37.0588
36.878
36.7108
36.5578
36.4078
36.2426
36.1055
35.9738
35.8557
35.7444
35.6391
35.5515
35.453
35.3675
35.2766
35.2014
35.1201
35.055
34.9781
34.8961
34.8279
34.7489
34.6844
34.6087
34.5352
34.462
34.3983
34.317
34.2669
34.1377
32.5001
35.319
38.4681
40.9012
41.5952
42.2296
43.5559
43.5162
41.1288
39.1289
38.6415
39.0693
39.7731
40.4132
40.9147
41.298
41.5993
41.8205
41.9816
42.0654
42.0905
42.05
41.9579
41.8039
41.6134
41.3635
41.0972
40.7995
40.5096
40.2359
39.9796
39.7379
39.517
39.3226
39.1423
38.9576
38.7656
38.5611
38.3574
38.1611
37.9597
37.7435
37.5468
37.3423
37.163
36.9763
36.8033
36.6409
36.4846
36.3148
36.1706
36.033
35.9088
35.7925
35.6829
35.589
35.4875
35.3976
35.3038
35.2243
35.1411
35.0714
34.9924
34.9089
34.8376
34.7576
34.6901
34.6133
34.5386
34.4641
34.399
34.3175
34.2665
34.1387
32.2896
35.3223
38.3161
40.7461
41.4916
41.7293
42.3439
42.2381
40.6633
38.9908
38.3311
38.5306
39.1103
39.7349
40.2796
40.7332
41.1091
41.4117
41.6474
41.8101
41.9056
41.933
41.8987
41.7954
41.6418
41.4265
41.1837
40.9071
40.6304
40.3653
40.1167
39.8791
39.6611
39.4651
39.2831
39.0954
38.9001
38.6915
38.4833
38.279
38.072
37.8528
37.6479
37.4394
37.2519
37.0608
36.883
36.7132
36.5515
36.3782
36.228
36.0853
35.9559
35.8353
35.722
35.6226
35.5184
35.4246
35.3283
35.2451
35.1601
35.0862
35.0054
34.9205
34.8463
34.7655
34.6953
34.6176
34.5417
34.466
34.3995
34.3181
34.2662
34.1399
32.2854
35.4148
38.1714
40.5247
41.3599
41.3497
41.471
41.0771
39.9607
38.7277
38.0763
38.1034
38.5397
39.1067
39.657
40.1492
40.5772
40.9417
41.2414
41.473
41.6352
41.7283
41.7532
41.7039
41.5927
41.4172
41.2035
40.9528
40.6939
40.4413
40.2028
39.9729
39.7605
39.566
39.3842
39.1964
39.0003
38.7906
38.5801
38.3708
38.1601
37.9397
37.7295
37.5185
37.3249
37.1305
36.9492
36.7739
36.6081
36.4324
36.2772
36.1304
35.9965
35.8724
35.756
35.6521
35.5457
35.4485
35.3502
35.2636
35.1771
35.0996
35.0171
34.9311
34.8542
34.7726
34.7
34.6214
34.5445
34.4677
34.4001
34.3187
34.2659
34.1414
32.4266
35.4687
37.9384
40.1346
41.0622
41.0521
40.9174
40.2941
39.2346
38.2714
37.7393
37.7065
38.038
38.5374
39.0674
39.5697
40.0241
40.4268
40.7729
41.0595
41.2804
41.4344
41.5177
41.5249
41.4619
41.3319
41.154
40.9352
40.6994
40.464
40.2388
40.0203
39.8162
39.6263
39.4474
39.2622
39.068
38.8599
38.6492
38.4376
38.2249
38.0053
37.7918
37.5801
37.3824
37.1863
37.0024
36.8235
36.6543
36.4775
36.3184
36.1686
36.031
35.9041
35.7852
35.6775
35.5694
35.4694
35.3694
35.28
35.192
35.1114
35.0275
34.9406
34.8613
34.779
34.7042
34.6249
34.547
34.4693
34.4006
34.3194
34.2659
34.1433
32.5004
35.2925
37.4932
39.5398
40.5387
40.6465
40.4722
39.8564
38.7659
37.7997
37.3043
37.2685
37.5571
38.0151
38.524
39.021
39.4801
39.8957
40.2643
40.5841
40.8477
41.0515
41.1884
41.2516
41.2415
41.1624
41.0279
40.8479
40.6426
40.4302
40.2224
40.0192
39.8267
39.6449
39.4712
39.2915
39.1017
38.898
38.6895
38.4784
38.2657
38.0484
37.8344
37.6234
37.4238
37.2273
37.0422
36.8615
36.69
36.5131
36.3515
36.1994
36.059
35.9301
35.8093
35.6989
35.5894
35.4872
35.3859
35.2941
35.205
35.1218
35.0366
34.949
34.8676
34.7846
34.7081
34.628
34.5493
34.4708
34.4012
34.3202
34.2659
34.1456
32.1815
34.6729
36.6493
38.6134
39.7377
39.9818
39.8282
39.3618
38.4885
37.5425
36.9535
36.8374
37.0808
37.5193
38.0237
38.5197
38.9757
39.3859
39.7527
40.0787
40.3604
40.5937
40.7706
40.8823
40.9248
40.8998
40.8158
40.6824
40.5162
40.3347
40.1506
39.9675
39.7907
39.6206
39.4556
39.2841
39.1016
38.905
38.7011
38.4931
38.2825
38.0692
37.857
37.6486
37.4489
37.2538
37.0687
36.8877
36.7151
36.5394
36.3763
36.2231
36.0808
35.9505
35.8284
35.7161
35.6057
35.5019
35.3997
35.3061
35.2159
35.1306
35.0444
34.9563
34.8732
34.7896
34.7115
34.6309
34.5514
34.4723
34.4019
34.3213
34.2663
34.1484
31.2094
33.4433
35.2643
37.1897
38.4704
38.9153
38.8496
38.4911
37.8985
37.2293
36.7288
36.555
36.7129
37.0991
37.5869
38.0807
38.5333
38.9315
39.2798
39.5872
39.8575
40.0918
40.2845
40.427
40.5122
40.538
40.5072
40.4266
40.3085
40.1673
40.0156
39.8593
39.7039
39.5504
39.3977
39.2375
39.0652
38.8785
38.6821
38.4797
38.2737
38.0659
37.858
37.6539
37.4566
37.2643
37.0809
36.9014
36.729
36.5553
36.3924
36.239
36.0958
35.9648
35.8422
35.7287
35.618
35.5133
35.4107
35.3157
35.2248
35.1378
35.0509
34.9624
34.878
34.7939
34.7145
34.6334
34.5534
34.4738
34.4026
34.3225
34.2669
34.1516
29.5873
31.6102
33.33
35.2006
36.5947
37.2656
37.4072
37.2307
36.8611
36.4565
36.1855
36.1523
36.3633
36.7612
37.2525
37.7515
38.2009
38.5804
38.8947
39.1599
39.3896
39.5922
39.7686
39.9134
40.0195
40.0817
40.0978
40.0705
40.0062
39.9148
39.8058
39.686
39.5601
39.4299
39.2951
39.1502
38.9915
38.8174
38.6312
38.4371
38.2381
38.0376
37.8362
37.6385
37.4459
37.2584
37.0782
36.9019
36.7311
36.5608
36.3993
36.2468
36.1039
35.9729
35.8505
35.7367
35.6263
35.5212
35.4187
35.3229
35.2315
35.1433
35.0559
34.9674
34.882
34.7975
34.717
34.6355
34.5552
34.4752
34.4035
34.324
34.2678
34.1553
27.459
29.2924
30.929
32.7093
34.1568
35.0303
35.4379
35.5288
35.4273
35.268
35.2019
35.3266
35.6651
36.1732
36.7713
37.3713
37.903
38.3291
38.6449
38.8701
39.0345
39.1659
39.2823
39.3883
39.4809
39.5526
39.5972
39.6127
39.5999
39.5625
39.5054
39.4326
39.3472
39.2502
39.1413
39.0178
38.8771
38.7189
38.5459
38.3627
38.1732
37.9817
37.7892
37.5998
37.4145
37.2339
37.0591
36.8877
36.7205
36.5547
36.3961
36.2458
36.1043
35.9741
35.8527
35.7393
35.63
35.5252
35.4234
35.3274
35.2358
35.1468
35.0593
34.9709
34.885
34.8003
34.7189
34.6373
34.5568
34.4767
34.4046
34.3256
34.2691
34.1596
24.9463
26.6266
28.1877
29.8634
31.3099
32.346
33.0122
33.4007
33.5971
33.7076
33.8534
34.1302
34.5809
35.1906
35.9021
36.6364
37.3164
37.8859
38.3166
38.6088
38.7835
38.875
38.9183
38.9445
38.9707
39.0026
39.0371
39.0689
39.0925
39.1036
39.1007
39.0828
39.0488
38.9971
38.9261
38.8335
38.7181
38.5807
38.4246
38.2551
38.0773
37.8966
37.7148
37.5359
37.3603
37.1889
37.0219
36.8577
36.6961
36.5362
36.3822
36.2353
36.0965
35.9681
35.8484
35.7364
35.6288
35.5251
35.4245
35.3289
35.2376
35.1484
35.061
34.973
34.887
34.8023
34.7203
34.6386
34.5582
34.4781
34.4057
34.3276
34.2707
34.1644
22.2199
23.7841
25.2773
26.8381
28.2501
29.3954
30.2795
30.9449
31.4366
31.8265
32.2029
32.6477
33.2114
33.903
34.6936
35.5259
36.3317
37.0479
37.6309
38.0609
38.3442
38.503
38.5704
38.5792
38.558
38.5286
38.5075
38.5035
38.5191
38.5492
38.5864
38.6217
38.6463
38.6521
38.6331
38.585
38.5061
38.3977
38.2642
38.1122
37.9485
37.78
37.6103
37.4433
37.2797
37.1199
36.9635
36.809
36.6557
36.5037
36.356
36.2143
36.0796
35.954
35.837
35.7271
35.6219
35.5202
35.4216
35.3271
35.2364
35.1476
35.0606
34.9735
34.8877
34.8032
34.7209
34.6394
34.5591
34.4794
34.4069
34.3296
34.2726
34.1696
19.542
21.0031
22.4224
23.8712
25.2312
26.4368
27.4765
28.3617
29.1059
29.7512
30.3527
30.9713
31.6517
32.4157
33.2564
34.1417
35.0213
35.84
36.5493
37.1174
37.5335
37.8075
37.9644
38.036
38.0527
38.0402
38.016
37.9945
37.9847
37.9942
38.0262
38.0781
38.1403
38.1989
38.2392
38.2493
38.2222
38.1563
38.0558
37.9284
37.7832
37.6293
37.473
37.3192
37.1693
37.0234
36.8805
36.7386
36.5968
36.4553
36.3163
36.1817
36.0527
35.9314
35.8179
35.7112
35.6091
35.5102
35.4142
35.3215
35.2321
35.1443
35.0581
34.972
34.887
34.803
34.7207
34.6395
34.5597
34.4804
34.4081
34.3319
34.2749
34.1753
17.4291
18.7805
20.111
21.4512
22.7426
23.9514
25.061
26.0681
26.9716
27.7932
28.5629
29.32
30.0968
30.9158
31.7815
32.6799
33.5801
34.4414
35.2212
35.8851
36.4126
36.8001
37.0602
37.2165
37.2984
37.3344
37.3498
37.3621
37.3823
37.4164
37.4676
37.5364
37.6199
37.7105
37.7953
37.8593
37.8885
37.8745
37.8164
37.7205
37.5971
37.4582
37.3138
37.1712
37.0337
36.9018
36.7735
36.6466
36.5191
36.3908
36.2632
36.1378
36.0164
35.9007
35.7918
35.6889
35.5906
35.4952
35.4024
35.3122
35.2246
35.1383
35.0534
34.9687
34.8847
34.8015
34.7195
34.6388
34.5596
34.4811
34.4091
34.3341
34.2774
34.1812
16.1758
17.3993
18.6157
19.8355
21.0304
22.1824
23.2764
24.3058
25.2652
26.1654
27.0209
27.8545
28.6856
29.5314
30.399
31.2843
32.1699
33.0291
33.8298
34.5417
35.1416
35.618
35.9729
36.2198
36.3813
36.4835
36.5516
36.6073
36.6652
36.7368
36.8274
36.9393
37.0684
37.206
37.3393
37.454
37.536
37.5746
37.5644
37.5071
37.4111
37.2892
37.1548
37.0192
36.8891
36.7669
36.6511
36.5387
36.4266
36.3134
36.1993
36.0854
35.9732
35.8645
35.761
35.6626
35.5683
35.4767
35.3873
35.2999
35.2147
35.1302
35.0469
34.9638
34.8811
34.7989
34.7175
34.6375
34.559
34.4814
34.41
34.3364
34.2802
34.1874
15.7202
16.7914
17.8627
18.9383
20.0038
21.0493
22.0636
23.0418
23.9789
24.8799
25.7502
26.6016
27.4437
28.2874
29.1376
29.9938
30.8462
31.6787
32.4685
33.1926
33.8297
34.366
34.7967
35.1266
35.3708
35.5479
35.6821
35.7915
35.8956
36.0052
36.132
36.2809
36.4533
36.6425
36.8354
37.0137
37.1586
37.2552
37.296
37.281
37.2174
37.1174
36.9958
36.8667
36.741
36.6241
36.5169
36.4166
36.3193
36.2221
36.1234
36.0232
35.9224
35.8226
35.7258
35.6325
35.5426
35.4549
35.369
35.2848
35.2021
35.12
35.0386
34.9572
34.8761
34.7951
34.7146
34.6354
34.5578
34.4813
34.4106
34.3386
34.2831
34.1938
15.8572
16.7573
17.6607
18.5734
19.4882
20.3987
21.298
22.1835
23.0512
23.9031
24.7398
25.5663
26.3855
27.203
28.0201
28.8366
29.6462
30.4389
31.1993
31.9117
32.5581
33.1274
33.6095
34.0069
34.3238
34.5759
34.7775
34.9483
35.1026
35.256
35.419
35.6015
35.8076
36.036
36.2769
36.5139
36.726
36.8926
36.9985
37.0374
37.0135
36.9398
36.8336
36.7122
36.5899
36.4758
36.3734
36.2818
36.1972
36.1156
36.0336
35.9493
35.8625
35.774
35.6857
35.5988
35.5138
35.4302
35.348
35.267
35.1871
35.1075
35.0283
34.9489
34.8696
34.79
34.7107
34.6324
34.5558
34.4806
34.411
34.3406
34.2862
34.2003
16.3555
17.0838
17.8189
18.5703
19.3352
20.1072
20.8842
21.6627
22.4419
23.2192
23.9952
24.7686
25.5408
26.3116
27.0815
27.8481
28.6074
29.3518
30.0721
30.756
31.3926
31.9703
32.4821
32.9246
33.3
33.6156
33.8817
34.1122
34.3196
34.5172
34.7174
34.9306
35.1648
35.4219
35.6966
35.9758
36.2408
36.4702
36.6444
36.7497
36.7826
36.7501
36.6684
36.558
36.4386
36.3246
36.2234
36.1367
36.0617
35.9938
35.9281
35.8611
35.7906
35.7162
35.639
35.5605
35.4816
35.4027
35.3242
35.2464
35.1694
35.0926
35.0158
34.9387
34.8614
34.7836
34.7056
34.6286
34.5531
34.4793
34.4109
34.3425
34.2895
34.207
17.0956
17.6686
18.2502
18.8559
19.4835
20.1273
20.7856
21.4566
22.1388
22.8297
23.5274
24.2299
24.9359
25.6439
26.3525
27.0587
27.7592
28.4481
29.1194
29.7642
30.3755
30.9434
31.4638
31.9302
32.3447
32.7076
33.0276
33.311
33.5689
33.8109
34.0483
34.2918
34.5503
34.8286
35.1249
35.431
35.7316
36.0071
36.2367
36.4034
36.4979
36.5204
36.4809
36.3967
36.2887
36.1761
36.073
35.9863
35.9162
35.8585
35.8075
35.7577
35.705
35.6471
35.5839
35.5163
35.4455
35.3724
35.2981
35.2237
35.1495
35.0755
35.0012
34.9266
34.8515
34.7757
34.6994
34.6237
34.5496
34.4773
34.4103
34.3441
34.2928
34.2139
18.0017
18.4437
18.8953
19.3774
19.8862
20.4163
20.9656
21.5335
22.1179
22.7166
23.327
23.9471
24.5746
25.2077
25.8438
26.4806
27.1143
27.7413
28.356
28.9536
29.5274
30.0724
30.5827
31.0553
31.4879
31.8815
32.2387
32.5644
32.8648
33.1475
33.4212
33.695
33.977
34.2729
34.5837
34.9048
35.2256
35.5298
35.7982
36.0129
36.1609
36.2376
36.2476
36.2033
36.1226
36.0242
35.9251
35.8374
35.7672
35.7141
35.6736
35.639
35.6041
35.5643
35.5175
35.4636
35.4034
35.338
35.2692
35.1987
35.1276
35.0562
34.9845
34.9124
34.8397
34.7661
34.6918
34.6179
34.5453
34.4747
34.4093
34.3454
34.2963
34.221
19.0532
19.3902
19.7351
20.1121
20.5175
20.945
21.3929
21.8612
22.3485
22.8525
23.3711
23.9023
24.4438
24.9939
25.55
26.1101
26.671
27.2299
27.7825
28.3256
28.8539
29.3642
29.8516
30.3138
30.7482
31.1545
31.5334
31.8871
32.2196
32.5351
32.8405
33.142
33.4466
33.759
34.0814
34.4116
34.7422
35.061
35.352
35.5988
35.7878
35.9107
35.9675
35.9663
35.9211
35.8489
35.7663
35.6869
35.6196
35.5686
35.5332
35.509
35.489
35.4668
35.4379
35.4001
35.353
35.2978
35.2364
35.1712
35.1038
35.0353
34.9661
34.8964
34.8262
34.755
34.6829
34.6109
34.5401
34.4715
34.4079
34.3465
34.2998
34.2285
20.1702
20.4236
20.6817
20.9717
21.2892
21.6275
21.9855
22.3634
22.7603
23.1743
23.6039
24.0469
24.5022
24.9678
25.442
25.9229
26.4083
26.8963
27.3834
27.8677
28.3449
28.8133
29.2681
29.7089
30.1314
30.5368
30.9225
31.2914
31.6431
31.9822
32.3111
32.6353
32.9588
33.2857
33.6179
33.954
34.2891
34.6137
34.9156
35.1811
35.3972
35.555
35.6514
35.6905
35.6822
35.6408
35.5819
35.5195
35.4639
35.4208
35.3917
35.3746
35.3649
35.3568
35.3443
35.3234
35.2917
35.2491
35.1975
35.1394
35.0772
35.0122
34.9458
34.8787
34.8108
34.7421
34.6724
34.6028
34.5341
34.4676
34.406
34.3474
34.3035
34.2366
21.2728
21.4566
21.6426
21.859
22.1019
22.3639
22.6443
22.9437
23.2614
23.5957
23.9454
24.3089
24.685
25.0722
25.4695
25.8754
26.2889
26.7079
27.1313
27.5563
27.9817
28.4042
28.8225
29.2336
29.6367
30.0296
30.4122
30.7834
31.1443
31.4956
31.8396
32.1787
32.5158
32.8532
33.1921
33.5315
33.8674
34.1928
34.4983
34.7727
35.005
35.1866
35.3132
35.3861
35.4122
35.4022
35.37
35.3288
35.2899
35.2603
35.2429
35.2364
35.2372
35.2403
35.2409
35.2347
35.2182
35.1899
35.1504
35.1018
35.0464
34.9863
34.9235
34.8592
34.7939
34.7276
34.6606
34.5934
34.5271
34.4631
34.4036
34.3482
34.3072
34.2458
22.3313
22.459
22.586
22.7417
22.9221
23.1201
23.335
23.5677
23.8176
24.0836
24.3641
24.6578
24.9637
25.2807
25.6082
25.9452
26.2916
26.6459
27.008
27.3759
27.7491
28.1252
28.5035
28.8814
29.2584
29.6323
30.0024
30.3674
30.7272
31.0815
31.4311
31.7772
32.1208
32.4633
32.8047
33.1438
33.4773
33.7997
34.1037
34.3804
34.6208
34.8173
34.9656
35.0656
35.1211
35.1405
35.1352
35.117
35.0971
35.0833
35.0799
35.0869
35.1012
35.1178
35.1316
35.1383
35.1349
35.12
35.0933
35.0558
35.0093
34.9559
34.8979
34.8372
34.7749
34.7115
34.6472
34.5828
34.5191
34.4578
34.4008
34.3488
34.3106
34.2565
23.3215
23.4035
23.4828
23.5886
23.7174
23.8623
24.023
24.2004
24.3943
24.6034
24.8262
25.0616
25.3082
25.5655
25.8328
26.1097
26.3964
26.6924
26.9981
27.3122
27.6352
27.9652
28.3023
28.6442
28.9911
29.3402
29.6915
30.0425
30.3933
30.742
31.0891
31.4341
31.7773
32.1187
32.4575
32.7923
33.1198
33.4358
33.734
34.008
34.2503
34.4551
34.6186
34.7389
34.819
34.8645
34.8846
34.8895
34.8894
34.8924
34.9035
34.9242
34.9524
34.9838
35.013
35.0346
35.045
35.0428
35.0279
35.0014
34.9647
34.9194
34.8678
34.8119
34.7533
34.6932
34.6321
34.5708
34.5102
34.4519
34.3975
34.3494
34.3135
34.27
24.2391
24.2873
24.3309
24.3992
24.4879
24.5909
24.7077
24.8397
24.9866
25.1476
25.3213
25.5068
25.7029
25.909
26.1247
26.3501
26.585
26.8301
27.0852
27.351
27.627
27.9135
28.2095
28.515
28.8286
29.1497
29.4765
29.808
30.1422
30.4783
30.815
31.1514
31.487
31.8209
32.1519
32.4778
32.7958
33.1018
33.3912
33.6584
33.8983
34.1062
34.2784
34.4138
34.5135
34.5819
34.6256
34.653
34.6728
34.6927
34.7183
34.7518
34.7926
34.8374
34.8813
34.9189
34.9455
34.9582
34.9563
34.9408
34.9134
34.8763
34.8317
34.7817
34.7279
34.6718
34.6145
34.5569
34.4999
34.4451
34.3935
34.3499
34.3148
34.2881
25.102
25.1282
25.1486
25.1912
25.2517
25.324
25.4077
25.5044
25.6141
25.7361
25.8692
26.0127
26.1656
26.3276
26.4984
26.6781
26.8671
27.066
27.2752
27.4954
27.7269
27.9703
28.2253
28.4922
28.77
29.0585
29.3561
29.6616
29.9731
30.2893
30.6084
30.9293
31.2506
31.5709
31.8886
32.2012
32.506
32.7992
33.0769
33.3347
33.5687
33.7752
33.9517
34.0969
34.2119
34.2993
34.3643
34.4129
34.4524
34.4894
34.5292
34.5746
34.6265
34.6826
34.739
34.7908
34.8331
34.8622
34.876
34.874
34.8574
34.8287
34.7909
34.7465
34.6979
34.6467
34.5939
34.5406
34.4877
34.4371
34.3886
34.3502
34.3129
34.3143
25.9164
25.9295
25.9361
25.9623
26.0036
26.0542
26.1137
26.1836
26.2637
26.3537
26.4525
26.5601
26.6755
26.7991
26.9305
27.0706
27.2192
27.3776
27.5459
27.7254
27.9162
28.1194
28.335
28.5637
28.8049
29.0585
29.3234
29.5985
29.8821
30.1725
30.4681
30.7672
31.0683
31.3695
31.669
31.9642
32.2522
32.5298
32.7934
33.0395
33.265
33.4671
33.644
33.7952
33.9209
34.0236
34.1063
34.1741
34.2322
34.2863
34.3403
34.3976
34.4594
34.5248
34.5912
34.6544
34.71
34.7541
34.7837
34.7971
34.7941
34.7764
34.7465
34.708
34.6641
34.6174
34.5693
34.5209
34.4728
34.4271
34.3821
34.3501
34.3057
34.3538
26.6742
26.6789
26.6764
26.6907
26.7175
26.7515
26.792
26.8408
26.8975
26.9623
27.0341
27.1131
27.1987
27.2913
27.3907
27.4978
27.6125
27.7363
27.8692
28.0129
28.1675
28.3344
28.5137
28.7065
28.9123
29.1315
29.3628
29.6057
29.8585
30.1198
30.3879
30.661
30.9376
31.2155
31.4931
31.7674
32.036
32.2957
32.5434
32.776
32.991
33.1865
33.3611
33.5145
33.6473
33.7608
33.8577
33.9416
34.0166
34.0863
34.1545
34.2236
34.2951
34.3689
34.4432
34.5152
34.5812
34.6376
34.6809
34.7089
34.7203
34.7157
34.6967
34.6663
34.6282
34.5857
34.5417
34.4978
34.4546
34.4143
34.3732
34.349
34.292
34.4113
27.3622
27.3582
27.3469
27.3496
27.3634
27.3826
27.4076
27.4393
27.4781
27.5233
27.5748
27.6318
27.6946
27.7627
27.837
27.9173
28.005
28.1002
28.2045
28.3182
28.4429
28.5789
28.7275
28.8887
29.0634
29.2508
29.451
29.6628
29.8853
30.117
30.3564
30.602
30.852
31.1049
31.3584
31.6103
31.8578
32.0983
32.3289
32.5468
32.7501
32.9372
33.1072
33.2599
33.396
33.5167
33.6241
33.7207
33.8094
33.893
33.9741
34.0546
34.1358
34.2176
34.299
34.3781
34.452
34.5175
34.5717
34.6119
34.6364
34.6449
34.6381
34.6182
34.5884
34.5521
34.5126
34.4727
34.4337
34.3984
34.3612
34.3462
34.2738
34.4843
27.9734
27.9616
27.9423
27.9351
27.9377
27.9451
27.9579
27.9766
28.002
28.0329
28.0692
28.1101
28.1559
28.206
28.2612
28.3215
28.3881
28.4612
28.5425
28.6323
28.7322
28.8424
28.9646
29.0985
29.2452
29.4041
29.5754
29.7582
29.9516
30.1545
30.3656
30.5836
30.8069
31.0341
31.2631
31.4918
31.7177
31.9383
32.1511
32.3537
32.5443
32.7216
32.8851
33.0348
33.1713
33.2958
33.4099
33.5156
33.6148
33.7097
33.8019
33.8927
33.9827
34.0722
34.1603
34.2455
34.3257
34.3983
34.4606
34.5102
34.5454
34.5654
34.5704
34.5617
34.5419
34.5141
34.4812
34.4465
34.4116
34.3807
34.3468
34.3409
34.2574
34.5556
28.4992
28.4797
28.4536
28.439
28.4339
28.4338
28.4392
28.4503
28.4675
28.4896
28.5164
28.5469
28.5814
28.6193
28.6613
28.7073
28.7587
28.8154
28.8792
28.9504
29.0305
29.1199
29.2199
29.3306
29.4528
29.5863
29.7312
29.8869
30.0529
30.2282
30.4118
30.6027
30.7995
31.001
31.2052
31.4107
31.6146
31.8152
32.0099
32.1967
32.3739
32.5405
32.6962
32.8408
32.9754
33.1006
33.2183
33.3296
33.4363
33.5394
33.6402
33.7394
33.8371
33.9333
34.0275
34.1182
34.2037
34.2819
34.3505
34.4074
34.451
34.4804
34.4956
34.4975
34.488
34.4696
34.4451
34.4174
34.388
34.3618
34.3315
34.3328
34.2512
34.5936
28.9635
28.9404
28.9112
28.8934
28.8841
28.8802
28.8811
28.8878
28.8997
28.9162
28.9362
28.9596
28.9855
29.0144
29.0459
29.0809
29.1195
29.1632
29.2122
29.2681
29.3314
29.4034
29.4843
29.5752
29.6761
29.7875
29.9089
30.0404
30.1812
30.3309
30.4888
30.6538
30.8252
31.0016
31.1819
31.364
31.5465
31.7269
31.9035
32.0742
32.2377
32.3931
32.5398
32.6782
32.8087
32.9326
33.0508
33.1648
33.2756
33.3841
33.4908
33.5961
33.6998
33.8016
33.9007
33.9961
34.086
34.1687
34.2424
34.3053
34.3557
34.393
34.4168
34.4279
34.428
34.419
34.4034
34.3836
34.3611
34.3407
34.3156
34.321
34.2589
34.567
29.39
29.3675
29.3396
29.3218
29.3116
29.306
29.3045
29.308
29.3155
29.3267
29.3405
29.3568
29.3749
29.3952
29.4174
29.4424
29.4705
29.5029
29.5401
29.5835
29.6335
29.6913
29.757
29.8314
29.9146
30.0069
30.108
30.2178
30.336
30.4621
30.5957
30.7362
30.8829
31.0349
31.1913
31.3506
31.5114
31.6717
31.83
31.9845
32.1339
32.2774
32.4145
32.5455
32.6707
32.7912
32.908
33.022
33.1342
33.2451
33.3551
33.464
33.5717
33.6773
33.7802
33.879
33.9725
34.0589
34.1368
34.2046
34.2609
34.305
34.3364
34.3558
34.3645
34.3642
34.357
34.3451
34.3298
34.3153
34.2973
34.3027
34.273
34.4674
29.7767
29.7582
29.7349
29.7204
29.712
29.7071
29.7048
29.706
29.7098
29.7158
29.7232
29.732
29.7417
29.753
29.7657
29.7811
29.7993
29.8217
29.8488
29.8819
29.9212
29.9678
30.0217
30.0834
30.1528
30.2301
30.3148
30.407
30.5061
30.612
30.7243
30.8425
30.9666
31.0957
31.2293
31.3664
31.5059
31.6463
31.7863
31.9244
32.0594
32.1907
32.3177
32.4405
32.5594
32.6753
32.7889
32.901
33.0124
33.1234
33.2341
33.3444
33.4538
33.5614
33.6664
33.7676
33.8635
33.9529
34.0341
34.106
34.1675
34.2176
34.256
34.2831
34.2998
34.3075
34.308
34.3032
34.2947
34.2855
34.2745
34.2758
34.2771
34.3215
30.1269
30.1114
30.0917
30.0793
30.0716
30.0663
30.0624
30.0608
30.0605
30.0615
30.063
30.0653
30.0682
30.0725
30.0782
30.0867
30.0982
30.114
30.1344
30.1605
30.1925
30.231
30.2758
30.3274
30.3855
30.4502
30.5211
30.5982
30.6812
30.7697
30.8637
30.9628
31.0669
31.1756
31.2887
31.4053
31.5249
31.6464
31.7686
31.8907
32.0115
32.1304
32.247
32.3612
32.4732
32.5836
32.6929
32.8018
32.9106
33.0198
33.1293
33.2389
33.3479
33.4557
33.5612
33.6632
33.7606
33.8518
33.9356
34.011
34.0768
34.1323
34.177
34.2111
34.2353
34.2505
34.2581
34.2598
34.257
34.2518
34.2461
34.2406
34.2576
34.1774
30.4475
30.4356
30.42
30.4102
30.4035
30.3977
30.3918
30.3868
30.3817
30.3771
30.3724
30.3686
30.3654
30.3642
30.3649
30.3689
30.3761
30.3879
30.404
30.4256
30.4522
30.4845
30.5221
30.5654
30.6139
30.6679
30.727
30.7912
30.86
30.9335
31.0114
31.0936
31.18
31.2705
31.365
31.463
31.5643
31.668
31.7737
31.8802
31.9872
32.0939
32.2
32.3054
32.4101
32.5144
32.6186
32.7232
32.8284
32.9345
33.0412
33.1484
33.2555
33.3617
33.4662
33.5677
33.6652
33.7574
33.843
33.9211
33.9905
34.0506
34.1008
34.1412
34.1721
34.1942
34.2084
34.2159
34.2181
34.2158
34.2128
34.2003
34.2147
34.0743
30.7311
30.7179
30.7026
30.6915
30.6837
30.6761
30.6691
30.6621
30.6557
30.6492
30.6435
30.6381
30.6343
30.6319
30.6322
30.6349
30.6414
30.6513
30.6657
30.6841
30.707
30.7342
30.7659
30.8016
30.8417
30.8857
30.9339
30.9861
31.0422
31.102
31.1655
31.2327
31.3036
31.3782
31.4563
31.538
31.6229
31.7108
31.8011
31.8934
31.9872
32.082
32.1776
32.2738
32.3707
32.4682
32.5665
32.666
32.7666
32.8684
32.9713
33.0748
33.1787
33.282
33.384
33.4838
33.5802
33.6722
33.7587
33.8385
33.9108
33.9745
34.0294
34.0751
34.1118
34.1398
34.1597
34.1723
34.1786
34.1787
34.1762
34.1591
34.1607
34.0202
30.9785
30.9662
30.9525
30.9424
30.9351
30.9279
30.9214
30.9148
30.9089
30.9029
30.8976
30.8927
30.8893
30.8872
30.8876
30.8901
30.8959
30.9046
30.9169
30.9325
30.9518
30.9741
31
31.0288
31.061
31.0962
31.1346
31.1761
31.2207
31.2685
31.3194
31.3735
31.4308
31.4916
31.5557
31.6233
31.6941
31.7682
31.845
31.9245
32.0061
32.0898
32.1752
32.2622
32.3508
32.441
32.5329
32.6264
32.7217
32.8185
32.9167
33.0159
33.1156
33.2153
33.3141
33.4113
33.5058
33.5968
33.6832
33.764
33.8381
33.9049
33.9635
34.0137
34.0552
34.0881
34.1128
34.1296
34.1393
34.1414
34.1387
34.1201
34.109
33.9978
31.1931
31.1818
31.1703
31.1621
31.1567
31.1517
31.1478
31.144
31.1409
31.1375
31.1348
31.1321
31.1305
31.1295
31.1305
31.133
31.1381
31.1454
31.1557
31.1685
31.1842
31.2022
31.2229
31.2458
31.2712
31.2988
31.329
31.3614
31.3965
31.434
31.4743
31.5173
31.5633
31.6124
31.6648
31.7205
31.7795
31.8418
31.9071
31.9754
32.0463
32.1197
32.1954
32.2735
32.3537
32.4362
32.5209
32.6078
32.6968
32.7878
32.8806
32.9746
33.0696
33.1649
33.2598
33.3536
33.4455
33.5346
33.62
33.7007
33.7758
33.8443
33.9056
33.959
34.0042
34.0408
34.0691
34.0892
34.1014
34.1053
34.1023
34.0846
34.0662
33.9854
31.371
31.3654
31.36
31.3567
31.3549
31.3526
31.3505
31.3476
31.3447
31.341
31.3375
31.3337
31.3308
31.3283
31.3277
31.3284
31.3316
31.3369
31.345
31.3552
31.368
31.3828
31.3998
31.4185
31.4391
31.4614
31.4856
31.5116
31.5397
31.5698
31.6023
31.6373
31.6751
31.7158
31.7597
31.8068
31.8572
31.9108
31.9674
32.0271
32.0894
32.1545
32.222
32.292
32.3646
32.4397
32.5173
32.5975
32.6803
32.7654
32.8525
32.9415
33.0317
33.1228
33.2139
33.3045
33.3937
33.4809
33.5651
33.6454
33.721
33.7908
33.8541
33.91
33.958
33.9977
34.0289
34.0516
34.0659
34.0714
34.0688
34.0531
34.0324
33.9719
31.5477
31.5456
31.5442
31.5434
31.543
31.5413
31.5393
31.5361
31.5326
31.5282
31.524
31.5195
31.516
31.5132
31.5122
31.5128
31.5157
31.5206
31.528
31.5373
31.5487
31.5617
31.5764
31.5923
31.6098
31.6283
31.6484
31.6698
31.6929
31.7175
31.7442
31.773
31.8043
31.8383
31.8753
31.9152
31.9584
32.0046
32.0538
32.1059
32.1606
32.218
32.2778
32.3402
32.4051
32.4726
32.5427
32.6157
32.6913
32.7697
32.8505
32.9334
33.0182
33.1041
33.1907
33.2773
33.3632
33.4475
33.5294
33.6082
33.6828
33.7524
33.8161
33.8729
33.9222
33.9633
33.9961
34.0201
34.0356
34.042
34.0397
34.0256
34.0048
33.9557
31.656
31.6522
31.6499
31.6476
31.6452
31.6416
31.638
31.6336
31.6297
31.6254
31.6221
31.6192
31.6178
31.6173
31.6188
31.6216
31.6265
31.6328
31.6411
31.6505
31.6615
31.6735
31.6867
31.7007
31.7158
31.7318
31.7491
31.7674
31.7873
31.8085
31.8317
31.8567
31.8841
31.914
31.9466
31.982
32.0205
32.0618
32.106
32.1529
32.2023
32.2543
32.3087
32.3656
32.4249
32.4869
32.5515
32.6191
32.6895
32.7628
32.8388
32.9174
32.9981
33.0805
33.164
33.248
33.3317
33.4144
33.4952
33.5732
33.6477
33.7176
33.782
33.84
33.8906
33.9334
33.9678
33.9934
34.0103
34.0179
34.0165
34.0041
33.9841
33.9421
31.8115
31.8074
31.8031
31.7987
31.7931
31.7878
31.7822
31.7778
31.774
31.7718
31.7707
31.7716
31.7737
31.7779
31.7833
31.7904
31.7985
31.808
31.8182
31.8293
31.8409
31.8532
31.8657
31.879
31.8926
31.907
31.9221
31.9382
31.9553
31.9739
31.9938
32.0157
32.0394
32.0654
32.0937
32.1247
32.1582
32.1943
32.233
32.2741
32.3176
32.3634
32.4115
32.4618
32.5145
32.5697
32.6276
32.6884
32.752
32.8186
32.8882
32.9605
33.0352
33.1118
33.19
33.2689
33.3479
33.4262
33.5031
33.5776
33.6488
33.7159
33.7778
33.8335
33.8823
33.9234
33.9563
33.9807
33.9963
34.0029
34.0003
33.9875
33.9666
33.929
35.5454
36.1969
36.7726
37.2692
37.6914
38.046
38.3408
38.5843
38.7842
38.9475
39.08
39.187
39.2729
39.3413
39.3956
39.4382
39.4714
39.4968
39.516
39.5303
39.5407
39.5479
39.5528
39.5559
39.5577
39.5585
39.5586
39.5583
39.5577
39.5571
39.5563
39.5556
39.5548
39.5542
39.5535
39.553
39.5522
39.5516
39.5506
39.5496
39.5477
35.5396
36.1752
36.7396
37.2272
37.6441
37.9967
38.2926
38.5392
38.7442
38.9131
39.0521
39.1653
39.2575
39.3318
39.3916
39.4391
39.4766
39.5058
39.5284
39.5454
39.5579
39.5669
39.5733
39.5777
39.5804
39.5821
39.583
39.5834
39.5835
39.5837
39.5837
39.5838
39.5838
39.584
39.5839
39.5839
39.5834
39.5829
39.5818
39.5807
39.5785
35.5364
36.162
36.7203
37.2032
37.6184
37.9723
38.2717
38.524
38.7355
38.9117
39.0578
39.1784
39.2772
39.3577
39.4228
39.4751
39.5165
39.5489
39.5737
39.5923
39.6059
39.6151
39.6216
39.6257
39.6279
39.6287
39.6287
39.6281
39.6273
39.6263
39.6254
39.6244
39.6236
39.6227
39.6219
39.6208
39.6199
39.6187
39.6177
39.6168
39.6154
35.5382
36.1636
36.7239
37.208
37.6261
37.9844
38.2893
38.5481
38.7666
38.9501
39.1035
39.231
39.3363
39.4229
39.4934
39.5503
39.5957
39.6313
39.6587
39.6792
39.6939
39.7037
39.7107
39.7151
39.7174
39.718
39.7178
39.717
39.7159
39.7146
39.7134
39.7121
39.7111
39.7099
39.7088
39.7075
39.7062
39.7046
39.7031
39.7017
39.6997
35.5431
36.1745
36.7415
37.2305
37.6543
38.019
38.3315
38.5981
38.8251
39.0172
39.1791
39.3149
39.4282
39.5221
39.5994
39.6623
39.7128
39.7529
39.7839
39.8072
39.8241
39.8353
39.8438
39.8493
39.8522
39.8534
39.8534
39.8526
39.8513
39.8496
39.8477
39.8456
39.8434
39.8409
39.8385
39.8357
39.833
39.83
39.8272
39.8247
39.8215
35.5505
36.1919
36.7694
37.2661
37.6986
38.0727
38.3948
38.6722
38.9097
39.1128
39.2853
39.4316
39.5548
39.658
39.7436
39.8142
39.8714
39.9173
39.9531
39.9805
40.0005
40.014
40.0246
40.0318
40.036
40.0379
40.0382
40.0374
40.0357
40.0333
40.0305
40.0273
40.0239
40.0204
40.0169
40.0133
40.0098
40.0061
40.0024
39.9989
39.9941
35.5608
36.2171
36.8089
37.3171
37.7617
38.1481
38.4831
38.7734
39.0242
39.2403
39.4256
39.5841
39.719
39.8329
39.9286
40.008
40.0732
40.1258
40.1676
40.1996
40.2234
40.2395
40.2524
40.2614
40.2665
40.2687
40.2689
40.2676
40.265
40.2617
40.2577
40.2535
40.2491
40.2448
40.2404
40.2362
40.2318
40.2274
40.2222
40.2173
40.21
35.5751
36.2514
36.8621
37.3857
37.8458
38.2476
38.5981
38.9039
39.1701
39.4012
39.6011
39.7735
39.9216
40.0478
40.1546
40.2441
40.3181
40.3784
40.4264
40.4636
40.4912
40.5099
40.525
40.5355
40.5414
40.5439
40.5438
40.5419
40.5385
40.5342
40.5293
40.5241
40.5188
40.5134
40.5079
40.5022
40.496
40.4892
40.4814
40.4733
40.4626
35.5937
36.2955
36.9298
37.4725
37.9517
38.372
38.7406
39.0643
39.3481
39.5963
39.8127
40.0008
40.1636
40.3033
40.4225
40.5229
40.6066
40.6751
40.7301
40.7727
40.8044
40.826
40.8436
40.856
40.8631
40.8661
40.8663
40.8643
40.8606
40.8557
40.8499
40.8436
40.8368
40.8295
40.8216
40.813
40.8034
40.7929
40.7811
40.7691
40.7545
35.6172
36.35
37.0124
37.5783
38.08
38.522
38.9116
39.2557
39.5595
39.827
40.0617
40.2672
40.4462
40.601
40.7337
40.8462
40.9406
41.0182
41.0809
41.1298
41.1664
41.1916
41.2125
41.2275
41.2364
41.2407
41.2415
41.2397
41.2356
41.2297
41.2224
41.2138
41.2042
41.1934
41.1814
41.1683
41.1539
41.1385
41.1221
41.1058
41.0874
35.6463
36.4155
37.1109
37.7041
38.2321
38.6991
39.1125
39.48
39.8061
40.0951
40.3501
40.5748
40.7717
40.943
41.0908
41.2169
41.3232
41.4114
41.483
41.5395
41.5822
41.6121
41.6372
41.6556
41.6669
41.6726
41.6741
41.672
41.6668
41.6589
41.6486
41.6364
41.6222
41.6063
41.5888
41.57
41.5501
41.5296
41.5085
41.4882
41.4663
35.6816
36.493
37.2264
37.8512
38.4096
38.9048
39.3457
39.7389
40.0902
40.4028
40.6806
40.9263
41.1433
41.3329
41.4977
41.639
41.7591
41.8594
41.9417
42.0071
42.0573
42.0928
42.1229
42.1451
42.1589
42.1657
42.1672
42.1639
42.1563
42.145
42.1303
42.1128
42.0927
42.0704
42.0463
42.021
41.9948
41.9684
41.9419
41.9166
41.8897
35.7239
36.5835
37.3604
38.0216
38.6144
39.1418
39.613
40.0355
40.4145
40.7538
41.0564
41.3259
41.565
41.7754
41.959
42.1178
42.2536
42.3681
42.4625
42.5385
42.5971
42.639
42.6742
42.7003
42.716
42.7234
42.7239
42.7183
42.7071
42.691
42.6706
42.6465
42.6194
42.5896
42.5581
42.5255
42.4922
42.4591
42.4261
42.3942
42.3608
35.7742
36.6884
37.5144
38.2173
38.8487
39.4128
39.9178
40.3731
40.7829
41.1519
41.4821
41.7783
42.042
42.2758
42.4808
42.6594
42.8129
42.9433
43.0514
43.1389
43.2064
43.2547
43.2948
43.3239
43.3407
43.3472
43.3453
43.3357
43.3193
43.297
43.2695
43.2377
43.2025
43.1648
43.1254
43.0851
43.0443
43.0037
42.9629
42.923
42.881
35.8335
36.8094
37.6909
38.4407
39.1163
39.7207
40.2643
40.7557
41.2005
41.6022
41.9639
42.2894
42.5812
42.8409
43.0701
43.2706
43.444
43.5917
43.7148
43.8142
43.8908
43.9448
43.9889
44.0197
44.036
44.04
44.0338
44.0186
43.9954
43.9654
43.9296
43.8894
43.8456
43.7995
43.7516
43.7031
43.6538
43.6044
43.5544
43.5048
43.4523
35.9033
36.9484
37.8925
38.6954
39.4205
40.0705
40.6571
41.1894
41.673
42.1117
42.5083
42.8669
43.19
43.4788
43.7348
43.9596
44.1548
44.3212
44.4599
44.5714
44.6565
44.7151
44.7617
44.7926
44.8065
44.8059
44.7936
44.7709
44.7392
44.6999
44.6545
44.6043
44.5505
44.4943
44.4363
44.3772
44.3171
44.2563
44.1945
44.1327
44.0676
35.9854
37.1083
38.1225
38.9856
39.7661
40.4677
41.1025
41.6808
42.208
42.6883
43.124
43.5196
43.8777
44.1989
44.4846
44.7361
44.9547
45.1409
45.2956
45.419
45.5117
45.5737
45.6211
45.6502
45.6597
45.6526
45.6321
45.5999
45.5576
45.507
45.4499
45.3876
45.3215
45.2526
45.1816
45.1093
45.0356
44.961
44.885
44.809
44.7299
36.082
37.2922
38.3858
39.3164
40.1598
40.9189
41.6085
42.2382
42.8149
43.3415
43.8212
44.2581
44.6553
45.0122
45.3307
45.611
45.8548
46.0616
46.2325
46.3672
46.4662
46.5296
46.5758
46.6007
46.6033
46.5871
46.5558
46.5113
46.4559
46.3913
46.3196
46.2421
46.1606
46.0757
45.9886
45.8998
45.8094
45.7179
45.6252
45.5324
45.4369
36.1963
37.5049
38.6875
39.6949
40.6086
41.4333
42.184
42.8722
43.504
44.0832
44.6119
45.0954
45.5355
45.9325
46.2863
46.5983
46.8683
47.0968
47.2834
47.4286
47.5318
47.5946
47.6368
47.6549
47.6474
47.6191
47.5735
47.5135
47.4412
47.359
47.2689
47.1728
47.0719
46.9675
46.8605
46.7517
46.6412
46.5297
46.417
46.3044
46.1893
36.3319
37.7516
39.0347
40.1287
41.1221
42.0207
42.8408
43.5948
44.289
44.9273
45.5111
46.0463
46.5347
46.9754
47.3681
47.7137
48.0116
48.2618
48.4636
48.6174
48.7222
48.7806
48.815
48.8219
48.7999
48.7544
48.6896
48.6089
48.5146
48.4097
48.2961
48.1761
48.0511
47.9225
47.7911
47.6578
47.5229
47.3871
47.2503
47.1138
46.9752
36.4937
38.0387
39.4358
40.6279
41.7118
42.6939
43.5928
44.4213
45.1863
45.8911
46.5368
47.13
47.6719
48.1608
48.5959
48.9772
49.304
49.5757
49.7913
49.9506
50.053
50.1019
50.1231
50.1127
50.0697
50.0003
49.9094
49.8009
49.6776
49.5428
49.3989
49.2482
49.0924
48.9329
48.7707
48.607
48.4418
48.2761
48.1099
47.9447
47.7781
36.6873
38.3751
39.9008
41.2052
42.3912
43.4689
44.4571
45.3708
46.2156
46.9961
47.7114
48.3697
48.9709
49.5131
49.9937
50.4131
50.7692
51.0614
51.2876
51.4481
51.5412
51.5731
51.573
51.5367
51.4635
51.3607
51.234
51.0881
50.9261
50.7521
50.5686
50.3786
50.1835
49.9853
49.785
49.5839
49.3821
49.1808
48.9801
48.7815
48.5828
36.9206
38.7707
40.4435
41.8752
43.1786
44.3647
45.4557
46.466
47.4027
48.2685
49.063
49.7939
50.4618
51.062
51.5922
52.0508
52.4362
52.7459
52.9784
53.1325
53.2074
53.2112
53.1788
53.1044
52.9891
52.8403
52.6655
52.4697
52.2574
52.0325
51.7988
51.5588
51.315
51.069
50.8223
50.5764
50.3313
50.0885
49.8482
49.6119
49.3777
37.2024
39.2388
41.0793
42.6577
44.0954
45.4066
46.6153
47.737
48.7787
49.7424
50.6263
51.4394
52.1812
52.8454
53.4283
53.9273
54.3399
54.6626
54.8931
55.03
55.0723
55.0327
54.9522
54.8238
54.6496
54.4385
54.1994
53.9383
53.6607
53.371
53.0737
52.7716
52.4677
52.1636
51.8612
51.562
51.2661
50.9751
50.6896
50.4107
50.137
37.5449
39.7951
41.8295
43.5768
45.1703
46.6258
47.9713
49.2215
50.3849
51.4608
52.4471
53.3526
54.1774
54.9111
55.5496
56.088
56.5234
56.8502
57.0664
57.169
57.1581
57.0529
56.9029
56.6984
56.4436
56.1487
55.8249
55.4788
55.1175
54.7458
54.3693
53.9907
53.6136
53.2396
52.871
52.5093
52.1548
51.8089
51.4724
51.1462
50.8289
37.9615
40.4613
42.7199
44.6653
46.4393
48.0643
49.5688
50.9702
52.2745
53.4812
54.584
55.5953
56.5115
57.321
58.0154
58.59
59.0384
59.3554
59.5364
59.5801
59.4853
59.2841
59.0344
58.7248
58.3603
57.9546
57.5194
57.0643
56.5965
56.1227
55.6478
55.1762
54.7108
54.2541
53.8081
53.3749
52.9543
52.5482
52.157
51.7817
51.4207
38.4721
41.264
43.7864
45.9648
47.9522
49.7768
51.4698
53.0491
54.5197
55.8786
57.1161
58.2466
59.2643
60.1532
60.9014
61.5022
61.9471
62.2295
62.3441
62.29
62.0675
61.726
61.3364
60.8819
60.37
59.8175
59.2382
58.6436
58.042
57.441
56.8461
56.2622
55.6922
55.1391
54.6049
54.0919
53.5997
53.13
52.6832
52.2593
51.8569
39.1021
42.2407
45.0769
47.5337
49.7758
51.8393
53.758
55.55
57.2184
58.7563
60.1493
61.4142
62.5418
63.5099
64.3023
64.9096
65.3209
65.5285
65.5269
65.3175
64.9036
64.3606
63.7766
63.1255
62.4186
61.6754
60.9127
60.1435
59.3773
58.6223
57.8846
57.1692
56.4792
55.8176
55.1865
54.5885
54.0225
53.4897
52.9901
52.5224
52.0852
39.8872
43.4439
46.659
49.4536
52.0046
54.3585
56.5518
58.6018
60.5081
62.2579
63.8299
65.2437
66.485
67.5233
68.3366
68.9124
69.2376
69.3043
69.1093
68.6585
67.962
67.1341
66.2846
65.3721
64.412
63.4273
62.4372
61.4562
60.4944
59.5603
58.6597
57.7973
56.9765
56.1996
55.4689
54.7862
54.1496
53.5591
53.0137
52.5101
52.0472
40.8776
44.9478
48.6286
51.8407
54.774
57.488
60.0211
62.3887
64.5842
66.585
68.36
69.932
71.2792
72.3599
73.1447
73.6185
73.7676
73.5872
73.0804
72.2631
71.158
69.9364
68.7338
67.4838
66.2058
64.9261
63.6656
62.439
61.256
60.1241
59.0485
58.0327
57.0793
56.1901
55.3666
54.6093
53.9145
53.2799
52.7029
52.1778
51.704
42.1469
46.8626
51.1295
54.8703
58.2885
61.4595
64.4221
67.1868
69.7365
72.0319
74.0282
75.7515
77.1698
78.2261
78.884
79.1284
78.9502
78.3543
77.3592
76.0002
74.3208
72.5736
70.9198
69.2529
67.5948
65.9737
64.41
62.9162
61.4993
60.1643
58.9142
57.7507
56.6754
55.6887
54.7906
53.9793
53.2482
52.5913
52.0036
51.4766
51.0112
43.7856
49.3241
54.3451
58.7701
62.816
66.5754
70.0866
73.349
76.3262
78.9518
81.1617
82.9871
84.3817
85.272
85.6182
85.4142
84.6675
83.4075
81.6824
79.5607
77.1177
74.7125
72.5225
70.3799
68.3054
66.3251
64.4549
62.7004
61.0631
59.543
58.1398
56.853
55.6828
54.6278
53.6859
52.8513
52.1127
51.4588
50.8817
50.3713
49.9332
45.8856
52.4333
58.3951
63.678
68.515
73.009
77.1933
81.0452
84.4961
87.4359
89.7774
91.5621
92.7295
93.1948
92.9303
91.9588
90.3275
88.1118
85.4085
82.3321
78.9947
75.8738
73.1369
70.5334
68.0765
65.785
63.663
61.7047
59.9024
58.25
56.744
55.3825
54.165
53.088
52.1451
51.3237
50.6046
49.9702
49.4106
48.9182
48.5104
48.4246
56.1687
63.2433
69.5441
75.319
80.6705
85.6183
90.1007
93.9985
97.1387
99.4172
100.898
101.519
101.202
99.9643
97.8872
95.0858
91.7011
87.8883
83.8069
79.5972
75.836
72.6486
69.6902
66.9605
64.4643
62.1896
60.1159
58.2261
56.5103
54.9638
53.5868
52.3775
51.3294
50.4268
49.6464
48.9575
48.3367
47.7755
47.2776
46.8809
51.3704
60.5409
68.9373
76.4466
83.3267
89.6598
95.4351
100.529
104.75
107.846
109.727
110.508
110.151
108.63
106.045
102.572
98.4146
93.7817
88.8782
83.8889
78.9598
74.7258
71.2421
68.0746
65.2036
62.6172
60.2855
58.1738
56.2619
54.5391
53.0081
51.6689
50.5211
49.5449
48.7131
47.981
47.3103
46.6697
46.0672
45.5227
45.1129
54.7173
65.589
75.5505
84.4804
92.6434
100.068
106.677
112.256
116.523
119.162
120.163
119.742
117.929
114.804
110.592
105.581
100.056
94.2718
88.4485
82.7692
77.3501
72.8479
69.2329
65.9971
63.1006
60.5144
58.1918
56.0933
54.2005
52.5147
51.044
49.7933
48.7486
47.8758
47.1185
46.417
45.7181
45.0051
44.3049
43.6795
43.2465
58.4697
71.376
83.1887
93.7765
103.39
111.953
119.275
125.027
128.859
130.449
129.988
127.844
124.164
119.175
113.25
106.772
100.058
93.3664
86.8955
80.7884
75.1265
70.5422
66.9328
63.7376
60.8959
58.3627
56.0838
54.0242
52.18
50.5673
49.2019
48.0807
47.1695
46.4025
45.6952
44.9689
44.1748
43.3204
42.4777
41.7592
41.3286
62.625
77.9676
91.9602
104.451
115.627
125.242
132.945
138.313
141.013
140.859
138.384
134.127
128.359
121.485
114.003
106.322
98.7336
91.4487
84.6158
78.3294
72.6206
68.0985
64.5895
61.5008
58.7528
56.2918
54.0678
52.0631
50.2956
48.7953
47.5757
46.6127
45.8377
45.1476
44.4313
43.6043
42.6385
41.5885
40.584
39.7992
39.4343
67.1617
85.4298
101.968
116.582
129.313
139.655
147.114
151.28
152.029
149.517
144.693
138.185
130.374
121.838
113.149
104.645
96.5248
88.9411
81.9852
75.7001
70.0893
65.7172
62.3592
59.4022
56.7539
54.3635
52.1998
50.2703
48.614
47.2654
46.2206
45.4203
44.7537
44.0827
43.2813
42.2778
41.085
39.8197
38.6736
37.8843
37.6571
72.0878
93.8411
113.314
130.187
144.216
154.628
160.893
162.892
160.978
155.794
148.627
140.014
130.427
120.638
111.177
102.217
93.8593
86.2007
79.2858
73.1216
67.6883
63.5142
60.3209
57.4902
54.9287
52.6033
50.5104
48.6841
47.1748
46.0063
45.1436
44.4833
43.8752
43.1562
42.2038
40.9771
39.543
38.0869
36.8502
36.1336
36.0943
77.3638
103.295
126.068
145.129
159.826
169.241
173.178
172.168
167.251
159.536
150.346
139.946
128.98
118.408
108.585
99.455
91.0589
83.471
76.6954
70.7169
65.5054
61.5379
58.4978
55.7724
53.2824
51.0224
49.0193
47.324
45.9848
45.0015
44.3004
43.7378
43.1339
42.3171
41.1844
39.7364
38.0977
36.5128
35.2531
34.6766
34.8081
83.0405
113.879
140.208
161.017
175.252
182.341
182.937
178.528
170.798
161.071
150.314
138.464
126.551
115.65
105.761
96.6374
88.3291
80.8955
74.3117
68.5516
63.5706
59.8
56.8894
54.2483
51.8215
49.6351
47.7394
46.1898
45.0195
44.1974
43.6154
43.0994
42.4579
41.5249
40.2275
38.6086
36.8414
35.2138
33.9987
33.612
33.8565
89.0831
125.644
155.527
177.09
189.36
192.865
189.598
181.999
172.077
161.01
149.054
136.034
123.603
112.736
102.959
93.9342
85.7837
78.5472
72.1772
66.6427
61.8839
58.2865
55.4847
52.9169
50.5565
48.455
46.676
45.2673
44.2403
43.5347
43.0168
42.4983
41.7916
40.7484
39.3305
37.6165
35.8155
34.2358
33.13
32.9667
33.2442
95.5388
138.606
171.528
192.284
201.021
200.186
193.194
183.104
171.767
159.953
146.982
133.032
120.498
109.917
100.32
91.438
83.4831
76.46
70.3052
64.9843
60.4212
56.9716
54.265
51.7715
49.488
47.4826
45.8207
44.5363
43.6175
42.9801
42.4748
41.9108
41.1164
39.9695
38.4685
36.7235
34.9667
33.5109
32.5723
32.6619
32.9396
102.388
152.35
187.201
205.272
209.415
204.245
194.239
182.564
170.529
158.369
144.419
129.788
117.503
107.331
97.922
89.203
81.4559
74.6433
68.6914
63.5603
59.162
55.8312
53.2085
50.7938
48.5987
46.6979
45.1512
43.9769
43.1421
42.5428
42.0187
41.3809
40.4782
39.2184
37.6392
35.8824
34.2004
32.9025
32.167
32.525
32.8125
109.252
166.283
201.378
215.198
214.405
205.58
193.567
181.133
168.902
156.599
141.601
126.608
114.824
105.035
95.7772
87.2323
79.6929
73.079
67.3134
62.3477
58.0876
54.846
52.2826
49.9342
47.8243
46.0266
44.5916
43.5228
42.7689
42.208
41.668
40.9582
39.9428
38.5581
36.8805
35.0865
33.4541
32.2897
31.7492
32.3586
32.6636
115.445
180.288
213.76
222.064
216.588
205.031
191.979
179.412
167.321
154.923
138.691
123.742
112.752
103.298
94.1059
85.7008
78.3366
71.8881
66.2755
61.4423
57.2872
54.1473
51.6297
49.3159
47.2578
45.5314
44.1813
43.1996
42.5218
42.0094
41.4758
40.722
39.6173
38.1173
36.3285
34.4612
32.8208
31.7205
31.3112
32.1184
32.4283
124.306
193.588
222.244
225.168
216.073
202.336
188.66
176.293
164.597
152.218
134.469
119.462
109.427
100.564
91.6484
83.5204
76.4354
70.2441
64.8654
60.2399
56.2538
53.1967
50.7887
48.549
46.5586
44.9045
43.6326
42.7327
42.1346
41.6895
41.1995
40.4552
39.3221
37.7622
35.8958
33.9559
32.2693
31.1578
30.7887
31.6697
32.1866
39.5449
39.5427
39.5413
39.5388
39.5355
39.531
39.5259
39.5194
39.5121
39.5035
39.4943
39.4839
39.4732
39.4615
39.4497
39.4372
39.4248
39.4116
39.3985
39.3846
39.3705
39.3553
39.3397
39.3229
39.3053
39.2861
39.266
39.244
39.221
39.1959
39.1694
39.1407
39.1104
39.0775
39.0426
39.0047
38.9641
38.92
38.8725
38.8206
38.7646
38.7037
38.6381
38.567
38.4909
38.409
38.3219
38.229
38.1307
38.0267
37.9174
37.8025
37.6824
37.5569
37.4267
37.2917
37.1526
37.0095
36.8635
36.7149
36.5647
36.4138
36.2629
36.1132
35.9653
35.8205
35.6791
35.5424
35.4109
35.2857
35.168
35.0574
34.9615
34.862
39.5767
39.5777
39.5798
39.5808
39.5814
39.5812
39.5807
39.579
39.5765
39.5724
39.5673
39.5604
39.5526
39.5432
39.5331
39.5217
39.5099
39.4971
39.4842
39.4702
39.4559
39.4405
39.4246
39.4071
39.3887
39.3684
39.3469
39.3232
39.298
39.2704
39.2409
39.2089
39.1748
39.1379
39.0987
39.0562
39.0109
38.9618
38.9093
38.8523
38.7914
38.7253
38.6548
38.5788
38.4981
38.4118
38.3207
38.224
38.1226
38.0157
37.9041
37.7873
37.666
37.5397
37.4092
37.2741
37.1355
36.993
36.848
36.7003
36.5514
36.4014
36.2519
36.103
35.9562
35.8119
35.6713
35.535
35.404
35.2789
35.1615
35.0499
34.9575
34.8453
39.6164
39.6227
39.6303
39.6366
39.6413
39.6455
39.6485
39.6505
39.6508
39.6499
39.6473
39.6435
39.638
39.6315
39.6234
39.6146
39.6044
39.5935
39.5814
39.5686
39.5544
39.5395
39.523
39.5055
39.4861
39.4654
39.4425
39.4179
39.3908
39.3617
39.3297
39.2953
39.2579
39.2178
39.1742
39.1277
39.0773
39.0235
38.9654
38.9033
38.8366
38.7654
38.6892
38.6083
38.5223
38.4315
38.3355
38.2348
38.1291
38.0187
37.9034
37.7836
37.659
37.5301
37.3969
37.2598
37.119
36.9751
36.8285
36.68
36.5302
36.38
36.2301
36.0814
35.9348
35.7911
35.651
35.5154
35.3851
35.2606
35.1439
35.0314
34.9409
34.8141
39.7012
39.7104
39.7217
39.7311
39.7388
39.7463
39.753
39.759
39.7636
39.7672
39.7691
39.7698
39.7685
39.7658
39.7612
39.7552
39.7473
39.7382
39.7272
39.7151
39.7012
39.686
39.6689
39.6504
39.6297
39.6075
39.5827
39.556
39.5264
39.4944
39.4591
39.4209
39.3791
39.3341
39.2851
39.2325
39.1757
39.115
39.0497
38.9802
38.9059
38.827
38.7431
38.6547
38.5611
38.463
38.36
38.2525
38.1402
38.0236
37.9025
37.7771
37.6475
37.5141
37.3768
37.2361
37.0924
36.9461
36.7978
36.6481
36.4978
36.3475
36.1979
36.05
35.9043
35.7617
35.6229
35.4885
35.3595
35.2359
35.1201
35.0066
34.9177
34.7769
39.824
39.837
39.8529
39.8664
39.8778
39.8887
39.8989
39.9082
39.9159
39.9226
39.9274
39.9309
39.9322
39.9318
39.9292
39.9249
39.9183
39.91
39.8995
39.8874
39.8729
39.8569
39.8384
39.8183
39.7956
39.7709
39.7434
39.7135
39.6803
39.6443
39.6045
39.5613
39.5139
39.4628
39.4072
39.3475
39.2831
39.2146
39.1412
39.0634
38.9806
38.8934
38.8011
38.7043
38.6025
38.4963
38.3853
38.27
38.1502
38.0263
37.8982
37.7663
37.6306
37.4915
37.3494
37.2044
37.0573
36.9083
36.7582
36.6074
36.4568
36.3067
36.158
36.0112
35.8671
35.7263
35.5893
35.4568
35.3295
35.2071
35.0925
34.9784
34.8908
34.7384
39.9965
40.0118
40.0309
40.0466
40.0597
40.0725
40.0847
40.0962
40.1065
40.1157
40.1233
40.1295
40.1334
40.1353
40.1346
40.1317
40.1261
40.1181
40.1074
40.0945
40.0787
40.0609
40.0402
40.0173
39.9914
39.9631
39.9315
39.897
39.8586
39.8169
39.7708
39.7208
39.666
39.6069
39.5428
39.4744
39.4009
39.3231
39.2402
39.1529
39.0605
38.9638
38.862
38.7558
38.6447
38.5294
38.4092
38.2851
38.1565
38.0244
37.8881
37.7489
37.6061
37.461
37.3132
37.164
37.013
36.8616
36.7096
36.5583
36.4075
36.2583
36.1108
35.9659
35.8239
35.6854
35.5509
35.4207
35.2956
35.1749
35.0618
34.9475
34.8611
34.7006
40.2119
40.2294
40.2518
40.2699
40.2854
40.3004
40.3153
40.3292
40.3422
40.3537
40.3637
40.3715
40.3772
40.3799
40.3799
40.3766
40.3704
40.3609
40.3486
40.333
40.3149
40.2935
40.2696
40.2425
40.2125
40.179
40.1423
40.1015
40.0569
40.0075
39.9538
39.8948
39.8311
39.7619
39.688
39.6088
39.5249
39.4359
39.3425
39.2441
39.1413
39.0336
38.9216
38.8047
38.6835
38.5577
38.4277
38.2935
38.1556
38.014
37.8693
37.7218
37.572
37.4203
37.2673
37.1134
36.9594
36.8056
36.6525
36.5007
36.3507
36.2027
36.0572
35.9147
35.7755
35.64
35.5084
35.3812
35.2587
35.1402
35.029
34.9152
34.8299
34.6656
40.4633
40.4829
40.5084
40.529
40.5468
40.5641
40.5815
40.5978
40.613
40.6265
40.6382
40.6472
40.6535
40.6564
40.656
40.6518
40.6442
40.6328
40.6181
40.5998
40.5784
40.5534
40.5254
40.4935
40.4582
40.4186
40.3751
40.3266
40.2735
40.2148
40.151
40.0813
40.0062
39.9253
39.8393
39.7478
39.6515
39.5502
39.4445
39.3339
39.2192
39.0998
38.9761
38.8478
38.7153
38.5784
38.4376
38.2928
38.1448
37.9936
37.84
37.6843
37.5273
37.3694
37.2113
37.0535
36.8968
36.7413
36.5878
36.4363
36.2875
36.1415
35.9986
35.8591
35.7232
35.5911
35.4631
35.3391
35.2197
35.1038
34.9948
34.8822
34.7979
34.6337
40.7547
40.7777
40.8075
40.8318
40.8528
40.873
40.8927
40.9108
40.9272
40.9412
40.9527
40.9611
40.9662
40.9675
40.9652
40.9587
40.9485
40.9342
40.9164
40.8945
40.8692
40.8397
40.8066
40.7689
40.727
40.6798
40.6277
40.5697
40.5062
40.4361
40.3601
40.2775
40.1891
40.0943
39.9942
39.8884
39.778
39.6626
39.5431
39.419
39.291
39.1586
39.0223
38.8816
38.7371
38.5885
38.4363
38.2808
38.1224
37.9617
37.7993
37.6358
37.472
37.3085
37.1461
36.9852
36.8264
36.6701
36.5166
36.3664
36.2195
36.0761
35.9364
35.8004
35.6684
35.5402
35.4159
35.2957
35.1796
35.0666
34.9601
34.8492
34.7659
34.6051
41.0874
41.1141
41.1481
41.1755
41.1987
41.2206
41.2414
41.2601
41.2764
41.2898
41.3005
41.3076
41.3112
41.3106
41.3061
41.2971
41.284
41.2663
41.2445
41.218
41.1873
41.1517
41.1115
41.0658
41.0149
40.9577
40.8947
40.8248
40.7485
40.6648
40.5746
40.4771
40.3734
40.263
40.1471
40.0256
39.8994
39.7685
39.6337
39.4948
39.3523
39.206
39.0561
38.9025
38.7454
38.5849
38.4214
38.2551
38.0869
37.917
37.7466
37.5761
37.4064
37.2383
37.0724
36.9092
36.7493
36.5929
36.4404
36.292
36.1478
36.0078
35.8718
35.74
35.6121
35.4882
35.3681
35.2516
35.139
35.0291
34.9252
34.8165
34.7341
34.5788
41.467
41.4981
41.5368
41.5675
41.5927
41.6156
41.6365
41.6544
41.6692
41.6807
41.689
41.6935
41.6942
41.6906
41.6828
41.67
41.6527
41.6302
41.6029
41.5701
41.5322
41.4882
41.4386
41.3825
41.32
41.2502
41.1735
41.089
40.9974
40.8977
40.791
40.6765
40.5555
40.4276
40.2941
40.155
40.0115
39.8635
39.7121
39.557
39.399
39.2379
39.0739
38.9069
38.7372
38.565
38.3905
38.2143
38.0368
37.859
37.6814
37.5052
37.3307
37.1591
36.9908
36.8264
36.6663
36.5108
36.3601
36.2144
36.0735
35.9373
35.8058
35.6786
35.5554
35.4359
35.32
35.2076
35.0986
34.9919
34.8907
34.7846
34.703
34.5546
41.8889
41.9227
41.964
41.9961
42.0216
42.0443
42.0645
42.0812
42.0944
42.104
42.11
42.1119
42.1097
42.1025
42.0905
42.0729
42.0499
42.0209
41.986
41.9446
41.8969
41.8421
41.7805
41.7111
41.6344
41.5494
41.4567
41.3553
41.2462
41.1285
41.0033
40.87
40.73
40.5828
40.4302
40.2718
40.1096
39.9429
39.7737
39.6013
39.4272
39.2504
39.0724
38.8919
38.7103
38.5267
38.3425
38.157
37.9719
37.787
37.6039
37.423
37.2453
37.0713
36.9018
36.7373
36.578
36.4243
36.2764
36.1341
35.9974
35.8659
35.7391
35.6169
35.4985
35.3839
35.2725
35.164
35.0587
34.9552
34.8566
34.7532
34.6726
34.5311
42.3567
42.3918
42.4346
42.467
42.492
42.5138
42.5325
42.5474
42.5581
42.5649
42.5673
42.5653
42.5582
42.5457
42.5273
42.5027
42.4714
42.4335
42.3882
42.3358
42.2755
42.2074
42.131
42.0464
41.9529
41.8509
41.7396
41.6199
41.491
41.3538
41.2079
41.0544
40.893
40.7252
40.5511
40.3723
40.1891
40.003
39.8144
39.6243
39.4331
39.2412
39.0489
38.856
38.663
38.4695
38.2764
38.0834
37.8918
37.7017
37.5143
37.3302
37.1504
36.9755
36.806
36.6425
36.4853
36.3345
36.1902
36.0523
35.9203
35.7938
35.6724
35.5554
35.4423
35.3324
35.2254
35.1212
35.0195
34.9192
34.8235
34.7228
34.6433
34.5083
42.8715
42.9058
42.9479
42.9786
43.0014
43.0209
43.0372
43.0495
43.0571
43.0602
43.0583
43.051
43.0375
43.0176
42.9904
42.9559
42.9135
42.8631
42.8043
42.7372
42.6613
42.5768
42.4831
42.3805
42.2683
42.1471
42.016
41.8759
41.7261
41.5676
41.3998
41.2242
41.0401
40.8497
40.6527
40.4517
40.2464
40.0396
39.831
39.6229
39.4147
39.2082
39.0023
38.7983
38.595
38.3934
38.1927
37.9942
37.7975
37.6038
37.4135
37.2278
37.0472
36.8726
36.7045
36.5433
36.3892
36.2424
36.1026
35.9696
35.843
35.7221
35.6061
35.4946
35.3866
35.2817
35.1794
35.079
34.981
34.8839
34.791
34.6931
34.6149
34.4854
43.436
43.468
43.5079
43.5352
43.5541
43.5695
43.5816
43.589
43.5915
43.5887
43.5801
43.5651
43.543
43.5129
43.4745
43.4272
43.3708
43.305
43.2298
43.1451
43.0509
42.9469
42.8336
42.7103
42.5775
42.4345
42.282
42.1194
41.9473
41.7653
41.5743
41.3742
41.1664
40.9512
40.7306
40.5054
40.2779
40.0491
39.8211
39.5946
39.3709
39.1502
38.9328
38.7186
38.5074
38.2989
38.0932
37.8902
37.6904
37.4943
37.3028
37.1166
36.9368
36.7639
36.5984
36.4408
36.291
36.1491
36.0146
35.8874
35.7664
35.6512
35.541
35.4349
35.3323
35.2321
35.134
35.0379
34.9434
34.8497
34.7595
34.6644
34.5878
34.4627
44.0428
44.0715
44.1079
44.1308
44.1447
44.1548
44.1611
44.1623
44.1576
44.1467
44.129
44.1036
44.0697
44.0265
43.9736
43.9103
43.8367
43.7524
43.6578
43.5527
43.4374
43.3119
43.1764
43.0305
42.8748
42.7085
42.5323
42.3455
42.1488
41.9417
41.7253
41.4994
41.2657
41.0247
40.7788
40.5293
40.2788
40.0288
39.7815
39.5382
39.3001
39.0674
38.8403
38.6183
38.4011
38.188
37.9787
37.7731
37.5717
37.3747
37.1833
36.9983
36.8206
36.6508
36.4894
36.3366
36.1921
36.0559
35.9275
35.8061
35.6914
35.5821
35.4775
35.3768
35.2791
35.1838
35.0901
34.9977
34.9068
34.8163
34.7291
34.6366
34.5619
34.4399
44.696
44.7205
44.7525
44.7697
44.7767
44.7792
44.777
44.7686
44.7534
44.7308
44.7003
44.6608
44.6116
44.5518
44.481
44.3985
44.3046
44.1991
44.0823
43.9544
43.8158
43.6665
43.5068
43.3363
43.1556
42.9639
42.7618
42.5487
42.3253
42.0911
41.8473
41.5939
41.3328
41.0652
40.7933
40.5194
40.2461
39.9759
39.7107
39.4527
39.2021
38.9601
38.7255
38.4985
38.2774
38.0618
37.8509
37.6445
37.4428
37.2466
37.0567
36.8744
36.7003
36.5351
36.3789
36.2319
36.0938
35.964
35.842
35.7272
35.6184
35.515
35.4161
35.3206
35.2279
35.1369
35.0473
34.959
34.8717
34.7844
34.7002
34.6103
34.5378
34.4175
45.3918
45.4102
45.4356
45.4445
45.4421
45.4341
45.4203
45.3989
45.3693
45.331
45.2835
45.2257
45.157
45.0766
44.984
44.879
44.7618
44.6323
44.4912
44.3385
44.1749
44.0001
43.8147
43.6182
43.4111
43.1924
42.963
42.7219
42.4704
42.2073
41.935
41.6526
41.3637
41.0682
40.7709
40.4725
40.1782
39.8887
39.6085
39.3374
39.0779
38.8287
38.5902
38.3603
38.1382
37.9221
37.7114
37.5058
37.3056
37.1117
36.925
36.7468
36.5777
36.4182
36.2685
36.1283
35.997
35.8741
35.7589
35.6505
35.5481
35.4506
35.3569
35.2665
35.1784
35.0919
35.0065
34.9217
34.8379
34.7539
34.6727
34.5853
34.5151
34.3956
46.1304
46.14
46.1554
46.1529
46.1377
46.1159
46.0868
46.049
46.0013
45.9437
45.8754
45.7955
45.7035
45.5986
45.4806
45.3496
45.2056
45.0491
44.8805
44.7005
44.5092
44.3071
44.0938
43.8697
43.6342
43.3874
43.1289
42.8592
42.5777
42.2856
41.9832
41.6723
41.3543
41.0323
40.7091
40.3884
40.0736
39.7681
39.4743
39.1941
38.9279
38.6756
38.4353
38.2057
37.9846
37.7703
37.5619
37.359
37.1622
36.9722
36.7903
36.6175
36.4547
36.3022
36.1596
36.0266
35.9028
35.7871
35.6788
35.5771
35.4807
35.3887
35.3005
35.2149
35.1313
35.0488
34.9673
34.8865
34.8063
34.7255
34.6472
34.5622
34.4944
34.3749
46.8991
46.8961
46.8979
46.8805
46.8493
46.8103
46.7629
46.7052
46.6363
46.5558
46.4632
46.3577
46.2387
46.1059
45.9592
45.7989
45.6252
45.4389
45.2406
45.0309
44.8101
44.5785
44.336
44.0827
43.8179
43.5418
43.2537
42.9542
42.6428
42.3208
41.9887
41.6487
41.3028
40.9546
40.6075
40.2658
39.9335
39.6142
39.3105
39.0242
38.7551
38.5022
38.2636
38.0366
37.819
37.6088
37.4047
37.2065
37.0147
36.8302
36.6545
36.4885
36.333
36.188
36.0532
35.9281
35.8116
35.7032
35.6017
35.5064
35.4162
35.3299
35.2466
35.1656
35.0863
35.0081
34.9305
34.8533
34.7765
34.6989
34.6236
34.5407
34.4755
34.355
47.681
47.6611
47.6452
47.609
47.5582
47.4986
47.4295
47.3488
47.2557
47.1496
47.03
46.8961
46.7476
46.5844
46.4065
46.2144
46.0089
45.7907
45.5607
45.3196
45.0678
44.8058
44.5331
44.25
43.9554
43.6496
43.3318
43.0024
42.6612
42.3094
41.9482
41.5796
41.2072
40.834
40.4654
40.1051
39.7587
39.4288
39.1194
38.8303
38.5618
38.3117
38.0775
37.8559
37.6442
37.4402
37.2424
37.0506
36.8655
36.688
36.5197
36.3614
36.2139
36.077
35.9502
35.8327
35.7239
35.6226
35.5279
35.4391
35.3547
35.2738
35.1956
35.1192
35.0441
34.9697
34.8959
34.8225
34.7493
34.6747
34.6023
34.5213
34.4584
34.3366
48.4611
48.4209
48.3833
48.3248
48.2511
48.1674
48.0731
47.9658
47.8448
47.7093
47.559
47.3934
47.2123
47.0157
46.8043
46.5787
46.3399
46.0889
45.8267
45.5542
45.2716
44.9795
44.6772
44.3648
44.041
43.7064
43.3591
43.0007
42.6297
42.2493
41.859
41.464
41.0656
40.6709
40.2825
39.9081
39.5504
39.2152
38.9031
38.6158
38.3513
38.1073
37.8805
37.667
37.4635
37.2675
37.0777
36.8939
36.7167
36.5474
36.3873
36.2374
36.0983
35.9696
35.8509
35.7412
35.6395
35.5453
35.4573
35.3748
35.2964
35.2209
35.1475
35.0754
35.0045
34.9341
34.8641
34.7941
34.7242
34.6525
34.5827
34.5034
34.4429
34.3193
49.2288
49.165
49.1023
49.0182
48.9178
48.8067
48.6834
48.546
48.3933
48.2251
48.0408
47.8403
47.6238
47.3916
47.1447
46.8839
46.6107
46.3263
46.0318
45.7281
45.4157
45.0944
44.764
44.4234
44.0722
43.7092
43.3341
42.9466
42.5475
42.1382
41.7212
41.2999
40.8793
40.4644
40.0615
39.6759
39.3126
38.9754
38.666
38.384
38.1275
37.8931
37.6764
37.4733
37.2799
37.0937
36.9133
36.7385
36.5702
36.4098
36.2585
36.1174
35.9868
35.8665
35.7556
35.6532
35.5589
35.4715
35.3901
35.3139
35.2412
35.171
35.1025
35.0348
34.9679
34.9012
34.8348
34.7683
34.7015
34.6324
34.5651
34.4872
34.4288
34.3032
49.9569
49.8649
49.7729
49.6595
49.5297
49.3885
49.2341
49.0644
48.8783
48.6756
48.4558
48.219
47.9656
47.6966
47.4132
47.1169
46.8095
46.4923
46.1669
45.8339
45.4938
45.1459
44.7898
44.4237
44.0468
43.6574
43.2552
42.8401
42.4129
41.9764
41.533
41.0887
40.6475
40.2175
39.8035
39.412
39.0479
38.7141
38.4118
38.1399
37.8951
37.6734
37.4695
37.2787
37.097
36.9216
36.7513
36.5862
36.4273
36.2761
36.1339
36.0016
35.8795
35.7673
35.6642
35.5693
35.4818
35.4012
35.3263
35.2563
35.1896
35.1247
35.0608
34.9973
34.9342
34.8712
34.8082
34.7448
34.6808
34.614
34.5489
34.4721
34.4157
34.2878
50.6138
50.49
50.3654
50.2202
50.0591
49.8863
49.6997
49.4971
49.2772
49.0394
48.7838
48.5104
48.2204
47.9147
47.5958
47.2652
46.9255
46.5782
46.225
45.8663
45.5026
45.1322
44.7542
44.3657
43.9658
43.5514
43.1237
42.6807
42.2269
41.7629
41.2961
40.8299
40.3734
39.9314
39.5122
39.1204
38.761
38.4363
38.1463
37.8885
37.6593
37.4529
37.2638
37.0866
36.9173
36.7533
36.5935
36.4382
36.2889
36.147
36.0139
35.8903
35.7766
35.6724
35.5768
35.489
35.4087
35.3349
35.2665
35.2028
35.1416
35.0818
35.0225
34.9631
34.9036
34.8439
34.784
34.7236
34.6621
34.5973
34.5341
34.4581
34.4036
34.2735
51.1703
51.0136
50.8556
50.6779
50.4855
50.2814
50.0632
49.8284
49.5753
49.3038
49.0133
48.7046
48.3789
48.0385
47.6856
47.3234
46.9543
46.5809
46.2044
45.8256
45.4432
45.0557
44.6599
44.253
43.8318
43.3945
42.9403
42.4709
41.989
41.5
41.0103
40.527
40.0579
39.6108
39.1917
38.8063
38.458
38.1481
37.8753
37.6361
37.425
37.236
37.0628
36.8998
36.7431
36.5903
36.4408
36.2953
36.1553
36.0225
35.8983
35.7833
35.6778
35.5815
35.4936
35.4132
35.3397
35.2727
35.2108
35.1532
35.0977
35.0428
34.9876
34.9319
34.8758
34.8193
34.7623
34.7041
34.6448
34.5816
34.52
34.4447
34.3919
34.2596
51.5727
51.3855
51.1975
50.9916
50.7727
50.5428
50.2987
50.0374
49.7567
49.4563
49.1355
48.7954
48.4375
48.0652
47.6817
47.2913
46.8974
46.503
46.1094
45.7167
45.3224
44.9234
44.5146
44.0917
43.6506
43.1895
42.7086
42.2108
41.7014
41.188
40.6782
40.1815
39.7061
39.2598
38.8486
38.4764
38.1459
37.8566
37.6054
37.3875
37.1968
37.0262
36.8691
36.7201
36.5755
36.4334
36.2937
36.1574
36.0266
35.9029
35.7874
35.681
35.5836
35.4953
35.4148
35.3417
35.2756
35.2154
35.1599
35.1081
35.0577
35.0073
34.9563
34.904
34.8508
34.7969
34.7424
34.6864
34.6289
34.567
34.5068
34.4319
34.3808
34.2463
51.7721
51.5605
51.3494
51.1234
50.8875
50.6429
50.3848
50.1091
49.8125
49.4938
49.1514
48.7866
48.4015
48.0011
47.5903
47.1754
46.7614
46.3522
45.9489
45.55
45.1511
44.7461
44.3277
43.8898
43.4278
42.9406
42.4302
41.9022
41.3651
40.8282
40.3026
39.7979
39.3234
38.886
38.4901
38.1389
37.8321
37.5678
37.3417
37.1475
36.9778
36.8257
36.6842
36.5482
36.4148
36.2826
36.152
36.0247
35.9027
35.7879
35.6811
35.5832
35.494
35.4137
35.3412
35.2756
35.2165
35.1632
35.1138
35.0675
35.022
34.9757
34.9279
34.8787
34.8282
34.7768
34.7243
34.6699
34.6138
34.5529
34.4939
34.4195
34.37
34.2335
51.7118
51.4849
51.2627
51.0311
50.7958
50.5565
50.3061
50.0377
49.7452
49.4248
49.0734
48.6922
48.2846
47.8583
47.4221
46.9857
46.5569
46.1403
45.736
45.3399
44.9437
44.5373
44.1105
43.6554
43.1683
42.6499
42.1059
41.5453
40.9803
40.4237
39.8875
39.3827
38.9174
38.4974
38.1252
37.8008
37.5231
37.2877
37.0886
36.9186
36.7702
36.6355
36.5083
36.3842
36.2607
36.1375
36.0155
35.8969
35.7838
35.678
35.58
35.4908
35.4099
35.3378
35.273
35.215
35.1633
35.1165
35.0728
35.0315
34.9901
34.9473
34.9026
34.856
34.8077
34.7583
34.7076
34.6546
34.5996
34.5395
34.4816
34.4074
34.3595
34.2214
51.3574
51.129
50.9132
50.6971
50.4881
50.284
50.0729
49.8424
49.5802
49.278
48.9297
48.5369
48.1066
47.6523
47.1895
46.734
46.2967
45.8825
45.4884
45.1046
44.717
44.3103
43.8714
43.3926
42.8723
42.3155
41.7328
41.1387
40.5486
39.9777
39.4394
38.9436
38.4972
38.1027
37.7606
37.4693
37.2241
37.0196
36.8486
36.7028
36.5741
36.4555
36.341
36.2272
36.1126
35.9976
35.8841
35.7742
35.67
35.5734
35.4845
35.4041
35.3317
35.2677
35.2111
35.1607
35.1158
35.0751
35.0367
34.9996
34.9618
34.922
34.8797
34.8354
34.789
34.7414
34.6921
34.64
34.5859
34.5263
34.4694
34.3957
34.3494
34.2098
50.6701
50.4621
50.2813
50.1157
49.9748
49.8523
49.7272
49.5754
49.3743
49.1076
48.7668
48.3571
47.8939
47.4022
46.9089
46.4372
46.0012
45.6023
45.2302
44.8664
44.4885
44.0757
43.6143
43.0991
42.5338
41.9309
41.307
40.6812
40.0725
39.4969
38.9667
38.4902
38.0711
37.7102
37.4046
37.1493
36.9391
36.7664
36.6227
36.4995
36.3892
36.2847
36.1811
36.0764
35.9698
35.8629
35.7578
35.6568
35.5623
35.4753
35.3957
35.3242
35.2603
35.2046
35.1557
35.1125
35.0744
35.0393
35.0052
34.9716
34.9367
34.8992
34.8591
34.8167
34.7719
34.7256
34.6775
34.6262
34.5728
34.5137
34.4579
34.3845
34.3397
34.1991
49.6175
49.4604
49.3583
49.2992
49.2926
49.3217
49.3473
49.3243
49.213
48.9882
48.6434
48.1953
47.6777
47.1349
46.6086
46.1298
45.71
45.3411
44.9998
44.6554
44.276
43.8406
43.337
42.7676
42.1457
41.491
40.8274
40.1777
39.5611
38.993
38.4828
38.0356
37.6526
37.3304
37.0644
36.8481
36.6727
36.5307
36.4128
36.3102
36.2155
36.1231
36.029
35.9323
35.8334
35.7344
35.6382
35.5469
35.4621
35.3849
35.3146
35.2521
35.1964
35.1486
35.1074
35.0712
35.0388
35.0085
34.9779
34.9469
34.9144
34.8789
34.8404
34.7996
34.7561
34.7111
34.664
34.6131
34.5601
34.5015
34.4467
34.3737
34.3306
34.1892
48.2319
48.1579
48.1897
48.3122
48.5267
48.7933
49.0391
49.1866
49.175
48.9752
48.5944
48.0758
47.4833
46.8859
46.3393
45.8739
45.4893
45.1608
44.8474
44.5054
44.1021
43.6157
43.0465
42.4076
41.7219
41.0185
40.3246
39.6639
39.054
38.5055
38.0253
37.6149
37.2717
36.9912
36.7655
36.5853
36.4424
36.3277
36.2313
36.1453
36.0632
35.9801
35.8932
35.8034
35.7114
35.6204
35.5328
35.451
35.3761
35.3084
35.2467
35.1923
35.144
35.1031
35.0685
35.0381
35.0106
34.9839
34.9556
34.9264
34.8953
34.8613
34.8242
34.7846
34.7421
34.6978
34.6514
34.6009
34.5484
34.4902
34.4364
34.3639
34.3222
34.1804
46.6388
46.6795
46.9063
47.2909
47.8102
48.3838
48.8887
49.2102
49.2712
49.0539
48.5983
47.9871
47.3212
46.6901
46.1526
45.726
45.3903
45.0965
44.7898
44.4215
43.9593
43.3978
42.7465
42.032
41.2878
40.5467
39.8377
39.1813
38.5904
38.0722
37.6283
37.2571
36.9543
36.7122
36.5226
36.375
36.2587
36.1659
36.0863
36.0124
35.9389
35.8625
35.7812
35.697
35.6114
35.5273
35.448
35.3752
35.3089
35.2494
35.195
35.1472
35.105
35.0696
35.0404
35.0146
34.9903
34.9658
34.9386
34.9102
34.88
34.847
34.8107
34.772
34.73
34.6863
34.6405
34.5899
34.5376
34.4797
34.4269
34.3549
34.3146
34.1726
44.9105
45.1166
45.6212
46.3564
47.2563
48.1729
48.9305
49.3799
49.4516
49.1627
48.602
47.9018
47.1915
46.5695
46.0796
45.7136
45.4227
45.1423
44.8073
44.3733
43.8237
43.1639
42.4235
41.6385
40.8482
40.0865
39.3792
38.7423
38.182
37.6991
37.2941
36.962
36.6969
36.4906
36.3327
36.2112
36.1169
36.0407
35.9729
35.9073
35.84
35.7682
35.6912
35.6121
35.5323
35.4551
35.3831
35.3185
35.2601
35.2074
35.1588
35.1161
35.0784
35.0472
35.0218
34.9993
34.9769
34.9535
34.9263
34.8978
34.868
34.8357
34.8
34.7617
34.7199
34.6763
34.6308
34.5803
34.5281
34.4705
34.4186
34.347
34.3079
34.1661
43.1116
43.5741
44.4616
45.6388
46.9589
48.2034
49.1426
49.6294
49.6331
49.2297
48.5664
47.8135
47.1159
46.5553
46.1451
45.8426
45.5759
45.2667
44.8587
44.3227
43.6595
42.8971
42.0733
41.2325
40.4152
39.6523
38.9635
38.3569
37.8336
37.3906
37.0242
36.7287
36.4976
36.3209
36.1892
36.0897
36.0112
35.9468
35.8873
35.8273
35.7639
35.6959
35.6227
35.5482
35.474
35.4027
35.3375
35.2803
35.2283
35.1807
35.1362
35.0971
35.0626
35.034
35.0115
34.991
34.9691
34.9457
34.9177
34.8887
34.859
34.8273
34.7917
34.7535
34.7117
34.6681
34.6229
34.572
34.5197
34.4624
34.4114
34.3402
34.302
34.1605
41.3286
42.1748
43.5648
45.247
46.9738
48.4566
49.4522
49.8613
49.7316
49.2104
48.4881
47.7516
47.1322
46.6773
46.357
46.0961
45.8069
45.4211
44.8973
44.2323
43.4493
42.5892
41.7001
40.8255
40.004
39.2576
38.6004
38.0338
37.5513
37.1456
36.8155
36.5523
36.3504
36.1995
36.0886
36.0047
35.9382
35.8817
35.8269
35.7705
35.7103
35.6451
35.5753
35.505
35.4359
35.37
35.3103
35.2593
35.2126
35.1682
35.1262
35.089
35.0564
35.0293
35.0081
34.9886
34.9663
34.942
34.9125
34.8828
34.8529
34.8217
34.7861
34.7475
34.7056
34.6614
34.6164
34.5653
34.5129
34.4557
34.4055
34.3345
34.297
34.156
39.6691
41.0437
43.0337
45.2292
47.2813
48.8514
49.7457
49.9725
49.6927
49.1057
48.408
47.7681
47.2828
46.9503
46.698
46.43
46.0627
45.5474
44.8772
44.0749
43.1813
42.2477
41.3189
40.4359
39.6301
38.9164
38.3011
37.7763
37.3339
36.9644
36.6665
36.4303
36.2527
36.1208
36.0256
35.9538
35.8946
35.8427
35.791
35.7372
35.6792
35.6163
35.5497
35.4827
35.4184
35.3564
35.3009
35.2548
35.2115
35.1683
35.1272
35.0906
35.0587
35.032
35.0111
34.9918
34.9677
34.942
34.9106
34.88
34.8497
34.819
34.7829
34.7435
34.7013
34.6565
34.6117
34.56
34.5073
34.4502
34.4007
34.3298
34.2927
34.1522
38.2414
40.2635
42.8923
45.5575
47.7829
49.2541
49.898
49.889
49.505
48.9582
48.3895
47.9181
47.5914
47.358
47.1184
46.7767
46.2719
45.5949
44.7694
43.8435
42.8665
41.8896
40.9508
40.0826
39.3105
38.638
38.0691
37.5878
37.1828
36.8424
36.5718
36.3574
36.1989
36.0825
35.9982
35.9337
35.8794
35.8299
35.7792
35.7274
35.6716
35.6099
35.5459
35.4812
35.4208
35.3615
35.3083
35.2656
35.2243
35.1801
35.1386
35.1011
35.0691
35.0415
35.0197
34.9997
34.9733
34.9459
34.9121
34.8806
34.8496
34.8192
34.7824
34.7418
34.6991
34.6532
34.6086
34.5564
34.5032
34.4461
34.397
34.3261
34.2891
34.1493
37.1297
39.8333
43.0625
46.0988
48.3241
49.5229
49.8158
49.5797
49.2137
48.8475
48.5049
48.2329
48.0401
47.8437
47.5388
47.0563
46.3747
45.5254
44.5644
43.5479
42.5265
41.5405
40.6179
39.7833
39.0558
38.4312
37.9103
37.4665
37.0936
36.7785
36.5302
36.3321
36.1881
36.0811
36.0039
35.9445
35.892
35.8431
35.7929
35.7429
35.6881
35.6265
35.5643
35.5003
35.443
35.3842
35.3315
35.2909
35.2497
35.2025
35.1592
35.1198
35.0867
35.0574
35.0338
35.0126
34.9829
34.9534
34.9171
34.8846
34.8527
34.8224
34.7845
34.7421
34.6989
34.6518
34.6073
34.5542
34.5004
34.443
34.3942
34.3231
34.286
34.1468
36.3855
39.6728
43.4034
46.6919
48.7274
49.5411
49.4599
49.0837
48.8987
48.8558
48.7915
48.6935
48.5614
48.3089
47.8608
47.1919
46.3266
45.3307
44.2768
43.2161
42.1912
41.2274
40.3425
39.5536
38.8773
38.2983
37.8231
37.4132
37.0663
36.7684
36.5376
36.3512
36.2172
36.1174
36.0438
35.986
35.9343
35.8846
35.833
35.7844
35.73
35.6661
35.6048
35.5397
35.4841
35.4241
35.3698
35.3297
35.2872
35.2349
35.1889
35.1466
35.1116
35.0796
35.0529
35.0302
34.9968
34.965
34.9258
34.8924
34.8589
34.8286
34.7891
34.7445
34.7008
34.6519
34.6077
34.5535
34.4987
34.441
34.3924
34.3208
34.2832
34.1447
36.0362
39.6496
43.7342
47.1509
48.8553
49.2601
48.8565
48.4772
48.6614
49.0332
49.229
49.2133
49.0366
48.6394
47.9975
47.1381
46.1225
45.0322
43.9448
42.886
41.8955
40.9736
40.1393
39.402
38.7783
38.2442
37.8106
37.4241
37.0968
36.8133
36.5952
36.4165
36.2881
36.1904
36.118
36.061
36.0075
35.9554
35.9017
35.8537
35.7973
35.7292
35.6677
35.5991
35.5442
35.4805
35.4226
35.3818
35.3359
35.2768
35.2273
35.1813
35.1435
35.1079
35.0774
35.0528
35.0149
34.9806
34.9384
34.904
34.8682
34.8376
34.7962
34.7489
34.7046
34.6537
34.6096
34.5541
34.4981
34.4398
34.3912
34.3189
34.2807
34.1429
36.1319
39.6697
43.95
47.3519
48.6225
48.6947
48.086
47.8734
48.5735
49.3677
49.7167
49.6491
49.3246
48.7311
47.9014
46.8962
45.7972
44.6764
43.6124
42.5937
41.6633
40.799
40.022
39.3376
38.7648
38.2664
37.8685
37.5006
37.1867
36.9113
36.7014
36.5272
36.4002
36.3038
36.2302
36.1706
36.1145
36.0584
35.9996
35.9512
35.8911
35.8154
35.7528
35.6782
35.6225
35.5531
35.4892
35.4466
35.3957
35.3284
35.2747
35.224
35.1825
35.1426
35.1071
35.0804
35.0376
35.0006
34.955
34.9193
34.8805
34.8495
34.8055
34.7552
34.7102
34.6569
34.613
34.5558
34.4984
34.4395
34.3905
34.3174
34.2784
34.1414
36.6782
39.6881
44.0007
47.2326
48.0378
47.9221
47.2575
47.3801
48.6578
49.7424
50.0652
49.8207
49.3098
48.5419
47.5855
46.5109
45.4039
44.3147
43.3213
42.3669
41.5136
40.7087
39.9911
39.3586
38.8329
38.3671
37.9983
37.6391
37.3334
37.0661
36.8594
36.6872
36.5573
36.4581
36.3815
36.3184
36.2567
36.1943
36.1289
36.0782
36.011
35.9256
35.8603
35.7771
35.7189
35.6416
35.5701
35.5242
35.4662
35.3895
35.3309
35.2748
35.2287
35.1837
35.1423
35.1133
35.065
35.0249
34.9755
34.9381
34.8956
34.864
34.817
34.7634
34.7176
34.6615
34.6176
34.5584
34.4995
34.4398
34.3903
34.3162
34.2762
34.1399
37.6103
39.7154
43.8964
46.8214
47.1755
47.0487
46.4853
47.0735
48.8104
49.9136
50.0499
49.5958
48.951
48.0911
47.1017
46.0412
44.9967
43.9813
43.0928
42.2159
41.4516
40.7117
40.0541
39.4713
38.9882
38.5443
38.1994
37.8459
37.5438
37.2798
37.0725
36.8993
36.7626
36.6601
36.5779
36.5078
36.4384
36.367
36.2911
36.2356
36.1588
36.0603
35.991
35.8961
35.8339
35.7464
35.6651
35.6149
35.548
35.4611
35.3967
35.3341
35.2824
35.2314
35.1831
35.1515
35.0972
35.0535
35.0001
34.9605
34.9135
34.881
34.8305
34.7734
34.7266
34.6672
34.6234
34.562
34.5015
34.4408
34.3904
34.3153
34.2742
34.1387
38.6953
39.8263
43.7218
46.1814
46.1638
46.1852
45.9034
46.9954
48.8172
49.6302
49.5206
48.9415
48.2732
47.4287
46.5003
45.5266
44.5974
43.6929
42.9267
42.1405
41.4679
40.7945
40.1978
39.6633
39.2187
38.7956
38.4658
38.1139
37.8128
37.5524
37.3392
37.1629
37.0158
36.9069
36.8167
36.7376
36.6574
36.5739
36.4853
36.4218
36.3323
36.2194
36.1429
36.0348
35.9656
35.8665
35.7745
35.7171
35.6402
35.5426
35.4715
35.4016
35.3432
35.2855
35.2298
35.1945
35.134
35.0863
35.0284
34.986
34.934
34.9
34.8459
34.7852
34.737
34.6744
34.63
34.5663
34.5041
34.4422
34.3907
34.3146
34.2724
34.1377
39.4062
39.838
43.454
45.4299
45.1509
45.4292
45.659
47.0901
48.4393
48.7418
48.4518
47.897
47.3334
46.6081
45.8197
44.9884
44.2121
43.442
42.8069
42.1226
41.5438
40.9424
40.4084
39.9214
39.5121
39.107
38.7855
38.435
38.133
37.8741
37.6514
37.4699
37.3098
37.1928
37.0924
37.0015
36.9081
36.8098
36.7062
36.6311
36.5269
36.3988
36.3117
36.1895
36.1104
35.9989
35.8958
35.8285
35.7408
35.6325
35.5537
35.4757
35.4098
35.3448
35.2816
35.2413
35.1746
35.1224
35.0598
35.014
34.957
34.9206
34.8628
34.7986
34.7486
34.6829
34.6371
34.5713
34.5073
34.4441
34.3912
34.3141
34.2707
34.1369
39.9424
40.0428
43.1073
44.6593
44.2692
44.8501
45.7198
46.9081
47.1868
46.9717
46.7324
46.4323
46.1319
45.642
45.0746
44.4437
43.8582
43.2509
42.7585
42.193
41.7133
41.1936
40.7261
40.2874
39.9106
39.5212
39.2019
38.852
38.5456
38.2829
38.0465
37.8543
37.6779
37.5482
37.433
37.3254
37.2141
37.0966
36.974
36.8816
36.7595
36.6135
36.5111
36.3727
36.2796
36.1539
36.0382
35.9573
35.8575
35.7375
35.6492
35.5616
35.4866
35.4132
35.3418
35.2948
35.2215
35.164
35.0961
35.046
34.9836
34.9438
34.8821
34.8142
34.7619
34.6931
34.6451
34.5772
34.5114
34.4467
34.3921
34.314
34.2694
34.1362
)
;

boundaryField
{
    inlet
    {
        type            freestreamPressure;
        value           nonuniform List<scalar> 
230
(
31.8115
31.8074
31.8031
31.7987
31.7931
31.7878
31.7822
31.7778
31.774
31.7718
31.7707
31.7716
31.7737
31.7779
31.7833
31.7904
31.7985
31.808
31.8182
31.8293
31.8409
31.8532
31.8657
31.879
31.8926
31.907
31.9221
31.9382
31.9553
31.9739
31.9938
32.0157
32.0394
32.0654
32.0937
32.1247
32.1582
32.1943
32.233
32.2741
32.3176
32.3634
32.4115
32.4618
32.5145
32.5697
32.6276
32.6884
32.752
32.8186
32.8882
32.9605
33.0352
33.1118
33.19
33.2689
33.3479
33.4262
33.5031
33.5776
33.6488
33.7159
33.7778
33.8335
33.8823
33.9234
33.9563
33.9807
33.9963
34.0029
34.0003
33.9875
33.9666
33.929
34.8436
34.1954
33.6295
33.1463
32.7431
32.4125
32.146
31.9347
31.7706
31.6459
31.5543
31.4895
31.4469
31.4214
31.4099
31.4084
31.4146
31.4256
31.4398
31.4555
31.472
31.488
31.5037
31.519
31.5348
31.5506
31.5672
31.5843
31.6026
31.6216
31.6418
31.6626
31.684
31.7052
31.726
31.7455
31.7635
31.7792
31.7927
31.8033
31.8111
35.5454
36.1969
36.7726
37.2692
37.6914
38.046
38.3408
38.5843
38.7842
38.9475
39.08
39.187
39.2729
39.3413
39.3956
39.4382
39.4714
39.4968
39.516
39.5303
39.5407
39.5479
39.5528
39.5559
39.5577
39.5585
39.5586
39.5583
39.5577
39.5571
39.5563
39.5556
39.5548
39.5542
39.5535
39.553
39.5522
39.5516
39.5506
39.5496
39.5477
39.5449
39.5427
39.5413
39.5388
39.5355
39.531
39.5259
39.5194
39.5121
39.5035
39.4943
39.4839
39.4732
39.4615
39.4497
39.4372
39.4248
39.4116
39.3985
39.3846
39.3705
39.3553
39.3397
39.3229
39.3053
39.2861
39.266
39.244
39.221
39.1959
39.1694
39.1407
39.1104
39.0775
39.0426
39.0047
38.9641
38.92
38.8725
38.8206
38.7646
38.7037
38.6381
38.567
38.4909
38.409
38.3219
38.229
38.1307
38.0267
37.9174
37.8025
37.6824
37.5569
37.4267
37.2917
37.1526
37.0095
36.8635
36.7149
36.5647
36.4138
36.2629
36.1132
35.9653
35.8205
35.6791
35.5424
35.4109
35.2857
35.168
35.0574
34.9615
34.862
)
;
    }
    outlet
    {
        type            freestreamPressure;
        value           nonuniform List<scalar> 
96
(
34.1359
34.1359
34.1362
34.1369
34.1377
34.1387
34.1399
34.1414
34.1433
34.1456
34.1484
34.1516
34.1553
34.1596
34.1644
34.1696
34.1753
34.1812
34.1874
34.1938
34.2003
34.207
34.2139
34.221
34.2285
34.2366
34.2458
34.2565
34.27
34.2881
34.3143
34.3538
34.4113
34.4843
34.5556
34.5936
34.567
34.4674
34.3215
34.1774
34.0743
34.0202
33.9978
33.9854
33.9719
33.9557
33.9421
33.929
34.862
34.8453
34.8141
34.7769
34.7384
34.7006
34.6656
34.6337
34.6051
34.5788
34.5546
34.5311
34.5083
34.4854
34.4627
34.4399
34.4175
34.3956
34.3749
34.355
34.3366
34.3193
34.3032
34.2878
34.2735
34.2596
34.2463
34.2335
34.2214
34.2098
34.1991
34.1892
34.1804
34.1726
34.1661
34.1605
34.156
34.1522
34.1493
34.1468
34.1447
34.1429
34.1414
34.1399
34.1387
34.1377
34.1369
34.1362
)
;
    }
    walls
    {
        type            zeroGradient;
    }
    frontAndBack
    {
        type            empty;
    }
}


// ************************************************************************* //
