/*--------------------------------*- C++ -*----------------------------------*\
| =========                 |                                                 |
| \\      /  F ield         | OpenFOAM: The Open Source CFD Toolbox           |
|  \\    /   O peration     | Version:  5.x                                   |
|   \\  /    A nd           | Web:      www.OpenFOAM.org                      |
|    \\/     M anipulation  |                                                 |
\*---------------------------------------------------------------------------*/
FoamFile
{
    version     2.0;
    format      ascii;
    class       volScalarField;
    location    "2200";
    object      p;
}
// * * * * * * * * * * * * * * * * * * * * * * * * * * * * * * * * * * * * * //

dimensions      [0 2 -2 0 0 0 0];

internalField   nonuniform List<scalar> 
11040
(
-0.00186702
-99.733
-337.067
-401.179
-422.363
-435.339
-436.793
-426.495
-407.826
-381.895
-348.211
-296.466
-246.654
-211.176
-186.384
-159.955
-133.111
-107.754
-83.7505
-60.583
-38.1639
-18.7982
-2.6154
12.5297
26.7164
39.9684
52.2812
63.6432
73.9926
83.2298
91.2422
97.9098
103.177
107.112
109.914
111.84
112.629
112.05
111.723
115.212
115.272
36.5764
-59.9097
-212.477
-290.474
-331.383
-361.455
-379.287
-383.47
-376.487
-360.049
-334.364
-291.474
-246.299
-211.467
-186.129
-160.009
-133.473
-108.249
-84.3241
-61.2204
-38.8423
-19.5245
-3.3113
11.8635
26.0821
39.3718
51.7298
63.1432
73.5529
82.8615
90.9506
97.6986
103.045
107.04
109.878
111.853
112.711
112.115
111.375
113.837
113.376
61.2549
-32.4995
-142.359
-234.014
-288.794
-325.027
-347.619
-356.286
-353.298
-340.637
-319.322
-283.738
-242.965
-208.957
-183.517
-158.39
-132.618
-107.789
-84.1363
-61.2524
-39.0336
-19.7949
-3.62446
11.5196
25.7193
39.0018
51.3648
62.7934
73.2299
82.5785
90.7206
97.5333
102.946
107
109.877
111.891
112.814
112.271
111.388
113.051
112.239
78.6351
-5.13811
-87.3781
-171.033
-229.423
-270.857
-300.449
-317.068
-321.363
-315.171
-300.012
-272.174
-236.922
-204.864
-179.749
-155.733
-130.95
-106.717
-83.4903
-60.9502
-38.9869
-19.9147
-3.84278
11.2344
25.3877
38.6414
50.993
62.4251
72.8805
82.2653
90.461
97.3428
102.832
106.96
109.89
111.927
112.887
112.406
111.475
112.655
112.012
92.3284
20.5664
-43.3243
-114.926
-173.762
-218.795
-253.048
-275.64
-286.309
-286.342
-277.335
-257.131
-228.281
-199.188
-174.82
-151.953
-128.39
-104.99
-82.3578
-60.3045
-38.7252
-19.9179
-4.00845
10.9476
25.0088
38.1954
50.5047
61.9169
72.3756
81.7887
90.0393
97.0025
102.594
106.829
109.846
111.92
112.918
112.524
111.592
112.594
112.454
102.747
42.9581
-8.03323
-67.4273
-121.969
-167.092
-203.663
-230.739
-247.184
-253.45
-250.815
-238.176
-216.308
-191.236
-168.359
-146.851
-124.76
-102.456
-80.6048
-59.1903
-38.1326
-19.6902
-4.02523
10.7368
24.6424
37.7065
49.9256
61.2777
71.7074
81.1262
89.4204
96.4681
102.18
106.557
109.702
111.847
112.912
112.674
111.83
112.818
113.226
110.636
61.6511
20.2386
-28.3106
-76.0005
-118.36
-154.811
-184.211
-204.946
-216.689
-220.156
-214.755
-200.172
-180.213
-159.876
-140.153
-119.819
-98.916
-78.0878
-57.4969
-37.1181
-19.1601
-3.83739
10.6469
24.3232
37.1972
49.2644
60.5018
70.8563
80.2445
88.5593
95.6845
101.529
106.077
109.399
111.673
112.867
112.874
112.252
113.296
114.242
116.577
76.7348
42.7964
3.35933
-36.806
-74.5025
-108.735
-138.272
-161.39
-177.225
-185.908
-186.965
-179.462
-165.368
-148.666
-131.374
-113.182
-94.0548
-74.5686
-55.0428
-35.545
-18.2259
-3.36476
10.7406
24.0977
36.6991
48.5372
59.5883
69.8029
79.1053
87.399
94.578
100.553
105.296
108.847
111.329
112.751
113.121
112.875
114.092
115.464
120.996
88.6151
60.669
28.6905
-4.3929
-36.6105
-67.1707
-94.979
-118.507
-136.679
-149.184
-155.483
-154.3
-146.252
-134.051
-119.94
-104.37
-87.4573
-69.7106
-51.5615
-33.1986
-16.7098
-2.45662
11.1404
24.0655
36.294
47.8098
58.5867
68.5786
77.7192
85.9256
93.1077
99.1857
104.126
107.945
110.727
112.505
113.382
113.681
115.239
116.861
124.209
97.8156
74.7309
48.7948
21.8762
-4.90356
-31.111
-55.9522
-78.2366
-96.9632
-111.609
-121.574
-125.451
-122.978
-115.658
-105.361
-92.9187
-78.6724
-63.109
-46.7181
-29.8038
-14.3785
-0.910622
12.0184
24.373
36.1093
47.1964
57.6014
67.279
76.1709
84.2083
91.3191
97.4399
102.542
106.636
109.781
112.03
113.553
114.561
116.616
118.415
126.478
104.864
85.743
64.6781
42.9022
21.0248
-0.80554
-22.112
-42.0528
-59.8653
-75.0243
-86.9548
-94.3054
-96.347
-93.6464
-87.4292
-78.4937
-67.3069
-54.3535
-40.1341
-25.0347
-10.9531
1.51688
13.5878
25.2058
36.3086
46.8458
56.773
66.0423
74.6
82.3881
89.3505
95.4405
100.641
104.97
108.482
111.244
113.463
115.264
117.894
119.984
128.025
110.236
94.3574
77.2114
59.6278
41.9264
24.0884
6.35254
-10.7439
-26.6902
-41.0846
-53.4523
-62.6418
-67.7796
-68.8449
-66.4385
-61.0726
-53.1579
-43.131
-31.454
-18.5404
-6.11132
5.11721
16.1127
26.8011
37.104
46.9492
56.2776
65.036
73.1722
80.635
87.3794
93.3721
98.6061
103.108
106.934
110.159
112.991
115.514
118.647
121.206
129.047
114.334
101.12
87.1262
72.9197
58.6591
44.2477
29.7769
15.5595
1.91465
-10.9144
-22.5917
-32.2251
-39.0073
-42.6416
-43.2862
-41.1228
-36.3797
-29.3701
-20.4607
-10.0277
0.460653
10.2006
19.8942
29.4461
38.7637
47.7551
56.3452
64.4738
72.0874
79.1389
85.5901
91.416
96.6153
101.218
105.275
108.854
112.133
115.19
118.614
121.655
129.703
117.487
106.471
95.0189
83.5195
72.0432
60.4676
48.805
37.2257
25.9136
14.9923
4.66316
-4.43233
-11.6519
-16.637
-19.3119
-19.6207
-17.595
-13.3849
-7.22081
0.613141
8.96839
17.0193
25.2134
33.4382
41.5897
49.5605
57.2625
64.628
71.6014
78.1363
84.1976
89.7638
94.8347
99.4365
103.609
107.402
110.944
114.304
117.805
121.079
130.117
119.946
110.753
101.358
92.0278
82.7856
73.5087
64.1727
54.8645
45.6812
36.6792
27.9556
19.9437
13.109
7.76261
4.05844
2.16274
2.17587
4.09037
7.81338
13.1774
19.3786
25.6497
32.2267
38.9909
45.8354
52.6451
59.3229
65.795
72.0038
77.9027
83.457
88.6444
93.4607
97.9242
102.059
105.893
109.507
112.953
116.379
119.616
130.399
121.917
114.242
106.514
98.9237
91.4667
84.0314
76.5797
69.1526
61.7976
54.5331
47.3964
40.6665
34.661
29.61
25.6609
22.9964
21.7676
22.0512
23.856
27.1195
31.3532
35.9103
40.8793
46.1505
51.6241
57.1888
62.7476
68.2254
73.5627
78.7119
83.6369
88.3134
92.7313
96.8984
100.822
104.513
108.015
111.358
114.601
117.661
130.661
123.584
117.176
110.807
104.617
98.5858
92.6161
86.668
80.7585
74.9088
69.118
63.396
57.9155
52.8857
48.4636
44.7611
41.9306
40.1182
39.4275
39.9194
41.6002
44.2235
47.2915
50.8083
54.6841
58.8346
63.163
67.582
72.0214
76.4243
80.744
84.9437
88.9956
92.8838
96.6064
100.159
103.539
106.766
109.854
112.821
115.626
130.898
124.935
119.527
114.21
109.094
104.146
99.284
94.4705
89.7115
85.0161
80.3767
75.7937
71.3759
67.2576
63.5425
60.3084
57.6686
55.7407
54.621
54.3822
55.0612
56.5608
58.5189
60.9034
63.648
66.6869
69.9425
73.3424
76.8266
80.3447
83.8541
87.3195
90.7129
94.0147
97.2166
100.307
103.274
106.127
108.868
111.497
113.997
131.093
125.992
121.358
116.845
112.541
108.408
104.374
100.406
96.5042
92.6717
88.8985
85.181
81.5924
78.2223
75.1381
72.394
70.0709
68.2566
67.0287
66.4534
66.5739
67.3712
68.5844
70.1725
72.0897
74.2868
76.7038
79.2839
81.9784
84.7451
87.5473
90.3535
93.1374
95.879
98.5668
101.186
103.722
106.177
108.547
110.824
113.002
131.276
126.856
122.836
118.952
115.276
111.769
108.366
105.04
101.787
98.6081
95.4927
92.4361
89.4893
86.7146
84.1566
81.8526
79.8604
78.2437
77.0617
76.368
76.2019
76.5808
77.3138
78.3628
79.6975
81.2813
83.0687
85.0164
87.086
89.2437
91.4588
93.7046
95.9579
98.2001
100.419
102.6
104.727
106.8
108.811
110.752
112.618
131.452
127.584
124.062
120.682
117.506
114.492
111.585
108.76
106.013
103.341
100.736
98.1931
95.7484
93.4468
91.3187
89.3893
87.7006
86.2987
85.2272
84.5276
84.2318
84.3711
84.8018
85.4927
86.4243
87.5691
88.8929
90.3628
91.9493
93.6256
95.367
97.1514
98.9594
100.775
102.585
104.378
106.14
107.866
109.55
111.183
112.762
131.627
128.213
125.102
122.135
119.364
116.749
114.238
111.813
109.467
107.197
104.995
102.857
100.81
98.8864
97.1073
95.49
94.0652
92.8663
91.9252
91.2728
90.9338
90.942
91.186
91.6417
92.297
93.1309
94.1172
95.2309
96.4496
97.7521
99.119
100.532
101.976
103.437
104.905
106.367
107.812
109.236
110.634
111.995
113.317
131.799
128.766
125.999
123.375
120.938
118.649
116.463
114.361
112.34
110.394
108.516
106.703
104.975
103.355
101.86
100.501
99.2995
98.2811
97.4686
96.8849
96.5481
96.4896
96.6203
96.9227
97.3893
98.0037
98.7453
99.5953
100.536
101.552
102.627
103.746
104.898
106.071
107.256
108.443
109.623
110.792
111.943
113.071
114.171
131.968
129.257
126.782
124.446
122.289
120.271
118.353
116.519
114.764
113.082
111.469
109.92
108.45
107.078
105.814
104.668
103.654
102.792
102.097
101.587
101.274
101.186
101.25
101.453
101.79
102.249
102.813
103.468
104.2
104.997
105.845
106.735
107.655
108.597
109.553
110.515
111.476
112.433
113.379
114.31
115.221
132.134
129.698
127.471
125.381
123.46
121.671
119.978
118.367
116.833
115.37
113.975
112.643
111.385
110.216
109.143
108.172
107.315
106.585
105.994
105.555
105.276
105.179
105.204
105.342
105.591
105.939
106.374
106.884
107.459
108.088
108.762
109.472
110.21
110.968
111.741
112.522
113.305
114.087
114.863
115.63
116.383
132.294
130.094
128.084
126.204
124.484
122.889
121.387
119.964
118.615
117.336
116.122
114.97
113.888
112.886
111.971
111.147
110.421
109.803
109.302
108.927
108.683
108.589
108.593
108.689
108.876
109.145
109.485
109.887
110.342
110.844
111.383
111.953
112.548
113.161
113.787
114.423
115.061
115.701
116.339
116.971
117.592
132.448
130.454
128.63
126.932
125.385
123.957
122.616
121.353
120.162
119.038
117.977
116.976
116.041
115.179
114.396
113.693
113.076
112.553
112.129
111.81
111.601
111.515
111.508
111.577
111.72
111.932
112.201
112.522
112.887
113.29
113.725
114.186
114.668
115.166
115.676
116.195
116.718
117.243
117.768
118.289
118.803
132.596
130.78
129.119
127.579
126.183
124.897
123.697
122.571
121.514
120.522
119.591
118.717
117.905
117.162
116.488
115.887
115.363
114.919
114.56
114.291
114.113
114.038
114.026
114.077
114.19
114.359
114.576
114.835
115.13
115.457
115.811
116.186
116.579
116.986
117.404
117.829
118.258
118.691
119.124
119.555
119.981
132.737
131.077
129.559
128.157
126.891
125.729
124.65
123.642
122.702
121.823
121.002
120.237
119.53
118.886
118.306
117.791
117.343
116.967
116.663
116.437
116.287
116.223
116.21
116.249
116.34
116.478
116.654
116.866
117.107
117.375
117.664
117.972
118.295
118.629
118.973
119.323
119.678
120.036
120.394
120.752
121.105
132.871
131.347
129.955
128.674
127.521
126.469
125.494
124.589
123.749
122.968
122.243
121.57
120.953
120.393
119.892
119.45
119.068
118.748
118.492
118.301
118.177
118.123
118.112
118.143
118.218
118.331
118.477
118.651
118.851
119.072
119.311
119.565
119.831
120.108
120.392
120.682
120.976
121.273
121.571
121.869
122.163
132.997
131.594
130.312
129.137
128.084
127.127
126.244
125.429
124.675
123.979
123.337
122.745
122.204
121.717
121.283
120.903
120.576
120.304
120.088
119.929
119.825
119.782
119.773
119.799
119.862
119.956
120.078
120.224
120.39
120.573
120.772
120.983
121.205
121.435
121.671
121.913
122.157
122.405
122.653
122.902
123.148
133.116
131.818
130.634
129.553
128.588
127.713
126.912
126.175
125.498
124.875
124.304
123.782
123.308
122.883
122.507
122.18
121.9
121.67
121.488
121.354
121.269
121.235
121.228
121.251
121.305
121.385
121.488
121.61
121.75
121.904
122.07
122.246
122.432
122.624
122.821
123.023
123.228
123.435
123.643
123.852
124.057
133.226
132.022
130.924
129.926
129.038
128.237
127.506
126.838
126.228
125.671
125.162
124.7
124.283
123.913
123.587
123.305
123.066
122.87
122.718
122.607
122.537
122.511
122.507
122.528
122.574
122.644
122.731
122.835
122.953
123.083
123.223
123.371
123.527
123.688
123.854
124.023
124.195
124.369
124.544
124.719
124.892
133.33
132.207
131.185
130.261
129.441
128.704
128.036
127.429
126.877
126.377
125.924
125.514
125.148
124.824
124.542
124.299
124.095
123.93
123.801
123.71
123.654
123.634
123.633
123.653
123.694
123.754
123.83
123.918
124.019
124.129
124.247
124.373
124.504
124.64
124.78
124.923
125.067
125.214
125.361
125.509
125.654
133.425
132.375
131.42
130.56
129.8
129.121
128.508
127.955
127.455
127.005
126.6
126.237
125.915
125.632
125.387
125.179
125.005
124.865
124.758
124.684
124.639
124.625
124.627
124.645
124.682
124.735
124.801
124.877
124.963
125.057
125.158
125.265
125.376
125.491
125.609
125.73
125.852
125.975
126.1
126.225
126.347
133.513
132.526
131.631
130.827
130.12
129.491
128.928
128.422
127.968
127.563
127.201
126.879
126.595
126.349
126.137
125.958
125.81
125.693
125.604
125.544
125.509
125.501
125.505
125.523
125.557
125.604
125.661
125.727
125.801
125.882
125.968
126.059
126.154
126.252
126.352
126.454
126.557
126.662
126.767
126.873
126.976
133.594
132.662
131.818
131.064
130.404
129.82
129.299
128.836
128.423
128.057
127.733
127.448
127.199
126.984
126.801
126.648
126.523
126.425
126.352
126.304
126.278
126.274
126.28
126.298
126.329
126.371
126.422
126.48
126.544
126.613
126.688
126.765
126.846
126.929
127.015
127.101
127.189
127.278
127.367
127.456
127.544
133.667
132.782
131.984
131.274
130.654
130.109
129.627
129.201
128.825
128.495
128.205
127.951
127.732
127.545
127.388
127.258
127.153
127.073
127.014
126.977
126.958
126.959
126.967
126.985
127.014
127.052
127.097
127.148
127.204
127.265
127.329
127.395
127.465
127.536
127.608
127.682
127.757
127.832
127.907
127.983
128.057
133.733
132.889
132.13
131.457
130.873
130.363
129.915
129.522
129.179
128.879
128.62
128.395
128.203
128.042
127.907
127.797
127.71
127.644
127.598
127.57
127.558
127.561
127.571
127.59
127.617
127.652
127.692
127.737
127.787
127.839
127.895
127.952
128.012
128.073
128.135
128.197
128.261
128.325
128.389
128.453
128.516
133.791
132.982
132.256
131.616
131.063
130.583
130.164
129.801
129.487
129.216
128.983
128.785
128.617
128.478
128.363
128.272
128.201
128.148
128.113
128.093
128.088
128.095
128.107
128.126
128.153
128.185
128.222
128.263
128.306
128.353
128.401
128.451
128.502
128.555
128.608
128.661
128.715
128.77
128.824
128.878
128.931
133.843
133.062
132.364
131.751
131.224
130.77
130.378
130.041
129.753
129.507
129.299
129.124
128.978
128.859
128.763
128.687
128.63
128.59
128.564
128.551
128.55
128.56
128.574
128.593
128.619
128.649
128.683
128.719
128.758
128.799
128.841
128.885
128.929
128.974
129.02
129.066
129.112
129.158
129.204
129.25
129.295
133.887
133.129
132.453
131.863
131.359
130.927
130.558
130.244
129.979
129.756
129.569
129.416
129.29
129.189
129.11
129.049
129.006
128.976
128.96
128.955
128.96
128.974
128.991
129.011
129.037
129.066
129.098
129.132
129.167
129.204
129.242
129.28
129.319
129.358
129.397
129.436
129.476
129.515
129.554
129.593
129.63
133.925
133.182
132.524
131.953
131.466
131.054
130.705
130.411
130.166
129.964
129.798
129.663
129.555
129.471
129.407
129.36
129.327
129.307
129.298
129.299
129.307
129.323
129.341
129.362
129.387
129.415
129.445
129.476
129.508
129.541
129.574
129.608
129.642
129.676
129.71
129.744
129.778
129.812
129.845
129.879
129.91
133.955
133.223
132.578
132.02
131.548
131.151
130.818
130.543
130.316
130.132
129.984
129.867
129.777
129.708
129.659
129.626
129.606
129.597
129.598
129.607
129.622
129.643
129.665
129.689
129.716
129.744
129.774
129.804
129.834
129.865
129.896
129.926
129.956
129.986
130.016
130.045
130.074
130.102
130.13
130.158
130.185
133.979
133.254
132.617
132.068
131.607
131.221
130.902
130.641
130.431
130.263
130.131
130.031
129.955
129.901
129.864
129.841
129.83
129.828
129.834
129.846
129.864
129.886
129.909
129.933
129.96
129.987
130.015
130.044
130.072
130.1
130.128
130.156
130.183
130.21
130.237
130.263
130.288
130.313
130.337
130.361
130.384
133.996
133.271
132.638
132.095
131.641
131.265
130.957
130.709
130.512
130.358
130.241
130.155
130.094
130.055
130.034
130.026
130.03
130.043
130.061
130.085
130.112
130.141
130.17
130.199
130.229
130.26
130.289
130.318
130.347
130.374
130.401
130.427
130.452
130.477
130.5
130.523
130.544
130.565
130.586
130.605
130.624
134.004
133.268
132.629
132.086
131.635
131.266
130.968
130.732
130.548
130.409
130.306
130.234
130.186
130.157
130.143
130.142
130.15
130.165
130.186
130.212
130.241
130.272
130.302
130.332
130.363
130.393
130.422
130.45
130.478
130.504
130.53
130.554
130.577
130.6
130.621
130.642
130.662
130.68
130.699
130.716
130.733
134.002
133.247
132.596
132.046
131.592
131.224
130.933
130.706
130.535
130.411
130.325
130.271
130.244
130.239
130.25
130.274
130.306
130.345
130.386
130.428
130.47
130.51
130.549
130.587
130.623
130.657
130.69
130.721
130.75
130.777
130.803
130.827
130.85
130.871
130.891
130.91
130.927
130.944
130.959
130.974
130.988
125.738
133.173
139.073
142.366
144.222
145.37
145.929
146.068
145.941
145.644
145.241
144.778
144.285
143.784
143.289
142.808
142.347
141.908
141.494
141.104
140.738
140.396
140.077
139.779
139.501
139.242
139.001
138.777
138.569
138.374
138.193
138.024
137.866
137.718
137.579
137.449
137.326
137.21
137.102
136.999
136.902
136.812
136.726
136.645
136.569
136.498
136.43
136.366
136.305
136.248
136.193
136.141
136.092
136.045
135.999
135.956
135.914
135.874
135.835
135.798
135.761
135.726
135.691
135.657
135.624
135.592
135.561
135.531
135.502
135.476
135.447
135.43
135.396
135.408
124.727
132.723
138.889
142.415
144.368
145.521
146.055
146.164
146.009
145.686
145.263
144.783
144.277
143.766
143.264
142.777
142.312
141.87
141.454
141.063
140.697
140.355
140.036
139.738
139.461
139.204
138.964
138.741
138.534
138.341
138.161
137.993
137.836
137.689
137.552
137.422
137.301
137.186
137.078
136.977
136.881
136.791
136.706
136.627
136.551
136.48
136.413
136.35
136.29
136.233
136.179
136.128
136.079
136.032
135.988
135.945
135.903
135.864
135.825
135.788
135.752
135.717
135.682
135.649
135.616
135.585
135.554
135.524
135.495
135.469
135.441
135.424
135.39
135.402
123.976
131.534
138.351
142.33
144.464
145.664
146.193
146.276
146.088
145.736
145.288
144.788
144.267
143.744
143.233
142.74
142.27
141.825
141.407
141.015
140.648
140.306
139.988
139.691
139.416
139.159
138.921
138.7
138.494
138.302
138.124
137.958
137.802
137.657
137.521
137.393
137.273
137.159
137.053
136.952
136.858
136.769
136.685
136.606
136.532
136.462
136.395
136.333
136.274
136.218
136.164
136.113
136.065
136.019
135.975
135.932
135.892
135.852
135.814
135.777
135.742
135.707
135.673
135.64
135.608
135.577
135.546
135.517
135.488
135.462
135.434
135.417
135.383
135.396
123.578
130.51
137.651
142.061
144.458
145.753
146.305
146.381
146.171
145.79
145.315
144.792
144.253
143.717
143.195
142.694
142.219
141.771
141.351
140.958
140.591
140.25
139.932
139.637
139.363
139.108
138.872
138.652
138.448
138.259
138.082
137.918
137.764
137.621
137.486
137.36
137.241
137.129
137.024
136.925
136.832
136.744
136.661
136.583
136.51
136.441
136.376
136.314
136.256
136.2
136.148
136.098
136.05
136.004
135.961
135.919
135.879
135.84
135.803
135.766
135.731
135.697
135.663
135.631
135.599
135.568
135.538
135.509
135.48
135.454
135.427
135.41
135.377
135.389
123.695
130.123
137.075
141.657
144.316
145.756
146.358
146.443
146.225
145.828
145.333
144.79
144.232
143.681
143.148
142.639
142.158
141.707
141.284
140.891
140.524
140.184
139.867
139.574
139.301
139.049
138.815
138.597
138.396
138.208
138.034
137.872
137.721
137.58
137.447
137.323
137.206
137.096
136.992
136.894
136.802
136.716
136.635
136.558
136.486
136.418
136.354
136.293
136.236
136.181
136.13
136.081
136.034
135.989
135.946
135.905
135.865
135.827
135.79
135.754
135.719
135.686
135.653
135.621
135.589
135.558
135.529
135.5
135.472
135.447
135.419
135.403
135.37
135.382
124.071
130.228
136.789
141.31
144.082
145.645
146.327
146.443
146.224
145.818
145.314
144.762
144.192
143.629
143.086
142.569
142.083
141.628
141.204
140.81
140.444
140.105
139.79
139.499
139.229
138.98
138.748
138.534
138.335
138.151
137.979
137.82
137.671
137.533
137.403
137.28
137.166
137.058
136.956
136.86
136.77
136.685
136.605
136.53
136.459
136.393
136.33
136.27
136.214
136.161
136.11
136.062
136.016
135.972
135.93
135.889
135.85
135.813
135.776
135.741
135.707
135.674
135.641
135.61
135.579
135.549
135.519
135.491
135.463
135.438
135.411
135.395
135.362
135.374
124.57
130.592
136.743
141.139
143.875
145.456
146.199
146.365
146.163
145.752
145.238
144.678
144.107
143.543
142.998
142.478
141.988
141.531
141.106
140.712
140.348
140.011
139.699
139.411
139.145
138.898
138.67
138.46
138.265
138.084
137.916
137.76
137.615
137.479
137.352
137.232
137.12
137.014
136.915
136.821
136.733
136.65
136.572
136.499
136.43
136.365
136.303
136.245
136.19
136.138
136.088
136.041
135.996
135.953
135.912
135.872
135.834
135.797
135.762
135.727
135.694
135.661
135.629
135.598
135.568
135.538
135.509
135.481
135.453
135.429
135.402
135.386
135.354
135.366
125.248
131.018
136.748
141.055
143.736
145.266
146.008
146.204
146.029
145.629
145.112
144.542
143.961
143.396
142.856
142.343
141.859
141.406
140.984
140.593
140.231
139.898
139.59
139.306
139.044
138.802
138.579
138.373
138.182
138.006
137.842
137.69
137.549
137.417
137.293
137.177
137.068
136.965
136.868
136.777
136.692
136.611
136.535
136.464
136.397
136.333
136.273
136.217
136.163
136.113
136.064
136.018
135.975
135.933
135.892
135.854
135.817
135.781
135.746
135.712
135.679
135.647
135.616
135.585
135.556
135.526
135.498
135.47
135.443
135.419
135.393
135.377
135.346
135.358
126.221
131.451
136.609
140.851
143.547
145.064
145.792
145.989
145.827
145.44
144.931
144.361
143.773
143.199
142.655
142.145
141.672
141.232
140.822
140.44
140.087
139.759
139.458
139.18
138.924
138.688
138.471
138.27
138.085
137.914
137.756
137.609
137.473
137.345
137.226
137.113
137.008
136.909
136.815
136.727
136.644
136.566
136.493
136.424
136.359
136.298
136.24
136.186
136.134
136.085
136.038
135.993
135.951
135.91
135.871
135.833
135.797
135.762
135.728
135.696
135.664
135.632
135.602
135.572
135.543
135.514
135.486
135.459
135.433
135.409
135.383
135.368
135.337
135.349
127.372
131.816
136.243
140.357
143.106
144.673
145.464
145.711
145.574
145.195
144.689
144.124
143.54
142.967
142.418
141.903
141.429
140.996
140.599
140.234
139.897
139.584
139.294
139.026
138.779
138.551
138.341
138.148
137.971
137.807
137.655
137.514
137.384
137.261
137.147
137.04
136.939
136.844
136.754
136.67
136.59
136.516
136.445
136.379
136.317
136.258
136.203
136.15
136.101
136.053
136.008
135.965
135.924
135.885
135.847
135.811
135.776
135.742
135.71
135.678
135.647
135.616
135.586
135.557
135.529
135.501
135.474
135.447
135.421
135.398
135.373
135.358
135.327
135.34
128.186
131.859
135.502
139.364
142.2
143.884
144.8
145.183
145.163
144.865
144.399
143.849
143.269
142.695
142.145
141.63
141.155
140.721
140.326
139.969
139.646
139.352
139.081
138.831
138.6
138.385
138.186
138.003
137.834
137.679
137.536
137.403
137.279
137.164
137.056
136.954
136.859
136.769
136.684
136.604
136.529
136.458
136.391
136.328
136.269
136.213
136.16
136.111
136.063
136.018
135.975
135.934
135.895
135.857
135.821
135.787
135.753
135.72
135.689
135.658
135.628
135.599
135.57
135.542
135.514
135.487
135.46
135.434
135.409
135.386
135.361
135.347
135.317
135.33
128.1
131.23
134.225
137.674
140.506
142.36
143.496
144.12
144.329
144.225
143.91
143.467
142.952
142.407
141.864
141.346
140.864
140.425
140.027
139.671
139.352
139.067
138.811
138.579
138.368
138.174
137.993
137.826
137.671
137.527
137.394
137.271
137.156
137.049
136.949
136.854
136.766
136.682
136.602
136.528
136.457
136.391
136.328
136.27
136.214
136.162
136.112
136.065
136.021
135.978
135.938
135.899
135.862
135.827
135.792
135.759
135.727
135.696
135.666
135.636
135.608
135.579
135.552
135.524
135.498
135.471
135.445
135.42
135.396
135.374
135.35
135.335
135.306
135.319
127.07
129.839
132.404
135.351
137.984
139.922
141.276
142.194
142.73
142.94
142.901
142.687
142.355
141.949
141.504
141.045
140.589
140.152
139.745
139.376
139.046
138.756
138.501
138.278
138.082
137.906
137.747
137.602
137.467
137.341
137.223
137.113
137.01
136.913
136.823
136.737
136.656
136.58
136.507
136.439
136.374
136.313
136.256
136.202
136.151
136.103
136.058
136.014
135.973
135.934
135.896
135.86
135.825
135.792
135.76
135.729
135.699
135.669
135.641
135.613
135.585
135.558
135.532
135.506
135.48
135.455
135.43
135.406
135.382
135.36
135.337
135.323
135.295
135.308
125.303
127.778
130.076
132.598
134.96
136.878
138.368
139.506
140.325
140.853
141.137
141.232
141.179
141.016
140.772
140.475
140.147
139.803
139.457
139.118
138.792
138.489
138.216
137.976
137.771
137.596
137.447
137.32
137.208
137.106
137.011
136.921
136.834
136.752
136.673
136.599
136.528
136.46
136.396
136.335
136.278
136.224
136.173
136.124
136.079
136.036
135.995
135.956
135.918
135.883
135.848
135.816
135.784
135.753
135.724
135.695
135.667
135.64
135.613
135.587
135.561
135.535
135.51
135.485
135.461
135.437
135.413
135.389
135.366
135.346
135.323
135.31
135.283
135.296
123.046
125.276
127.387
129.608
131.724
133.564
135.111
136.39
137.413
138.192
138.752
139.129
139.356
139.46
139.469
139.401
139.275
139.105
138.903
138.68
138.446
138.209
137.973
137.744
137.527
137.331
137.162
137.02
136.906
136.814
136.738
136.673
136.613
136.553
136.494
136.435
136.377
136.32
136.265
136.214
136.165
136.119
136.075
136.034
135.995
135.958
135.922
135.888
135.856
135.824
135.794
135.765
135.737
135.709
135.683
135.657
135.631
135.606
135.582
135.557
135.534
135.51
135.486
135.463
135.44
135.417
135.394
135.372
135.35
135.33
135.308
135.296
135.27
135.284
120.557
122.581
124.53
126.525
128.441
130.182
131.729
133.085
134.247
135.214
135.996
136.61
137.079
137.423
137.662
137.816
137.9
137.929
137.913
137.859
137.774
137.665
137.538
137.398
137.251
137.101
136.951
136.806
136.672
136.555
136.46
136.386
136.332
136.29
136.256
136.223
136.189
136.152
136.113
136.074
136.035
135.998
135.962
135.929
135.898
135.868
135.839
135.811
135.784
135.758
135.732
135.707
135.683
135.66
135.636
135.614
135.591
135.569
135.547
135.525
135.503
135.482
135.46
135.438
135.417
135.395
135.374
135.353
135.332
135.313
135.293
135.281
135.256
135.27
118.105
119.939
121.726
123.525
125.267
126.898
128.405
129.781
131.018
132.108
133.052
133.856
134.529
135.083
135.53
135.884
136.159
136.368
136.522
136.631
136.702
136.742
136.754
136.743
136.711
136.662
136.6
136.528
136.449
136.366
136.279
136.195
136.117
136.051
136.001
135.966
135.942
135.924
135.909
135.892
135.873
135.852
135.83
135.807
135.785
135.763
135.742
135.721
135.701
135.681
135.661
135.642
135.622
135.603
135.584
135.565
135.546
135.527
135.508
135.489
135.47
135.45
135.431
135.411
135.392
135.372
135.352
135.333
135.313
135.295
135.276
135.265
135.241
135.256
116.117
117.758
119.371
120.984
122.558
124.065
125.494
126.836
128.082
129.224
130.257
131.18
131.995
132.707
133.321
133.845
134.288
134.659
134.966
135.219
135.426
135.593
135.728
135.834
135.914
135.972
136.009
136.026
136.026
136.011
135.986
135.952
135.913
135.869
135.824
135.78
135.742
135.713
135.695
135.685
135.681
135.677
135.673
135.666
135.656
135.645
135.633
135.621
135.608
135.595
135.582
135.568
135.554
135.54
135.526
135.511
135.496
135.481
135.465
135.449
135.433
135.416
135.399
135.382
135.364
135.346
135.328
135.31
135.292
135.276
135.258
135.248
135.225
135.242
114.808
116.249
117.68
119.108
120.514
121.883
123.205
124.473
125.677
126.811
127.867
128.842
129.734
130.542
131.267
131.913
132.484
132.984
133.42
133.797
134.122
134.401
134.639
134.841
135.012
135.156
135.275
135.372
135.449
135.507
135.548
135.575
135.589
135.594
135.591
135.583
135.57
135.553
135.535
135.519
135.508
135.504
135.505
135.51
135.514
135.516
135.516
135.513
135.509
135.503
135.497
135.49
135.482
135.473
135.463
135.453
135.442
135.431
135.419
135.407
135.393
135.38
135.365
135.35
135.335
135.319
135.303
135.287
135.27
135.255
135.238
135.23
135.208
135.227
114.147
115.388
116.633
117.878
119.115
120.335
121.531
122.696
123.823
124.905
125.934
126.908
127.82
128.669
129.453
130.171
130.825
131.415
131.946
132.42
132.842
133.215
133.543
133.831
134.084
134.303
134.494
134.659
134.802
134.923
135.027
135.113
135.183
135.239
135.282
135.315
135.338
135.354
135.363
135.367
135.366
135.363
135.361
135.362
135.367
135.376
135.387
135.395
135.402
135.405
135.407
135.406
135.404
135.401
135.397
135.392
135.386
135.378
135.37
135.361
135.351
135.341
135.329
135.317
135.304
135.29
135.276
135.262
135.247
135.233
135.218
135.21
135.19
135.211
114.046
115.095
116.155
117.221
118.29
119.357
120.416
121.461
122.486
123.486
124.454
125.386
126.277
127.123
127.92
128.668
129.364
130.007
130.599
131.14
131.633
132.079
132.48
132.841
133.163
133.451
133.705
133.931
134.13
134.306
134.461
134.597
134.716
134.82
134.91
134.986
135.049
135.101
135.143
135.175
135.2
135.218
135.231
135.238
135.244
135.25
135.259
135.27
135.284
135.297
135.308
135.317
135.322
135.325
135.327
135.327
135.325
135.323
135.319
135.313
135.307
135.3
135.291
135.282
135.271
135.26
135.248
135.235
135.222
135.21
135.196
135.19
135.171
135.194
114.388
115.259
116.145
117.043
117.951
118.867
119.785
120.702
121.613
122.512
123.396
124.26
125.099
125.909
126.687
127.428
128.131
128.794
129.415
129.994
130.531
131.027
131.482
131.898
132.276
132.62
132.93
133.209
133.46
133.684
133.885
134.064
134.224
134.367
134.495
134.608
134.709
134.798
134.874
134.939
134.993
135.037
135.073
135.101
135.122
135.138
135.15
135.161
135.173
135.187
135.202
135.218
135.232
135.244
135.252
135.258
135.261
135.263
135.264
135.262
135.26
135.256
135.25
135.244
135.236
135.227
135.218
135.207
135.196
135.185
135.173
135.168
135.151
135.177
115.058
115.77
116.499
117.244
118.004
118.776
119.559
120.348
121.14
121.932
122.719
123.498
124.265
125.017
125.749
126.457
127.14
127.794
128.418
129.008
129.565
130.087
130.574
131.027
131.446
131.832
132.185
132.509
132.803
133.071
133.313
133.532
133.73
133.908
134.068
134.213
134.344
134.462
134.568
134.662
134.746
134.818
134.88
134.931
134.974
135.009
135.037
135.059
135.076
135.091
135.105
135.12
135.137
135.154
135.17
135.183
135.193
135.2
135.205
135.209
135.21
135.209
135.208
135.204
135.199
135.193
135.186
135.177
135.168
135.159
135.148
135.145
135.129
135.16
115.953
116.528
117.119
117.729
118.357
118.999
119.656
120.323
121
121.683
122.37
123.057
123.742
124.42
125.09
125.748
126.39
127.014
127.616
128.196
128.751
129.279
129.779
130.25
130.692
131.106
131.49
131.846
132.175
132.478
132.755
133.009
133.24
133.45
133.642
133.816
133.973
134.116
134.246
134.364
134.471
134.568
134.654
134.73
134.796
134.852
134.899
134.938
134.971
134.997
135.017
135.035
135.051
135.067
135.084
135.102
135.119
135.133
135.143
135.151
135.157
135.161
135.162
135.162
135.16
135.157
135.152
135.146
135.138
135.132
135.122
135.121
135.105
135.142
116.985
117.445
117.92
118.415
118.927
119.455
119.999
120.556
121.125
121.705
122.293
122.888
123.486
124.086
124.685
125.279
125.867
126.446
127.012
127.563
128.098
128.614
129.109
129.582
130.032
130.458
130.86
131.237
131.589
131.917
132.221
132.503
132.762
133.001
133.22
133.421
133.604
133.771
133.923
134.062
134.189
134.304
134.409
134.505
134.591
134.668
134.735
134.794
134.843
134.885
134.92
134.948
134.971
134.99
135.007
135.024
135.042
135.059
135.076
135.09
135.101
135.109
135.114
135.117
135.119
135.118
135.116
135.112
135.107
135.102
135.094
135.095
135.08
135.125
118.088
118.453
118.832
119.229
119.644
120.074
120.519
120.979
121.452
121.937
122.434
122.94
123.455
123.975
124.5
125.026
125.552
126.076
126.594
127.105
127.607
128.097
128.573
129.033
129.477
129.902
130.308
130.693
131.058
131.401
131.723
132.025
132.306
132.567
132.809
133.032
133.238
133.428
133.601
133.761
133.906
134.039
134.161
134.272
134.373
134.466
134.55
134.626
134.693
134.752
134.803
134.845
134.881
134.911
134.935
134.955
134.973
134.989
135.006
135.023
135.039
135.053
135.063
135.07
135.075
135.078
135.078
135.077
135.074
135.071
135.065
135.068
135.053
135.107
119.211
119.499
119.799
120.117
120.451
120.798
121.16
121.535
121.924
122.326
122.74
123.166
123.601
124.046
124.498
124.956
125.418
125.882
126.347
126.81
127.27
127.724
128.17
128.607
129.032
129.445
129.843
130.226
130.592
130.941
131.272
131.585
131.88
132.157
132.416
132.658
132.882
133.09
133.283
133.461
133.624
133.775
133.912
134.039
134.154
134.26
134.357
134.446
134.527
134.6
134.666
134.724
134.774
134.816
134.852
134.882
134.906
134.926
134.944
134.96
134.977
134.993
135.007
135.02
135.029
135.035
135.038
135.04
135.039
135.039
135.033
135.039
135.022
135.091
120.318
120.545
120.781
121.034
121.302
121.581
121.873
122.177
122.495
122.825
123.167
123.52
123.885
124.26
124.644
125.036
125.436
125.841
126.25
126.662
127.074
127.486
127.895
128.299
128.698
129.088
129.47
129.841
130.199
130.545
130.876
131.193
131.494
131.779
132.049
132.303
132.542
132.764
132.972
133.166
133.345
133.511
133.664
133.805
133.935
134.054
134.163
134.263
134.355
134.439
134.516
134.586
134.649
134.706
134.754
134.796
134.831
134.86
134.883
134.903
134.92
134.935
134.95
134.965
134.978
134.989
134.996
135.001
135.003
135.004
135
135.009
134.988
135.077
121.384
121.562
121.748
121.949
122.163
122.387
122.621
122.867
123.124
123.393
123.674
123.965
124.267
124.58
124.903
125.235
125.576
125.924
126.279
126.639
127.003
127.369
127.737
128.104
128.47
128.832
129.189
129.54
129.883
130.217
130.541
130.853
131.154
131.441
131.716
131.976
132.223
132.456
132.675
132.88
133.073
133.252
133.418
133.572
133.715
133.847
133.968
134.08
134.182
134.276
134.363
134.442
134.515
134.581
134.641
134.695
134.742
134.781
134.815
134.842
134.865
134.883
134.899
134.913
134.926
134.939
134.95
134.958
134.963
134.968
134.965
134.977
134.949
135.067
122.395
122.535
122.68
122.84
123.011
123.189
123.377
123.575
123.783
124.001
124.229
124.468
124.717
124.976
125.245
125.523
125.81
126.106
126.409
126.72
127.036
127.358
127.683
128.011
128.341
128.67
128.998
129.323
129.645
129.961
130.27
130.572
130.865
131.148
131.421
131.683
131.933
132.171
132.397
132.61
132.812
133.001
133.178
133.343
133.497
133.641
133.773
133.896
134.009
134.113
134.209
134.297
134.378
134.452
134.521
134.583
134.64
134.69
134.734
134.771
134.802
134.828
134.849
134.865
134.879
134.891
134.903
134.913
134.921
134.929
134.928
134.943
134.903
135.065
123.341
123.451
123.565
123.692
123.828
123.971
124.121
124.28
124.447
124.624
124.809
125.003
125.207
125.42
125.642
125.874
126.114
126.362
126.619
126.884
127.156
127.434
127.718
128.006
128.298
128.593
128.889
129.186
129.481
129.775
130.065
130.35
130.63
130.904
131.17
131.427
131.675
131.914
132.142
132.359
132.566
132.762
132.947
133.121
133.285
133.437
133.58
133.713
133.836
133.95
134.055
134.152
134.241
134.323
134.398
134.467
134.531
134.589
134.642
134.689
134.73
134.764
134.792
134.815
134.833
134.847
134.859
134.869
134.877
134.886
134.887
134.907
134.851
135.075
124.219
124.305
124.395
124.496
124.604
124.718
124.839
124.966
125.101
125.243
125.393
125.551
125.717
125.891
126.074
126.265
126.464
126.672
126.888
127.111
127.342
127.58
127.825
128.075
128.331
128.591
128.854
129.12
129.388
129.655
129.923
130.188
130.451
130.71
130.964
131.212
131.454
131.688
131.915
132.132
132.341
132.54
132.73
132.91
133.08
133.24
133.39
133.531
133.663
133.786
133.9
134.005
134.103
134.193
134.276
134.352
134.421
134.486
134.544
134.598
134.647
134.69
134.727
134.757
134.782
134.802
134.817
134.828
134.836
134.844
134.844
134.868
134.796
135.093
125.027
125.095
125.166
125.246
125.333
125.424
125.521
125.623
125.731
125.846
125.967
126.095
126.23
126.372
126.522
126.679
126.844
127.016
127.196
127.383
127.578
127.78
127.989
128.204
128.425
128.651
128.882
129.118
129.356
129.597
129.84
130.082
130.325
130.566
130.805
131.041
131.272
131.498
131.719
131.932
132.139
132.338
132.529
132.712
132.886
133.051
133.207
133.355
133.493
133.624
133.745
133.859
133.964
134.062
134.152
134.235
134.312
134.382
134.446
134.505
134.559
134.608
134.652
134.691
134.723
134.75
134.77
134.786
134.796
134.805
134.804
134.829
134.752
135.093
125.768
125.822
125.877
125.942
126.011
126.084
126.162
126.244
126.331
126.423
126.521
126.625
126.735
126.851
126.973
127.102
127.237
127.379
127.529
127.685
127.848
128.018
128.195
128.378
128.567
128.762
128.963
129.169
129.379
129.593
129.81
130.029
130.249
130.471
130.692
130.911
131.129
131.344
131.555
131.762
131.964
132.159
132.349
132.531
132.706
132.874
133.034
133.186
133.33
133.465
133.593
133.713
133.825
133.93
134.028
134.118
134.201
134.278
134.348
134.413
134.471
134.525
134.574
134.618
134.656
134.69
134.717
134.739
134.754
134.766
134.767
134.791
134.733
135.03
126.444
126.486
126.53
126.581
126.637
126.696
126.758
126.824
126.895
126.969
127.049
127.133
127.222
127.316
127.416
127.521
127.633
127.75
127.873
128.003
128.139
128.281
128.43
128.585
128.746
128.913
129.085
129.263
129.447
129.634
129.826
130.021
130.219
130.419
130.621
130.823
131.025
131.226
131.426
131.622
131.816
132.005
132.19
132.37
132.543
132.711
132.872
133.026
133.173
133.313
133.446
133.571
133.689
133.8
133.903
134
134.089
134.173
134.249
134.319
134.384
134.442
134.495
134.543
134.586
134.624
134.657
134.684
134.705
134.721
134.729
134.748
134.739
134.871
127.058
127.091
127.126
127.168
127.213
127.26
127.311
127.364
127.421
127.481
127.546
127.614
127.686
127.763
127.844
127.931
128.022
128.118
128.22
128.327
128.44
128.559
128.683
128.814
128.95
129.092
129.239
129.392
129.55
129.714
129.881
130.053
130.229
130.408
130.59
130.773
130.958
131.144
131.329
131.514
131.697
131.878
132.055
132.229
132.399
132.565
132.725
132.879
133.027
133.169
133.305
133.434
133.556
133.672
133.78
133.882
133.978
134.067
134.149
134.225
134.295
134.359
134.416
134.468
134.515
134.556
134.593
134.624
134.65
134.67
134.685
134.696
134.742
134.642
127.613
127.64
127.667
127.701
127.738
127.776
127.817
127.86
127.906
127.956
128.008
128.063
128.122
128.185
128.252
128.322
128.397
128.477
128.561
128.649
128.743
128.842
128.946
129.055
129.169
129.289
129.414
129.545
129.681
129.822
129.967
130.118
130.272
130.431
130.593
130.758
130.925
131.094
131.264
131.435
131.606
131.776
131.945
132.112
132.276
132.436
132.593
132.745
132.893
133.036
133.173
133.304
133.429
133.548
133.661
133.767
133.868
133.961
134.049
134.13
134.205
134.274
134.337
134.394
134.444
134.489
134.529
134.563
134.591
134.613
134.635
134.635
134.708
134.429
128.116
128.137
128.159
128.187
128.217
128.248
128.281
128.317
128.354
128.394
128.437
128.482
128.531
128.582
128.637
128.695
128.756
128.822
128.891
128.964
129.042
129.124
129.21
129.302
129.398
129.499
129.605
129.716
129.832
129.953
130.078
130.209
130.343
130.482
130.626
130.772
130.922
131.074
131.229
131.386
131.543
131.701
131.86
132.017
132.173
132.327
132.479
132.628
132.773
132.914
133.05
133.182
133.309
133.43
133.546
133.656
133.76
133.858
133.95
134.036
134.116
134.189
134.257
134.318
134.373
134.422
134.465
134.501
134.532
134.555
134.577
134.57
134.629
134.31
128.566
128.583
128.601
128.623
128.648
128.674
128.701
128.73
128.761
128.794
128.829
128.866
128.906
128.948
128.993
129.041
129.092
129.146
129.203
129.264
129.329
129.397
129.469
129.546
129.626
129.711
129.801
129.895
129.994
130.097
130.205
130.317
130.434
130.556
130.681
130.811
130.944
131.08
131.219
131.361
131.505
131.651
131.797
131.944
132.091
132.238
132.383
132.526
132.667
132.805
132.94
133.071
133.197
133.32
133.437
133.549
133.656
133.758
133.853
133.943
134.027
134.105
134.177
134.242
134.302
134.354
134.401
134.44
134.473
134.496
134.517
134.506
134.532
134.292
128.974
128.987
129.002
129.021
129.041
129.063
129.085
129.109
129.135
129.162
129.191
129.222
129.254
129.289
129.327
129.366
129.408
129.453
129.501
129.551
129.605
129.662
129.722
129.786
129.854
129.926
130.001
130.081
130.165
130.253
130.345
130.442
130.543
130.648
130.757
130.871
130.988
131.109
131.234
131.361
131.491
131.624
131.758
131.894
132.031
132.168
132.306
132.442
132.577
132.711
132.842
132.971
133.096
133.218
133.336
133.449
133.558
133.662
133.76
133.853
133.941
134.022
134.098
134.167
134.23
134.287
134.336
134.379
134.414
134.439
134.457
134.449
134.446
134.321
129.331
129.343
129.355
129.37
129.388
129.405
129.424
129.444
129.466
129.489
129.513
129.539
129.566
129.595
129.626
129.659
129.695
129.732
129.772
129.815
129.86
129.908
129.958
130.012
130.069
130.13
130.194
130.262
130.333
130.408
130.487
130.57
130.658
130.749
130.844
130.944
131.047
131.154
131.264
131.378
131.495
131.615
131.738
131.863
131.989
132.117
132.245
132.374
132.503
132.631
132.758
132.883
133.006
133.126
133.243
133.356
133.466
133.571
133.672
133.767
133.857
133.942
134.021
134.093
134.16
134.22
134.272
134.317
134.355
134.382
134.4
134.398
134.383
134.341
129.661
129.67
129.68
129.694
129.708
129.723
129.739
129.756
129.774
129.793
129.814
129.835
129.858
129.883
129.909
129.937
129.967
129.998
130.032
130.067
130.105
130.146
130.188
130.234
130.282
130.333
130.388
130.445
130.506
130.57
130.638
130.709
130.784
130.863
130.946
131.032
131.123
131.217
131.314
131.416
131.52
131.628
131.739
131.852
131.968
132.086
132.205
132.326
132.447
132.568
132.69
132.81
132.929
133.046
133.161
133.274
133.383
133.488
133.59
133.687
133.779
133.866
133.947
134.023
134.092
134.154
134.21
134.257
134.297
134.327
134.346
134.35
134.337
134.332
129.937
129.944
129.953
129.964
129.977
129.99
130.004
130.018
130.034
130.05
130.068
130.087
130.106
130.128
130.15
130.174
130.199
130.226
130.255
130.286
130.318
130.353
130.389
130.428
130.47
130.514
130.561
130.61
130.662
130.718
130.776
130.838
130.903
130.972
131.044
131.12
131.199
131.282
131.369
131.459
131.553
131.65
131.75
131.853
131.959
132.067
132.178
132.29
132.403
132.518
132.633
132.748
132.863
132.977
133.089
133.199
133.307
133.412
133.514
133.612
133.705
133.794
133.877
133.955
134.026
134.091
134.149
134.199
134.241
134.273
134.295
134.305
134.296
134.304
130.207
130.213
130.22
130.23
130.242
130.253
130.265
130.277
130.291
130.305
130.32
130.336
130.353
130.371
130.391
130.411
130.433
130.456
130.481
130.507
130.535
130.564
130.596
130.629
130.665
130.702
130.742
130.785
130.83
130.878
130.928
130.981
131.038
131.097
131.16
131.226
131.296
131.369
131.445
131.525
131.608
131.694
131.784
131.877
131.973
132.071
132.172
132.276
132.381
132.488
132.596
132.705
132.815
132.924
133.032
133.139
133.245
133.348
133.449
133.546
133.64
133.729
133.814
133.893
133.966
134.033
134.093
134.145
134.188
134.223
134.246
134.261
134.257
134.27
130.403
130.408
130.415
130.424
130.434
130.444
130.455
130.467
130.479
130.491
130.505
130.52
130.535
130.551
130.568
130.587
130.606
130.627
130.649
130.672
130.697
130.723
130.751
130.781
130.812
130.846
130.881
130.919
130.958
131.001
131.045
131.093
131.143
131.196
131.251
131.31
131.372
131.437
131.505
131.577
131.652
131.73
131.812
131.896
131.984
132.075
132.168
132.264
132.362
132.463
132.565
132.668
132.773
132.877
132.982
133.086
133.189
133.291
133.391
133.487
133.581
133.671
133.756
133.836
133.911
133.979
134.04
134.094
134.14
134.176
134.202
134.22
134.22
134.237
130.639
130.643
130.649
130.658
130.667
130.676
130.685
130.696
130.706
130.718
130.73
130.743
130.756
130.771
130.786
130.802
130.819
130.837
130.857
130.877
130.899
130.922
130.946
130.972
130.999
131.028
131.059
131.092
131.127
131.164
131.203
131.244
131.288
131.334
131.383
131.434
131.488
131.546
131.606
131.669
131.736
131.805
131.878
131.954
132.033
132.115
132.2
132.287
132.377
132.47
132.564
132.661
132.759
132.857
132.957
133.056
133.155
133.253
133.35
133.444
133.536
133.624
133.708
133.788
133.863
133.931
133.993
134.048
134.094
134.132
134.16
134.18
134.182
134.204
130.745
130.748
130.754
130.762
130.771
130.78
130.789
130.799
130.809
130.82
130.832
130.844
130.857
130.871
130.885
130.901
130.917
130.934
130.952
130.971
130.992
131.013
131.036
131.06
131.086
131.113
131.142
131.172
131.204
131.238
131.275
131.313
131.353
131.396
131.441
131.489
131.539
131.592
131.648
131.706
131.768
131.833
131.9
131.971
132.045
132.122
132.202
132.284
132.37
132.458
132.548
132.64
132.734
132.83
132.926
133.023
133.12
133.216
133.311
133.405
133.496
133.584
133.669
133.749
133.824
133.893
133.956
134.012
134.06
134.099
134.128
134.15
134.155
134.18
130.999
131.003
131.009
131.016
131.024
131.032
131.041
131.05
131.059
131.069
131.08
131.091
131.102
131.115
131.128
131.141
131.156
131.171
131.187
131.204
131.222
131.241
131.262
131.283
131.305
131.329
131.354
131.381
131.409
131.439
131.47
131.504
131.539
131.576
131.615
131.657
131.701
131.747
131.796
131.847
131.902
131.958
132.018
132.081
132.146
132.215
132.286
132.36
132.436
132.516
132.598
132.681
132.767
132.855
132.944
133.033
133.123
133.213
133.303
133.391
133.477
133.561
133.641
133.718
133.79
133.857
133.918
133.972
134.018
134.057
134.085
134.107
134.112
134.139
134.833
135.614
136.313
136.923
137.448
137.894
138.27
138.585
138.847
139.064
139.242
139.389
139.509
139.606
139.684
139.747
139.797
139.836
139.866
139.89
139.907
139.92
139.928
139.934
139.937
139.938
139.938
139.937
139.934
139.931
139.928
139.924
139.92
139.915
139.911
139.907
139.903
139.898
139.894
139.89
139.886
134.823
135.584
136.269
136.866
137.383
137.826
138.202
138.52
138.788
139.011
139.198
139.353
139.481
139.587
139.674
139.745
139.803
139.849
139.886
139.915
139.938
139.955
139.969
139.978
139.985
139.989
139.991
139.991
139.99
139.988
139.985
139.982
139.978
139.974
139.97
139.965
139.96
139.955
139.95
139.945
139.94
134.813
135.562
136.239
136.83
137.344
137.788
138.168
138.492
138.768
139.001
139.197
139.362
139.5
139.615
139.711
139.789
139.854
139.907
139.95
139.984
140.011
140.031
140.047
140.058
140.066
140.072
140.075
140.076
140.075
140.073
140.071
140.067
140.063
140.058
140.052
140.047
140.041
140.035
140.028
140.022
140.016
134.805
135.554
136.233
136.826
137.344
137.792
138.179
138.511
138.795
139.037
139.243
139.417
139.564
139.688
139.792
139.878
139.95
140.01
140.058
140.098
140.129
140.153
140.172
140.187
140.197
140.204
140.209
140.211
140.211
140.209
140.206
140.203
140.198
140.192
140.186
140.179
140.172
140.164
140.156
140.148
140.14
134.798
135.554
136.241
136.839
137.363
137.819
138.214
138.555
138.849
139.102
139.318
139.503
139.66
139.794
139.907
140.003
140.083
140.15
140.205
140.25
140.286
140.314
140.336
140.353
140.366
140.374
140.379
140.382
140.382
140.38
140.377
140.372
140.366
140.359
140.351
140.343
140.333
140.324
140.314
140.303
140.293
134.789
135.557
136.256
136.863
137.396
137.863
138.269
138.622
138.928
139.193
139.422
139.62
139.789
139.935
140.059
140.165
140.254
140.329
140.391
140.442
140.484
140.516
140.541
140.562
140.576
140.586
140.592
140.595
140.595
140.593
140.589
140.583
140.575
140.567
140.557
140.546
140.535
140.523
140.51
140.497
140.483
134.78
135.565
136.28
136.9
137.447
137.927
138.347
138.715
139.036
139.316
139.559
139.771
139.955
140.113
140.249
140.366
140.465
140.549
140.619
140.677
140.724
140.76
140.789
140.812
140.828
140.84
140.846
140.85
140.849
140.846
140.841
140.833
140.824
140.813
140.801
140.787
140.773
140.758
140.742
140.725
140.709
134.77
135.578
136.315
136.952
137.517
138.014
138.451
138.835
139.174
139.47
139.73
139.958
140.156
140.329
140.478
140.607
140.717
140.811
140.889
140.954
141.007
141.048
141.081
141.107
141.125
141.137
141.144
141.147
141.146
141.142
141.135
141.125
141.113
141.1
141.084
141.068
141.05
141.031
141.011
140.99
140.97
134.761
135.598
136.361
137.021
137.606
138.124
138.58
138.984
139.342
139.657
139.936
140.181
140.396
140.584
140.748
140.89
141.012
141.117
141.204
141.277
141.337
141.382
141.419
141.447
141.467
141.48
141.488
141.49
141.488
141.482
141.473
141.46
141.445
141.428
141.41
141.389
141.367
141.344
141.319
141.294
141.269
134.751
135.623
136.419
137.104
137.715
138.256
138.736
139.163
139.542
139.879
140.177
140.442
140.676
140.881
141.061
141.218
141.353
141.469
141.567
141.648
141.715
141.764
141.805
141.837
141.858
141.872
141.879
141.881
141.877
141.869
141.856
141.841
141.822
141.801
141.778
141.753
141.726
141.697
141.668
141.637
141.606
134.743
135.656
136.489
137.205
137.846
138.414
138.92
139.372
139.776
140.137
140.458
140.744
140.999
141.223
141.421
141.594
141.744
141.872
141.981
142.071
142.145
142.2
142.244
142.278
142.302
142.316
142.322
142.322
142.316
142.305
142.289
142.269
142.246
142.22
142.192
142.161
142.128
142.094
142.058
142.02
141.984
134.735
135.696
136.572
137.324
137.999
138.599
139.135
139.616
140.047
140.434
140.781
141.091
141.368
141.614
141.831
142.021
142.187
142.329
142.45
142.55
142.631
142.691
142.74
142.777
142.801
142.815
142.82
142.818
142.809
142.794
142.774
142.749
142.721
142.689
142.654
142.616
142.576
142.535
142.492
142.447
142.403
134.728
135.744
136.67
137.464
138.177
138.813
139.383
139.896
140.358
140.775
141.15
141.487
141.789
142.058
142.296
142.506
142.689
142.846
142.979
143.09
143.18
143.245
143.298
143.337
143.362
143.375
143.378
143.373
143.36
143.34
143.314
143.283
143.248
143.209
143.166
143.121
143.073
143.023
142.971
142.917
142.864
134.724
135.802
136.784
137.625
138.382
139.059
139.667
140.216
140.714
141.163
141.569
141.936
142.265
142.56
142.822
143.053
143.255
143.429
143.576
143.698
143.796
143.867
143.923
143.964
143.989
144
144.001
143.991
143.973
143.947
143.915
143.876
143.833
143.785
143.733
143.678
143.62
143.56
143.498
143.434
143.371
134.724
135.872
136.917
137.812
138.619
139.341
139.992
140.582
141.118
141.605
142.045
142.444
142.805
143.128
143.416
143.67
143.893
144.084
144.247
144.38
144.487
144.564
144.623
144.665
144.689
144.698
144.694
144.679
144.654
144.62
144.579
144.531
144.477
144.419
144.356
144.29
144.22
144.148
144.074
143.998
143.923
134.727
135.954
137.07
138.027
138.889
139.663
140.362
140.998
141.577
142.105
142.584
143.02
143.414
143.769
144.086
144.366
144.611
144.822
145
145.147
145.263
145.344
145.406
145.448
145.47
145.474
145.465
145.442
145.408
145.364
145.312
145.252
145.186
145.115
145.039
144.959
144.875
144.789
144.701
144.611
144.521
134.735
136.052
137.248
138.273
139.199
140.031
140.784
141.471
142.099
142.673
143.195
143.671
144.104
144.494
144.842
145.151
145.421
145.653
145.848
146.008
146.133
146.218
146.281
146.322
146.339
146.338
146.32
146.287
146.242
146.185
146.119
146.045
145.963
145.876
145.784
145.687
145.587
145.484
145.379
145.271
145.165
134.751
136.168
137.454
138.557
139.554
140.451
141.265
142.01
142.692
143.318
143.888
144.41
144.885
145.314
145.697
146.037
146.334
146.589
146.802
146.975
147.108
147.197
147.26
147.296
147.307
147.296
147.267
147.221
147.16
147.088
147.004
146.911
146.811
146.704
146.592
146.475
146.355
146.232
146.106
145.979
145.852
134.776
136.305
137.693
138.883
139.96
140.93
141.814
142.623
143.367
144.051
144.675
145.248
145.77
146.243
146.665
147.04
147.366
147.645
147.877
148.063
148.204
148.294
148.353
148.383
148.384
148.36
148.315
148.251
148.171
148.077
147.972
147.856
147.732
147.601
147.465
147.324
147.179
147.031
146.882
146.73
146.58
134.812
136.468
137.971
139.26
140.427
141.48
142.441
143.324
144.138
144.887
145.572
146.202
146.778
147.299
147.765
148.177
148.535
148.84
149.092
149.29
149.436
149.523
149.576
149.595
149.581
149.539
149.472
149.385
149.279
149.159
149.025
148.881
148.727
148.567
148.4
148.229
148.055
147.878
147.7
147.521
147.343
134.863
136.662
138.294
139.695
140.964
142.112
143.161
144.128
145.02
145.843
146.598
147.292
147.928
148.503
149.017
149.471
149.864
150.196
150.466
150.675
150.823
150.904
150.945
150.947
150.911
150.842
150.747
150.629
150.49
150.335
150.165
149.984
149.794
149.597
149.394
149.187
148.977
148.766
148.553
148.341
148.131
134.932
136.893
138.671
140.2
141.586
142.841
143.991
145.052
146.035
146.942
147.775
148.543
149.246
149.882
150.45
150.949
151.379
151.738
152.026
152.242
152.387
152.454
152.475
152.452
152.385
152.281
152.147
151.988
151.806
151.606
151.391
151.164
150.928
150.686
150.438
150.187
149.935
149.682
149.429
149.177
148.929
135.024
137.17
139.115
140.789
142.308
143.686
144.951
146.122
147.207
148.211
149.134
149.985
150.765
151.469
152.096
152.645
153.114
153.5
153.802
154.02
154.152
154.196
154.187
154.125
154.015
153.863
153.678
153.463
153.225
152.968
152.695
152.411
152.119
151.82
151.518
151.214
150.911
150.608
150.308
150.011
149.72
135.146
137.502
139.638
141.479
143.152
144.671
146.069
147.366
148.57
149.686
150.711
151.658
152.525
153.306
153.999
154.6
155.108
155.519
155.83
156.039
156.147
156.153
156.097
155.981
155.81
155.593
155.338
155.052
154.741
154.41
154.065
153.709
153.346
152.98
152.612
152.245
151.881
151.521
151.166
150.817
150.476
135.305
137.904
140.26
142.295
144.144
145.827
147.38
148.824
150.166
151.412
152.556
153.612
154.578
155.446
156.21
156.866
157.412
157.841
158.15
158.337
158.4
158.346
158.222
158.029
157.775
157.469
157.122
156.742
156.337
155.913
155.477
155.032
154.583
154.134
153.688
153.247
152.812
152.386
151.969
151.561
151.165
135.511
138.393
141.004
143.264
145.319
147.195
148.93
150.546
152.051
153.448
154.73
155.912
156.991
157.955
158.795
159.507
160.085
160.52
160.81
160.95
160.941
160.795
160.572
160.272
159.902
159.477
159.009
158.508
157.983
157.442
156.893
156.339
155.787
155.24
154.702
154.174
153.659
153.158
152.672
152.201
151.746
135.778
138.99
141.901
144.427
146.726
148.83
150.781
152.601
154.299
155.875
157.318
158.645
159.852
160.921
161.841
162.603
163.199
163.621
163.862
163.919
163.793
163.511
163.147
162.695
162.17
161.587
160.961
160.305
159.63
158.945
158.258
157.574
156.9
156.239
155.595
154.971
154.367
153.784
153.224
152.686
152.171
136.123
139.728
142.994
145.837
148.428
150.806
153.016
155.082
157.011
158.799
160.431
161.927
163.277
164.458
165.453
166.251
166.841
167.212
167.357
167.274
166.966
166.485
165.921
165.264
164.531
163.742
162.915
162.065
161.205
160.345
159.495
158.66
157.845
157.056
156.295
155.565
154.866
154.199
153.564
152.959
152.386
136.57
140.646
144.342
147.569
150.514
153.226
155.753
158.119
160.328
162.371
164.225
165.912
167.419
168.711
169.766
170.57
171.106
171.363
171.336
171.026
170.444
169.676
168.837
167.904
166.899
165.847
164.769
163.683
162.603
161.54
160.502
159.496
158.528
157.6
156.716
155.877
155.082
154.331
153.625
152.959
152.336
137.147
141.804
146.026
149.728
153.111
156.238
159.159
161.897
164.451
166.801
168.914
170.815
172.482
173.869
174.945
175.69
176.088
176.128
175.81
175.145
174.156
172.985
171.775
170.481
169.133
167.757
166.379
165.017
163.686
162.395
161.154
159.967
158.838
157.769
156.762
155.818
154.934
154.109
153.342
152.628
151.969
137.899
143.283
148.168
152.471
156.411
160.066
163.488
166.695
169.677
172.398
174.807
176.933
178.743
180.173
181.182
181.749
181.86
181.513
180.722
179.518
177.944
176.226
174.536
172.791
171.026
169.271
167.552
165.886
164.286
162.759
161.31
159.944
158.66
157.459
156.341
155.305
154.347
153.465
152.656
151.914
151.241
138.869
145.182
150.917
155.997
160.66
164.999
169.067
172.871
176.383
179.537
182.261
184.588
186.467
187.814
188.581
188.754
188.335
187.344
185.825
183.842
181.474
179.057
176.783
174.514
172.282
170.12
168.048
166.079
164.219
162.471
160.836
159.313
157.898
156.59
155.385
154.283
153.275
152.36
151.534
150.792
150.135
140.125
147.581
154.381
160.437
166.011
171.21
176.08
180.608
184.732
188.34
191.328
193.738
195.502
196.516
196.743
196.196
194.913
192.963
190.441
187.46
184.138
180.94
178.056
175.261
172.586
170.055
167.679
165.461
163.398
161.486
159.718
158.087
156.587
155.212
153.957
152.82
151.792
150.871
150.057
149.341
148.73
141.642
150.459
158.526
165.742
172.405
178.62
184.421
189.756
194.506
198.489
201.572
203.819
205.151
205.469
204.775
203.143
200.68
197.524
193.834
189.773
185.494
181.574
178.165
174.944
171.93
169.137
166.56
164.188
162.009
160.009
158.175
156.495
154.959
153.557
152.285
151.139
150.112
149.203
148.415
147.741
147.194
143.35
153.796
163.377
171.979
179.938
187.343
194.19
200.365
205.662
209.81
212.671
214.36
214.816
213.987
211.963
208.915
205.044
200.566
195.694
190.627
185.526
181.043
177.262
173.762
170.545
167.611
164.94
162.508
160.291
158.271
156.426
154.742
153.205
151.805
150.535
149.394
148.375
147.482
146.72
146.091
145.612
145.197
157.599
168.988
179.245
188.731
197.498
205.458
212.403
218.02
221.943
224.097
224.702
223.767
221.346
217.663
213.011
207.682
201.946
196.044
190.174
184.478
179.638
175.653
172.019
168.724
165.755
163.078
160.657
158.462
156.467
154.649
152.989
151.472
150.087
148.827
147.692
146.679
145.793
145.048
144.452
144.036
147.133
161.89
175.442
187.66
198.914
209.173
218.207
225.673
231.166
234.268
235.098
234.048
231.252
226.926
221.45
215.223
208.586
201.821
195.152
188.746
182.703
177.7
173.653
170.004
166.726
163.798
161.174
158.81
156.672
154.73
152.959
151.337
149.85
148.485
147.237
146.105
145.087
144.196
143.448
142.864
142.493
149.085
166.692
182.826
197.351
210.593
222.368
232.235
239.713
244.386
245.923
244.805
241.636
236.7
230.396
223.242
215.679
208.034
200.551
193.409
186.723
180.547
175.529
171.523
167.938
164.738
161.895
159.357
157.076
155.012
153.136
151.42
149.843
148.388
147.043
145.803
144.668
143.637
142.725
141.953
141.355
140.998
150.971
172.033
191.24
208.431
223.799
236.901
247.051
253.732
256.711
255.97
252.47
246.973
239.892
231.802
223.297
214.766
206.461
198.566
191.203
184.438
178.279
173.345
169.441
165.964
162.874
160.138
157.701
155.51
153.527
151.719
150.06
148.526
147.102
145.775
144.54
143.397
142.345
141.399
140.581
139.942
139.557
152.709
177.964
200.805
220.986
238.422
252.312
261.832
266.689
267.133
263.67
257.702
249.978
241.004
231.516
222.085
212.961
204.301
196.237
188.838
182.125
176.076
171.279
167.508
164.159
161.191
158.568
156.233
154.133
152.228
150.486
148.88
147.387
145.99
144.679
143.445
142.291
141.212
140.226
139.343
138.639
138.172
154.232
184.568
211.655
235.017
254.1
267.788
275.481
277.528
274.918
268.744
260.579
250.947
240.477
230.056
220.106
210.69
201.899
193.831
186.511
179.926
174.035
169.399
165.77
162.554
159.707
157.194
154.958
152.943
151.11
149.429
147.87
146.413
145.041
143.741
142.508
141.341
140.234
139.204
138.244
137.46
136.84
155.501
191.968
223.901
250.319
270.1
282.202
286.878
285.52
279.868
271.429
261.53
250.366
238.836
227.923
217.767
208.261
199.483
191.513
184.337
177.917
172.204
167.733
164.244
161.154
158.422
156.011
153.864
151.926
150.159
148.53
147.014
145.589
144.237
142.947
141.713
140.533
139.398
138.324
137.283
136.41
135.56
156.514
200.331
237.551
266.356
285.348
294.409
295.293
290.526
282.336
272.291
261.088
248.72
236.55
225.503
215.342
205.866
197.192
189.376
182.372
176.131
170.597
166.285
162.927
159.952
157.322
155.003
152.935
151.065
149.355
147.773
146.294
144.895
143.56
142.279
141.043
139.852
138.69
137.577
136.456
135.492
134.335
157.331
209.835
252.391
282.215
298.65
303.608
300.59
292.934
282.958
271.94
259.706
246.405
233.985
223.063
212.999
203.62
195.101
187.464
180.639
174.573
169.208
165.044
161.803
158.93
156.39
154.151
152.153
150.341
148.68
147.138
145.69
144.314
142.994
141.719
140.481
139.279
138.096
136.948
135.754
134.701
133.171
158.009
220.402
267.644
296.575
308.969
309.523
303.127
293.414
282.408
270.888
257.745
243.766
231.423
220.767
210.839
201.591
193.246
185.79
179.136
173.233
168.021
163.989
160.852
158.071
155.611
153.44
151.502
149.741
148.122
146.614
145.192
143.835
142.527
141.257
140.017
138.806
137.605
136.427
135.173
134.036
132.089
158.536
231.565
282.224
308.37
315.966
312.539
303.64
292.729
281.281
269.526
255.484
241.11
229.081
218.709
208.903
199.802
191.632
184.343
177.844
172.088
167.013
163.094
160.039
157.332
154.94
152.831
150.945
149.228
147.645
146.167
144.769
143.429
142.131
140.867
139.627
138.41
137.195
135.993
134.696
133.485
131.092
157.378
243.242
295.938
317.602
320.174
313.448
302.89
291.455
279.97
268.104
253.065
238.618
227.164
217.07
207.341
198.373
190.36
183.214
176.844
171.208
166.241
162.446
159.465
156.812
154.47
152.405
150.556
148.87
147.313
145.854
144.471
143.142
141.851
140.59
139.349
138.126
136.9
135.68
134.354
133.097
130.273
159.604
256.589
307.474
323.009
321.641
312.5
300.68
288.967
277.637
265.736
249.487
234.895
224.146
214.532
205.046
196.324
188.56
181.641
175.476
170.025
165.218
161.511
158.655
156.093
153.827
151.83
150.039
148.4
146.883
145.456
144.098
142.787
141.51
140.257
139.018
137.795
136.562
135.326
133.98
132.686
129.715
139.883
139.881
139.879
139.877
139.875
139.872
139.869
139.866
139.863
139.86
139.856
139.852
139.848
139.843
139.838
139.832
139.826
139.82
139.813
139.805
139.796
139.787
139.778
139.767
139.755
139.742
139.728
139.713
139.697
139.679
139.66
139.638
139.615
139.59
139.563
139.533
139.501
139.466
139.428
139.387
139.343
139.295
139.243
139.187
139.128
139.063
138.995
138.922
138.844
138.761
138.674
138.582
138.486
138.385
138.28
138.171
138.058
137.942
137.824
137.704
137.582
137.459
137.336
137.213
137.092
136.972
136.854
136.739
136.628
136.522
136.421
136.324
136.24
136.15
139.936
139.935
139.933
139.931
139.928
139.925
139.922
139.919
139.915
139.911
139.907
139.903
139.898
139.893
139.887
139.881
139.874
139.867
139.859
139.85
139.841
139.831
139.82
139.808
139.795
139.781
139.766
139.749
139.731
139.711
139.69
139.667
139.642
139.615
139.585
139.553
139.519
139.482
139.441
139.398
139.351
139.301
139.247
139.189
139.127
139.061
138.99
138.915
138.836
138.752
138.664
138.571
138.474
138.372
138.267
138.158
138.046
137.931
137.813
137.693
137.572
137.45
137.327
137.205
137.084
136.965
136.848
136.733
136.623
136.516
136.415
136.318
136.238
136.136
140.01
140.009
140.008
140.005
140.002
139.999
139.996
139.993
139.989
139.985
139.98
139.976
139.97
139.965
139.959
139.952
139.945
139.937
139.929
139.919
139.909
139.898
139.887
139.874
139.86
139.845
139.828
139.81
139.791
139.77
139.747
139.722
139.695
139.666
139.634
139.6
139.564
139.524
139.481
139.435
139.385
139.332
139.275
139.214
139.149
139.08
139.006
138.928
138.845
138.759
138.667
138.572
138.472
138.368
138.26
138.149
138.035
137.918
137.799
137.678
137.555
137.432
137.31
137.187
137.066
136.947
136.83
136.716
136.606
136.5
136.4
136.303
136.225
136.109
140.133
140.132
140.13
140.127
140.124
140.121
140.117
140.114
140.11
140.105
140.1
140.095
140.089
140.083
140.076
140.069
140.061
140.052
140.042
140.032
140.02
140.008
139.995
139.98
139.964
139.947
139.929
139.908
139.886
139.863
139.837
139.809
139.779
139.746
139.711
139.672
139.631
139.587
139.54
139.489
139.434
139.376
139.314
139.248
139.177
139.103
139.024
138.941
138.853
138.762
138.666
138.566
138.462
138.355
138.244
138.13
138.013
137.895
137.774
137.652
137.529
137.406
137.283
137.161
137.04
136.921
136.805
136.693
136.584
136.479
136.38
136.282
136.205
136.077
140.283
140.282
140.281
140.278
140.274
140.27
140.266
140.262
140.258
140.252
140.247
140.241
140.234
140.227
140.219
140.211
140.202
140.192
140.181
140.169
140.156
140.142
140.126
140.11
140.091
140.072
140.05
140.027
140.002
139.975
139.945
139.913
139.879
139.842
139.802
139.759
139.712
139.663
139.61
139.553
139.492
139.428
139.359
139.287
139.21
139.129
139.044
138.954
138.861
138.763
138.662
138.557
138.448
138.337
138.222
138.105
137.986
137.865
137.742
137.619
137.495
137.372
137.249
137.128
137.008
136.89
136.776
136.664
136.557
136.453
136.356
136.258
136.183
136.045
140.472
140.47
140.469
140.465
140.461
140.457
140.452
140.447
140.442
140.436
140.429
140.422
140.414
140.406
140.397
140.387
140.376
140.364
140.351
140.337
140.322
140.305
140.287
140.268
140.246
140.223
140.198
140.171
140.141
140.11
140.075
140.038
139.998
139.955
139.909
139.86
139.807
139.751
139.69
139.626
139.558
139.486
139.41
139.329
139.245
139.156
139.063
138.966
138.866
138.762
138.654
138.543
138.429
138.313
138.194
138.074
137.951
137.828
137.704
137.58
137.456
137.332
137.21
137.089
136.971
136.855
136.742
136.632
136.527
136.424
136.329
136.231
136.159
136.015
140.694
140.692
140.69
140.686
140.681
140.676
140.67
140.664
140.658
140.65
140.643
140.634
140.625
140.615
140.604
140.592
140.579
140.564
140.549
140.532
140.514
140.494
140.472
140.449
140.424
140.396
140.366
140.334
140.299
140.262
140.222
140.178
140.132
140.082
140.028
139.971
139.91
139.845
139.777
139.704
139.627
139.546
139.461
139.371
139.278
139.181
139.079
138.975
138.866
138.755
138.64
138.523
138.404
138.283
138.16
138.035
137.91
137.785
137.659
137.534
137.41
137.287
137.165
137.046
136.929
136.815
136.704
136.596
136.493
136.393
136.3
136.203
136.132
135.991
140.952
140.95
140.947
140.942
140.936
140.93
140.923
140.916
140.907
140.899
140.889
140.879
140.867
140.855
140.842
140.827
140.811
140.794
140.775
140.754
140.732
140.708
140.682
140.654
140.623
140.59
140.554
140.516
140.475
140.43
140.382
140.331
140.276
140.218
140.156
140.089
140.019
139.945
139.866
139.783
139.696
139.605
139.51
139.41
139.307
139.201
139.09
138.977
138.86
138.741
138.62
138.496
138.371
138.245
138.118
137.991
137.863
137.736
137.609
137.483
137.359
137.237
137.117
136.999
136.884
136.772
136.663
136.558
136.457
136.36
136.269
136.175
136.105
135.971
141.247
141.244
141.24
141.234
141.226
141.218
141.21
141.201
141.191
141.18
141.168
141.155
141.141
141.126
141.109
141.091
141.071
141.05
141.027
141.002
140.975
140.945
140.914
140.879
140.842
140.803
140.76
140.714
140.664
140.611
140.554
140.494
140.429
140.361
140.288
140.211
140.13
140.045
139.955
139.861
139.762
139.66
139.554
139.444
139.33
139.213
139.094
138.971
138.847
138.72
138.591
138.462
138.332
138.201
138.07
137.94
137.81
137.681
137.554
137.428
137.304
137.183
137.064
136.948
136.835
136.726
136.62
136.518
136.42
136.325
136.237
136.146
136.077
135.955
141.58
141.576
141.571
141.563
141.553
141.543
141.533
141.521
141.508
141.495
141.48
141.464
141.446
141.427
141.406
141.384
141.36
141.333
141.305
141.274
141.241
141.205
141.166
141.124
141.079
141.031
140.979
140.924
140.865
140.801
140.734
140.663
140.587
140.507
140.422
140.333
140.24
140.142
140.039
139.933
139.822
139.708
139.59
139.469
139.344
139.217
139.088
138.957
138.824
138.689
138.555
138.419
138.284
138.149
138.015
137.883
137.751
137.622
137.494
137.369
137.246
137.126
137.009
136.896
136.785
136.678
136.575
136.476
136.381
136.289
136.204
136.117
136.049
135.942
141.953
141.946
141.94
141.929
141.917
141.904
141.891
141.876
141.861
141.843
141.824
141.804
141.782
141.758
141.732
141.704
141.674
141.641
141.606
141.568
141.527
141.483
141.436
141.385
141.33
141.272
141.21
141.143
141.072
140.997
140.918
140.834
140.745
140.651
140.553
140.451
140.344
140.232
140.116
139.997
139.873
139.746
139.616
139.483
139.348
139.21
139.071
138.931
138.791
138.65
138.509
138.369
138.229
138.091
137.955
137.82
137.688
137.558
137.431
137.307
137.185
137.067
136.952
136.841
136.733
136.629
136.529
136.433
136.341
136.253
136.171
136.088
136.02
135.929
142.366
142.357
142.348
142.334
142.319
142.303
142.286
142.267
142.247
142.225
142.202
142.176
142.148
142.118
142.086
142.051
142.013
141.973
141.929
141.882
141.832
141.778
141.72
141.658
141.592
141.522
141.447
141.368
141.284
141.195
141.101
141.002
140.899
140.791
140.678
140.56
140.438
140.312
140.182
140.048
139.911
139.771
139.629
139.485
139.339
139.191
139.043
138.895
138.747
138.6
138.454
138.31
138.167
138.026
137.888
137.753
137.62
137.491
137.365
137.242
137.122
137.006
136.894
136.786
136.681
136.58
136.483
136.39
136.301
136.217
136.137
136.059
135.992
135.916
142.821
142.809
142.797
142.779
142.76
142.74
142.718
142.694
142.668
142.641
142.611
142.578
142.544
142.506
142.466
142.422
142.375
142.325
142.271
142.213
142.152
142.086
142.016
141.941
141.861
141.777
141.687
141.593
141.494
141.389
141.279
141.165
141.045
140.92
140.791
140.658
140.52
140.379
140.234
140.086
139.935
139.782
139.628
139.472
139.316
139.159
139.003
138.848
138.694
138.541
138.391
138.243
138.098
137.956
137.817
137.681
137.549
137.421
137.296
137.175
137.058
136.945
136.835
136.73
136.628
136.53
136.437
136.347
136.262
136.18
136.104
136.03
135.965
135.901
143.32
143.303
143.287
143.265
143.24
143.214
143.186
143.156
143.123
143.088
143.05
143.01
142.966
142.919
142.869
142.815
142.757
142.695
142.628
142.558
142.482
142.402
142.317
142.227
142.132
142.031
141.925
141.814
141.697
141.575
141.448
141.315
141.178
141.036
140.89
140.739
140.585
140.428
140.268
140.106
139.942
139.777
139.611
139.445
139.279
139.114
138.951
138.789
138.63
138.473
138.32
138.17
138.023
137.88
137.741
137.606
137.475
137.348
137.226
137.107
136.993
136.882
136.776
136.674
136.575
136.481
136.391
136.304
136.222
136.144
136.07
136.001
135.937
135.885
143.862
143.841
143.819
143.79
143.759
143.725
143.69
143.652
143.61
143.566
143.519
143.467
143.413
143.354
143.292
143.225
143.153
143.077
142.996
142.91
142.819
142.722
142.62
142.512
142.398
142.279
142.155
142.024
141.888
141.747
141.601
141.449
141.293
141.133
140.969
140.802
140.631
140.458
140.284
140.107
139.931
139.754
139.577
139.402
139.228
139.056
138.886
138.72
138.557
138.397
138.242
138.09
137.943
137.8
137.662
137.528
137.399
137.275
137.155
137.039
136.927
136.82
136.717
136.618
136.523
136.432
136.345
136.262
136.183
136.108
136.038
135.972
135.91
135.867
144.449
144.421
144.392
144.355
144.315
144.273
144.228
144.179
144.127
144.071
144.012
143.948
143.88
143.807
143.73
143.647
143.56
143.467
143.368
143.264
143.154
143.038
142.916
142.788
142.655
142.515
142.369
142.218
142.062
141.9
141.733
141.562
141.387
141.208
141.026
140.841
140.655
140.467
140.278
140.089
139.9
139.713
139.527
139.344
139.163
138.985
138.811
138.641
138.475
138.313
138.157
138.005
137.859
137.717
137.58
137.449
137.322
137.2
137.083
136.97
136.862
136.758
136.659
136.563
136.472
136.384
136.3
136.221
136.145
136.073
136.006
135.943
135.884
135.848
145.08
145.043
145.004
144.958
144.907
144.853
144.796
144.735
144.669
144.6
144.525
144.446
144.361
144.272
144.177
144.076
143.969
143.856
143.738
143.613
143.481
143.344
143.2
143.05
142.893
142.731
142.563
142.39
142.211
142.028
141.841
141.649
141.454
141.257
141.057
140.856
140.654
140.452
140.25
140.05
139.851
139.654
139.461
139.271
139.084
138.902
138.725
138.553
138.385
138.223
138.067
137.916
137.771
137.631
137.497
137.368
137.244
137.126
137.012
136.903
136.798
136.698
136.601
136.509
136.421
136.337
136.257
136.18
136.107
136.039
135.974
135.915
135.858
135.828
145.752
145.704
145.653
145.594
145.53
145.462
145.39
145.313
145.231
145.145
145.052
144.954
144.85
144.741
144.625
144.502
144.373
144.238
144.096
143.947
143.792
143.63
143.462
143.288
143.107
142.921
142.73
142.533
142.332
142.127
141.918
141.707
141.493
141.278
141.061
140.845
140.629
140.414
140.201
139.99
139.783
139.579
139.379
139.184
138.994
138.809
138.63
138.457
138.29
138.128
137.973
137.824
137.681
137.544
137.413
137.287
137.166
137.051
136.941
136.836
136.735
136.638
136.545
136.457
136.372
136.291
136.214
136.141
136.071
136.005
135.943
135.888
135.832
135.807
146.462
146.399
146.334
146.259
146.178
146.093
146.003
145.907
145.805
145.698
145.584
145.464
145.337
145.204
145.064
144.917
144.763
144.602
144.434
144.259
144.078
143.89
143.695
143.495
143.289
143.078
142.863
142.643
142.419
142.192
141.963
141.732
141.501
141.269
141.037
140.807
140.578
140.352
140.13
139.911
139.697
139.487
139.283
139.085
138.893
138.707
138.528
138.355
138.189
138.029
137.876
137.73
137.59
137.456
137.328
137.206
137.089
136.978
136.872
136.77
136.673
136.58
136.491
136.406
136.325
136.247
136.173
136.103
136.036
135.973
135.914
135.861
135.807
135.786
147.203
147.123
147.038
146.944
146.843
146.736
146.624
146.506
146.38
146.248
146.11
145.964
145.811
145.65
145.483
145.308
145.126
144.937
144.74
144.537
144.328
144.112
143.891
143.664
143.432
143.196
142.956
142.713
142.468
142.221
141.972
141.724
141.476
141.229
140.984
140.742
140.503
140.268
140.038
139.814
139.595
139.382
139.175
138.976
138.783
138.598
138.419
138.248
138.084
137.928
137.778
137.635
137.498
137.368
137.244
137.126
137.013
136.906
136.803
136.706
136.612
136.523
136.438
136.356
136.279
136.204
136.133
136.066
136.002
135.942
135.885
135.835
135.783
135.765
147.965
147.862
147.755
147.637
147.511
147.38
147.241
147.096
146.943
146.783
146.615
146.439
146.257
146.066
145.868
145.663
145.45
145.231
145.005
144.772
144.534
144.29
144.041
143.788
143.531
143.27
143.007
142.742
142.477
142.21
141.945
141.68
141.418
141.159
140.903
140.651
140.405
140.164
139.928
139.7
139.478
139.264
139.057
138.857
138.666
138.482
138.306
138.138
137.977
137.824
137.678
137.539
137.407
137.281
137.161
137.047
136.939
136.836
136.737
136.643
136.554
136.468
136.387
136.309
136.234
136.163
136.095
136.03
135.969
135.912
135.857
135.81
135.76
135.744
148.734
148.604
148.469
148.323
148.168
148.007
147.838
147.661
147.476
147.284
147.084
146.876
146.66
146.437
146.206
145.969
145.724
145.473
145.217
144.954
144.687
144.415
144.14
143.861
143.58
143.296
143.012
142.728
142.444
142.161
141.881
141.603
141.329
141.06
140.796
140.537
140.285
140.04
139.802
139.572
139.349
139.135
138.93
138.732
138.543
138.362
138.19
138.026
137.869
137.72
137.579
137.444
137.317
137.195
137.08
136.971
136.866
136.767
136.673
136.583
136.497
136.416
136.337
136.263
136.191
136.123
136.058
135.996
135.938
135.883
135.83
135.786
135.737
135.724
149.49
149.328
149.16
148.98
148.792
148.596
148.392
148.18
147.961
147.733
147.497
147.254
147.004
146.746
146.482
146.212
145.935
145.653
145.366
145.075
144.78
144.482
144.182
143.88
143.576
143.273
142.97
142.669
142.37
142.073
141.781
141.493
141.211
140.934
140.665
140.402
140.147
139.9
139.662
139.432
139.211
138.999
138.796
138.602
138.417
138.24
138.072
137.912
137.761
137.617
137.48
137.351
137.228
137.111
137.001
136.896
136.796
136.701
136.611
136.525
136.443
136.365
136.29
136.219
136.15
136.085
136.023
135.964
135.908
135.855
135.805
135.763
135.715
135.704
150.206
150.008
149.801
149.584
149.357
149.123
148.881
148.631
148.374
148.108
147.836
147.557
147.271
146.98
146.682
146.38
146.072
145.761
145.446
145.129
144.809
144.487
144.165
143.843
143.521
143.2
142.882
142.567
142.256
141.95
141.649
141.354
141.066
140.785
140.513
140.248
139.993
139.747
139.51
139.283
139.065
138.856
138.658
138.468
138.288
138.116
137.954
137.799
137.653
137.514
137.383
137.259
137.141
137.029
136.924
136.823
136.728
136.637
136.551
136.469
136.391
136.316
136.245
136.177
136.111
136.049
135.989
135.933
135.879
135.829
135.78
135.74
135.693
135.685
150.851
150.61
150.362
150.102
149.835
149.56
149.278
148.988
148.692
148.389
148.08
147.766
147.447
147.123
146.795
146.463
146.129
145.791
145.452
145.112
144.771
144.43
144.09
143.751
143.414
143.081
142.751
142.426
142.107
141.793
141.487
141.188
140.897
140.616
140.343
140.08
139.826
139.583
139.35
139.126
138.913
138.71
138.517
138.333
138.158
137.993
137.836
137.687
137.547
137.414
137.288
137.169
137.057
136.95
136.849
136.753
136.663
136.576
136.494
136.416
136.341
136.27
136.202
136.136
136.074
136.014
135.957
135.903
135.851
135.803
135.757
135.718
135.673
135.667
151.384
151.098
150.804
150.501
150.191
149.875
149.553
149.225
148.892
148.554
148.212
147.867
147.518
147.166
146.812
146.456
146.099
145.741
145.383
145.025
144.667
144.312
143.958
143.607
143.26
142.917
142.58
142.249
141.925
141.608
141.299
141
140.71
140.429
140.159
139.899
139.65
139.411
139.183
138.966
138.758
138.561
138.374
138.197
138.029
137.87
137.72
137.577
137.443
137.316
137.196
137.082
136.975
136.874
136.777
136.686
136.6
136.518
136.439
136.365
136.293
136.225
136.16
136.098
136.038
135.981
135.926
135.874
135.825
135.779
135.734
135.698
135.653
135.649
151.759
151.428
151.089
150.743
150.392
150.038
149.68
149.318
148.953
148.586
148.218
147.848
147.476
147.104
146.732
146.359
145.986
145.613
145.242
144.871
144.503
144.138
143.775
143.417
143.063
142.716
142.375
142.041
141.715
141.398
141.091
140.793
140.506
140.23
139.964
139.71
139.466
139.234
139.013
138.802
138.602
138.412
138.233
138.062
137.902
137.749
137.606
137.47
137.342
137.221
137.107
136.999
136.897
136.8
136.709
136.622
136.54
136.461
136.387
136.316
136.248
136.183
136.121
136.061
136.004
135.95
135.897
135.847
135.8
135.756
135.712
135.678
135.635
135.632
151.925
151.553
151.174
150.79
150.406
150.02
149.634
149.248
148.862
148.476
148.091
147.706
147.322
146.939
146.556
146.174
145.794
145.414
145.035
144.659
144.285
143.915
143.548
143.187
142.831
142.482
142.14
141.807
141.483
141.169
140.865
140.573
140.291
140.021
139.762
139.515
139.279
139.054
138.841
138.638
138.446
138.265
138.093
137.93
137.776
137.632
137.495
137.366
137.244
137.129
137.021
136.918
136.821
136.73
136.643
136.561
136.482
136.408
136.337
136.269
136.205
136.143
136.084
136.027
135.972
135.92
135.869
135.822
135.776
135.734
135.692
135.659
135.617
135.616
151.834
151.429
151.02
150.611
150.205
149.802
149.402
149.005
148.611
148.221
147.833
147.447
147.062
146.679
146.297
145.915
145.534
145.154
144.775
144.398
144.023
143.652
143.285
142.924
142.569
142.221
141.883
141.553
141.234
140.925
140.628
140.342
140.067
139.805
139.555
139.316
139.089
138.874
138.669
138.475
138.292
138.119
137.955
137.8
137.655
137.517
137.387
137.265
137.15
137.041
136.938
136.841
136.749
136.662
136.58
136.502
136.428
136.357
136.29
136.225
136.164
136.105
136.048
135.994
135.941
135.891
135.843
135.797
135.753
135.713
135.672
135.641
135.6
135.6
151.438
151.018
150.599
150.182
149.772
149.372
148.978
148.591
148.21
147.832
147.458
147.086
146.714
146.343
145.97
145.597
145.222
144.847
144.472
144.098
143.726
143.357
142.993
142.635
142.284
141.941
141.607
141.284
140.971
140.67
140.381
140.104
139.839
139.586
139.346
139.117
138.9
138.694
138.499
138.315
138.141
137.976
137.821
137.675
137.537
137.406
137.284
137.168
137.059
136.956
136.859
136.767
136.68
136.598
136.52
136.446
136.376
136.309
136.245
136.184
136.125
136.069
136.014
135.962
135.912
135.864
135.818
135.774
135.731
135.693
135.654
135.624
135.583
135.585
150.702
150.292
149.89
149.492
149.107
148.736
148.376
148.024
147.678
147.335
146.993
146.65
146.304
145.953
145.599
145.239
144.876
144.509
144.141
143.772
143.405
143.04
142.681
142.327
141.982
141.646
141.319
141.004
140.7
140.409
140.13
139.863
139.609
139.367
139.137
138.919
138.713
138.518
138.333
138.158
137.993
137.838
137.691
137.553
137.423
137.3
137.184
137.075
136.972
136.875
136.784
136.697
136.615
136.537
136.463
136.393
136.327
136.263
136.202
136.144
136.088
136.034
135.983
135.933
135.885
135.839
135.794
135.752
135.711
135.674
135.636
135.608
135.568
135.571
149.615
149.25
148.901
148.558
148.233
147.927
147.633
147.346
147.06
146.773
146.48
146.179
145.867
145.544
145.211
144.868
144.516
144.158
143.797
143.433
143.071
142.711
142.357
142.01
141.672
141.344
141.026
140.721
140.427
140.147
139.879
139.624
139.381
139.151
138.933
138.726
138.531
138.346
138.172
138.007
137.852
137.705
137.567
137.437
137.314
137.199
137.09
136.987
136.89
136.799
136.712
136.631
136.553
136.48
136.41
136.344
136.28
136.22
136.162
136.106
136.053
136.002
135.953
135.905
135.859
135.815
135.772
135.731
135.692
135.656
135.619
135.593
135.553
135.557
148.263
147.98
147.725
147.477
147.25
147.045
146.85
146.653
146.449
146.232
145.996
145.741
145.465
145.168
144.853
144.522
144.178
143.826
143.468
143.108
142.749
142.395
142.046
141.705
141.374
141.055
140.747
140.451
140.169
139.9
139.643
139.4
139.169
138.951
138.744
138.548
138.363
138.189
138.024
137.869
137.722
137.584
137.454
137.331
137.216
137.107
137.004
136.907
136.816
136.729
136.648
136.57
136.497
136.427
136.361
136.298
136.238
136.18
136.125
136.072
136.021
135.972
135.925
135.879
135.835
135.792
135.751
135.712
135.673
135.639
135.603
135.578
135.539
135.545
146.802
146.634
146.508
146.39
146.294
146.219
146.143
146.052
145.935
145.789
145.607
145.391
145.141
144.861
144.555
144.229
143.887
143.535
143.178
142.818
142.461
142.11
141.765
141.431
141.107
140.795
140.497
140.211
139.939
139.68
139.435
139.202
138.982
138.774
138.578
138.392
138.217
138.051
137.895
137.748
137.609
137.478
137.355
137.239
137.129
137.026
136.929
136.837
136.75
136.668
136.59
136.517
136.447
136.381
136.318
136.257
136.2
136.145
136.092
136.041
135.992
135.945
135.9
135.856
135.813
135.772
135.732
135.694
135.657
135.623
135.588
135.564
135.526
135.532
145.31
145.285
145.322
145.366
145.432
145.507
145.564
145.581
145.549
145.463
145.324
145.133
144.897
144.622
144.316
143.986
143.64
143.284
142.924
142.563
142.206
141.857
141.516
141.187
140.87
140.566
140.276
139.999
139.737
139.488
139.252
139.029
138.819
138.62
138.433
138.256
138.089
137.931
137.782
137.642
137.51
137.386
137.268
137.158
137.054
136.955
136.862
136.775
136.692
136.614
136.54
136.47
136.403
136.339
136.279
136.221
136.166
136.113
136.062
136.013
135.966
135.921
135.877
135.834
135.793
135.753
135.714
135.677
135.641
135.608
135.574
135.551
135.513
135.521
143.827
143.971
144.206
144.447
144.699
144.94
145.132
145.252
145.291
145.252
145.137
144.957
144.721
144.44
144.125
143.786
143.431
143.068
142.703
142.34
141.982
141.634
141.297
140.973
140.662
140.365
140.082
139.814
139.56
139.32
139.093
138.878
138.676
138.486
138.306
138.137
137.977
137.826
137.684
137.55
137.424
137.305
137.193
137.087
136.987
136.893
136.804
136.72
136.641
136.566
136.495
136.428
136.364
136.303
136.244
136.189
136.136
136.085
136.036
135.988
135.943
135.899
135.856
135.814
135.774
135.735
135.698
135.662
135.626
135.595
135.561
135.539
135.501
135.51
142.373
142.712
143.184
143.657
144.117
144.528
144.849
145.056
145.149
145.136
145.03
144.845
144.597
144.302
143.972
143.62
143.254
142.882
142.511
142.145
141.787
141.44
141.106
140.785
140.48
140.189
139.913
139.652
139.406
139.173
138.954
138.747
138.553
138.369
138.196
138.034
137.88
137.735
137.599
137.47
137.349
137.234
137.126
137.025
136.929
136.838
136.753
136.672
136.596
136.524
136.455
136.39
136.328
136.27
136.213
136.16
136.108
136.059
136.011
135.965
135.921
135.878
135.837
135.796
135.757
135.719
135.682
135.647
135.613
135.582
135.549
135.528
135.49
135.499
140.951
141.514
142.267
143.009
143.689
144.266
144.699
144.975
145.1
145.094
144.98
144.779
144.512
144.196
143.849
143.481
143.103
142.722
142.345
141.975
141.616
141.27
140.939
140.623
140.322
140.037
139.767
139.512
139.272
139.046
138.834
138.633
138.445
138.268
138.101
137.944
137.795
137.656
137.524
137.4
137.283
137.172
137.068
136.97
136.877
136.79
136.708
136.63
136.556
136.486
136.42
136.357
136.297
136.24
136.185
136.133
136.083
136.035
135.989
135.944
135.901
135.859
135.819
135.78
135.741
135.704
135.668
135.634
135.6
135.57
135.538
135.517
135.48
135.489
139.562
140.378
141.462
142.506
143.409
144.135
144.661
144.982
145.118
145.104
144.97
144.745
144.453
144.115
143.747
143.363
142.973
142.584
142.201
141.828
141.469
141.124
140.794
140.481
140.185
139.904
139.64
139.391
139.157
138.936
138.729
138.535
138.352
138.18
138.018
137.865
137.722
137.586
137.459
137.338
137.225
137.118
137.017
136.922
136.832
136.747
136.667
136.592
136.52
136.452
136.388
136.327
136.269
136.213
136.16
136.109
136.061
136.014
135.969
135.925
135.883
135.842
135.803
135.764
135.727
135.69
135.655
135.621
135.588
135.558
135.527
135.507
135.47
135.48
138.21
139.303
140.772
142.148
143.259
144.11
144.707
145.05
145.18
145.145
144.984
144.73
144.411
144.05
143.663
143.264
142.862
142.465
142.076
141.701
141.34
140.996
140.669
140.359
140.066
139.79
139.53
139.286
139.056
138.841
138.639
138.449
138.271
138.103
137.945
137.797
137.657
137.526
137.401
137.284
137.174
137.07
136.971
136.879
136.792
136.709
136.631
136.558
136.488
136.422
136.359
136.3
136.243
136.189
136.137
136.088
136.04
135.994
135.95
135.908
135.866
135.826
135.788
135.75
135.713
135.677
135.643
135.609
135.577
135.548
135.517
135.497
135.46
135.471
136.906
138.286
140.197
141.922
143.214
144.167
144.811
145.157
145.268
145.205
145.012
144.727
144.381
143.997
143.592
143.179
142.766
142.362
141.969
141.591
141.23
140.886
140.561
140.253
139.963
139.691
139.435
139.194
138.969
138.758
138.56
138.374
138.2
138.036
137.882
137.737
137.601
137.472
137.351
137.237
137.129
137.027
136.931
136.841
136.756
136.675
136.599
136.527
136.459
136.395
136.334
136.275
136.22
136.167
136.116
136.068
136.021
135.977
135.933
135.892
135.851
135.812
135.774
135.737
135.7
135.665
135.631
135.599
135.566
135.538
135.507
135.488
135.451
135.462
135.672
137.321
139.741
141.811
143.25
144.281
144.951
145.285
145.368
145.271
145.046
144.731
144.359
143.954
143.532
143.106
142.684
142.273
141.876
141.496
141.134
140.791
140.467
140.162
139.874
139.605
139.352
139.115
138.893
138.686
138.491
138.309
138.138
137.978
137.827
137.685
137.551
137.425
137.306
137.194
137.089
136.989
136.895
136.807
136.724
136.645
136.57
136.5
136.433
136.37
136.31
136.253
136.199
136.147
136.097
136.05
136.004
135.96
135.918
135.877
135.837
135.798
135.761
135.724
135.689
135.654
135.62
135.588
135.557
135.528
135.498
135.479
135.443
135.454
134.528
136.404
139.4
141.79
143.34
144.429
145.108
145.419
145.47
145.339
145.081
144.737
144.342
143.917
143.48
143.043
142.613
142.196
141.796
141.414
141.051
140.709
140.386
140.082
139.797
139.53
139.28
139.046
138.828
138.623
138.431
138.252
138.084
137.926
137.778
137.638
137.507
137.383
137.267
137.157
137.053
136.955
136.863
136.777
136.695
136.617
136.544
136.475
136.41
136.348
136.289
136.233
136.18
136.129
136.08
136.033
135.988
135.945
135.903
135.863
135.824
135.786
135.749
135.713
135.678
135.644
135.61
135.579
135.547
135.52
135.489
135.471
135.435
135.446
133.48
135.54
139.174
141.834
143.466
144.596
145.268
145.551
145.568
145.404
145.115
144.745
144.328
143.886
143.436
142.989
142.552
142.13
141.727
141.343
140.98
140.638
140.316
140.014
139.731
139.466
139.218
138.986
138.77
138.568
138.379
138.202
138.036
137.881
137.735
137.598
137.468
137.346
137.232
137.123
137.021
136.925
136.835
136.749
136.669
136.593
136.521
136.453
136.389
136.328
136.27
136.214
136.162
136.112
136.064
136.018
135.974
135.931
135.89
135.85
135.811
135.774
135.737
135.702
135.667
135.634
135.601
135.569
135.539
135.511
135.481
135.463
135.427
135.439
132.51
134.737
139.038
141.917
143.613
144.768
145.424
145.675
145.66
145.464
145.146
144.753
144.317
143.86
143.398
142.942
142.499
142.073
141.667
141.282
140.918
140.576
140.255
139.954
139.672
139.409
139.163
138.934
138.72
138.519
138.333
138.158
137.994
137.841
137.697
137.561
137.434
137.313
137.2
137.093
136.993
136.898
136.809
136.724
136.645
136.57
136.499
136.432
136.369
136.309
136.252
136.198
136.146
136.096
136.049
136.004
135.96
135.918
135.877
135.838
135.8
135.763
135.727
135.692
135.658
135.624
135.592
135.561
135.53
135.503
135.474
135.456
135.42
135.432
131.571
134.083
138.999
142.022
143.768
144.935
145.569
145.79
145.743
145.517
145.174
144.76
144.307
143.837
143.365
142.902
142.453
142.023
141.615
141.228
140.864
140.522
140.202
139.902
139.621
139.36
139.115
138.888
138.675
138.477
138.292
138.119
137.957
137.805
137.663
137.529
137.403
137.284
137.172
137.066
136.967
136.873
136.785
136.702
136.624
136.55
136.48
136.414
136.351
136.292
136.236
136.182
136.131
136.082
136.035
135.99
135.947
135.906
135.866
135.827
135.789
135.753
135.717
135.682
135.649
135.616
135.584
135.553
135.523
135.496
135.467
135.449
135.414
135.426
130.432
133.505
138.992
142.143
143.925
145.091
145.7
145.892
145.816
145.564
145.199
144.767
144.299
143.817
143.337
142.867
142.413
141.98
141.57
141.182
140.817
140.475
140.155
139.856
139.577
139.316
139.073
138.847
138.636
138.439
138.256
138.084
137.924
137.773
137.632
137.5
137.375
137.257
137.146
137.042
136.944
136.851
136.764
136.682
136.604
136.531
136.462
136.397
136.335
136.276
136.221
136.167
136.117
136.069
136.023
135.978
135.936
135.895
135.855
135.817
135.779
135.743
135.708
135.674
135.64
135.608
135.576
135.545
135.515
135.489
135.46
135.442
135.407
135.419
129.436
133.381
139.008
142.249
144.074
145.234
145.818
145.982
145.881
145.605
145.221
144.772
144.292
143.8
143.312
142.837
142.379
141.943
141.53
141.142
140.776
140.435
140.115
139.816
139.538
139.278
139.036
138.811
138.601
138.406
138.223
138.053
137.894
137.745
137.605
137.473
137.35
137.233
137.123
137.02
136.923
136.831
136.744
136.663
136.586
136.514
136.446
136.381
136.32
136.262
136.207
136.154
136.104
136.056
136.011
135.967
135.925
135.884
135.845
135.807
135.77
135.734
135.699
135.665
135.632
135.6
135.568
135.538
135.509
135.482
135.453
135.436
135.401
135.414
)
;

boundaryField
{
    inlet
    {
        type            freestreamPressure;
        value           nonuniform List<scalar> 
230
(
130.999
131.003
131.009
131.016
131.024
131.032
131.041
131.05
131.059
131.069
131.08
131.091
131.102
131.115
131.128
131.141
131.156
131.171
131.187
131.204
131.222
131.241
131.262
131.283
131.305
131.329
131.354
131.381
131.409
131.439
131.47
131.504
131.539
131.576
131.615
131.657
131.701
131.747
131.796
131.847
131.902
131.958
132.018
132.081
132.146
132.215
132.286
132.36
132.436
132.516
132.598
132.681
132.767
132.855
132.944
133.033
133.123
133.213
133.303
133.391
133.477
133.561
133.641
133.718
133.79
133.857
133.918
133.972
134.018
134.057
134.085
134.107
134.112
134.139
134.002
133.247
132.596
132.046
131.592
131.224
130.933
130.706
130.535
130.411
130.325
130.271
130.244
130.239
130.25
130.274
130.306
130.345
130.386
130.428
130.47
130.51
130.549
130.587
130.623
130.657
130.69
130.721
130.75
130.777
130.803
130.827
130.85
130.871
130.891
130.91
130.927
130.944
130.959
130.974
130.988
134.833
135.614
136.313
136.923
137.448
137.894
138.27
138.585
138.847
139.064
139.242
139.389
139.509
139.606
139.684
139.747
139.797
139.836
139.866
139.89
139.907
139.92
139.928
139.934
139.937
139.938
139.938
139.937
139.934
139.931
139.928
139.924
139.92
139.915
139.911
139.907
139.903
139.898
139.894
139.89
139.886
139.883
139.881
139.879
139.877
139.875
139.872
139.869
139.866
139.863
139.86
139.856
139.852
139.848
139.843
139.838
139.832
139.826
139.82
139.813
139.805
139.796
139.787
139.778
139.767
139.755
139.742
139.728
139.713
139.697
139.679
139.66
139.638
139.615
139.59
139.563
139.533
139.501
139.466
139.428
139.387
139.343
139.295
139.243
139.187
139.128
139.063
138.995
138.922
138.844
138.761
138.674
138.582
138.486
138.385
138.28
138.171
138.058
137.942
137.824
137.704
137.582
137.459
137.336
137.213
137.092
136.972
136.854
136.739
136.628
136.522
136.421
136.324
136.24
136.15
)
;
    }
    outlet
    {
        type            freestreamPressure;
        value           nonuniform List<scalar> 
96
(
135.408
135.402
135.396
135.389
135.382
135.374
135.366
135.358
135.349
135.34
135.33
135.319
135.308
135.296
135.284
135.27
135.256
135.242
135.227
135.211
135.194
135.177
135.16
135.142
135.125
135.107
135.091
135.077
135.067
135.065
135.075
135.093
135.093
135.03
134.871
134.642
134.429
134.31
134.292
134.321
134.341
134.332
134.304
134.27
134.237
134.204
134.18
134.139
136.15
136.136
136.109
136.077
136.045
136.015
135.991
135.971
135.955
135.942
135.929
135.916
135.901
135.885
135.867
135.848
135.828
135.807
135.786
135.765
135.744
135.724
135.704
135.685
135.667
135.649
135.632
135.616
135.6
135.585
135.571
135.557
135.545
135.532
135.521
135.51
135.499
135.489
135.48
135.471
135.462
135.454
135.446
135.439
135.432
135.426
135.419
135.414
)
;
    }
    walls
    {
        type            zeroGradient;
    }
    frontAndBack
    {
        type            empty;
    }
}


// ************************************************************************* //
